  0.0241674   -0.019228   -0.142882   0.0474463 -0.00331639   -0.116188
  -0.019228      2.7775    -0.40429    0.393487    0.297643     0.51626
  -0.142882    -0.40429     12.1094    0.522072    -1.86589    -3.14066
  0.0474463    0.393487    0.522072      9.1527 -0.00260306   -0.123583
-0.00331639    0.297643    -1.86589 -0.00260306     1.53388     1.84578
  -0.116188     0.51626    -3.14066   -0.123583     1.84578     17.9672
