  0.0566572  -0.0281195   -0.207825   0.0696426 -0.00651908   -0.163365
 -0.0281195     2.55967   -0.342549    0.362449    0.370059    0.479893
  -0.207825   -0.342549     10.5676    0.510035    -2.08995    -2.76858
  0.0696426    0.362449    0.510035     8.62541  -0.0355214    -0.14212
-0.00651908    0.370059    -2.08995  -0.0355214      2.5609     2.38042
  -0.163365    0.479893    -2.76858    -0.14212     2.38042     16.0366
