  0.232763 -0.0491539  -0.384566   0.102913  -0.007264  -0.235272
-0.0491539    2.31559  -0.259196   0.322616   0.514641   0.337453
 -0.384566  -0.259196    8.62259   0.566931   -1.78588    -2.2997
  0.102913   0.322616   0.566931    7.96705  -0.194422  -0.164053
 -0.007264   0.514641   -1.78588  -0.194422    5.19339    3.33875
 -0.235272   0.337453    -2.2997  -0.164053    3.33875    13.8115
