    40734.1   -0.908389     -806.59     595.658    -4.10894    -310.867    0.511176     8.81219           0    -5202.22     2.84888     -459976     186.499
  -0.908389     6.80184     7.56028    -6.12577  -0.0822061   -0.329771  -0.0192471   0.0846234   -0.152957    -3.11417  -0.0146356     8032.52     4.66735
    -806.59     7.56028     32103.5    -802.347    -6.28702           0     1.41311     1.47019     25.3732           0   -0.279397           0    -69.2217
    595.658    -6.12577    -802.347       89321    -4.44478    -205.206    -3.59227    -21.9135      13.413    -1043.37   -0.434898           0    -82.8179
   -4.10894  -0.0822061    -6.28702    -4.44478     2.09375    -0.73121  -0.0468542    0.258457  -0.0463573     19.9348   -0.184883     3411.45     1.07836
   -310.867   -0.329771           0    -205.206    -0.73121     2364.86    0.601453     3.76962   -0.498775     369.653   -0.271852           0    -17.5452
   0.511176  -0.0192471     1.41311    -3.59227  -0.0468542    0.601453    0.250718   0.0133777   0.0116529    0.559481  0.00438194     760.203   -0.234385
    8.81219   0.0846234     1.47019    -21.9135    0.258457     3.76962   0.0133777     11.3921    0.114301     11.5367 -0.00700591    -10804.9    -3.77778
          0   -0.152957     25.3732      13.413  -0.0463573   -0.498775   0.0116529    0.114301     5.40613    -234.739   -0.013293      -13975    -13.4042
   -5202.22    -3.11417           0    -1043.37     19.9348     369.653    0.559481     11.5367    -234.739      469348     5.28278     -803321     25186.9
    2.84888  -0.0146356   -0.279397   -0.434898   -0.184883   -0.271852  0.00438194 -0.00700591   -0.013293     5.28278     0.13129    -2572.78     1.27652
    -459976     8032.52           0           0     3411.45           0     760.203    -10804.9      -13975     -803321    -2572.78 2.04005e+10     -136461
    186.499     4.66735    -69.2217    -82.8179     1.07836    -17.5452   -0.234385    -3.77778    -13.4042     25186.9     1.27652     -136461      3686.1
