    34984.1   -0.857328     -702.52      505.44    -3.94457    -274.582     0.49451     8.21403           0    -4426.25     2.82415     -359426     164.744
  -0.857328     7.05455     7.23617    -5.71208  -0.0867237   -0.320092  -0.0204605   0.0866811   -0.159647    -2.91062  -0.0159435     6897.92      4.5308
    -702.52     7.23617     28356.4    -690.448    -6.12074           0     1.38627     1.38975     24.4397           0   -0.280882           0     -62.012
     505.44    -5.71208    -690.448     74884.2      -4.216    -179.081    -3.43324    -20.1815     12.5867    -877.093   -0.425923           0    -72.2811
   -3.94457  -0.0867237    -6.12074      -4.216     2.24671   -0.721928  -0.0506623    0.269281  -0.0492152     18.9589   -0.204861     2979.31     1.06478
   -274.582   -0.320092           0    -179.081   -0.721928     2148.26    0.598371     3.61372    -0.48721     323.463   -0.277157           0    -15.9398
    0.49451  -0.0204605     1.38627    -3.43324  -0.0506623    0.598371     0.27317   0.0140458   0.0124659    0.536167  0.00489208     669.925    -0.23322
    8.21403   0.0866811     1.38975    -20.1815    0.269281     3.61372   0.0140458     11.5247    0.117901     10.6532 -0.00753696    -9210.06    -3.62107
          0   -0.159647     24.4397     12.5867  -0.0492152    -0.48721   0.0124659    0.117901     5.67843    -220.875  -0.0145729    -12076.3    -13.0947
   -4426.25    -2.91062           0    -877.093     18.9589     323.463    0.536167     10.6532    -220.875      395618     5.18797     -621636     22041.9
    2.82415  -0.0159435   -0.280882   -0.425923   -0.204861   -0.277157  0.00489208 -0.00753696  -0.0145729     5.18797    0.150222    -2320.17     1.30155
    -359426     6897.92           0           0     2979.31           0     669.925    -9210.06    -12076.3     -621636    -2320.17 1.45041e+10     -109664
    164.744      4.5308     -62.012    -72.2811     1.06478    -15.9398    -0.23322    -3.62107    -13.0947     22041.9     1.30155     -109664     3349.13
