    2769.63    -0.32683    -70.2686     32.7296    -2.00057     -34.697    0.284534     2.54611           0    -299.783     2.44521    -4013.57     20.8503
   -0.32683     12.9578     3.48636     -1.7816   -0.211797   -0.194847  -0.0566863    0.129419   -0.325867   -0.948532   -0.066457     371.055     2.76229
   -70.2686     3.48636     3583.49    -56.4892    -3.91863           0     1.00741    0.544352      13.085           0    -0.30938           0    -9.91766
    32.7296     -1.7816    -56.4892     3966.65    -1.75786    -18.5104    -1.61511    -5.11779     4.36304    -48.5918   -0.299734           0    -7.47778
   -2.00057   -0.211797    -3.91863    -1.75786     7.29232   -0.585088   -0.186638    0.534255   -0.133437      8.2204    -1.13723     213.069     0.86297
    -34.697   -0.194847           0    -18.5104   -0.585088     433.289    0.549364     1.78798   -0.329539     34.9676    -0.38242           0    -3.22018
   0.284534  -0.0566863     1.00741    -1.61511   -0.186638    0.549364     1.14147   0.0316417   0.0383781    0.263831   0.0310663     54.6715   -0.214518
    2.54611    0.129419    0.544352    -5.11779    0.534255     1.78798   0.0316417      13.987    0.196311     2.82486  -0.0256217    -413.735    -1.79243
          0   -0.325867      13.085     4.36304   -0.133437   -0.329539   0.0383781    0.196311     12.8803    -80.0752   -0.067518    -721.677    -8.87154
   -299.783   -0.948532           0    -48.5918      8.2204     34.9676    0.263831     2.82486    -80.0752     22922.9     3.83953    -5932.17     2386.72
    2.44521   -0.066457    -0.30938   -0.299734    -1.13723    -0.38242   0.0310663  -0.0256217   -0.067518     3.83953     1.42154    -283.104     1.80058
   -4013.57     371.055           0           0     213.069           0     54.6715    -413.735    -721.677    -5932.17    -283.104 2.28435e+07    -1955.05
    20.8503     2.76229    -9.91766    -7.47778     0.86297    -3.22018   -0.214518    -1.79243    -8.87154     2386.72     1.80058    -1955.05     677.705
