   223.885  -0.130395   -6.78287    1.98491   -1.03032   -4.43031     0.1642   0.806695   0.306736   -20.4989    2.17686   -41.6091    2.67266
 -0.130395    26.0628    1.75714   -0.58282  -0.545019   -0.12398 -0.0913909   0.204731  -0.696058  -0.323798  -0.294508    19.1867    1.76161
  -6.78287    1.75714    452.851   -4.62205   -2.51999          0   0.732137   0.215663    7.00572          0  -0.346297          0    -1.5869
   1.98491   -0.58282   -4.62205    210.201  -0.750427   -1.91362  -0.760001   -1.31292    1.51286   -2.69264  -0.210438          0  -0.771525
  -1.03032  -0.545019   -2.51999  -0.750427    23.9447   -0.47662  -0.691565    1.07784  -0.364004    3.58474   -6.45572    14.0856   0.704934
  -4.43031   -0.12398          0   -1.91362   -0.47662    87.3896   0.504413    0.89442  -0.222893     3.7801  -0.537293          0  -0.650534
    0.1642 -0.0913909   0.732137  -0.760001  -0.691565   0.504413    4.77083  0.0720591   0.118169   0.129812   0.200419     4.0753   -0.19706
  0.806695   0.204731   0.215663   -1.31292    1.07784    0.89442  0.0720591    17.3621   0.329446   0.757002 -0.0894617   -16.8234   -0.89794
  0.306736  -0.696058    7.00572    1.51286  -0.364004  -0.222893   0.118169   0.329446    29.2167   -29.0317  -0.318329   -39.6346   -6.01052
  -20.4989  -0.323798          0   -2.69264    3.58474     3.7801   0.129812   0.757002   -29.0317    1328.34    2.89257   -52.0769    258.461
   2.17686  -0.294508  -0.346297  -0.210438   -6.45572  -0.537293   0.200419 -0.0894617  -0.318329    2.89257    13.9289   -32.3116    2.53431
  -41.6091    19.1867          0          0    14.0856          0     4.0753   -16.8234   -39.6346   -52.0769   -32.3116    30375.9    -32.075
   2.67266    1.76161    -1.5869  -0.771525   0.704934  -0.650534   -0.19706   -0.89794   -6.01052    258.461    2.53431    -32.075    137.131
