    0.157164     0.198408 -0.000179738     0.064618   -0.0129119 -6.06819e-05     -1114.22    -0.028166            0      116.885    0.0370761  0.000437021      2.39334    0.0267663     -2.31385     0.154138  -0.00309794
    0.198408      2788.93  -0.00794143      3.05093     -1.30816   -0.0365536      -112820      1.68546       523555            0            0     -8.49902      69.2901       4.7789     -58.7337      -70.208     0.253936
-0.000179738  -0.00794143  0.000291803   0.00334564 -0.000424268  1.27505e-05     -143.833   0.00203199      23.1421      2.01785      0.00474  -0.00126993  -0.00160658 -7.44995e-05   -0.0875673  -0.00372486 -2.50746e-05
    0.064618      3.05093   0.00334564      22.7169    0.0801894  2.99637e-05      -745671    -0.921319      5911.51     -254.187   -0.0314818    -0.126167     -4.74643    -0.262493      36.2563     -5.93488   -0.0609975
  -0.0129119     -1.30816 -0.000424268    0.0801894     0.455952  0.000719116     -1259.41    -0.095637      12715.3            0    0.0959676    -0.270993      1.01258    0.0689322       2.5879     0.561954   0.00448908
-6.06819e-05   -0.0365536  1.27505e-05  2.99637e-05  0.000719116  0.000388835      3.70102   0.00170226      209.196    -0.114034  0.000306667  -0.00462762   -0.0691642  0.000888276     0.495052    0.0246339  0.000445177
    -1114.22      -112820     -143.833      -745671     -1259.41      3.70102  2.80068e+10      64270.4            0            0            0            0            0        13161 -1.33886e+06      27880.6      1658.72
   -0.028166      1.68546   0.00203199    -0.921319    -0.095637   0.00170226      64270.4      97.5708       -26571            0     0.557623     0.901164      19.8146    -0.179444     -89.2828     -6.46942    0.0550669
           0       523555      23.1421      5911.51      12715.3      209.196            0       -26571  4.00048e+10  3.04747e+06            0      -792034            0     -5742.24            0       100250     -2038.77
     116.885            0      2.01785     -254.187            0    -0.114034            0            0  3.04747e+06  3.87163e+06      94.8232     -68.7831     -1906.94      43.5295            0      85.7803      2.93066
   0.0370761            0      0.00474   -0.0314818    0.0959676  0.000306667            0     0.557623            0      94.8232      8.43435     0.203107     0.575361  0.000745722      15.6615     0.604712    0.0476682
 0.000437021     -8.49902  -0.00126993    -0.126167    -0.270993  -0.00462762            0     0.901164      -792034     -68.7831     0.203107      16.8706      5.32145     0.367195     -53.9431     -2.06438    0.0484758
     2.39334      69.2901  -0.00160658     -4.74643      1.01258   -0.0691642            0      19.8146            0     -1906.94     0.575361      5.32145      7590.11     -2.90127            0      9.78355     -0.13833
   0.0267663       4.7789 -7.44995e-05    -0.262493    0.0689322  0.000888276        13161    -0.179444     -5742.24      43.5295  0.000745722     0.367195     -2.90127      8.50693      12.5541    -0.456833   -0.0166331
    -2.31385     -58.7337   -0.0875673      36.2563       2.5879     0.495052 -1.33886e+06     -89.2828            0            0      15.6615     -53.9431            0      12.5541       243964      213.694    -0.277236
    0.154138      -70.208  -0.00372486     -5.93488     0.561954    0.0246339      27880.6     -6.46942       100250      85.7803     0.604712     -2.06438      9.78355    -0.456833      213.694      613.178     0.347118
 -0.00309794     0.253936 -2.50746e-05   -0.0609975   0.00448908  0.000445177      1658.72    0.0550669     -2038.77      2.93066    0.0476682    0.0484758     -0.13833   -0.0166331    -0.277236     0.347118     0.090384
