     112.683      61.0969     -213.715     -235.627       561256  1.61791e-05     0.169228   0.00690115      1212.72      67.1227            0  0.000145993     -1458.48      47.5898     0.249768
     61.0969  1.20962e+06      9533.21      9343.56            0    0.0685139      1.04424      -4.6108      2052.57      -447219            0   -0.0183403            0      435.515      1.88677
    -213.715      9533.21  2.78376e+06            0            0   -0.0716723     -20.7539   -0.0362712            0     -478.256            0    0.0244352            0       -701.3      368.127
    -235.627      9343.56            0  3.59892e+07            0     0.148068     -81.4138      -5.7053      -301886      28804.5            0   -0.0139224            0      11301.4     -11.6521
      561256            0            0            0  2.38591e+13      83.1417      -179310            0            0            0            0      39.0808            0            0            0
 1.61791e-05    0.0685139   -0.0716723     0.148068      83.1417  2.88523e-06  0.000138807 -1.47101e-06    -0.116476    -0.025966   1.4877e+09  1.03372e-09     0.930761   -0.0082526 -0.000110446
    0.169228      1.04424     -20.7539     -81.4138      -179310  0.000138807     0.343478  0.000595945     -171.034      2.56363  1.20882e+11  1.14311e-05      104.959     -1.95467   -0.0393704
  0.00690115      -4.6108   -0.0362712      -5.7053            0 -1.47101e-06  0.000595945   0.00113323            0      1.52966  4.01212e+10 -4.89683e-07            0   -0.0812271 -0.000670904
     1212.72      2052.57            0      -301886            0    -0.116476     -171.034            0  1.60356e+07       -14583            0  -0.00270917      -839011            0     -56.7966
     67.1227      -447219     -478.256      28804.5            0    -0.025966      2.56363      1.52966       -14583       215392            0   0.00846892     -37781.5     -38.6594     -9.68276
           0            0            0            0            0   1.4877e+09  1.20882e+11  4.01212e+10            0            0  5.82329e+26 -1.84841e+08            0 -1.98398e+15  5.39072e+11
 0.000145993   -0.0183403    0.0244352   -0.0139224      39.0808  1.03372e-09  1.14311e-05 -4.89683e-07  -0.00270917   0.00846892 -1.84841e+08  1.74909e-07            0  0.000620636 -9.30134e-06
    -1458.48            0            0            0            0     0.930761      104.959            0      -839011     -37781.5            0            0  1.36246e+08            0      83.6663
     47.5898      435.515       -701.3      11301.4            0   -0.0082526     -1.95467   -0.0812271            0     -38.6594 -1.98398e+15  0.000620636            0      13223.5      1.49543
    0.249768      1.88677      368.127     -11.6521            0 -0.000110446   -0.0393704 -0.000670904     -56.7966     -9.68276  5.39072e+11 -9.30134e-06      83.6663      1.49543       1.4328
