     1.09428     0.211512  -0.00273534     0.176723   -0.0620483   -0.0012237     -2940.09   -0.0777871            0      49.3945     0.147806   0.00127576      2.37985    0.0809333     -1.58425     0.228113   -0.0191197
    0.211512      455.212   -0.0184867      1.27753    -0.962497     -0.11284       -45580     0.712689       211519            0            0     -3.79858      10.5491      2.21241     -6.15705      -15.909     0.239956
 -0.00273534   -0.0184867   0.00970735    0.0199997   -0.0044571  0.000561964     -829.592    0.0122664      133.459      1.86388    0.0413026  -0.00810163  -0.00349227 -0.000492392    -0.131038   -0.0120377 -0.000338056
    0.176723      1.27753    0.0199997      24.4035     0.151362  0.000238057      -772855    -0.999435         6127     -42.1927    -0.049297    -0.144664     -1.85385    -0.311759      9.75063     -3.45009    -0.147871
  -0.0620483    -0.962497   -0.0044571     0.151362      1.51223    0.0100078     -2293.59    -0.182293      23156.6            0     0.264049    -0.545974     0.694923     0.143854      1.22291     0.574008    0.0191217
  -0.0012237     -0.11284  0.000561964  0.000238057    0.0100078    0.0227074      28.2864    0.0136151      1598.38    -0.139936   0.00354027   -0.0391159    -0.199147   0.00777862     0.981624     0.105577   0.00795624
    -2940.09       -45580     -829.592      -772855     -2293.59      28.2864  2.80068e+10      67267.3            0            0            0            0            0      15081.3      -347402      15637.6      3879.63
  -0.0777871     0.712689    0.0122664    -0.999435    -0.182293    0.0136151      67267.3      106.883       -27810            0     0.881745      1.04343      7.81509    -0.215215      -24.247     -3.79775     0.134804
           0       211519      133.459         6127      23156.6      1598.38            0       -27810  4.00046e+10       488058            0      -876209            0     -6580.08            0      56228.1     -4768.55
     49.3945            0      1.86388     -42.1927            0    -0.139936            0            0       488058        99302      22.9432     -12.1865     -115.087      7.98853            0      7.70498      1.09776
    0.147806            0    0.0413026    -0.049297     0.264049   0.00354027            0     0.881745            0      22.9432      19.2517     0.339467     0.327567   0.00129099      6.13962     0.512416     0.168444
  0.00127576     -3.79858  -0.00810163    -0.144664    -0.545974   -0.0391159            0      1.04343      -876209     -12.1865     0.339467      20.6471      2.21845      0.46549     -15.4845     -1.28092     0.125432
     2.37985      10.5491  -0.00349227     -1.85385     0.694923    -0.199147            0      7.81509            0     -115.087     0.327567      2.21845      1077.85     -1.25283            0      2.06785    -0.121925
   0.0809333      2.21241 -0.000492392    -0.311759     0.143854   0.00777862      15081.3    -0.215215     -6580.08      7.98853   0.00129099      0.46549     -1.25283      11.1705      3.73279    -0.293612   -0.0445802
    -1.58425     -6.15705    -0.131038      9.75063      1.22291     0.981624      -347402      -24.247            0            0      6.13962     -15.4845            0      3.73279      16425.6      31.0997    -0.168254
    0.228113      -15.909   -0.0120377     -3.45009     0.574008     0.105577      15637.6     -3.79775      56228.1      7.70498     0.512416     -1.28092      2.06785    -0.293612      31.0997      192.895     0.455369
  -0.0191197     0.239956 -0.000338056    -0.147871    0.0191217   0.00795624      3879.63     0.134804     -4768.55      1.09776     0.168444     0.125432    -0.121925   -0.0445802    -0.168254     0.455369     0.494458
