     12.0046     0.228596   -0.0846595     0.622507    -0.436201    -0.042057     -10030.1   -0.0982448            0      17.0793     0.718907   0.00469284      2.39003     0.317062    -0.964741     0.369433    -0.180636
    0.228596      48.4918   -0.0540278     0.406774    -0.666941    -0.465699     -14858.1     0.397596      3127.58            0            0     -1.42675      1.03831     0.853478    -0.363061     -2.54495     0.223551
  -0.0846595   -0.0540278     0.778513     0.198978   -0.0810122    0.0637656     -7560.49    0.0740541      55.7006      1.73852     0.555283   -0.0839417  -0.00917624   -0.0050713    -0.214417   -0.0506865  -0.00863545
    0.622507     0.406774     0.198978      32.9259     0.314344    0.0391942      -815258      19.1191      317.236     -4.82195   -0.0697271    -0.114298    -0.688791    -0.214518      2.17431      -1.9945    -0.318081
   -0.436201    -0.666941   -0.0810122     0.314344      6.81371      0.26792     -4958.78    -0.175679      2198.72            0      0.82353     -1.33303     0.415436     0.360891     0.475936     0.597048     0.115538
   -0.042057    -0.465699    0.0637656    0.0391942      0.26792      3.62221      403.251     0.162129      898.594    -0.182857     0.161424    -0.563852    -0.759077     0.116038      2.29186     0.653214     0.286848
    -10030.1     -14858.1     -7560.49      -815258     -4958.78      403.251  2.87152e+10      62624.8            0            0            0            0            0        18118     -66187.4      7930.07      10975.2
  -0.0982448     0.397596    0.0740541      19.1191    -0.175679     0.162129      62624.8      78.5965     -1202.38     -2.09379     0.622973      1.01252      2.70589    -0.218999     -1.27948     -1.91516     0.326074
           0      3127.58      55.7006      317.236      2198.72      898.594            0     -1202.38  8.09891e+07      2246.39            0     -45309.9            0     -348.501            0      1257.52     -611.318
     17.0793            0      1.73852     -4.82195            0    -0.182857            0     -2.09379      2246.39      1081.63      3.47758     -1.43131     -3.67139       0.9853            0     0.395712     0.326243
    0.718907            0     0.555283   -0.0697271      0.82353     0.161424            0     0.622973            0      3.47758      41.5659     0.572824     0.144743 -0.000999859        1.625     0.368049     0.697648
  0.00469284     -1.42675   -0.0839417    -0.114298     -1.33303    -0.563852            0      1.01252     -45309.9     -1.43131     0.572824      27.2654     0.765649      0.62863     -3.28138    -0.720281      0.41126
     2.39003      1.03831  -0.00917624    -0.688791     0.415436    -0.759077            0      2.70589            0     -3.67139     0.144743     0.765649      98.0536    -0.446684            0     0.305676    -0.104983
    0.317062     0.853478   -0.0050713    -0.214518     0.360891     0.116038        18118    -0.218999     -348.501       0.9853 -0.000999859      0.62863    -0.446684      15.6112     0.818138    -0.167087    -0.150448
   -0.964741    -0.363061    -0.214417      2.17431     0.475936      2.29186     -66187.4     -1.27948            0            0        1.625     -3.28138            0     0.818138      560.228      2.79771    -0.087967
    0.369433     -2.54495   -0.0506865      -1.9945     0.597048     0.653214      7930.07     -1.91516      1257.52     0.395712     0.368049    -0.720281     0.305676    -0.167087      2.79771      46.3012     0.636963
   -0.180636     0.223551  -0.00863545    -0.318081     0.115538     0.286848      10975.2     0.326074     -611.318     0.326243     0.697648      0.41126    -0.104983    -0.150448    -0.087967     0.636963      4.02773
