     82.0515      51.3466            0            0     0.152852            0      2105.34   -0.0931664      1.08604    -0.126431            0   0.00182947      -5.8596       941788    0.0290582      6.36964     0.386379
     51.3466      135.919    -0.288577     -1.21077      1.83494            0      1843.47    0.0961013      2.61082     -2.38746     -12248.6     0.137834     -6.73815            0    0.0425364      -5.3105    -0.777873
           0    -0.288577      41.8022            0     -1.21351            0      8075.35    -0.145756            0            0            0   -0.0759627      3.95687            0            0            0    0.0809244
           0     -1.21077            0      274.166     -1.35691            0      2730.78     0.371549            0    -0.422607  2.41996e+06     0.286526      3.03706            0    -0.274908     -9.36299    0.0718227
    0.152852      1.83494     -1.21351     -1.35691       4.5702     -7593.82     -898.924    0.0764335   -0.0628327   -0.0679178     -10318.3    0.0219362     -2.15579     -56111.2   -0.0656272     -6.24774     0.085489
           0            0            0            0     -7593.82  2.21029e+10 -1.37656e+07     -23037.6            0            0            0     -1226.23            0            0       133671            0     -10939.5
     2105.34      1843.47      8075.35      2730.78     -898.924 -1.37656e+07  3.87386e+06     -12.8234     -2839.38      367.984   2.7423e+07      84.1431      4718.22  2.83991e+08      1.51034      7016.76     -325.811
  -0.0931664    0.0961013    -0.145756     0.371549    0.0764335     -23037.6     -12.8234      1.08462     0.453583    -0.200535      3430.12   -0.0293442     0.555942     -20632.3    -0.142374     0.154979    -0.131879
     1.08604      2.61082            0            0   -0.0628327            0     -2839.38     0.453583      429.477            0            0     0.341738      5.34761            0     0.281269     -13.6602    -0.568534
   -0.126431     -2.38746            0    -0.422607   -0.0679178            0      367.984    -0.200535            0      32.1707     -16608.1     0.045122      1.55162            0   -0.0158403            0   -0.0864787
           0     -12248.6            0  2.41996e+06     -10318.3            0   2.7423e+07      3430.12            0     -16608.1  2.45856e+10      2514.51            0            0     -2594.31       208032      3126.89
  0.00182947     0.137834   -0.0759627     0.286526    0.0219362     -1226.23      84.1431   -0.0293442     0.341738     0.045122      2514.51     0.334905     0.125822      36105.6   -0.0148416    -0.257115    -0.022768
     -5.8596     -6.73815      3.95687      3.03706     -2.15579            0      4718.22     0.555942      5.34761      1.55162            0     0.125822      569.965            0    0.0305171      11.8521    -0.503685
      941788            0            0            0     -56111.2            0  2.83991e+08     -20632.3            0            0            0      36105.6            0  1.53529e+12            0            0            0
   0.0290582    0.0425364            0    -0.274908   -0.0656272       133671      1.51034    -0.142374     0.281269   -0.0158403     -2594.31   -0.0148416    0.0305171            0      1.04703    0.0596242    0.0191059
     6.36964      -5.3105            0     -9.36299     -6.24774            0      7016.76     0.154979     -13.6602            0       208032    -0.257115      11.8521            0    0.0596242      4079.46      2.84924
    0.386379    -0.777873    0.0809244    0.0718227     0.085489     -10939.5     -325.811    -0.131879    -0.568534   -0.0864787      3126.89    -0.022768    -0.503685            0    0.0191059      2.84924      6.15082
