     12406.7     -118.746     0.803835      168.513     -10.8986            0       232493       229863            0      4.00528     -10.7206      201.395    -0.811594            0     -40.3286            0     -1171.33
    -118.746       381412     -2.85984     -33482.9      65.1011     -27594.9  4.65079e+06      -208716     -16.9975     0.517799      106.598     -6167.57     -4.87426      115.685     -6211.43      -231.71      -5293.9
    0.803835     -2.85984      1.36851     -9.46512    0.0625278      -3759.7      1446.32      158.204  -0.00175704    0.0158445    0.0671203     -1.64368    0.0185356     0.339062    -0.238576     0.446545     0.210921
     168.513     -33482.9     -9.46512      8170.99      -12.556            0            0            0            0    -0.836216      3.14086      252.298      3.08099            0     -35.9508            0      560.161
    -10.8986      65.1011    0.0625278      -12.556      7.55641      2748.24            0       56.519   -0.0073113    0.0392179    0.0130983      1.52383      0.12286   0.00900327      18.5527    -0.239206     -3.22191
           0     -27594.9      -3759.7            0      2748.24  2.86437e+10            0 -9.27313e+07      2104.17     -1975.75     -6731.86       211089      938.277      32540.5       974800  -2.1377e+06            0
      232493  4.65079e+06      1446.32            0            0            0  2.66623e+10            0            0            0      -478.64            0            0     -12260.4      -523687            0            0
      229863      -208716      158.204            0       56.519 -9.27313e+07            0  1.99031e+08      -69.296     -547.453       1225.3      -113966      366.003      7643.56     -27253.6      3839.35  1.78488e+06
           0     -16.9975  -0.00175704            0   -0.0073113      2104.17            0      -69.296     0.115703    0.0102456   -0.0233064            0  -0.00199029    0.0144524     0.541541    -0.171957            0
     4.00528     0.517799    0.0158445    -0.836216    0.0392179     -1975.75            0     -547.453    0.0102456     0.905757  -0.00929451      3.08175   -0.0144719    0.0271294     -7.16681     0.171696     -3.33383
    -10.7206      106.598    0.0671203      3.14086    0.0130983     -6731.86      -478.64       1225.3   -0.0233064  -0.00929451      3.11607     0.597739   -0.0146864     -0.34773     0.860057     0.411561     -12.5664
     201.395     -6167.57     -1.64368      252.298      1.52383       211089            0      -113966            0      3.08175     0.597739      5736.97      1.54837      1.58064       128.29     -18.8793     -1878.25
   -0.811594     -4.87426    0.0185356      3.08099      0.12286      938.277            0      366.003  -0.00199029   -0.0144719   -0.0146864      1.54837     0.917292    0.0585508    -0.658818    -0.100341      6.14429
           0      115.685     0.339062            0   0.00900327      32540.5     -12260.4      7643.56    0.0144524    0.0271294     -0.34773      1.58064    0.0585508      61.5875     -13.0711      -4.4512      25.2586
    -40.3286     -6211.43    -0.238576     -35.9508      18.5527       974800      -523687     -27253.6     0.541541     -7.16681     0.860057       128.29    -0.658818     -13.0711      58696.6     -77.4849     -395.849
           0      -231.71     0.446545            0    -0.239206  -2.1377e+06            0      3839.35    -0.171957     0.171696     0.411561     -18.8793    -0.100341      -4.4512     -77.4849      187.351     -65.4117
    -1171.33      -5293.9     0.210921      560.161     -3.22191            0            0  1.78488e+06            0     -3.33383     -12.5664     -1878.25      6.14429      25.2586     -395.849     -65.4117      32221.2
