     72.1151      41.6092            0            0     0.215684            0      396.394      -0.1388     0.746194    -0.095925            0   0.00428981     -3.74165       813125    0.0465967      2.59004     0.488986
     41.6092      100.614    -0.248903     -0.74824      2.33757            0      318.553     0.130479      1.64705     -1.66091     -10528.7      0.26741     -3.95249            0    0.0625791     -1.99064    -0.903711
           0    -0.248903      42.4263            0     -1.81099            0      1633.56    -0.233229            0            0            0    -0.172663      2.71674            0            0            0     0.110279
           0     -0.74824            0        141.7     -1.44513            0      394.206     0.424253            0    -0.246228  1.73974e+06      0.46475        1.488            0    -0.336469     -2.92846    0.0698782
    0.215684      2.33757     -1.81099     -1.44513      10.0293     -11248.9     -267.366      0.17984   -0.0683199   -0.0815386     -15285.9    0.0733157     -2.17644     -76663.6    -0.165512     -4.02658     0.171296
           0            0            0            0     -11248.9  2.21031e+10 -2.76421e+06     -36590.4            0            0            0     -2766.49            0            0       227573            0     -14797.1
     396.394      318.553      1633.56      394.206     -267.366 -2.76421e+06       156185     -4.08975     -418.521      59.8589  5.50653e+06      38.1208      645.642  5.26357e+07     0.510783      612.959     -88.5037
     -0.1388     0.130479    -0.233229     0.424253      0.17984     -36590.4     -4.08975      2.73614      0.52889    -0.258137      5448.15    -0.105156     0.601756     -30223.8    -0.384986     0.107084    -0.283319
    0.746194      1.64705            0            0   -0.0683199            0     -418.521      0.52889      231.472            0            0     0.566036      2.67545            0     0.351543     -4.36297    -0.564555
   -0.095925     -1.66091            0    -0.246228   -0.0815386            0      59.8589    -0.258137            0      21.1308     -13459.7    0.0825081     0.857027            0   -0.0218541            0   -0.0947982
           0     -10528.7            0  1.73974e+06     -15285.9            0  5.50653e+06      5448.15            0     -13459.7  2.45855e+10      5673.24            0            0     -4416.68      90506.4      4229.63
  0.00428981      0.26741    -0.172663      0.46475    0.0733157     -2766.49      38.1208    -0.105156     0.566036    0.0825081      5673.24      1.70481     0.193478      75207.3   -0.0570089    -0.252365   -0.0694783
    -3.74165     -3.95249      2.71674        1.488     -2.17644            0      645.642     0.601756      2.67545     0.857027            0     0.193478      264.716            0    0.0354059      3.51402    -0.464298
      813125            0            0            0     -76663.6            0  5.26357e+07     -30223.8            0            0            0      75207.3            0  1.30812e+12            0            0            0
   0.0465967    0.0625791            0    -0.336469    -0.165512       227573     0.510783    -0.384986     0.351543   -0.0218541     -4416.68   -0.0570089    0.0354059            0      3.03479    0.0441692    0.0439954
     2.59004     -1.99064            0     -2.92846     -4.02658            0      612.959     0.107084     -4.36297            0      90506.4    -0.252365      3.51402            0    0.0441692      772.143      1.67672
    0.488986    -0.903711     0.110279    0.0698782     0.171296     -14797.1     -88.5037    -0.283319    -0.564555   -0.0947982      4229.63   -0.0694783    -0.464298            0    0.0439954      1.67672      11.2529
