    47.0395     18.4465    -0.15331  -0.0946945    0.782863           0     17.0256   -0.385817    0.354224    0.152692    -2928.58    0.178622    -1.90754       44445  -0.0527742    0.474961    0.298854
    18.4465     69.9976    -0.13368   -0.432764     4.01631    -7694.84     9.98908    0.176168    0.801964    -1.07813    -10848.7     1.13004    -1.79393    -15850.8   0.0474649    -0.58533    -1.55662
   -0.15331    -0.13368     43.2742           0    -3.72785           0     100.631   -0.531462           0           0           0    -0.72965     1.40372           0           0           0    0.225396
 -0.0946945   -0.432764           0      44.488    -1.59318           0     13.3564     0.54231           0   -0.101744      976100     1.10212    0.426856           0   -0.485137   -0.382561   0.0668836
   0.782863     4.01631    -3.72785    -1.59318     38.6371    -22248.1    -31.6594    0.837128    0.077651    -0.12052    -30077.8    0.610017    -2.14851    -10358.7   -0.828221    -1.84407    0.582357
          0    -7694.84           0           0    -22248.1 2.21071e+10     -173698    -82683.1           0           0           0    -11737.2           0           0      582899           0    -24864.3
    17.0256     9.98908     100.631     13.3564    -31.6594     -173698     577.179   -0.709825    -15.4884     2.68237      334719     9.32978     20.1785      247069   -0.405139     8.96997    -9.39856
  -0.385817    0.176168   -0.531462     0.54231    0.837128    -82683.1   -0.709825     13.9751    0.692439   -0.428324     12540.3    -1.00781    0.690506    -4808.63    -2.23273   0.0524233    -1.09251
   0.354224    0.801964           0           0    0.077651           0    -15.4884    0.692439      77.756           0           0     1.37553    0.786832           0    0.522815   -0.585425   -0.559476
   0.152692    -1.07813           0   -0.101744    -0.12052           0     2.68237   -0.428324           0     11.3463    -9912.25    0.289167    0.331103           0   -0.042748           0   -0.118826
   -2928.58    -10848.7           0      976100    -30077.8           0      334719     12540.3           0    -9912.25 2.46301e+10     23932.7           0           0    -11364.7     20890.7      7206.5
   0.178622     1.13004    -0.72965     1.10212    0.610017    -11737.2     9.32978    -1.00781     1.37553    0.289167     23932.7      29.907    0.409927     25092.4   -0.601888   -0.278044   -0.534624
   -1.90754    -1.79393     1.40372    0.426856    -2.14851           0     20.1785    0.690506    0.786832    0.331103           0    0.409927     69.0173           0   0.0470994    0.414866   -0.397765
      44445    -15850.8           0           0    -10358.7           0      247069    -4808.63           0           0           0     25092.4           0 7.94399e+09           0           0           0
 -0.0527742   0.0474649           0   -0.485137   -0.828221      582899   -0.405139    -2.23273    0.522815   -0.042748    -11364.7   -0.601888   0.0470994           0     19.9016   0.0132163    0.194812
   0.474961    -0.58533           0   -0.382561    -1.84407           0     8.96997   0.0524233   -0.585425           0     20890.7   -0.278044    0.414866           0   0.0132163     41.2828    0.662083
   0.298854    -1.55662    0.225396   0.0668836    0.582357    -24864.3    -9.39856    -1.09251   -0.559476   -0.118826      7206.5   -0.534624   -0.397765           0    0.194812    0.662083     32.5314
