  4.57879  0.260284 -0.425419 0.0853058  -22.5907   2.30069  -1.85237
 0.260284   3.95488  0.637112  -3.41484   42.2859 -0.920601   -1.5596
-0.425419  0.637112    5.6687 0.0176052  -19.4125   2.10148  0.230003
0.0853058  -3.41484 0.0176052   6.74541  -34.7131  0.129169   2.51669
 -22.5907   42.2859  -19.4125  -34.7131   63194.4  -24.1095  -233.235
  2.30069 -0.920601   2.10148  0.129169  -24.1095   10.5016   2.24815
 -1.85237   -1.5596  0.230003   2.51669  -233.235   2.24815   233.758
