  4.29774  0.318504 -0.432333   0.10165   -7.9659   1.99021  -1.33485
 0.318504   3.93115  0.698353  -3.47429   16.4109  -1.03607  -1.13784
-0.432333  0.698353   5.41877 0.0215088  -6.77561   1.84837  0.114975
  0.10165  -3.47429 0.0215088   6.69663  -13.0323  0.203862   1.85578
  -7.9659   16.4109  -6.77561  -13.0323    9456.6  -10.9209  -65.6229
  1.99021  -1.03607   1.84837  0.203862  -10.9209   9.61597   1.50282
 -1.33485  -1.13784  0.114975   1.85578  -65.6229   1.50282   123.431
