 2.69102e+09            0            0            0            0            0      22712.6            0            0            0  4.98103e+06            0
           0      518.955            0            0            0     -69.5775      3.32547     -1553.11            0      21.7497     -82.4894            0
           0            0  2.50169e+09            0            0       384633      14117.5            0            0            0            0            0
           0            0            0  1.93968e+06      41144.8            0     -225.101            0            0            0     -3679.25            0
           0            0            0      41144.8  1.79622e+06      8571.55     -149.486            0            0            0            0            0
           0     -69.5775       384633            0      8571.55       438671     -304.837     -14527.3 -2.49798e+06            0            0            0
     22712.6      3.32547      14117.5     -225.101     -149.486     -304.837      7.64738      939.435      4363.28     -61.7647      129.774     -211.646
           0     -1553.11            0            0            0     -14527.3      939.435  1.32609e+07            0     -943.234            0            0
           0            0            0            0            0 -2.49798e+06      4363.28            0  7.14886e+08            0            0            0
           0      21.7497            0            0            0            0     -61.7647     -943.234            0      25880.9            0      4912.74
 4.98103e+06     -82.4894            0     -3679.25            0            0      129.774            0            0            0       121793            0
           0            0            0            0            0            0     -211.646            0            0      4912.74            0       135096
