  128051        0        0        0        0        0   161.38        0        0        0  3274.28        0
       0  63.8249        0        0        0 -1.55878  1.19941 -12.7307        0  1.29709 -2.75584        0
       0        0   217694        0        0   229.17  135.823        0        0        0        0        0
       0        0        0  4539.71  99.9138        0 -11.1956        0        0        0 -16.9591        0
       0        0        0  99.9138  4525.94  27.3972 -7.71579        0        0        0        0        0
       0 -1.55878   229.17        0  27.3972  1770.92 -19.8297 -21.5613 -1831.12        0        0        0
  161.38  1.19941  135.823 -11.1956 -7.71579 -19.8297  8.08234  22.5759  51.7712 -10.7939  12.7191 -21.3297
       0 -12.7307        0        0        0 -21.5613  22.5759  7245.07        0 -3.74693        0        0
       0        0        0        0        0 -1831.12  51.7712        0  95052.1        0        0        0
       0  1.29709        0        0        0        0 -10.7939 -3.74693        0  747.625        0  81.8517
 3274.28 -2.75584        0 -16.9591        0        0  12.7191        0        0        0   1105.7        0
       0        0        0        0        0        0 -21.3297        0        0  81.8517        0  1298.25
