     53.5511            0      6137.78            0            0     0.552155            0            0      1.07479    -0.168693     -10.6137      4.19804      40093.4      10.3881    -0.723602     -214.317
           0      1161.78            0      22.8578            0      6.92873            0            0            0      3.92091            0            0            0            0     -9.97214            0
     6137.78            0   2.0474e+10            0            0       627789            0            0            0            0            0       484792            0            0        57801            0
           0      22.8578            0      424.833      -7.4394     0.230464            0            0            0            0            0            0      -304157            0       9.9377            0
           0            0            0      -7.4394      2040.07            0            0            0      6.94662      0.14237        6.094            0            0            0      1.89389     -792.891
    0.552155      6.92873       627789     0.230464            0      215.435            0            0            0      2.18219     -4.66774      10.5064            0            0      4.33699            0
           0            0            0            0            0            0      420.922            0     -5.78925    -0.950029     -9.28401            0            0            0      4.76395            0
           0            0            0            0            0            0            0      26642.7            0            0      284.755            0            0            0     -28.8634            0
     1.07479            0            0            0      6.94662            0     -5.78925            0       708.12     -5.85951            0            0            0            0      13.0737     -8045.48
   -0.168693      3.92091            0            0      0.14237      2.18219    -0.950029            0     -5.85951      120.077      7.57519      13.3769            0     -2.77519      3.46088      365.725
    -10.6137            0            0            0        6.094     -4.66774     -9.28401      284.755            0      7.57519       2199.9     -20.0998 -2.49019e+06     -587.415     -20.9122            0
     4.19804            0       484792            0            0      10.5064            0            0            0      13.3769     -20.0998      454.301            0            0      9.29093            0
     40093.4            0            0      -304157            0            0            0            0            0            0 -2.49019e+06            0  1.52047e+10  1.12946e+06      45213.8            0
     10.3881            0            0            0            0            0            0            0            0     -2.77519     -587.415            0  1.12946e+06      675.154      13.7868            0
   -0.723602     -9.97214        57801       9.9377      1.89389      4.33699      4.76395     -28.8634      13.0737      3.46088     -20.9122      9.29093      45213.8      13.7868      8.25143     -425.441
    -214.317            0            0            0     -792.891            0            0            0     -8045.48      365.725            0            0            0            0     -425.441  1.14073e+06
