     7.14043      6041.35    -0.914634     0.070319    0.0332322     0.841253     0.463089     0.556333 -8.26091e-06     -1.08009     0.375834   -0.0394685     0.967237    0.0982308    -0.369118
     6041.35  1.15357e+10      -364856      1557.85      61.6775      36070.4      4328.62     -4876.78    0.0737402     -40607.6     -93688.7      222.899      19205.6      4390.17       -11453
   -0.914634      -364856      293.214    0.0993414     0.432052     0.615865     -4.44901      2.45854  6.50587e-06     -9.88442     -9.80454    0.0814395      -5.0895      3.57507     -11.4439
    0.070319      1557.85    0.0993414     0.568072   0.00478529   -0.0133323    0.0967222     0.049912  2.09987e-06    -0.421951    -0.170964   -0.0040337   -0.0551222     0.114192    -0.215782
   0.0332322      61.6775     0.432052   0.00478529      1.28528   -0.0376894    -0.172925   -0.0134044 -2.73859e-06    -0.209679     0.554715  -0.00141442     0.456752  8.57841e-05    0.0699802
    0.841253      36070.4     0.615865   -0.0133323   -0.0376894      38.8809      18.8767      1.11466  3.89039e-05     -7.27003     -4.91947   -0.0230377       16.365      1.29761      5.95269
    0.463089      4328.62     -4.44901    0.0967222    -0.172925      18.8767      51.3043     -0.40494  6.31731e-05     -10.2584      3.71021   -0.0210513     -12.7925     -3.45654      20.2607
    0.556333     -4876.78      2.45854     0.049912   -0.0134044      1.11466     -0.40494       12.013  1.59217e-05     -2.89998      -1.7185    -0.025598      1.47281     0.179831     -1.61643
-8.26091e-06    0.0737402  6.50587e-06  2.09987e-06 -2.73859e-06  3.89039e-05  6.31731e-05  1.59217e-05   8.9951e-09 -4.17179e-05 -1.57998e-05   1.3534e-06  -1.8357e-05 -5.10717e-07  8.12574e-06
    -1.08009     -40607.6     -9.88442    -0.421951    -0.209679     -7.27003     -10.2584     -2.89998 -4.17179e-05      48.7684     -2.36556   -0.0199094      1.51999     -2.79261      12.7791
    0.375834     -93688.7     -9.80454    -0.170964     0.554715     -4.91947      3.71021      -1.7185 -1.57998e-05     -2.36556      51.3749    0.0923207      6.27586     -1.56513      8.79483
  -0.0394685      222.899    0.0814395   -0.0040337  -0.00141442   -0.0230377   -0.0210513    -0.025598   1.3534e-06   -0.0199094    0.0923207    0.0542692    0.0499712   -0.0206767   -0.0142125
    0.967237      19205.6      -5.0895   -0.0551222     0.456752       16.365     -12.7925      1.47281  -1.8357e-05      1.51999      6.27586    0.0499712      33.7214      1.55493      -2.3345
   0.0982308      4390.17      3.57507     0.114192  8.57841e-05      1.29761     -3.45654     0.179831 -5.10717e-07     -2.79261     -1.56513   -0.0206767      1.55493      12.5586     -3.39114
   -0.369118       -11453     -11.4439    -0.215782    0.0699802      5.95269      20.2607     -1.61643  8.12574e-06      12.7791      8.79483   -0.0142125      -2.3345     -3.39114      22.7437
