   14.1426     1.4815   0.202679   0.519706   0.197096    1.49671   0.856568    1.18279 -0.0504142    -1.6137   0.538601  -0.829088    1.46234   0.948974  -0.508143
    1.4815    859.399   -8.64891     1.7819    -2.7173    7.92383    2.76197   -4.75885  0.0572936   -6.97497   -21.9756  -0.104035    5.53045     4.1962   -2.02708
  0.202679   -8.64891    44.9146     1.7681    -0.8631   -13.1013   -14.5912    3.07276   0.039581   -14.9665   -23.8749  -0.255148   -12.0778    15.9641   -27.9547
  0.519706     1.7819     1.7681    14.0503   0.157927   0.195122   0.925142   0.425596   0.041924   -2.20413  -0.882952  -0.355041   0.083842   0.551067   -0.79151
  0.197096    -2.7173    -0.8631   0.157927    22.1612  -0.247543  -0.890917 -0.0922979 -0.0398466   -1.29185     2.5211  -0.150695    1.74401  -0.478708     0.1336
   1.49671    7.92383   -13.1013   0.195122  -0.247543    55.7483    31.5272    2.45411   0.222675   -11.0965   -9.84215  -0.227105    19.6343    16.1296    12.1558
  0.856568    2.76197   -14.5912   0.925142  -0.890917    31.5272    56.3939  -0.502172   0.321347   -15.3504    3.27586  -0.151071   -11.6698   -7.18922    23.3185
   1.18279   -4.75885    3.07276   0.425596 -0.0922979    2.45411  -0.502172     29.934   0.114241   -5.15462   -2.29346  -0.634114    2.57545    2.01224   -2.87524
-0.0504142  0.0572936   0.039581   0.041924 -0.0398466   0.222675   0.321347   0.114241   0.181894  -0.207068 -0.0830216  0.0996035  -0.100451  0.0249992  0.0618989
   -1.6137   -6.97497   -14.9665   -2.20413   -1.29185   -11.0965   -15.3504   -5.15462  -0.207068    53.9117   -4.33252 -0.0330643   0.331043   -15.6468    9.39169
  0.538601   -21.9756   -23.8749  -0.882952     2.5211   -9.84215    3.27586   -2.29346 -0.0830216   -4.33252    55.0388     1.2055    8.84606    2.79634    11.1298
 -0.829088  -0.104035  -0.255148  -0.355041  -0.150695  -0.227105  -0.151071  -0.634114  0.0996035 -0.0330643     1.2055    11.9787   0.416375  -0.504638 -0.0892516
   1.46234    5.53045   -12.0778   0.083842    1.74401    19.6343   -11.6698    2.57545  -0.100451   0.331043    8.84606   0.416375    36.7208     10.853   -2.99852
  0.948974     4.1962    15.9641   0.551067  -0.478708    16.1296   -7.18922    2.01224  0.0249992   -15.6468    2.79634  -0.504638     10.853    37.1682   -13.4706
 -0.508143   -2.02708   -27.9547   -0.79151     0.1336    12.1558    23.3185   -2.87524  0.0618989    9.39169    11.1298 -0.0892516   -2.99852   -13.4706    27.1503
