     29.2156       1.1743   -0.0147846  -5.4616e-05       0.6433    -0.352082      19.5204 -6.82263e-05      1.08114  -3.1987e-05 -6.00981e-05      1.26375     -2613.59       1.4468   0.00252196
      1.1743      39.9365    -0.162285  -0.00289575      1.14156      7.43598      5.22354 -0.000110322     -18.8037 -4.49749e-05 -6.79438e-05     -9.18252      1358.13      18.5566  -0.00286055
  -0.0147846    -0.162285     0.113024 -2.82455e-05    0.0813269   -0.0588708     0.172159  9.38705e-08     -0.15065  3.02086e-06 -2.98912e-06     0.230013     -80.6111    -0.168452   9.3561e-05
 -5.4616e-05  -0.00289575 -2.82455e-05   5.5408e-05 -0.000715128   0.00180571  0.000518379  5.94427e-08 -0.000517175  6.44755e-07  2.38803e-07 -0.000209138     -1.01514  -0.00385329 -2.73733e-06
      0.6433      1.14156    0.0813269 -0.000715128      21.1403      2.02198       11.362   5.6602e-05      1.83529  2.24554e-05  4.98185e-05     -3.53553     -852.805      3.97976     0.004773
   -0.352082      7.43598   -0.0588708   0.00180571      2.02198      134.297     -3.19092 -0.000126747      -1.3388  9.28956e-05  0.000279421      -9.3401     -8754.29      4.60095   0.00684695
     19.5204      5.22354     0.172159  0.000518379       11.362     -3.19092      1585.91  0.000278926     -19.9503  0.000120844  -0.00202312     -22.5454     -992.476     -8.49936  -0.00741867
-6.82263e-05 -0.000110322  9.38705e-08  5.94427e-08   5.6602e-05 -0.000126747  0.000278926  4.66283e-08  0.000119693  6.03262e-10  4.43607e-09  9.74377e-05     0.180749 -1.71306e-05 -8.36565e-08
     1.08114     -18.8037     -0.15065 -0.000517175      1.83529      -1.3388     -19.9503  0.000119693      59.9357   2.9431e-05 -5.53948e-05      0.14302       3106.2      16.1176   0.00882224
 -3.1987e-05 -4.49749e-05  3.02086e-06  6.44755e-07  2.24554e-05  9.28956e-05  0.000120844  6.03262e-10   2.9431e-05  2.87713e-08   9.1269e-09  0.000107303    -0.147194 -8.41848e-06  4.94328e-09
-6.00981e-05 -6.79438e-05 -2.98912e-06  2.38803e-07  4.98185e-05  0.000279421  -0.00202312  4.43607e-09 -5.53948e-05   9.1269e-09  4.20886e-07 -0.000314599       0.4431  -0.00011856 -8.30141e-07
     1.26375     -9.18252     0.230013 -0.000209138     -3.53553      -9.3401     -22.5454  9.74377e-05      0.14302  0.000107303 -0.000314599      60.5039     -10770.7      3.17461  -0.00221491
    -2613.59      1358.13     -80.6111     -1.01514     -852.805     -8754.29     -992.476     0.180749       3106.2    -0.147194       0.4431     -10770.7  5.29757e+08     -1429.89      6.55676
      1.4468      18.5566    -0.168452  -0.00385329      3.97976      4.60095     -8.49936 -1.71306e-05      16.1176 -8.41848e-06  -0.00011856      3.17461     -1429.89      27.0595  0.000991808
  0.00252196  -0.00286055   9.3561e-05 -2.73733e-06     0.004773   0.00684695  -0.00741867 -8.36565e-08   0.00882224  4.94328e-09 -8.30141e-07  -0.00221491      6.55676  0.000991808  0.000211891
