     8.70434      838.655    -0.772607     0.108502    0.0484203      1.00113     0.526321     0.681197  -1.3085e-05     -1.19602     0.415954   -0.0773468      1.06739     0.122845    -0.395106
     838.655  1.82481e+08     -35082.4       273.91      10.4875      4881.43      638.022     -680.192    0.0132424     -5138.03     -11758.6      49.7232      2373.29      638.895     -1481.57
   -0.772607     -35082.4      171.625     0.106191     0.435935     0.495803     -3.32307      2.08583  7.08847e-06      -7.4302      -7.5106     0.110516     -3.95648      3.14911      -8.7198
    0.108502       273.91     0.106191      1.10931   0.00882521    -0.018591     0.135785    0.0773542   4.1985e-06    -0.587453    -0.238114  -0.00999906    -0.074876     0.184139    -0.303459
   0.0484203      10.4875     0.435935   0.00882521      2.23537   -0.0528371    -0.226584   -0.0196065 -5.15169e-06    -0.282224     0.733658   -0.0033167     0.607606  0.000136852    0.0894418
     1.00113      4881.43     0.495803    -0.018591   -0.0528371      44.6652      20.9104      1.33368  5.97651e-05     -7.98059     -5.39316   -0.0437011      17.2063      1.62189      7.02315
    0.526321      638.022     -3.32307     0.135785    -0.226584      20.9104      51.3185    -0.413408  9.17607e-05     -10.9193      3.57948   -0.0379563     -12.4369     -3.94125      20.5377
    0.681197     -680.192      2.08583    0.0773542   -0.0196065      1.33368    -0.413408      14.7743  2.53268e-05      -3.2118     -1.89832   -0.0503538      1.62831     0.230312     -1.79628
 -1.3085e-05    0.0132424  7.08847e-06   4.1985e-06 -5.15169e-06  5.97651e-05  9.17607e-05  2.53268e-05   1.8594e-08   -6.042e-05 -2.30119e-05   3.4829e-06 -2.68979e-05 -1.06907e-06  1.28674e-05
    -1.19602     -5138.03      -7.4302    -0.587453    -0.282224     -7.98059     -10.9193      -3.2118   -6.042e-05      48.8256     -2.53903   -0.0352998      1.35446      -3.1474      12.3374
    0.415954     -11758.6      -7.5106    -0.238114     0.733658     -5.39316      3.57948     -1.89832 -2.30119e-05     -2.53903      51.3234      0.16393      6.51249     -1.77821      8.98964
  -0.0773468      49.7232     0.110516  -0.00999906   -0.0033167   -0.0437011   -0.0379563   -0.0503538   3.4829e-06   -0.0352998      0.16393     0.170737    0.0899595   -0.0426598   -0.0255756
     1.06739      2373.29     -3.95648    -0.074876     0.607606      17.2063     -12.4369      1.62831 -2.68979e-05      1.35446      6.51249    0.0899595      33.4945      1.79403     -2.18278
    0.122845      638.895      3.14911     0.184139  0.000136852      1.62189     -3.94125     0.230312 -1.06907e-06      -3.1474     -1.77821   -0.0426598      1.79403      16.7248     -3.89031
   -0.395106     -1481.57      -8.7198    -0.303459    0.0894418      7.02315      20.5377     -1.79628  1.28674e-05      12.3374      8.98964   -0.0255756     -2.18278     -3.89031      22.9248
