     33.1446      1.23842   -0.0238882 -0.000138957     0.695813    -0.372674      9.39582 -0.000105644      1.14709 -3.86022e-05 -0.000144014      1.33418     -986.865      1.55877   0.00502779
     1.23842      39.9632    -0.245046  -0.00685124      1.40707      7.43428      6.73008 -0.000160844     -19.1351 -5.15627e-05 -0.000154098     -9.73752      498.148      18.4677  -0.00533063
  -0.0238882    -0.245046     0.259981 -0.000101764     0.122382   -0.0888371     0.135238   1.9741e-07    -0.227429  5.20755e-06 -1.01621e-05     0.352194     -43.2405    -0.255963  0.000265661
-0.000138957  -0.00685124 -0.000101764  0.000314746  -0.00175028   0.00428218  0.000936035  2.08063e-07  -0.00115848  1.74679e-06  1.26952e-06 -0.000418936    -0.857469  -0.00919234 -1.22081e-05
    0.695813      1.40707     0.122382  -0.00175028      21.1795      2.03152      11.2411  8.25345e-05       1.8889  2.54209e-05  0.000105592     -3.42404     -307.704      4.34399   0.00893246
   -0.372674      7.43428   -0.0888371   0.00428218      2.03152      132.952     0.849344 -0.000182697     -1.34677  0.000104926  0.000603915     -9.34319     -3092.42      4.61456    0.0127544
     9.39582      6.73008     0.135238  0.000936035      11.2411     0.849344       362.91  0.000165854     -18.5991  4.27043e-05  -0.00194053     -23.5759      390.918     -7.34237  -0.00574829
-0.000105644 -0.000160844   1.9741e-07  2.08063e-07  8.25345e-05 -0.000182697  0.000165854  9.99609e-08  0.000175594  1.00126e-09  1.41549e-08  0.000141838    0.0926067 -2.35082e-05 -2.32925e-07
     1.14709     -19.1351    -0.227429  -0.00115848       1.8889     -1.34677     -18.5991  0.000175594      59.8908  3.31758e-05 -0.000124022    -0.100552      1118.14      16.1401    0.0165724
-3.86022e-05 -5.15627e-05  5.20755e-06  1.74679e-06  2.54209e-05  0.000104926  4.27043e-05  1.00126e-09  3.31758e-05  3.71349e-08  2.32803e-08  0.000122307   -0.0591953 -9.50195e-06  1.04296e-08
-0.000144014 -0.000154098 -1.01621e-05  1.26952e-06  0.000105592  0.000603915  -0.00194053  1.41549e-08 -0.000124022  2.32803e-08  2.13072e-06 -0.000703829     0.353761 -0.000271841 -3.46323e-06
     1.33418     -9.73752     0.352194 -0.000418936     -3.42404     -9.34319     -23.5759  0.000141838    -0.100552  0.000122307 -0.000703829      60.5441     -3817.74      2.80721  -0.00412676
    -986.865      498.148     -43.2405    -0.857469     -307.704     -3092.42      390.918    0.0926067      1118.14   -0.0591953     0.353761     -3817.74  6.65712e+07     -493.084      4.34853
     1.55877      18.4677    -0.255963  -0.00919234      4.34399      4.61456     -7.34237 -2.35082e-05      16.1401 -9.50195e-06 -0.000271841      2.80721     -493.084         27.3   0.00202309
  0.00502779  -0.00533063  0.000265661 -1.22081e-05   0.00893246    0.0127544  -0.00574829 -2.32925e-07    0.0165724  1.04296e-08 -3.46323e-06  -0.00412676      4.34853   0.00202309  0.000742452
