     10.2775      152.733    -0.670663     0.155944    0.0673737      1.16486     0.588197     0.807771 -3.04316e-05     -1.30545     0.451235    -0.138295      1.16023     0.151661    -0.420739
     152.733  5.12332e+06     -4696.71      60.7276       3.0186       922.17      124.605      -124.22   0.00467291     -866.613     -1966.07      13.6374      383.128       122.24     -250.282
   -0.670663     -4696.71      109.564     0.112287     0.445305     0.386826     -2.57752      1.81651  1.17791e-05     -5.82394     -6.03294     0.143908     -3.17523      2.87376      -6.9198
    0.155944      60.7276     0.112287      1.94176    0.0152461   -0.0208994     0.179473     0.111715  1.18279e-05     -0.77541     -0.31413   -0.0217167   -0.0956759     0.278351    -0.404734
   0.0673737       3.0186     0.445305    0.0152461      3.65582   -0.0643586    -0.250945   -0.0275905  -1.1925e-05    -0.406376     0.957649  -0.00722275     0.771113  -0.00264775     0.118636
     1.16486       922.17     0.386826   -0.0208994   -0.0643586      50.1631      22.3141      1.63045    0.0001336      -8.2256     -6.92619   -0.0783976      18.6845      2.00614      7.87783
    0.588197      124.605     -2.57752     0.179473    -0.250945      22.3141      51.3457    -0.411214  0.000201486     -11.5393      3.41031    -0.068389     -11.9695     -4.40286      20.7367
    0.807771      -124.22      1.81651     0.111715   -0.0275905      1.63045    -0.411214      17.5624  5.92382e-05     -3.49972     -2.06325    -0.089865      1.76359     0.286542     -1.95962
-3.04316e-05   0.00467291  1.17791e-05  1.18279e-05  -1.1925e-05    0.0001336  0.000201486  5.92382e-05  8.66321e-08 -0.000131298 -5.16489e-05   1.2664e-05 -5.98277e-05 -3.05575e-06   3.1185e-05
    -1.30545     -866.613     -5.82394     -0.77541    -0.406376      -8.2256     -11.5393     -3.49972 -0.000131298      48.9348     -2.72102   -0.0519033      1.11335     -3.53311      11.8808
    0.451235     -1966.07     -6.03294     -0.31413     0.957649     -6.92619      3.41031     -2.06325 -5.16489e-05     -2.72102      51.3223     0.269549      6.85594     -2.04368      9.13949
   -0.138295      13.6374     0.143908   -0.0217167  -0.00722275   -0.0783976    -0.068389    -0.089865   1.2664e-05   -0.0519033     0.269549     0.456712     0.152674   -0.0794843   -0.0443424
     1.16023      383.128     -3.17523   -0.0956759     0.771113      18.6845     -11.9695      1.76359 -5.98277e-05      1.11335      6.85594     0.152674      33.1635      2.02156      -2.0719
    0.151661       122.24      2.87376     0.278351  -0.00264775      2.00614     -4.40286     0.286542 -3.05575e-06     -3.53311     -2.04368   -0.0794843      2.02156      21.8189     -4.39523
   -0.420739     -250.282      -6.9198    -0.404734     0.118636      7.87783      20.7367     -1.95962   3.1185e-05      11.8808      9.13949   -0.0443424      -2.0719     -4.39523      23.0778
