     12.1151      27.7196    -0.590244     0.223941    0.0952879      1.28023     0.656821     0.955879   -0.0002374     -1.42362     0.492117    -0.245989      1.27635     0.168975    -0.462757
     27.7196       143048     -635.319      13.4186     0.687204      160.879      22.7212     -22.6351   0.00548855     -146.267     -327.155      3.74213      61.9375      17.0122     -43.4592
   -0.590244     -635.319      71.8204     0.120057     0.467488    0.0483009     -2.01795      1.60501  6.23526e-05     -4.61031     -4.96655     0.191006     -2.50158      2.68576     -5.58258
    0.223941      13.4186     0.120057       3.3979    0.0263662   -0.0213582     0.237375      0.16097  0.000113173     -1.02255    -0.412713   -0.0471403    -0.122695     0.420188    -0.545596
   0.0952879     0.687204     0.467488    0.0263662       6.2068    -0.070064    -0.333289   -0.0392433 -0.000109642      -0.5423      1.26075   -0.0155611      1.00232  -0.00181529     0.144596
     1.28023      160.879    0.0483009   -0.0213582    -0.070064       50.856      24.4226       1.8053  0.000989017     -8.56668     -7.46412    -0.128331      18.9556      2.09088      9.39394
    0.656821      22.7212     -2.01795     0.237375    -0.333289      24.4226      51.5479    -0.411895   0.00153829      -12.239      3.30113    -0.115106     -11.6857      -4.9043      20.9794
    0.955879     -22.6351      1.60501      0.16097   -0.0392433       1.8053    -0.411895      20.8743  0.000472047     -3.81594      -2.2343    -0.160635      1.93327     0.355158      -2.1667
  -0.0002374   0.00548855  6.23526e-05  0.000113173 -0.000109642  0.000989017   0.00153829  0.000472047  4.72427e-06 -0.000982868 -0.000408093  0.000164102 -0.000469721 -3.13203e-05  0.000272363
    -1.42362     -146.267     -4.61031     -1.02255      -0.5423     -8.56668      -12.239     -3.81594 -0.000982868      49.1131     -2.91862   -0.0849921     0.773474     -3.94021      11.2857
    0.492117     -327.155     -4.96655    -0.412713      1.26075     -7.46412      3.30113      -2.2343 -0.000408093     -2.91862      51.3191     0.444505      7.15063     -2.30311      9.46849
   -0.245989      3.74213     0.191006   -0.0471403   -0.0155611    -0.128331    -0.115106    -0.160635  0.000164102   -0.0849921     0.444505      1.22833     0.253114    -0.149188   -0.0779988
     1.27635      61.9375     -2.50158    -0.122695      1.00232      18.9556     -11.6857      1.93327 -0.000469721     0.773474      7.15063     0.253114      33.2665      2.41777     -2.40633
    0.168975      17.0122      2.68576     0.420188  -0.00181529      2.09088      -4.9043     0.355158 -3.13203e-05     -3.94021     -2.30311    -0.149188      2.41777      28.5674     -4.93405
   -0.462757     -43.4592     -5.58258    -0.545596     0.144596      9.39394      20.9794      -2.1667  0.000272363      11.2857      9.46849   -0.0779988     -2.40633     -4.93405      23.4669
