   16.8025   0.863233   0.164437    1.00796  -0.656659    1.87271     1.1091    1.56289   -1.23579   -1.50458    0.26364    1.86194    1.59132   0.969309  -0.484393
  0.863233    108.886  -0.983194    4.60502   -13.0284    3.34868   0.733205   -1.54161   0.305268   -3.17451   -8.25617   -0.74565    1.74087    1.20835   -1.40979
  0.164437  -0.983194    49.8362   -3.28004    2.43473   -13.8109   -16.4053     2.3638   0.298411   -12.1153   -28.1744   -14.6858   -14.7494    18.1699   -30.9156
   1.00796    4.60502   -3.28004    22.0583    1.14376    13.4228    23.3756   0.915293    2.26023   -21.5521     2.1279    2.36833    -1.3588   -1.82122    6.59092
 -0.656659   -13.0284    2.43473    1.14376    35.5565   -2.32569   -3.23147  -0.884286   -0.10534  -0.585718    4.61867    3.76337   0.632814    4.60338   -3.61426
   1.87271    3.34868   -13.8109    13.4228   -2.32569    59.4011    36.4984    3.25779    3.25314   -12.2664   -11.0462    9.83297    20.2596     17.721    13.7528
    1.1091   0.733205   -16.4053    23.3756   -3.23147    36.4984    61.6324 -0.0153479    4.08751   -17.8317    2.64581     15.851   -11.4792   -4.70169    25.7544
   1.56289   -1.54161     2.3638   0.915293  -0.884286    3.25779 -0.0153479    36.2613    2.00957   -5.78881   -2.12518    -2.0234    3.61112    2.34463   -2.49289
  -1.23579   0.305268   0.298411    2.26023   -0.10534    3.25314    4.08751    2.00957    44.6505   -2.69827   -0.69401    3.17716   -1.07859   0.235613    1.09118
  -1.50458   -3.17451   -12.1153   -21.5521  -0.585718   -12.2664   -17.8317   -5.78881   -2.69827    57.7952   -5.16023    6.81401  -0.358783   -17.2843    7.42798
   0.26364   -8.25617   -28.1744     2.1279    4.61867   -11.0462    2.64581   -2.12518   -0.69401   -5.16023    58.4229    5.26607    10.4133    2.10386    12.6308
   1.86194   -0.74565   -14.6858    2.36833    3.76337    9.83297     15.851    -2.0234    3.17716    6.81401    5.26607    55.2951   -1.71264   -7.47041    12.6466
   1.59132    1.74087   -14.7494    -1.3588   0.632814    20.2596   -11.4792    3.61112   -1.07859  -0.358783    10.4133   -1.71264    39.7038    10.9093    -2.8375
  0.969309    1.20835    18.1699   -1.82122    4.60338     17.721   -4.70169    2.34463   0.235613   -17.2843    2.10386   -7.47041    10.9093    42.6371   -14.5331
 -0.484393   -1.40979   -30.9156    6.59092   -3.61426    13.7528    25.7544   -2.49289    1.09118    7.42798    12.6308    12.6466    -2.8375   -14.5331    29.8211
