    13.8377     5.06842   -0.132631    0.366819    0.140701     1.39122    0.755145     1.10239 -0.00363792    -1.59018     0.54246   -0.468998     1.43151    0.902245   -0.529405
    5.06842      6348.7    -106.012     2.89336     1.20266     28.0518     3.30121    -4.68553    0.012032    -21.7099    -62.4644     0.69572     16.4026     1.71066   -0.948939
  -0.132631    -106.012     50.3395    0.666306    0.320808    -1.76903    -6.25994     1.08961 -0.00327715    -5.86699     -5.8301  -0.0696187     1.18951     10.6568    -7.85855
   0.366819     2.89336    0.666306     7.12022   0.0350278   0.0463457    0.612626    0.277256  0.00212429    -1.58121   -0.794103   -0.147369  -0.0218124    0.478951   -0.686722
   0.140701     1.20266    0.320808   0.0350278       10.87   0.0065913   -0.494163    -0.05908 -0.00210364   -0.749383     1.70788  -0.0393057     1.31591   -0.216888    0.160451
    1.39122     28.0518    -1.76903   0.0463457   0.0065913     54.3589     28.2683     2.06871   0.0150781    -9.55512    -8.48876  -0.0844586     20.1177     14.5641     11.6996
   0.755145     3.30121    -6.25994    0.612626   -0.494163     28.2683      54.773   -0.573669   0.0229866    -14.0062     3.33189   -0.148663    -12.1653    -8.08236     22.1731
    1.10239    -4.68553     1.08961    0.277256    -0.05908     2.06871   -0.573669     24.1856  0.00741418    -4.28315    -2.32008   -0.316777      2.1919      1.8165     -2.5623
-0.00363792    0.012032 -0.00327715  0.00212429 -0.00210364   0.0150781   0.0229866  0.00741418 0.000957356  -0.0147822 -0.00602577  0.00404402 -0.00715574  0.00195193  0.00409438
   -1.59018    -21.7099    -5.86699    -1.58121   -0.749383    -9.55512    -14.0062    -4.28315  -0.0147822     52.0965     -3.4961  -0.0811934    0.527875    -15.6579     10.5713
    0.54246    -62.4644     -5.8301   -0.794103     1.70788    -8.48876     3.33189    -2.32008 -0.00602577     -3.4961     53.8465    0.788794     8.04231     2.05317     10.3397
  -0.468998     0.69572  -0.0696187   -0.147369  -0.0393057  -0.0844586   -0.148663   -0.316777  0.00404402  -0.0811934    0.788794     3.74036    0.350533  -0.0995733   -0.130776
    1.43151     16.4026     1.18951  -0.0218124     1.31591     20.1177    -12.1653      2.1919 -0.00715574    0.527875     8.04231    0.350533     35.0589      10.173    -3.37391
   0.902245     1.71066     10.6568    0.478951   -0.216888     14.5641    -8.08236      1.8165  0.00195193    -15.6579     2.05317  -0.0995733      10.173     34.3401     -14.609
  -0.529405   -0.948939    -7.85855   -0.686722    0.160451     11.6996     22.1731     -2.5623  0.00409438     10.5713     10.3397   -0.130776    -3.37391     -14.609     25.4668
