 1.14162e+07     -798.348     -604.746      1339.55      495.953     -79.5012            0      828.876     -580.651            0      20.0758  1.34006e+07     -1432.24      20.2052            0            0
    -798.348      28.7086      -7.0002     -12.2461     -4.40128      1.17233      66871.8     -49.7066      1.40891   0.00520629   -0.0659477      5346.86      3.78784     -20.0229    0.0197979   0.00787156
    -604.746      -7.0002      43.0337       8.3822     -10.7548     -1.43686     -9978.74     -91.1194     -4.45052    -0.007821    0.0132185      18957.3     -5.35759      2.52519   -0.0496083   0.00282931
     1339.55     -12.2461       8.3822      26.0108      3.71345     0.407562      3670.65      16.3503     -2.90456  -0.00607403    0.0404882      36987.3     -4.66546     -2.64851   0.00700146   0.00115101
     495.953     -4.40128     -10.7548      3.71345       12.277     -0.31448     -18535.1      25.7307     0.197466   0.00177401    0.0228094     -13262.8     -1.76379      3.29809    0.0042735  -0.00176223
    -79.5012      1.17233     -1.43686     0.407562     -0.31448       4.0378      906.751     0.141942   -0.0490828 -0.000221268    0.0144495     -6554.49     0.957986    -0.814701  -0.00396155  0.000553397
           0      66871.8     -9978.74      3670.65     -18535.1      906.751  2.38644e+10      704.962       -16414     -49.3616        239.3            0     -39985.2      -176931      11964.1      2054.69
     828.876     -49.7066     -91.1194      16.3503      25.7307     0.141942      704.962      24006.6      2.09631  -0.00840158      1.18499            0     -15.2635      43.5793    -0.339861    0.0405762
    -580.651      1.40891     -4.45052     -2.90456     0.197466   -0.0490828       -16414      2.09631      23.8612   -0.0112081   -0.0206948     -32640.9     -1.21182      0.05038  -0.00403248  -0.00102375
           0   0.00520629    -0.007821  -0.00607403   0.00177401 -0.000221268     -49.3616  -0.00840158   -0.0112081  0.000375345 -0.000100452      11.8637    0.0110938  -0.00127573  1.63867e-06 -8.50796e-06
     20.0758   -0.0659477    0.0132185    0.0404882    0.0228094    0.0144495        239.3      1.18499   -0.0206948 -0.000100452    0.0736639     -10.3276     0.043497   -0.0249018  0.000283248 -2.23334e-05
 1.34006e+07      5346.86      18957.3      36987.3     -13262.8     -6554.49            0            0     -32640.9      11.8637     -10.3276  3.66694e+10     -2556.56     -74062.6            0            0
    -1432.24      3.78784     -5.35759     -4.66546     -1.76379     0.957986     -39985.2     -15.2635     -1.21182    0.0110938     0.043497     -2556.56      32.6443    -0.768992   -0.0161599  -0.00102461
     20.2052     -20.0229      2.52519     -2.64851      3.29809    -0.814701      -176931      43.5793      0.05038  -0.00127573   -0.0249018     -74062.6    -0.768992      53.6438   -0.0887343   -0.0199883
           0    0.0197979   -0.0496083   0.00700146    0.0042735  -0.00396155      11964.1    -0.339861  -0.00403248  1.63867e-06  0.000283248            0   -0.0161599   -0.0887343    0.0153335  4.15829e-05
           0   0.00787156   0.00282931   0.00115101  -0.00176223  0.000553397      2054.69    0.0405762  -0.00102375 -8.50796e-06 -2.23334e-05            0  -0.00102461   -0.0199883  4.15829e-05  0.000363784
