     1904.21      14.4729    0.0125537     -106.617 -5.28699e-05     -7.84153  1.06432e+06      41057.8     -3656.53      1.18645     -6.41604      3.76068     -1.47838     -2.95596      1.32903
     14.4729       65.079     -1.46221     -27.6293  4.97056e-06      8.63293       106459       1902.2     -275.531     -3.24374      19.6669      1.78668      4.67421     -1.01871     -1.39328
   0.0125537     -1.46221     0.330857      1.89057 -1.07957e-06     -1.17506      1201.36     -14.5834      18.5039     0.142159    -0.629349   -0.0118282    -0.607348   -0.0356087   0.00438629
    -106.617     -27.6293      1.89057      2671.95  0.000100824     -19.6788 -2.37756e+06      2499.79      8491.15      4.69609      5.93857     -7.83019     -23.3512     -3.39068     0.424112
-5.28699e-05  4.97056e-06 -1.07957e-06  0.000100824  2.55834e-09  2.68269e-05    -0.501012   0.00327828    0.0025433   8.5093e-06  9.69976e-07  2.46153e-06 -9.85845e-06   2.8108e-05 -8.23714e-06
    -7.84153      8.63293     -1.17506     -19.6788  2.68269e-05      533.275  1.61912e+06      712.636     -4634.62      1.88226      6.99937     0.718044      3.80538    -0.902172      1.53374
 1.06432e+06       106459      1201.36 -2.37756e+06    -0.501012  1.61912e+06  5.50941e+11  -1.2652e+08 -1.34597e+09      -224338      31885.3     -30016.1      1684.54        62119       113651
     41057.8       1902.2     -14.5834      2499.79   0.00327828      712.636  -1.2652e+08  7.16159e+06       389630      122.953      1053.74     -251.341      75.9567       394.93      55.4619
    -3656.53     -275.531      18.5039      8491.15    0.0025433     -4634.62 -1.34597e+09       389630  4.26181e+06       958.84      -217.28    -0.873029      86.9942      -155.12     -268.971
     1.18645     -3.24374     0.142159      4.69609   8.5093e-06      1.88226      -224338      122.953       958.84      95.8912     0.960813      5.45541      5.13211     0.387486    0.0391613
    -6.41604      19.6669    -0.629349      5.93857  9.69976e-07      6.99937      31885.3      1053.74      -217.28     0.960813      28.0137     -1.74763     -12.4174      4.19357     -1.09033
     3.76068      1.78668   -0.0118282     -7.83019  2.46153e-06     0.718044     -30016.1     -251.341    -0.873029      5.45541     -1.74763      39.2665     -0.91393     -2.13063    -0.298131
    -1.47838      4.67421    -0.607348     -23.3512 -9.85845e-06      3.80538      1684.54      75.9567      86.9942      5.13211     -12.4174     -0.91393      44.2448     -0.10518      1.24646
    -2.95596     -1.01871   -0.0356087     -3.39068   2.8108e-05    -0.902172        62119       394.93      -155.12     0.387486      4.19357     -2.13063     -0.10518      14.2741    -0.718097
     1.32903     -1.39328   0.00438629     0.424112 -8.23714e-06      1.53374       113651      55.4619     -268.971    0.0391613     -1.09033    -0.298131      1.24646    -0.718097      7.23528
