     37.9936      1.58865  -0.00331441      6.76872    -0.814436    -0.577674      8.64594    0.0315359      2.10946      64.9254     -11.0489 -4.89099e-05     -19.1303    0.0277556       11.856
     1.58865      92.8606  -0.00171721      9.10576    -0.432022     -2.13174     -2.94612  -0.00754772      -3.5851     -175.475     -1.47355 -0.000173719      4.38765   -0.0730857    -0.721365
 -0.00331441  -0.00171721   0.00402362   0.00263274   -0.0185054   -0.0118205   0.00451919   0.00643796   0.00122989    0.0959142    0.0156912  2.38919e-06   0.00381855 -0.000579768   0.00325916
     6.76872      9.10576   0.00263274      32.1966    -0.578923      0.75888     -11.2539    -0.101158     -10.2492      58.7821       2.0902  0.000242736      11.1704       0.0228      11.5781
   -0.814436    -0.432022   -0.0185054    -0.578923      31.0075    -0.184284    -0.147031    -0.106659     -1.18903     -6.21171      1.18436    0.0002059     -1.35522    0.0718678    -0.837604
   -0.577674     -2.13174   -0.0118205      0.75888    -0.184284      17.5483    -0.428475    0.0595003    -0.799188      68.1227      1.00269 -0.000114127     0.292931   -0.0417298     0.158034
     8.64594     -2.94612   0.00451919     -11.2539    -0.147031    -0.428475      16.3634     0.194022      9.83411      42.9365      1.11674 -2.78954e-06       -2.323  0.000423693      4.53831
   0.0315359  -0.00754772   0.00643796    -0.101158    -0.106659    0.0595003     0.194022     0.227295     0.219311      1.27667    -0.122379   1.3801e-05     0.230493  0.000953104  -0.00625913
     2.10946      -3.5851   0.00122989     -10.2492     -1.18903    -0.799188      9.83411     0.219311       20.034      20.7931     -1.64204 -0.000137416      3.57064   -0.0188107       10.657
     64.9254     -175.475    0.0959142      58.7821     -6.21171      68.1227      42.9365      1.27667      20.7931      45750.4      42.8993   -0.0105009      37.5001    -0.868152      124.638
    -11.0489     -1.47355    0.0156912       2.0902      1.18436      1.00269      1.11674    -0.122379     -1.64204      42.8993      28.0313   0.00032532     0.865191  -0.00440084      8.36253
-4.89099e-05 -0.000173719  2.38919e-06  0.000242736    0.0002059 -0.000114127 -2.78954e-06   1.3801e-05 -0.000137416   -0.0105009   0.00032532  1.80161e-06   0.00016524  2.66851e-06 -0.000126453
    -19.1303      4.38765   0.00381855      11.1704     -1.35522     0.292931       -2.323     0.230493      3.57064      37.5001     0.865191   0.00016524      34.3197   -0.0159755      4.65216
   0.0277556   -0.0730857 -0.000579768       0.0228    0.0718678   -0.0417298  0.000423693  0.000953104   -0.0188107    -0.868152  -0.00440084  2.66851e-06   -0.0159755      0.06037    -0.034345
      11.856    -0.721365   0.00325916      11.5781    -0.837604     0.158034      4.53831  -0.00625913       10.657      124.638      8.36253 -0.000126453      4.65216    -0.034345      40.5602
