     36.4163     -851.787    0.0873375     0.141819      2.54974      29653.9     -136.015 -1.00205e+06     -6.46021      1.96811     -0.48245      8.86094  2.10427e-06     -1.17771     -17.7468
    -851.787  3.22651e+07      5.37924      29.0297     -617.176 -1.33486e+06     -95291.7  3.38289e+09     -411.246     -2861.29     -737.548      521.068  -0.00959486       299.01      495.591
   0.0873375      5.37924    0.0185604  0.000733036   0.00303702     -188.893    -0.589008      50184.5   -0.0159654  -0.00461604    0.0238957    -0.019087  9.92035e-08    0.0563896   -0.0116075
    0.141819      29.0297  0.000733036   0.00809494    0.0149858       401.31      -1.8476       -73948     -0.11134     0.163292    -0.314374    -0.104313   1.7045e-07   -0.0408873   -0.0584141
     2.54974     -617.176   0.00303702    0.0149858      28.2313      3678.61     -20.9756  1.83582e+06      1.21271      2.15011      2.58697      2.25056  6.17266e-06     0.273383     -1.93151
     29653.9 -1.33486e+06     -188.893       401.31      3678.61   2.5636e+09       -62838  2.49063e+09      4688.07       198816     -59699.1      1900.83    -0.026105     -59075.7     -16946.8
    -136.015     -95291.7    -0.589008      -1.8476     -20.9756       -62838      47329.2  4.19282e+08       170.91      654.122      144.208      54.2253  7.83528e-05     -47.1954      90.6974
-1.00205e+06  3.38289e+09      50184.5       -73948  1.83582e+06  2.49063e+09  4.19282e+08  3.93134e+14 -3.52814e+06 -2.38325e+06   1.9991e+07  2.24648e+06      7.71418  1.62959e+07  1.74386e+06
    -6.46021     -411.246   -0.0159654     -0.11134      1.21271      4688.07       170.91 -3.52814e+06      109.901      5.80053      6.76137      6.62023 -1.09855e-05     -3.67269      2.95134
     1.96811     -2861.29  -0.00461604     0.163292      2.15011       198816      654.122 -2.38325e+06      5.80053      713.536     -2.39804     -5.37844 -1.21244e-05      13.4479     -4.21113
    -0.48245     -737.548    0.0238957    -0.314374      2.58697     -59699.1      144.208   1.9991e+07      6.76137     -2.39804      98.9959      39.5114  1.43624e-05      29.6042     -5.83576
     8.86094      521.068    -0.019087    -0.104313      2.25056      1900.83      54.2253  2.24648e+06      6.62023     -5.37844      39.5114      65.0974  1.27809e-06     -9.91148     -16.4462
 2.10427e-06  -0.00959486  9.92035e-08   1.7045e-07  6.17266e-06    -0.026105  7.83528e-05      7.71418 -1.09855e-05 -1.21244e-05  1.43624e-05  1.27809e-06  5.26174e-10  1.34116e-06 -6.61241e-06
    -1.17771       299.01    0.0563896   -0.0408873     0.273383     -59075.7     -47.1954  1.62959e+07     -3.67269      13.4479      29.6042     -9.91148  1.34116e-06      49.9695      3.12762
    -17.7468      495.591   -0.0116075   -0.0584141     -1.93151     -16946.8      90.6974  1.74386e+06      2.95134     -4.21113     -5.83576     -16.4462 -6.61241e-06      3.12762      17.4501
