     2646.35      21.3978   0.00582856     -173.783 -6.19937e-05      -11.436  2.82153e+06      97213.2     -7615.35      1.64078      -7.4844      4.35603     -1.70966     -2.24486      1.27906
     21.3978      87.5913     -1.10265     -44.4271  4.91425e-06      11.8482       502176      4272.38     -694.685      -4.9337      20.9114      2.06834      4.47475     -2.26922     -1.28025
  0.00582856     -1.10265     0.151484      1.77037  -7.2797e-07    -0.984988      209.441     -19.3088      24.7593     0.111358    -0.429605  -0.00842844    -0.412543  -0.00685565   0.00227297
    -173.783     -44.4271      1.77037      5114.47  0.000139545      -33.539 -7.39524e+06      6900.71      20955.8      7.49115      7.59914     -10.8701      -32.281     -4.59891     0.481248
-6.19937e-05  4.91425e-06  -7.2797e-07  0.000139545  2.55622e-09  3.30968e-05    -0.918242   0.00654293   0.00438257  9.83754e-06  2.40791e-06  2.26067e-06 -9.76118e-06  2.22775e-05 -6.67829e-06
     -11.436      11.8482    -0.984988      -33.539  3.30968e-05      815.286  4.45283e+06      1751.05     -10233.5      2.68515      8.41232     0.884026      4.69304     -1.38783      1.53993
 2.82153e+06       502176      209.441 -7.39524e+06    -0.918242  4.45283e+06  2.70705e+12 -5.44169e+08 -5.35221e+09      -592475       139121      -107646     -53987.5       127571       195044
     97213.2      4272.38     -19.3088      6900.71   0.00654293      1751.05 -5.44169e+08  2.85493e+07  1.36837e+06      284.642      2111.33     -506.681      142.811      524.296      90.8586
    -7615.35     -694.685      24.7593      20955.8   0.00438257     -10233.5 -5.35221e+09  1.36837e+06  1.35693e+07      1936.76     -378.753      10.1244      165.697     -153.775     -382.921
     1.64078      -4.9337     0.111358      7.49115  9.83754e-06      2.68515      -592475      284.642      1936.76      127.415      1.13553      6.29107      5.93622     0.212118    0.0357433
     -7.4844      20.9114    -0.429605      7.59914  2.40791e-06      8.41232       139121      2111.33     -378.753      1.13553      27.1889     -1.92691     -11.9001      2.07337    -0.894393
     4.35603      2.06834  -0.00842844     -10.8701  2.26067e-06     0.884026      -107646     -506.681      10.1244      6.29107     -1.92691       39.176    -0.568718    -0.747901    -0.234225
    -1.70966      4.47475    -0.412543      -32.281 -9.76118e-06      4.69304     -53987.5      142.811      165.697      5.93622     -11.9001    -0.568718      44.1901     0.304926       1.0112
    -2.24486     -2.26922  -0.00685565     -4.59891  2.22775e-05     -1.38783       127571      524.296     -153.775     0.212118      2.07337    -0.747901     0.304926      8.29048    -0.419322
     1.27906     -1.28025   0.00227297     0.481248 -6.67829e-06      1.53993       195044      90.8586     -382.921    0.0357433    -0.894393    -0.234225       1.0112    -0.419322      4.76482
