     36.8385     -408.641     0.126514     0.261712      2.51962       8922.5     -114.505      -350134     -4.40095      1.21972      2.48608      10.1648  1.86174e-06     -2.57035     -17.8566
    -408.641  5.80902e+06       3.0998      24.6734     -259.245      -166009       -10435  8.87217e+08     -124.068     -986.749     -281.296      228.796  -0.00411596      109.246      227.035
    0.126514       3.0998    0.0376403    0.0021203   0.00460632     -79.5116    -0.637269      41753.9   -0.0183362  -0.00490905    0.0427147   -0.0256667  1.42831e-07    0.0770892   -0.0178689
    0.261712      24.6734    0.0021203    0.0330756     0.029789      246.146     -2.32173     -92754.4    -0.165471     0.271508    -0.613719    -0.200822  3.50088e-07    -0.103751    -0.108864
     2.51962     -259.245   0.00460632     0.029789      27.7205       1097.6     -9.30524  1.13283e+06     0.878897      1.73619      2.70929      2.28223   6.2547e-06     0.222795     -1.97632
      8922.5      -166009     -79.5116      246.146       1097.6  2.34154e+08     -22990.7  4.66341e+08      1036.01        48594     -18071.2      790.196  -0.00813879     -18318.8     -5261.05
    -114.505       -10435    -0.637269     -2.32173     -9.30524     -22990.7      4112.58  7.33414e+07      54.9344      117.511      101.568      42.1121  3.05973e-05     -35.8153      57.4262
     -350134  8.87217e+08      41753.9     -92754.4  1.13283e+06  4.66341e+08  7.33414e+07  1.52397e+14 -1.65823e+06 -1.20148e+06  1.24128e+07  1.34785e+06      4.74418  1.04226e+07  1.00597e+06
    -4.40095     -124.068   -0.0183362    -0.165471     0.878897      1036.01      54.9344 -1.65823e+06      58.8073      3.43317      4.46721      4.77465 -8.23075e-06     -2.45316      2.01113
     1.21972     -986.749  -0.00490905     0.271508      1.73619        48594      117.511 -1.20148e+06      3.43317      473.168     -1.96464     -4.41445 -1.00438e-05      11.0142     -3.22883
     2.48608     -281.296    0.0427147    -0.613719      2.70929     -18071.2      101.568  1.24128e+07      4.46721     -1.96464      100.389      38.9899  1.51428e-05      32.0128      -7.8024
     10.1648      228.796   -0.0256667    -0.200822      2.28223      790.196      42.1121  1.34785e+06      4.77465     -4.41445      38.9899      66.1275  1.28005e-06     -9.78663     -18.2364
 1.86174e-06  -0.00411596  1.42831e-07  3.50088e-07   6.2547e-06  -0.00813879  3.05973e-05      4.74418 -8.23075e-06 -1.00438e-05  1.51428e-05  1.28005e-06  5.46524e-10   1.2558e-06 -6.80388e-06
    -2.57035      109.246    0.0770892    -0.103751     0.222795     -18318.8     -35.8153  1.04226e+07     -2.45316      11.0142      32.0128     -9.78663   1.2558e-06      50.8642      4.15158
    -17.8566      227.035   -0.0178689    -0.108864     -1.97632     -5261.05      57.4262  1.00597e+06      2.01113     -3.22883      -7.8024     -18.2364 -6.80388e-06      4.15158      18.0873
