     518.241      4.76854 -0.000165639     -15.0005 -3.08123e-05     -1.62034      5361.28      1458.57     -147.974     0.378683     -3.07184      1.85418     -1.15605     -2.50445      1.08321
     4.76854      38.9533     -5.83187     -5.71025  2.80016e-06      3.12321     -308.264      98.7078      30.2972    -0.922254      18.0362      1.26265      4.53035     -2.19073     -1.58966
-0.000165639     -5.83187      7.19202      2.43682 -5.71484e-06     -2.23412      134.191     -3.90798      1.50458     0.379921     -2.81609    0.0175334     -2.92083     0.194967     0.017124
    -15.0005     -5.71025      2.43682       196.32  3.03569e-05     -2.16453     -6544.25      66.6003      189.149     0.719742       1.8789     -2.01601     -5.97335       -0.242     0.159055
-3.08123e-05  2.80016e-06 -5.71484e-06  3.03569e-05  3.18692e-09  1.22881e-05  -0.00644498  0.000244561  0.000249788  5.42411e-06  -1.1505e-06  3.23633e-06  -1.2148e-05  2.89148e-05 -1.38267e-05
    -1.62034      3.12321     -2.23412     -2.16453  1.22881e-05      87.4802      6948.01      18.8353     -160.235     0.434341      2.85823     0.257473       1.6151    -0.355107     0.940502
     5361.28     -308.264      134.191     -6544.25  -0.00644498      6948.01  6.20925e+07     -92170.6 -1.22929e+06     -1217.28      392.142     -351.093     -136.953      752.135      2141.44
     1458.57      98.7078     -3.90798      66.6003  0.000244561      18.8353     -92170.6      31342.8      2358.82      4.76896      67.7871     -15.4127      1.91051      21.6436      5.53272
    -147.974      30.2972      1.50458      189.149  0.000249788     -160.235 -1.22929e+06      2358.82      31736.9      42.3255     -11.9846      1.00348      7.33773     -22.8398     -37.3233
    0.378683    -0.922254     0.379921     0.719742  5.42411e-06     0.434341     -1217.28      4.76896      42.3255      30.6415     0.395163      3.04926      3.01422     0.471859    0.0328305
    -3.07184      18.0362     -2.81609       1.8789  -1.1505e-06      2.85823      392.142      67.7871     -11.9846     0.395163      29.3937     -1.12094     -13.5449      3.58146     -1.66326
     1.85418      1.26265    0.0175334     -2.01601  3.23633e-06     0.257473     -351.093     -15.4127      1.00348      3.04926     -1.12094      39.5624     -2.69613      -3.6131    -0.512349
    -1.15605      4.53035     -2.92083     -5.97335  -1.2148e-05       1.6151     -136.953      1.91051      7.33773      3.01422     -13.5449     -2.69613      44.2377     0.469506      1.92345
    -2.50445     -2.19073     0.194967       -0.242  2.89148e-05    -0.355107      752.135      21.6436     -22.8398     0.471859      3.58146      -3.6131     0.469506      14.8084    -0.930362
     1.08321     -1.58966     0.017124     0.159055 -1.38267e-05     0.940502      2141.44      5.53272     -37.3233    0.0328305     -1.66326    -0.512349      1.92345    -0.930362      16.5164
