    3158.97    -12.6116    -9.38786     22.9257     8.67629    -3.70247           0    -4.33055     -13.826           0     3.50468     404.493    -24.9528   -0.854179           0           0
   -12.6116     29.7671    -9.17319    -12.0215    -4.88902     3.33083     75133.7    -5.32193     2.25629    0.242659   -0.727624      18.329     4.49527    -22.9268    0.963072    0.149482
   -9.38786    -9.17319     43.6411     9.72162    -10.2733     -4.1278    -14098.2    -10.9687    -6.66559   -0.361452  -0.0248857     38.7439    -5.60346      3.9765    -1.95182    0.045129
    22.9257    -12.0215     9.72162     26.8627     3.16222     1.09455     5839.36     9.44652    -4.17976   -0.293683    0.340438     66.2083    -6.73049    -2.46579    0.241093   0.0225555
    8.67629    -4.88902    -10.2733     3.16222     13.4463   -0.958198      -20304     10.3661     0.38047   0.0839991    0.295089    -29.3382     -2.0742      4.2749    0.152567   -0.035765
   -3.70247     3.33083     -4.1278     1.09455   -0.958198     32.1988    -529.527      1.6804    -0.19234  -0.0229779    0.445844    -29.9003     2.88482    -2.19001   -0.459711   0.0217159
          0     75133.7    -14098.2     5839.36      -20304    -529.527 2.37383e+10    -44134.1    -23763.5     -2240.7     4158.39           0    -38884.2     -178042      445776     35398.5
   -4.33055    -5.32193    -10.9687     9.44652     10.3661      1.6804    -44134.1     38.7165    -1.36913    0.206554    0.501227     60.8952      8.3619     3.02724   -0.153154  -0.0455727
    -13.826     2.25629    -6.66559    -4.17976     0.38047    -0.19234    -23763.5    -1.36913     49.6028   -0.735606   -0.317576    -84.0338    -1.66426  -0.0375011   -0.219287   -0.025931
          0    0.242659   -0.361452   -0.293683   0.0839991  -0.0229779     -2240.7    0.206554   -0.735606    0.785826  -0.0469777     1.00778     0.52161  -0.0599821  0.00310422 -0.00658771
    3.50468   -0.727624  -0.0248857    0.340438    0.295089    0.445844     4158.39    0.501227   -0.317576  -0.0469777     8.21071     0.80704     0.46676   -0.124377    0.142746 -0.00171269
    404.493      18.329     38.7439     66.2083    -29.3382    -29.9003           0     60.8952    -84.0338     1.00778     0.80704      114239    -3.56509    -139.504           0           0
   -24.9528     4.49527    -5.60346    -6.73049     -2.0742     2.88482    -38884.2      8.3619    -1.66426     0.52161     0.46676    -3.56509     33.8969    -1.55194     -0.5957  -0.0154175
  -0.854179    -22.9268      3.9765    -2.46579      4.2749    -2.19001     -178042     3.02724  -0.0375011  -0.0599821   -0.124377    -139.504    -1.55194     54.6229      -3.344    -0.34828
          0    0.963072    -1.95182    0.241093    0.152567   -0.459711      445776   -0.153154   -0.219287  0.00310422    0.142746           0     -0.5957      -3.344     21.4986   0.0234173
          0    0.149482    0.045129   0.0225555   -0.035765   0.0217159     35398.5  -0.0455727   -0.025931 -0.00658771 -0.00171269           0  -0.0154175    -0.34828   0.0234173    0.108744
