    99.6042    -1.79609    -1.97517     4.39127     1.96032    -5.45479           0     1.58498    -3.13929   0.0306196     1.80836     3.93792    -4.54812   -0.460629    -1.57475           0
   -1.79609     33.0661    -10.9626    -11.7675    -5.59368     5.31493     3623.13    -7.09544     2.91673     1.59262    -15.2708     1.77177     4.67472     -26.245     1.56094    0.605457
   -1.97517    -10.9626     46.3991     10.9808    -10.1801     8.05782     952.956    -14.0398    -8.27007    -2.59328    -12.5202     1.34184    -6.04445     5.29456    -10.8135    0.155642
    4.39127    -11.7675     10.9808     28.9016     3.14901    -4.82845     452.479     11.7802     -5.4184    -1.82897     3.57668     3.82315    -8.35592     -2.2522   -0.556352    0.118152
    1.96032    -5.59368    -10.1801     3.14901     15.0766    -10.8854    -912.994     13.3461    0.290346     0.48996     3.30019    -2.38488    -1.89647     5.93894      1.8318   -0.117431
   -5.45479     5.31493     8.05782    -4.82845    -10.8854     37.5271      -215.2     3.43979    -3.37228      2.2691     11.2435 -0.00145948     30.1078   -0.282523    -5.07223   0.0209345
          0     3623.13     952.956     452.479    -912.994      -215.2 4.20973e+07    -2015.62    -984.679    -796.683    -1980.27           0    -1247.72     -6929.8      4095.3     7566.55
    1.58498    -7.09544    -14.0398     11.7802     13.3461     3.43979    -2015.62     26.1991     -1.9715     1.59621     15.8041   -0.120928     12.5143     5.86116     2.58617   -0.266215
   -3.13929     2.91673    -8.27007     -5.4184    0.290346    -3.37228    -984.679     -1.9715     77.5792    -6.18195    -1.10342    -5.47767    -1.92558   -0.195918    -1.44763   -0.143027
  0.0306196     1.59262    -2.59328    -1.82897     0.48996      2.2691    -796.683     1.59621    -6.18195     35.5158     1.61815    0.451098      3.8481   -0.454488    0.261982   -0.145001
    1.80836    -15.2708    -12.5202     3.57668     3.30019     11.2435    -1980.27     15.8041    -1.10342     1.61815     43.4168    0.969676     19.0327   -0.188599     4.22461   -0.203341
    3.93792     1.77177     1.34184     3.82315    -2.38488 -0.00145948           0   -0.120928    -5.47767    0.451098    0.969676      326.94   -0.109989    -8.07333    0.699393           0
   -4.54812     4.67472    -6.04445    -8.35592    -1.89647     30.1078    -1247.72     12.5143    -1.92558      3.8481     19.0327   -0.109989     35.8787    -2.23451    -1.43806  -0.0636753
  -0.460629     -26.245     5.29456     -2.2522     5.93894   -0.282523     -6929.8     5.86116   -0.195918   -0.454488   -0.188599    -8.07333    -2.23451     58.7815    -5.34859    -1.37752
   -1.57475     1.56094    -10.8135   -0.556352      1.8318    -5.07223      4095.3     2.58617    -1.44763    0.261982     4.22461    0.699393    -1.43806    -5.34859     137.505     1.07856
          0    0.605457    0.155642    0.118152   -0.117431   0.0209345     7566.55   -0.266215   -0.143027   -0.145001   -0.203341           0  -0.0636753    -1.37752     1.07856      1.5229
