     36.4592     -1948.47    0.0607655    0.0735257      2.58952      77111.2     -278.417 -1.80825e+06      -9.1904      3.16018      -2.1343      8.22945  2.29556e-06    -0.296806     -17.1056
    -1948.47  1.78386e+08      8.81674      34.0536     -1472.04 -8.08286e+06      -856080  1.27549e+10     -1332.98     -8507.95     -1724.49      1236.33   -0.0223243      690.672      1134.64
   0.0607655      8.81674   0.00916171  0.000256833   0.00216436     -343.635     -1.08664      56267.4     -0.01556  -0.00391957    0.0144256   -0.0142634  6.89145e-08    0.0404008   -0.0059839
   0.0735257      34.0536  0.000256833   0.00201271   0.00757106      519.262     -2.42423       -59087   -0.0763104     0.102396    -0.159797   -0.0527523  8.43513e-08   -0.0177984   -0.0292109
     2.58952     -1472.04   0.00216436   0.00757106      28.9541      9688.54     -68.3808  2.98565e+06      1.68978      2.74538      2.55442      2.26171  6.19414e-06     0.298579     -1.87803
     77111.2 -8.08286e+06     -343.635      519.262      9688.54  1.72143e+10      -114468  1.03046e+10      16737.4       661176      -154208       4088.8   -0.0670232      -151130     -41991.2
    -278.417      -856080     -1.08664     -2.42423     -68.3808      -114468       669954  2.52754e+09      768.289      3243.06        332.7      99.6923  0.000272622     -97.9547      239.052
-1.80825e+06  1.27549e+10      56267.4       -59087  2.98565e+06  1.03046e+10  2.52754e+09  1.01165e+15 -7.76315e+06 -4.84504e+06  3.17632e+07  3.62876e+06      12.2029  2.59264e+07  2.89268e+06
     -9.1904     -1332.98     -0.01556   -0.0763104      1.68978      16737.4      768.289 -7.76315e+06      207.925      10.0192      9.78626      9.16279 -1.49534e-05      -5.2969      4.14346
     3.16018     -8507.95  -0.00391957     0.102396      2.74538       661176      3243.06 -4.84504e+06      10.0192      1124.87     -3.58008     -6.61599 -1.51308e-05      16.9407     -5.85027
     -2.1343     -1724.49    0.0144256    -0.159797      2.55442      -154208        332.7  3.17632e+07      9.78626     -3.58008      98.7779      39.9926  1.40288e-05      27.9199     -4.67642
     8.22945      1236.33   -0.0142634   -0.0527523      2.26171       4088.8      99.6923  3.62876e+06      9.16279     -6.61599      39.9926      65.0704  1.31443e-06     -10.1417     -15.2245
 2.29556e-06   -0.0223243  6.89145e-08  8.43513e-08  6.19414e-06   -0.0670232  0.000272622      12.2029 -1.49534e-05 -1.51308e-05  1.40288e-05  1.31443e-06  5.15587e-10  1.34196e-06 -6.75465e-06
   -0.296806      690.672    0.0404008   -0.0177984     0.298579      -151130     -97.9547  2.59264e+07      -5.2969      16.9407      27.9199     -10.1417  1.34196e-06      49.7815      2.49865
    -17.1056      1134.64   -0.0059839   -0.0292109     -1.87803     -41991.2      239.052  2.89268e+06      4.14346     -5.85027     -4.67642     -15.2245 -6.75465e-06      2.49865      16.9615
