     36.4078     -1284.02    0.0728474     0.102406      2.56819      50232.4     -180.914 -1.35974e+06     -7.71844      2.51093     -1.40059       8.4784  2.20306e-06    -0.683165     -17.4773
    -1284.02  7.59473e+07      6.91991      31.4483     -953.944 -3.44559e+06      -285845  6.57844e+09     -740.885     -4912.56     -1131.56      804.141   -0.0146316      454.872      749.605
   0.0728474      6.91991    0.0130519  0.000433916   0.00255047     -268.037    -0.741336      53398.1   -0.0156678  -0.00421263    0.0184792   -0.0165407  8.27245e-08    0.0478386    -0.008599
    0.102406      31.4483  0.000433916   0.00403623    0.0106511      479.772     -1.99261     -66114.3   -0.0921352     0.128561    -0.224474   -0.0742801   1.1991e-07   -0.0268372   -0.0415836
     2.56819     -953.944   0.00255047    0.0106511      28.5889      6275.53     -36.7174  2.34353e+06       1.4314      2.41654      2.56525       2.2531  6.18121e-06     0.287564     -1.90747
     50232.4 -3.44559e+06     -268.037      479.772      6275.53  7.33355e+09      -100494  5.32922e+09       9307.2       378665      -100850      2898.97    -0.043898     -99191.3     -28112.7
    -180.914      -285845    -0.741336     -1.99261     -36.7174      -100494       177221  1.02771e+09      352.934      1460.68      206.332      69.6884   0.00014428     -62.3366      138.474
-1.35974e+06  6.57844e+09      53398.1     -66114.3  2.34353e+06  5.32922e+09  1.02771e+09  6.31644e+14 -5.23179e+06 -3.39309e+06  2.52193e+07  2.86186e+06      9.68715  2.05602e+07  2.24652e+06
    -7.71844     -740.885   -0.0156678   -0.0921352       1.4314       9307.2      352.934 -5.23179e+06      151.096      7.56836      8.15672       7.7969 -1.28062e-05     -4.42213       3.5105
     2.51093     -4912.56  -0.00421263     0.128561      2.41654       378665      1460.68 -3.39309e+06      7.56836      885.298     -2.92211     -5.94374 -1.34715e-05      15.0143     -4.93921
    -1.40059     -1131.56    0.0184792    -0.224474      2.56525      -100850      206.332  2.52193e+07      8.15672     -2.92211      98.8278      39.7521  1.41662e-05      28.7006     -5.19477
      8.4784      804.141   -0.0165407   -0.0742801       2.2531      2898.97      69.6884  2.86186e+06       7.7969     -5.94374      39.7521      65.0536  1.28422e-06     -10.0301     -15.8047
 2.20306e-06   -0.0146316  8.27245e-08   1.1991e-07  6.18121e-06    -0.043898   0.00014428      9.68715 -1.28062e-05 -1.34715e-05  1.41662e-05  1.28422e-06   5.2026e-10  1.34271e-06 -6.66304e-06
   -0.683165      454.872    0.0478386   -0.0268372     0.287564     -99191.3     -62.3366  2.05602e+07     -4.42213      15.0143      28.7006     -10.0301  1.34271e-06       49.855      2.78087
    -17.4773      749.605    -0.008599   -0.0415836     -1.90747     -28112.7      138.474  2.24652e+06       3.5105     -4.93921     -5.19477     -15.8047 -6.66304e-06      2.78087      17.2121
