     984.384      6.24977    0.0135885     -40.0953 -3.94901e-05     -3.60776        87955      7340.84     -731.733     0.651606     -4.98487      2.74761     -1.51146     -3.05543      1.27779
     6.24977      39.2582     -2.80197     -11.0007  2.32293e-06      5.12893      -3752.7      384.651      88.5694     -1.22153      17.1555      1.62172       4.0653     -1.73976     -1.38401
   0.0135885     -2.80197      1.55508      2.15692 -2.43226e-06     -1.65036      597.401     -8.28638      5.92111     0.233382     -1.31894   -0.0240925     -1.29711   -0.0056993    0.0146349
    -40.0953     -11.0007      2.15692      729.391  5.36814e-05       -6.671      -145291      325.815      1272.12      1.83329      3.85554     -4.06752     -11.7328    -0.995042     0.258796
-3.94901e-05  2.32293e-06 -2.43226e-06  5.36814e-05  2.68262e-09  1.79649e-05   -0.0678447  0.000827187  0.000795448  6.57932e-06 -8.54285e-07   2.7179e-06 -1.05265e-05    2.756e-05 -1.09742e-05
    -3.60776      5.12893     -1.65036       -6.671  1.79649e-05      223.062       127531      113.828      -888.57      0.90605      4.57579     0.460955      2.48564    -0.520028      1.30363
       87955      -3752.7      597.401      -145291   -0.0678447       127531  8.20959e+09 -3.91456e+06 -4.88552e+07     -18945.4      4128.71     -4371.28        -1929      7907.19      21301.7
     7340.84      384.651     -8.28638      325.815  0.000827187      113.828 -3.91456e+06       444541      30238.3       22.896      252.777      -61.413      12.3929      86.4471      18.5372
    -731.733      88.5694      5.92111      1272.12  0.000795448      -888.57 -4.88552e+07      30238.3       379561      197.228     -46.1179      2.13183      20.5893     -67.3641     -111.038
    0.651606     -1.22153     0.233382      1.83329  6.57932e-06      0.90605     -18945.4       22.896      197.228      53.5285     0.744562      4.04138      3.94676     0.533984    0.0379129
    -4.98487      17.1555     -1.31894      3.85554 -8.54285e-07      4.57579      4128.71      252.777     -46.1179     0.744562       29.043     -1.43479     -13.4735      3.88678     -1.39659
     2.74761      1.62172   -0.0240925     -4.06752   2.7179e-06     0.460955     -4371.28      -61.413      2.13183      4.04138     -1.43479      39.4278      -1.7153     -2.85026    -0.424956
    -1.51146       4.0653     -1.29711     -11.7328 -1.05265e-05      2.48564        -1929      12.3929      20.5893      3.94676     -13.4735      -1.7153       44.262     0.233875      1.67259
    -3.05543     -1.73976   -0.0056993    -0.995042    2.756e-05    -0.520028      7907.19      86.4471     -67.3641     0.533984      3.88678     -2.85026     0.233875      14.6907    -0.851949
     1.27779     -1.38401    0.0146349     0.258796 -1.09742e-05      1.30363      21301.7      18.5372     -111.038    0.0379129     -1.39659    -0.424956      1.67259    -0.851949      12.4672
