     1369.61      9.74085    0.0199671     -65.3388 -4.52095e-05     -5.36267       339254      17363.5     -1698.08     0.867788     -5.57598      3.16376     -1.30807     -2.70207      1.33427
     9.74085      49.4806     -1.97052     -17.2805   4.1271e-06      6.60745      22765.7      846.283      -97.063     -2.03728      18.2974      1.55587       4.7745     -0.37865     -1.44198
   0.0199671     -1.97052     0.718907      2.00992 -1.60657e-06     -1.39684      855.699     -10.7522      12.4866       0.1801    -0.904329   -0.0128554    -0.881867   -0.0432993   0.00814206
    -65.3388     -17.2805      2.00992      1395.45  7.34238e-05     -11.4725      -645688       900.96       3371.7      2.93484      4.77731     -5.55961     -16.7807     -2.31588     0.344435
-4.52095e-05   4.1271e-06 -1.60657e-06  7.34238e-05  2.60281e-09  2.18309e-05      -0.2022   0.00165271   0.00139616  7.41421e-06  2.07082e-07  2.56157e-06 -1.00005e-05  2.81601e-05 -9.81129e-06
    -5.36267      6.60745     -1.39684     -11.4725  2.18309e-05      347.568       499993      287.671     -2053.89      1.31243      5.67984     0.570422      3.05817    -0.670541      1.46383
      339254      22765.7      855.699      -645688      -0.2022       499993  8.06693e+10 -2.41895e+07 -2.82918e+08     -73314.1      14801.7     -13445.5     -5717.64      23400.2      58395.2
     17363.5      846.283     -10.7522       900.96   0.00165271      287.671 -2.41895e+07  1.78476e+06       107699      53.1899      521.283     -125.194      38.4062      203.016      32.7629
    -1698.08      -97.063      12.4866       3371.7   0.00139616     -2053.89 -2.82918e+08       107699  1.29224e+06       454.35     -107.932    -0.921747      43.4101     -98.0732     -175.295
    0.867788     -2.03728       0.1801      2.93484  7.41421e-06      1.31243     -73314.1      53.1899       454.35      71.6464     0.837211      4.71107      4.43301     0.372601    0.0398925
    -5.57598      18.2974    -0.904329      4.77731  2.07082e-07      5.67984      14801.7      521.283     -107.932     0.837211      28.6879     -1.62121     -12.9964      4.20477     -1.28607
     3.16376      1.55587   -0.0128554     -5.55961  2.56157e-06     0.570422     -13445.5     -125.194    -0.921747      4.71107     -1.62121       39.302     -1.30119      -2.4542     -0.36311
    -1.30807       4.7745    -0.881867     -16.7807 -1.00005e-05      3.05817     -5717.64      38.4062      43.4101      4.43301     -12.9964     -1.30119       44.212    0.0338923      1.47208
    -2.70207     -0.37865   -0.0432993     -2.31588  2.81601e-05    -0.670541      23400.2      203.016     -98.0732     0.372601      4.20477      -2.4542    0.0338923       14.482    -0.846665
     1.33427     -1.44198   0.00814206     0.344435 -9.81129e-06      1.46383      58395.2      32.7629     -175.295    0.0398925     -1.28607     -0.36311      1.47208    -0.846665      10.1075
