     375.768      4.08089   -0.0416162     -9.21553 -2.92198e-05     -1.07303      1353.77      656.875     -67.4117     0.281277     -2.46697      1.54935     -1.10681     -2.31382     0.986944
     4.08089       38.563     -9.07071     -4.05523  3.05839e-06       2.4369     -85.8465      51.7974      20.4913    -0.789176      18.4742     0.969729      4.59747     -2.47043     -1.69705
  -0.0416162     -9.07071       11.361      2.49189 -8.56855e-06     -2.30679      20.0164     -6.24944     0.162819     0.350765     -4.40207    -0.276389     -4.77823    0.0325142     0.143112
    -9.21553     -4.05523      2.49189      102.064  2.44031e-05     -1.23133     -1394.54      25.8205      72.4453     0.453749      1.31656     -1.40081     -4.22666   -0.0256265     0.134585
-2.92198e-05  3.05839e-06 -8.56855e-06  2.44031e-05  3.98095e-09  1.05834e-05  -0.00221961  0.000145147  0.000154068   5.2595e-06 -1.13149e-06  3.74346e-06 -1.43835e-05  3.14918e-05 -1.66228e-05
    -1.07303       2.4369     -2.30679     -1.23133  1.05834e-05      54.0309      1623.74      7.78143     -67.7291     0.320421      2.20528     0.217084      1.34696    -0.327051      0.79599
     1353.77     -85.8465      20.0164     -1394.54  -0.00221961      1623.74  5.41855e+06     -14454.6      -195733     -309.426       81.325     -109.388     -39.1015      204.576      681.798
     656.875      51.7974     -6.24944      25.8205  0.000145147      7.78143     -14454.6      8751.15      678.606      2.19296       36.367     -8.00192      1.14032      11.4391      3.15304
    -67.4117      20.4913     0.162819      72.4453  0.000154068     -67.7291      -195733      678.606      9193.83      19.6773     -3.21357      1.79675      6.40943     -12.1532     -21.6861
    0.281277    -0.789176     0.350765     0.453749   5.2595e-06     0.320421     -309.426      2.19296      19.6773      23.2108     0.305841      2.65173      2.65765     0.447686    0.0307222
    -2.46697      18.4742     -4.40207      1.31656 -1.13149e-06      2.20528       81.325       36.367     -3.21357     0.305841      29.6069    -0.945894     -13.2795      3.67111     -1.81451
     1.54935     0.969729    -0.276389     -1.40081  3.74346e-06     0.217084     -109.388     -8.00192      1.79675      2.65173    -0.945894      39.6924     -3.30567     -4.04985    -0.562761
    -1.10681      4.59747     -4.77823     -4.22666 -1.43835e-05      1.34696     -39.1015      1.14032      6.40943      2.65765     -13.2795     -3.30567      44.2833     0.456926      2.06387
    -2.31382     -2.47043    0.0325142   -0.0256265  3.14918e-05    -0.327051      204.576      11.4391     -12.1532     0.447686      3.67111     -4.04985     0.456926      14.8499     -0.97028
    0.986944     -1.69705     0.143112     0.134585 -1.66228e-05      0.79599      681.798      3.15304     -21.6861    0.0307222     -1.81451    -0.562761      2.06387     -0.97028      18.9779
