     36.4637     -569.401     0.104957      0.19427      2.53226        16433     -122.753      -715462     -5.37305      1.44102     0.770301      9.38432  1.97222e-06     -1.78221      -17.859
    -569.401  1.37092e+07      4.14656      26.7937     -399.609      -485376     -31786.2  1.73381e+09     -228.152     -1672.64     -479.342       335.21  -0.00630262      197.264      328.588
    0.104957      4.14656    0.0264358   0.00124263   0.00365181     -124.707    -0.567438      46514.2   -0.0165816  -0.00497296    0.0313981   -0.0220216  1.19128e-07    0.0661897   -0.0148363
     0.19427      26.7937   0.00124263    0.0162619    0.0210981      316.227     -1.97584     -82461.8    -0.134664     0.208544    -0.438655    -0.145248  2.42252e-07   -0.0636477   -0.0806778
     2.53226     -399.609   0.00365181    0.0210981      27.8873       2030.2     -13.2169  1.43379e+06      1.02769      1.91929      2.62408      2.25398  6.17243e-06     0.254338     -1.95115
       16433      -485376     -124.707      316.227       2030.2  7.90796e+08     -40592.2  1.08959e+09      2218.85      98991.7     -33152.8      1210.33   -0.0145901       -33101     -9563.09
    -122.753     -31786.2    -0.567438     -1.97584     -13.2169     -40592.2      13062.1  1.72182e+08      91.1739      284.673      120.083      48.2534  4.62429e-05     -41.7057      69.5596
     -715462  1.73381e+09      46514.2     -82461.8  1.43379e+06  1.08959e+09  1.72182e+08  2.43466e+14 -2.37484e+06 -1.68199e+06  1.57968e+07  1.75507e+06      6.13811  1.29027e+07  1.35141e+06
    -5.37305     -228.152   -0.0165816    -0.134664      1.02769      2218.85      91.1739 -2.37484e+06      79.9538        4.451      5.54699      5.60301 -9.44352e-06     -3.02379      2.45263
     1.44102     -1672.64  -0.00497296     0.208544      1.91929      98991.7      284.673 -1.68199e+06        4.451      578.561     -1.93473     -4.84161 -1.09826e-05      12.0581     -3.58916
    0.770301     -479.342    0.0313981    -0.438655      2.62408     -33152.8      120.083  1.57968e+07      5.54699     -1.93473      99.2135      39.1712  1.46517e-05      30.6086     -6.65989
     9.38432       335.21   -0.0220216    -0.145248      2.25398      1210.33      48.2534  1.75507e+06      5.60301     -4.84161      39.1712      65.2235  1.29037e-06     -9.77452     -17.2021
 1.97222e-06  -0.00630262  1.19128e-07  2.42252e-07  6.17243e-06   -0.0145901  4.62429e-05      6.13811 -9.44352e-06 -1.09826e-05  1.46517e-05  1.29037e-06  5.33699e-10   1.3244e-06 -6.62078e-06
    -1.78221      197.264    0.0661897   -0.0636477     0.254338       -33101     -41.7057  1.29027e+07     -3.02379      12.0581      30.6086     -9.77452   1.3244e-06      50.1181      3.56347
     -17.859      328.588   -0.0148363   -0.0806778     -1.95115     -9563.09      69.5596  1.35141e+06      2.45263     -3.58916     -6.65989     -17.2021 -6.62078e-06      3.56347      17.6907
