      125979     -84.8834     -61.3252      142.065       54.361     -14.4358            0      11.7837     -74.6281            0      7.40224        52134     -153.295      2.82662            0            0
    -84.8834      29.0396     -8.07464     -12.2696     -4.55402      2.03415      70790.3      -6.3679      1.83243    0.0431691    -0.226668      245.178      4.25184     -21.2979      0.16582    0.0388415
    -61.3252     -8.07464      43.0722      9.09569     -10.6535     -2.53356     -11683.2     -11.8652     -5.51192   -0.0627408    0.0392458      683.551     -5.55307      3.18125    -0.366177    0.0127899
     142.065     -12.2696      9.09569      26.2179      3.47538     0.743015       4409.7      2.02589     -3.55272    -0.050212     0.129768       1366.1     -5.57376     -2.51806    0.0487988   0.00563622
      54.361     -4.55402     -10.6535      3.47538      12.6623    -0.530115     -19396.2      3.55815     0.292233    0.0141826     0.080252     -510.855     -1.89589      3.69542    0.0317093  -0.00904032
    -14.4358      2.03415     -2.53356     0.743015    -0.530115      12.0671      1567.05    0.0306299    -0.103849  -0.00306454    0.0872733     -417.788      1.61139     -1.44772   -0.0498202   0.00451425
           0      70790.3     -11683.2       4409.7     -19396.2      1567.05  2.38597e+10     -136.453     -20062.8     -395.215      851.979            0     -39220.6      -176841      87068.2      9693.58
     11.7837      -6.3679     -11.8652      2.02589      3.55815    0.0306299     -136.453      410.522     0.334567  -0.00890253     0.546846            0     -2.08075      5.62051    -0.324216    0.0249261
    -74.6281      1.83243     -5.51192     -3.55272     0.292233    -0.103849     -20062.8     0.334567      35.6733    -0.109738   -0.0882099     -1464.78     -1.43882    0.0244633   -0.0358961   -0.0059067
           0    0.0431691   -0.0627408    -0.050212    0.0141826  -0.00306454     -395.215  -0.00890253    -0.109738    0.0240691  -0.00280303      3.52388    0.0898567   -0.0110219  9.55761e-05  -0.00032142
     7.40224    -0.226668    0.0392458     0.129768     0.080252    0.0872733      851.979     0.546846   -0.0882099  -0.00280303     0.899118    -0.257066     0.148077   -0.0823833    0.0072142 -0.000370503
       52134      245.178      683.551       1366.1     -510.855     -417.788            0            0     -1464.78      3.52388    -0.257066  4.97682e+07     -108.736     -2720.71            0            0
    -153.295      4.25184     -5.55307     -5.57376     -1.89589      1.61139     -39220.6     -2.08075     -1.43882    0.0898567     0.148077     -108.736       32.901     -1.29211    -0.115391  -0.00436678
     2.82662     -21.2979      3.18125     -2.51806      3.69542     -1.44772      -176841      5.62051    0.0244633   -0.0110219   -0.0823833     -2720.71     -1.29211      53.6871    -0.647948   -0.0941452
           0      0.16582    -0.366177    0.0487988    0.0317093   -0.0498202      87068.2    -0.324216   -0.0358961  9.55761e-05    0.0072142            0    -0.115391    -0.647948      0.81226   0.00142731
           0    0.0388415    0.0127899   0.00563622  -0.00904032   0.00451425      9693.58    0.0249261   -0.0059067  -0.00032142 -0.000370503            0  -0.00436678   -0.0941452   0.00142731   0.00809827
