     37.3985     -341.475     0.160311     0.342675      2.49806      4719.37     -87.5195       274441     -3.65944      1.86295      4.34912      11.2645  1.97185e-06     -3.53089     -17.7842
    -341.475  2.45806e+06      2.58653      23.0134     -168.017     -57299.5     -3731.39  4.58411e+08     -80.2748     -553.651     -120.576      157.539  -0.00265901      45.9182      165.705
    0.160311      2.58653    0.0581191   0.00372494    0.0060422     -53.0803    -0.604536      50967.1   -0.0198307  -0.00526853    0.0697916   -0.0245757  1.90288e-07    0.0956318   -0.0215273
    0.342675      23.0134   0.00372494    0.0680461    0.0428551      185.678     -2.71981      -105664    -0.219351     0.360733    -0.849515    -0.284716   5.2249e-07    -0.167736    -0.145731
     2.49806     -168.017    0.0060422    0.0428551      27.8108      571.011     -7.26318       901346     0.796486      1.52735      2.84278      2.32277  6.39795e-06     0.184226     -2.00853
     4719.37     -57299.5     -53.0803      185.678      571.011  6.57052e+07     -11272.5  1.98704e+08      440.069      23190.9     -9562.92      503.429  -0.00449078      -9909.1     -2791.52
    -87.5195     -3731.39    -0.604536     -2.71981     -7.26318     -11272.5      1742.51  3.47539e+07      38.8707        48.91      72.6936      32.3956  2.21251e-05     -24.0714      45.0099
      274441  4.58411e+08      50967.1      -105664       901346  1.98704e+08  3.47539e+07  9.58891e+13 -1.17154e+06      -835929  9.50009e+06       983699      3.57007  8.60593e+06       684565
    -3.65944     -80.2748   -0.0198307    -0.219351     0.796486      440.069      38.8707 -1.17154e+06      48.3579      2.62507      3.49046      4.36498 -7.74049e-06     -2.08979      1.68561
     1.86295     -553.651  -0.00526853     0.360733      1.52735      23190.9        48.91      -835929      2.62507      392.927     -2.86662     -4.33639 -9.40438e-06      10.4168     -3.13218
     4.34912     -120.576    0.0697916    -0.849515      2.84278     -9562.92      72.6936  9.50009e+06      3.49046     -2.86662      101.831      38.8558  1.55724e-05      33.7376     -9.15495
     11.2645      157.539   -0.0245757    -0.284716      2.32277      503.429      32.3956       983699      4.36498     -4.33639      38.8558      67.4624  1.12565e-06      -9.9682     -19.4318
 1.97185e-06  -0.00265901  1.90288e-07   5.2249e-07  6.39795e-06  -0.00449078  2.21251e-05      3.57007 -7.74049e-06 -9.40438e-06  1.55724e-05  1.12565e-06  5.65343e-10  1.24087e-06 -7.20177e-06
    -3.53089      45.9182    0.0956318    -0.167736     0.184226      -9909.1     -24.0714  8.60593e+06     -2.08979      10.4168      33.7376      -9.9682  1.24087e-06      52.1025      4.81138
    -17.7842      165.705   -0.0215273    -0.145731     -2.00853     -2791.52      45.0099       684565      1.68561     -3.13218     -9.15495     -19.4318 -7.20177e-06      4.81138      18.6603
