     710.955      5.42552  0.000818789     -24.4739 -3.43809e-05     -2.42965      21838.5      3173.01     -329.644     0.497712      -3.9295      2.26979       -1.319     -2.76498      1.17225
     5.42552      39.1307     -4.09911     -7.95189  2.57066e-06      4.03509     -1129.32      192.507      50.9198     -1.06731      17.5859      1.45471      4.32336     -1.95422     -1.48218
 0.000818789     -4.09911      3.33812      2.29177 -3.68119e-06     -1.92221      278.856     -6.16611      3.90279     0.301223     -1.95429    -0.023416     -1.93652    0.0330056    0.0246676
    -24.4739     -7.95189      2.29177      378.535  3.98193e-05      -3.8195     -30991.8      117.777      491.762      1.14844      2.68987     -2.86948     -8.39314    -0.559603     0.200337
-3.43809e-05  2.57066e-06 -3.68119e-06  3.98193e-05  2.84706e-09  1.47042e-05   -0.0206547  0.000432466  0.000439221  5.89618e-06 -9.81552e-07  2.93422e-06 -1.10762e-05  2.79383e-05 -1.21263e-05
    -2.42965      4.03509     -1.92221      -3.8195  1.47042e-05      140.729      30004.4      45.3043     -379.371     0.631369      3.63629     0.351501      2.01585    -0.405367      1.11091
     21838.5     -1129.32      278.856     -30991.8   -0.0206547      30004.4    7.208e+08      -581172 -7.79125e+06     -4847.13      1217.85     -1295.86     -524.883      2439.11      6764.34
     3173.01      192.507     -6.16611      117.777  0.000432466      45.3043      -581172       111978      8149.71      10.1802      128.434     -30.7652      7.49538      42.8407       9.9739
    -329.644      50.9198      3.90279      491.762  0.000439221     -379.371 -7.79125e+06      8149.71       109930      91.7063     -23.6805      1.52717      11.5087     -39.2386     -64.0676
    0.497712     -1.06731     0.301223      1.14844  5.89618e-06     0.631369     -4847.13      10.1802      91.7063       40.501     0.539637      3.51003      3.44256     0.499056    0.0353796
     -3.9295      17.5859     -1.95429      2.68987 -9.81552e-07      3.63629      1217.85      128.434     -23.6805     0.539637       29.202     -1.29299     -13.5739      3.71564     -1.52483
     2.26979      1.45471    -0.023416     -2.86948  2.93422e-06     0.351501     -1295.86     -30.7652      1.52717      3.51003     -1.29299      39.4805     -2.18049     -3.20816    -0.467085
      -1.319      4.32336     -1.93652     -8.39314 -1.10762e-05      2.01585     -524.883      7.49538      11.5087      3.44256     -13.5739     -2.18049      44.2415     0.365867      1.79181
    -2.76498     -1.95422    0.0330056    -0.559603  2.79383e-05    -0.405367      2439.11      42.8407     -39.2386     0.499056      3.71564     -3.20816     0.365867      14.7485    -0.889969
     1.17225     -1.48218    0.0246676     0.200337 -1.21263e-05      1.11091      6764.34       9.9739     -64.0676    0.0353796     -1.52483    -0.467085      1.79181    -0.889969      14.3478
