     3680.58      30.7609   0.00271332      -284.09 -7.32101e-05     -16.7123  6.65859e+06       228376     -15811.3      2.23404       -8.697      5.12296     -1.96061     -1.77821      1.22363
     30.7609      120.077    -0.851926     -71.6021  5.02085e-06      16.4947  1.07171e+06      9756.91      -1481.9     -7.17667      22.7218      2.27196      4.43119     -2.17213     -1.20056
  0.00271332    -0.851926    0.0693539      1.66455 -4.93158e-07    -0.826224      432.273     -26.0035      30.1771    0.0874355    -0.287961  -0.00665795     -0.27988  -0.00331539   0.00128227
     -284.09     -71.6021      1.66455      9831.87  0.000193924     -57.6252 -2.07109e+07      19046.7      51409.7      11.9722      9.67926     -15.1679     -44.9191     -4.39282     0.542893
-7.32101e-05  5.02085e-06 -4.93158e-07  0.000193924  2.56699e-09  4.10685e-05     -1.77278    0.0130406   0.00760919   1.1364e-05  3.38682e-06  2.14948e-06 -9.69023e-06  1.52588e-05 -5.43553e-06
    -16.7123      16.4947    -0.826224     -57.6252  4.10685e-05      1251.22  1.11367e+07      4316.05     -22424.1      3.83886      10.1159      1.11085       5.8019     -1.18593      1.54832
 6.65859e+06  1.07171e+06      432.273 -2.07109e+07     -1.77278  1.11367e+07  1.10122e+13 -2.19022e+09 -1.91249e+10 -1.36254e+06       300215      -214559      -100992       208560       318107
      228376      9756.91     -26.0035      19046.7    0.0130406      4316.05 -2.19022e+09  1.13133e+08  4.78602e+06      653.539      4148.35     -1021.14      282.817      709.346      146.768
    -15811.3      -1481.9      30.1771      51409.7   0.00760919     -22424.1 -1.91249e+10  4.78602e+06  4.24007e+07      3914.12      -743.75     -3.70685      274.632     -234.518     -544.276
     2.23404     -7.17667    0.0874355      11.9722   1.1364e-05      3.83886 -1.36254e+06      653.539      3914.12      169.414      1.29636       7.2757      6.85896     0.157384    0.0335011
      -8.697      22.7218    -0.287961      9.67926  3.38682e-06      10.1159       300215      4148.35      -743.75      1.29636      25.9011     -2.00149     -11.4155      1.61159    -0.720255
     5.12296      2.27196  -0.00665795     -15.1679  2.14948e-06      1.11085      -214559     -1021.14     -3.70685       7.2757     -2.00149      39.1367    -0.259341    -0.512556    -0.184778
    -1.96061      4.43119     -0.27988     -44.9191 -9.69023e-06       5.8019      -100992      282.817      274.632      6.85896     -11.4155    -0.259341       44.214     0.219182     0.818856
    -1.77821     -2.17213  -0.00331539     -4.39282  1.52588e-05     -1.18593       208560      709.346     -234.518     0.157384      1.61159    -0.512556     0.219182      3.85465    -0.232112
     1.22363     -1.20056   0.00128227     0.542893 -5.43553e-06      1.54832       318107      146.768     -544.276    0.0335011    -0.720255    -0.184778     0.818856    -0.232112      3.13986
