      33.159      2.64811      -2.4495    0.0014697       0.3175     -1.48118     -1.95672      2.47571     -64.8072      1.48953     -400.484      1.05415   0.00512431     -2.39021    -0.185475
     2.64811      56.4101     0.382941 -0.000131961    -0.190437     -1.82744     -31.9144     -12.0435     -918.326     -16.9827      144.881      5.70474    -0.151834      7.91968      6.35321
     -2.4495     0.382941      31.6814  1.69878e-05    -0.910162     -15.4018      1.19206      2.00844      38.7556      -12.732     -805.861     -6.50663   -0.0165882     -7.36019     -17.1932
   0.0014697 -0.000131961  1.69878e-05  5.61744e-07 -1.66107e-05 -2.03953e-05 -8.17152e-05  0.000388198   0.00131577 -6.76198e-05     0.139259 -2.94162e-05 -6.51937e-07  -0.00030421  0.000228486
      0.3175    -0.190437    -0.910162 -1.66107e-05      9.26819     0.339526    -0.159345      0.38437      -6.4316     0.131604     -163.763    -0.231686   -0.0131368    -0.155012      1.56562
    -1.48118     -1.82744     -15.4018 -2.03953e-05     0.339526      41.7976      4.80983      6.84622      96.8938     -5.97274      245.154     -8.89531   -0.0648445      -2.6871      44.8267
    -1.95672     -31.9144      1.19206 -8.17152e-05    -0.159345      4.80983      33.8961      9.40108      931.501       5.1911      -866.11      12.1428     0.112487     -7.24785      12.5498
     2.47571     -12.0435      2.00844  0.000388198      0.38437      6.84622      9.40108      271.036     -76.4883      2.13962     -176.131     -4.69039   0.00767736     -297.227     -10.5786
    -64.8072     -918.326      38.7556   0.00131577      -6.4316      96.8938      931.501     -76.4883  1.09817e+06       167.69            0        317.6      5.48886        224.5      631.852
     1.48953     -16.9827      -12.732 -6.76198e-05     0.131604     -5.97274       5.1911      2.13962       167.69      21.1309      368.202      3.24585    0.0675888     -4.28312      -14.678
    -400.484      144.881     -805.861     0.139259     -163.763      245.154      -866.11     -176.131            0      368.202  3.04641e+06      -590.33      9.25877      106.828     -470.294
     1.05415      5.70474     -6.50663 -2.94162e-05    -0.231686     -8.89531      12.1428     -4.69039        317.6      3.24585      -590.33      42.9647    0.0895705      7.67715      16.8528
  0.00512431    -0.151834   -0.0165882 -6.51937e-07   -0.0131368   -0.0648445     0.112487   0.00767736      5.48886    0.0675888      9.25877    0.0895705    0.0193134    0.0148952     -0.23555
    -2.39021      7.91968     -7.36019  -0.00030421    -0.155012      -2.6871     -7.24785     -297.227        224.5     -4.28312      106.828      7.67715    0.0148952      574.901      4.80235
   -0.185475      6.35321     -17.1932  0.000228486      1.56562      44.8267      12.5498     -10.5786      631.852      -14.678     -470.294      16.8528     -0.23555      4.80235      1284.09
