     35.4053     0.423785      14.5078     -17.8588    -0.170033      1.85162      23.7223      -17.049     -3.42126      -12.841    -0.229128      2.15608     -17.0084     -3.12705     -3.76637      2.45815
    0.423785      4.11715      1.20443     0.478224  -0.00241145 -2.25025e-22    -0.953121    -0.533191     -10.3897     -2.33755     0.163609     0.200527     0.249183   -0.0101287     -4.98117    -0.115271
     14.5078      1.20443      62.6129       2.6216    -0.455877     -2.77954     -3.85455     -39.1725     -1.83886      1.72893     -21.9246     0.872957      7.98851     -3.61753      17.1291      0.84789
    -17.8588     0.478224       2.6216      36.3328   -0.0535713     -2.23679     -20.8972     -1.91106     -1.12869      10.3724     -13.3426     -2.82306     -8.09685    -0.130855      6.70966     -3.42203
   -0.170033  -0.00241145    -0.455877   -0.0535713      2.58542    0.0411765   -0.0556868     -0.16021     0.437881     -0.18092    -0.341523       1.2477   -0.0227979   -0.0392133    -0.112289    0.0955015
     1.85162 -2.25025e-22     -2.77954     -2.23679    0.0411765      50.2189      4.31088      1.52396     -3.61644     -1.11237    0.0532698    -0.547742     -2.22074     -1.00231     -1.25314     0.337618
     23.7223    -0.953121     -3.85455     -20.8972   -0.0556868      4.31088       48.213      2.18427      -9.2347     -1.24114      -10.005      1.19381     -14.1517     -1.83059     -7.66112      7.07057
     -17.049    -0.533191     -39.1725     -1.91106     -0.16021      1.52396      2.18427      40.4243     -1.68407      10.1417      11.8995     -3.61674      14.3221      3.22828     -9.33603      2.42046
    -3.42126     -10.3897     -1.83886     -1.12869     0.437881     -3.61644      -9.2347     -1.68407      82.6961   -0.0558519      5.38145     0.910244  -0.00546633      1.12721      3.39347     -2.99149
     -12.841     -2.33755      1.72893      10.3724     -0.18092     -1.11237     -1.24114      10.1417   -0.0558519      27.4869     -9.40566    -0.733284      12.8266      1.63734      5.16306      1.38748
   -0.229128     0.163609     -21.9246     -13.3426    -0.341523    0.0532698      -10.005      11.8995      5.38145     -9.40566      25.1844      1.25129      7.22159       1.8705      -9.0444     -2.29919
     2.15608     0.200527     0.872957     -2.82306       1.2477    -0.547742      1.19381     -3.61674     0.910244    -0.733284      1.25129      45.7653     -2.34947     0.930877     -1.38654    -0.471263
    -17.0084     0.249183      7.98851     -8.09685   -0.0227979     -2.22074     -14.1517      14.3221  -0.00546633      12.8266      7.22159     -2.34947      48.9343      2.35559      1.13711      2.18903
    -3.12705   -0.0101287     -3.61753    -0.130855   -0.0392133     -1.00231     -1.83059      3.22828      1.12721      1.63734       1.8705     0.930877      2.35559      13.1295    -0.908957    -0.834821
    -3.76637     -4.98117      17.1291      6.70966    -0.112289     -1.25314     -7.66112     -9.33603      3.39347      5.16306      -9.0444     -1.38654      1.13711    -0.908957      28.0719    -0.126266
     2.45815    -0.115271      0.84789     -3.42203    0.0955015     0.337618      7.07057      2.42046     -2.99149      1.38748     -2.29919    -0.471263      2.18903    -0.834821    -0.126266      25.3034
