     31.8391      2.59014     -2.39847   0.00175139     0.319261     -1.45725     -1.91727       2.4026     -53.6048      1.45545     -332.345      1.03815   0.00553701      -2.3022    -0.171436
     2.59014      56.4053     0.467479 -0.000158784    -0.195733     -1.86349     -31.9879     -11.9313     -774.683     -17.0769      121.227      5.73302    -0.167348      7.79905      5.99961
    -2.39847     0.467479      31.7548  2.31469e-05    -0.931967     -15.4298      1.09811      1.96129       31.778     -12.7465     -682.044     -6.55989   -0.0183844     -7.19291     -16.2896
  0.00175139 -0.000158784  2.31469e-05  8.30424e-07 -2.05917e-05 -2.56212e-05 -9.95485e-05  0.000462544    0.0013383 -8.29821e-05     0.143366 -3.61799e-05 -8.91337e-07 -0.000359314  0.000262316
    0.319261    -0.195733    -0.931967 -2.05917e-05      9.75983     0.348797    -0.162177     0.390634     -5.57093     0.133671      -142.32     -0.23841   -0.0148651    -0.156336      1.51549
    -1.45725     -1.86349     -15.4298 -2.56212e-05     0.348797      41.8009       4.8043      6.78056      81.5124     -6.03898      207.893     -8.98529   -0.0715798     -2.63101      42.2752
    -1.91727     -31.9879      1.09811 -9.95485e-05    -0.162177       4.8043      33.9576      9.31842      787.077      5.31135     -731.845      12.1439     0.124418     -7.11611      11.8403
      2.4026     -11.9313      1.96129  0.000462544     0.390634      6.78056      9.31842      265.837     -63.9434      2.12974     -147.731     -4.65286   0.00838452     -289.336     -9.88242
    -53.6048     -774.683       31.778    0.0013383     -5.57093      81.5124      787.077     -63.9434       782466      142.833            0       267.53      5.10871      186.271      503.101
     1.45545     -17.0769     -12.7465 -8.29821e-05     0.133671     -6.03898      5.31135      2.12974      142.833      21.1488      310.053      3.31802    0.0748169     -4.22194     -13.8601
    -332.345      121.227     -682.044     0.143366      -142.32      207.893     -731.845     -147.731            0      310.053  2.18494e+06     -499.301      8.64636      88.9284     -375.694
     1.03815      5.73302     -6.55989 -3.61799e-05     -0.23841     -8.98529      12.1439     -4.65286       267.53      3.31802     -499.301      42.9836    0.0987926      7.53855      15.8381
  0.00553701    -0.167348   -0.0183844 -8.91337e-07   -0.0148651   -0.0715798     0.124418   0.00838452      5.10871    0.0748169      8.64636    0.0987926     0.023483    0.0161446    -0.245005
     -2.3022      7.79905     -7.19291 -0.000359314    -0.156336     -2.63101     -7.11611     -289.336      186.271     -4.22194      88.9284      7.53855    0.0161446      555.448      4.45273
   -0.171436      5.99961     -16.2896  0.000262316      1.51549      42.2752      11.8403     -9.88242      503.101     -13.8601     -375.694      15.8381    -0.245005      4.45273      1142.56
