    32.3645     14.0929    -15.6093 -0.00207853    0.198508     22.5154    -15.2551     1.79085    -6.31551   -0.657596     7.55165    -15.2013    -1.20552      -4.561     2.99655
    14.0929     58.2425      1.7122  -0.0476768   -0.328347    -3.35855    -35.3348    -10.3551    -15.5574    -20.0635     2.57009     6.65441    -1.54951     6.88824      1.4342
   -15.6093      1.7122     33.5999 -0.00931375    -1.51512    -17.8526     -1.0394     0.89829    0.122794    -13.1592    -11.0917    -7.55878   -0.159725    -3.84714    -4.25868
-0.00207853  -0.0476768 -0.00931375   0.0413431 -0.00793794  -0.0122937  -0.0285456   0.0779025  0.00578012  -0.0341958    0.598208 -0.00445723 -0.00365988  -0.0628072   0.0132946
   0.198508   -0.328347    -1.51512 -0.00793794     28.1922    0.866345   -0.206186    0.549231   -0.111314    0.183213    -4.22771   -0.555454   -0.246711   -0.176269    0.568281
    22.5154    -3.35855    -17.8526  -0.0122937    0.866345     43.7683     3.42287     5.12946     1.18485    -8.10923     5.45468    -11.6548   -0.669042   -0.234505     9.85779
   -15.2551    -35.3348     -1.0394  -0.0285456   -0.206186     3.42287     36.4808     7.71533     15.7486     8.86533    -12.4146     12.9836     1.30178    -4.84301     2.52163
    1.79085    -10.3551     0.89829   0.0779025    0.549231     5.12946     7.71533     179.294    -1.71877     1.85872    -1.71015    -3.78947    0.070062     -165.45    -1.88615
   -6.31551    -15.5574    0.122794  0.00578012   -0.111314     1.18485     15.7486    -1.71877     289.168     3.49424           0     4.93294    0.934692     2.53678     2.12594
  -0.657596    -20.0635    -13.1592  -0.0341958    0.183213    -8.10923     8.86533     1.85872     3.49424     22.7092     4.95029     5.62833    0.810582    -3.16857    -3.34042
    7.55165     2.57009    -11.0917    0.598208    -4.22771     5.45468    -12.4146    -1.71015           0     4.95029     679.358    -9.56927     1.40904    0.236769    -1.35745
   -15.2013     6.65441    -7.55878 -0.00445723   -0.555454    -11.6548     12.9836    -3.78947     4.93294     5.62833    -9.56927     45.0913    0.959935     4.69193     3.36149
   -1.20552    -1.54951   -0.159725 -0.00365988   -0.246711   -0.669042     1.30178    0.070062    0.934692    0.810582     1.40904    0.959935     2.12287    0.105249   -0.542749
     -4.561     6.88824    -3.84714  -0.0628072   -0.176269   -0.234505    -4.84301     -165.45     2.53678    -3.16857    0.236769     4.69193    0.105249     272.229    0.739464
    2.99655      1.4342    -4.25868   0.0132946    0.568281     9.85779     2.52163    -1.88615     2.12594    -3.34042    -1.35745     3.36149   -0.542749    0.739464     59.8667
