    0.272455     0.377411     -25.0012     -0.20862    0.0336531    -0.087714 -4.29286e-06     -86.3827    0.0021442    -0.290217    0.0299615      24.8387     0.107999     -0.30039  -0.00275774
    0.377411      7778.06            0      5.31932     -1.42586      44.7772  -0.00115796            0     -0.14609      6.65545      12.4844            0      49.5407      -58.737     -1.56786
    -25.0012            0  3.32753e+07      748.725     -113.607       312.06   -0.0761284            0     -15.2954      400.572      1511.23       146322      321.245      3075.71     -798.825
    -0.20862      5.31932      748.725      29.2348    -0.373238   -0.0142705 -1.99794e-05      18053.6   -0.0199811      2.47035     -8.07593      3295.18     -3.24218     -17.1128     0.591335
   0.0336531     -1.42586     -113.607    -0.373238      6.00766     0.108401 -6.62635e-08            0 -0.000632207     0.507749    0.0839969     -536.827      0.39177    -0.163704    -0.366806
   -0.087714      44.7772       312.06   -0.0142705     0.108401      43.6237 -3.90023e-05      -188.37   -0.0194736     -4.42149      -12.166      -5295.6     -5.65774     -8.06485      1.07321
-4.29286e-06  -0.00115796   -0.0761284 -1.99794e-05 -6.62635e-08 -3.90023e-05  3.96541e-07    -0.442323 -3.72558e-06 -1.66327e-05 -0.000335273    0.0471424 -0.000225167  0.000244964 -4.84129e-06
    -86.3827            0            0      18053.6            0      -188.37    -0.442323  7.16563e+08      6.40432      -8097.3      -2985.9            0      1222.01     -29765.8     -4449.68
   0.0021442     -0.14609     -15.2954   -0.0199811 -0.000632207   -0.0194736 -3.72558e-06      6.40432   0.00633289   -0.0588577   0.00280795      28.6047  0.000175731     0.028658     0.013067
   -0.290217      6.65545      400.572      2.47035     0.507749     -4.42149 -1.66327e-05      -8097.3   -0.0588577      42.6324     -5.36527      1349.48      10.8202      10.5302     -1.71174
   0.0299615      12.4844      1511.23     -8.07593    0.0839969      -12.166 -0.000335273      -2985.9   0.00280795     -5.36527      35.5272      1679.11      11.5526     -3.14171      1.77173
     24.8387            0       146322      3295.18     -536.827      -5295.6    0.0471424            0      28.6047      1349.48      1679.11  6.83601e+07      660.333     -85.2549      1656.06
    0.107999      49.5407      321.245     -3.24218      0.39177     -5.65774 -0.000225167      1222.01  0.000175731      10.8202      11.5526      660.333      43.3815     -30.7471     0.079789
    -0.30039      -58.737      3075.71     -17.1128    -0.163704     -8.06485  0.000244964     -29765.8     0.028658      10.5302     -3.14171     -85.2549     -30.7471      69.6718    -0.494954
 -0.00275774     -1.56786     -798.825     0.591335    -0.366806      1.07321 -4.84129e-06     -4449.68     0.013067     -1.71174      1.77173      1656.06     0.079789    -0.494954      26.0838
