     34.1601      14.2767     -13.3242     0.009476    0.0215618      21.7778     -13.5924      2.54522     -20.4932    0.0633566      19.2014     -13.9193    -0.555899     -6.68845      4.93359
     14.2767       57.785      1.14636  -0.00626836    -0.287901     -2.84331     -34.1402     -11.0491     -58.1988     -19.1743      9.90754      6.34104    -0.742206      7.41905      2.46426
    -13.3242      1.14636      32.8534 -0.000729097     -1.32538     -16.8938     -0.30594      1.14537      1.08043     -13.2773     -46.3406     -7.21672   -0.0748272     -4.61942     -6.94727
    0.009476  -0.00626836 -0.000729097   0.00087699 -0.000958945 -0.000329217  -0.00417006    0.0132879   0.00308703  -0.00341748     0.333091 -0.000667148 -0.000181278   -0.0116485   0.00333417
   0.0215618    -0.287901     -1.32538 -0.000958945      21.0009     0.644839    -0.193415     0.518091    -0.394767      0.19216     -14.9226    -0.439141   -0.0980249    -0.197485     0.855107
     21.7778     -2.84331     -16.8938 -0.000329217     0.644839      43.2934      4.11263      5.85098      5.42625      -7.3795      18.1102     -10.6261    -0.324271     -1.27838      16.9569
    -13.5924     -34.1402     -0.30594  -0.00417006    -0.193415      4.11263      35.3826      8.27894      58.8254       7.3006      -50.454      12.6181     0.595863       -5.434      4.55314
     2.54522     -11.0491      1.14537    0.0132879     0.518091      5.85098      8.27894       208.66     -4.39285      1.97046     -7.37753     -4.16231    0.0346723     -204.191     -3.43452
    -20.4932     -58.1988      1.08043   0.00308703    -0.394767      5.42625      58.8254     -4.39285      4178.38      12.1985            0      18.7787       1.6727      10.7674      14.3548
   0.0633566     -19.1743     -13.2773  -0.00341748      0.19216      -7.3795       7.3006      1.97046      12.1985      22.0809      21.4641      4.69402     0.365818     -3.34829     -5.63637
     19.2014      9.90754     -46.3406     0.333091     -14.9226      18.1102      -50.454     -7.37753            0      21.4641      11381.5     -36.9946      2.76927      1.13268     -10.8867
    -13.9193      6.34104     -7.21672 -0.000667148    -0.439141     -10.6261      12.6181     -4.16231      18.7787      4.69402     -36.9946      44.3518     0.447368      5.63014       5.9749
   -0.555899    -0.742206   -0.0748272 -0.000181278   -0.0980249    -0.324271     0.595863    0.0346723       1.6727     0.365818      2.76927     0.447368     0.473767    0.0560236    -0.438684
    -6.68845      7.41905     -4.61942   -0.0116485    -0.197485     -1.27838       -5.434     -204.191      10.7674     -3.34829      1.13268      5.63014    0.0560236      348.297      1.35091
     4.93359      2.46426     -6.94727   0.00333417     0.855107      16.9569      4.55314     -3.43452      14.3548     -5.63637     -10.8867       5.9749    -0.438684      1.35091       177.79
