     55.5097     -10.4985     -2.10758  -0.00114598  -0.00649521  0.000219509      9.17776      -47.468     -11.6369  -0.00974301     -2.32215      2804.16     0.541254     -6.00048      -659072      -25.302
    -10.4985      26.3712    -0.113462 -0.000582603    -0.203679  7.50065e-05     -6.03807      24.6785     -3.53759     0.102428    -0.559858       113372     0.396162      8.79837       985979     -4.87017
    -2.10758    -0.113462      21.8712   0.00046591    0.0100407 -3.51778e-06     0.239456      43.3227     0.195308    0.0590278     0.608555     -3545.27    -0.247499     0.253748     -28694.1      1.31338
 -0.00114598 -0.000582603   0.00046591  1.20051e-05  5.25159e-06  -5.8374e-08  0.000361755  -0.00346439  0.000682225  -4.7587e-05  0.000185309      22.3601 -0.000109587 -0.000517853      182.549   0.00126722
 -0.00649521    -0.203679    0.0100407  5.25159e-06    0.0966625            0     0.181689            0   0.00277233  -0.00694034   -0.0270802     -55685.4  0.000225858    -0.110433     -13008.1     0.125189
 0.000219509  7.50065e-05 -3.51778e-06  -5.8374e-08            0  6.48702e-08 -3.51299e-06            0 -9.36187e-05  8.11573e-06 -5.94603e-05            0  1.89995e-05  5.50924e-05      -9.5959 -0.000167185
     9.17776     -6.03807     0.239456  0.000361755     0.181689 -3.51299e-06      36.0267     -2.52636     -13.9728    -0.165246     -1.61502      -103694    -0.568873  -0.00396375      -237740      10.8446
     -47.468      24.6785      43.3227  -0.00346439            0            0     -2.52636      19529.6      8.20193      1.35831      14.8099            0      2.25153     -17.4367            0     -6.31383
    -11.6369     -3.53759     0.195308  0.000682225   0.00277233 -9.36187e-05     -13.9728      8.20193      18.9762     0.340936       1.7829     -21045.9    -0.616178      7.10824 -1.22514e+06      4.13021
 -0.00974301     0.102428    0.0590278  -4.7587e-05  -0.00694034  8.11573e-06    -0.165246      1.35831     0.340936     0.500068     -0.22812      5311.66   -0.0975994     0.698217     -19156.7    -0.192274
    -2.32215    -0.559858     0.608555  0.000185309   -0.0270802 -5.94603e-05     -1.61502      14.8099       1.7829     -0.22812      55.5775            0    -0.467246     -1.17605       346852     -1.25955
     2804.16       113372     -3545.27      22.3601     -55685.4            0      -103694            0     -21045.9      5311.66            0  3.42992e+10      2764.11      56339.9  9.86432e+09     -69497.3
    0.541254     0.396162    -0.247499 -0.000109587  0.000225858  1.89995e-05    -0.568873      2.25153    -0.616178   -0.0975994    -0.467246      2764.11      2.49263    -0.677262      84288.5    -0.438798
    -6.00048      8.79837     0.253748 -0.000517853    -0.110433  5.50924e-05  -0.00396375     -17.4367      7.10824     0.698217     -1.17605      56339.9    -0.677262      26.8094 -1.90869e+06      1.59645
     -659072       985979     -28694.1      182.549     -13008.1      -9.5959      -237740            0 -1.22514e+06     -19156.7       346852  9.86432e+09      84288.5 -1.90869e+06   1.3769e+13       159191
     -25.302     -4.87017      1.31338   0.00126722     0.125189 -0.000167185      10.8446     -6.31383      4.13021    -0.192274     -1.25955     -69497.3    -0.438798      1.59645       159191      34.2087
