 1.99599e+27            0            0 -1.14049e+12            0            0  8.37255e+09            0            0            0            0            0  2.52453e+11
           0      12493.6            0    -0.266526      1015.67     -857.061   0.00149275 -6.18571e+06            0       0.0507 -1.59133e+06       344931      1.00999
           0            0  1.27062e+11       -35817            0      -720162      -46.316  2.89491e+11            0     -233.163  4.70366e+09            0      13639.3
-1.14049e+12    -0.266526       -35817      11.3538     -65.1378     -8.93371  0.000637983  2.04151e+06      -538630 -0.000331787      9705.98      1385.45   -0.0305699
           0      1015.67            0     -65.1378       786112     -2495.92     0.214577            0            0     -1.34853  1.91617e+07 -1.86598e+06      14.4614
           0     -857.061      -720162     -8.93371     -2495.92      39516.4   -0.0912111  3.79845e+07  3.22472e+07    -0.220921 -2.01773e+06            0    -0.231995
 8.37255e+09   0.00149275      -46.316  0.000637983     0.214577   -0.0912111  7.50982e-05       7017.8      559.226 -3.08381e-06     -262.242     -96.1313  0.000145511
           0 -6.18571e+06  2.89491e+11  2.04151e+06            0  3.79845e+07       7017.8  7.91315e+14 -3.05268e+13            0  5.52819e+11  5.07309e+11      -302863
           0            0            0      -538630            0  3.22472e+07      559.226 -3.05268e+13  1.20811e+15            0            0            0       643508
           0       0.0507     -233.163 -0.000331787     -1.34853    -0.220921 -3.08381e-06            0            0  0.000638001      110.097            0  0.000137886
           0 -1.59133e+06  4.70366e+09      9705.98  1.91617e+07 -2.01773e+06     -262.242  5.52819e+11            0      110.097  5.87186e+11  1.44805e+10            0
           0       344931            0      1385.45 -1.86598e+06            0     -96.1313  5.07309e+11            0            0  1.44805e+10  1.34621e+12            0
 2.52453e+11      1.00999      13639.3   -0.0305699      14.4614    -0.231995  0.000145511      -302863       643508  0.000137886            0            0     0.605625
