4.17641e+12           0           0    -80496.1           0           0      116707           0           0           0           0           0     72183.2
          0      83.328           0  -0.0351876     1.50081    -3.28732   0.0378969    -6.66618           0    0.374209    -6.71976    0.825151    0.535307
          0           0     1005.12    -5.02203           0     -3.0029    -1.22069     411.309           0    -1.86027     21.4603           0     7.84605
   -80496.1  -0.0351876    -5.02203     28.5327    -1.87108   -0.663345    0.292406     51.7563    -37.4082  -0.0497469    0.823059   0.0671336   -0.313928
          0     1.50081           0    -1.87108     259.693    -2.12766     1.13079           0           0    -2.21188     17.7794   -0.967047     1.70655
          0    -3.28732     -3.0029   -0.663345    -2.12766     86.9246    -1.23171     28.6637      78.593   -0.937275    -4.73309           0  -0.0699227
     116707   0.0378969    -1.22069    0.292406     1.13079    -1.23171     6.30026      31.895     6.61641  -0.0802566    -3.94318   -0.774534    0.273466
          0    -6.66618     411.309     51.7563           0     28.6637      31.895      202339    -21471.9           0     437.335     234.599    -31.3751
          0           0           0    -37.4082           0      78.593     6.61641    -21471.9 2.35137e+06           0           0           0     183.715
          0    0.374209    -1.86027  -0.0497469    -2.21188   -0.937275  -0.0802566           0           0     5.20524    0.496965           0   0.0809433
          0    -6.71976     21.4603    0.823059     17.7794    -4.73309    -3.94318     437.335           0    0.496965     1574.65     21.1051           0
          0    0.825151           0   0.0671336   -0.967047           0   -0.774534     234.599           0           0     21.1051     1151.71           0
    72183.2    0.535307     7.84605   -0.313928     1.70655  -0.0699227    0.273466    -31.3751     183.715   0.0809433           0           0      25.391
