   1.378e+27            0            0 -1.03557e+12            0            0  2.15836e+10            0            0            0            0            0  2.97505e+11
           0      4579.94            0     -0.17702      276.005      -280.34   0.00291569  -1.4646e+06            0    0.0755607      -289863      56125.6     0.888348
           0            0  8.26685e+09     -9978.78            0     -99319.8     -37.1872  2.88761e+10            0     -145.708   3.5873e+08            0      5051.72
-1.03557e+12     -0.17702     -9978.78      13.6504     -32.0573     -5.29116   0.00217441       874112      -233258 -0.000898437      3276.84      417.973   -0.0486778
           0      276.005            0     -32.0573       158298      -605.02     0.299071            0            0     -1.48946  2.57729e+06      -222122       9.4277
           0      -280.34     -99319.8     -5.29116      -605.02        11534    -0.153086  8.01224e+06    6.882e+06     -0.29389      -324083            0    -0.182022
 2.15836e+10   0.00291569     -37.1872   0.00217441     0.299071    -0.153086  0.000725153      8514.49       685.53 -2.35921e-05     -245.708     -78.3742  0.000657045
           0  -1.4646e+06  2.88761e+10       874112            0  8.01224e+06      8514.49  1.20633e+14 -4.70667e+12            0  6.52419e+10  5.32354e+10      -171795
           0            0            0      -233258            0    6.882e+06       685.53 -4.70667e+12  1.88408e+14            0            0            0       369195
           0    0.0755607     -145.708 -0.000898437     -1.48946     -0.29389 -2.35921e-05            0            0    0.0038649      80.6335            0  0.000493101
           0      -289863   3.5873e+08      3276.84  2.57729e+06      -324083     -245.708  6.52419e+10            0      80.6335   5.3326e+10  1.15107e+09            0
           0      56125.6            0      417.973      -222122            0     -78.3742  5.32354e+10            0            0  1.15107e+09  9.74399e+10            0
 2.97505e+11     0.888348      5051.72   -0.0486778       9.4277    -0.182022  0.000657045      -171795       369195  0.000493101            0            0      1.27825
