 3.41983e+26            0            0 -5.58967e+11            0            0  3.63322e+10            0            0            0            0            0  2.09119e+11
           0      1683.81            0    -0.118563      75.1726     -92.0582   0.00565174      -322511            0      0.11308     -24274.2      3937.36     0.784104
           0            0  1.74929e+08     -1589.16            0     -7807.33     -17.0595  1.52386e+09            0     -52.1255   7.1947e+06            0       1067.4
-5.58967e+11    -0.118563     -1589.16       16.415     -15.7946     -3.13347   0.00742668       347048     -97203.6  -0.00254299      500.587      53.8563   -0.0776367
           0      75.1726            0     -15.7946        32003     -147.112     0.420826            0            0     -1.65004       158739     -11388.4      6.14768
           0     -92.0582     -7807.33     -3.13347     -147.112      3367.02    -0.258116  1.56724e+06  1.42941e+06    -0.391474     -23729.6            0    -0.140938
 3.63322e+10   0.00565174     -17.0595   0.00742668     0.420826    -0.258116   0.00706271      9615.34      808.366 -0.000180361     -105.902     -27.6073   0.00298073
           0      -322511  1.52386e+09       347048            0  1.56724e+06      9615.34  1.58117e+13 -6.47359e+11            0  3.26608e+09  2.23545e+09     -90709.6
           0            0            0     -97203.6            0  1.42941e+06      808.366 -6.47359e+11  2.72008e+13            0            0            0       203546
           0      0.11308     -52.1255  -0.00254299     -1.65004    -0.391474 -0.000180361            0            0     0.023469      26.7626            0   0.00176928
           0     -24274.2   7.1947e+06      500.587       158739     -23729.6     -105.902  3.26608e+09            0      26.7626  1.01637e+09  1.80393e+07            0
           0      3937.36            0      53.8563     -11388.4            0     -27.6073  2.23545e+09            0            0  1.80393e+07  1.29756e+09            0
 2.09119e+11     0.784104       1067.4   -0.0776367      6.14768    -0.140938   0.00298073     -90709.6       203546   0.00176928            0            0      2.70065
