 1.37339e+22            0            0  -3.8289e+09            0            0  7.00062e+08            0            0            0            0            0  1.95592e+09
           0       618.19            0   -0.0787723      20.4654     -30.1566    0.0106182     -49616.7            0     0.168454     -1590.26      234.633     0.690146
           0            0  3.14305e+06     -233.605            0      -565.53     -7.09768  5.23119e+07            0     -17.1911       104282            0      207.843
 -3.8289e+09   -0.0787723     -233.605      19.7436     -7.78263     -1.85747    0.0253007      97449.2     -30787.6  -0.00683191      59.4557      5.80927    -0.123692
           0      20.4654            0     -7.78263      6459.94     -35.7238     0.587029            0            0     -1.82373      7704.94     -502.682      4.01238
           0     -30.1566      -565.53     -1.85747     -35.7238      984.033    -0.433313       216978       226451    -0.520961     -1384.13            0    -0.110101
 7.00062e+08    0.0106182     -7.09768    0.0253007     0.587029    -0.433313    0.0680803      7634.43      721.153  -0.00137795      -35.566     -8.41069    0.0134463
           0     -49616.7  5.23119e+07      97449.2            0       216978      7634.43  1.03677e+12 -4.78922e+10            0  8.96394e+07  5.62738e+07     -33747.4
           0            0            0     -30787.6            0       226451      721.153 -4.78922e+10  2.27353e+12            0            0            0      85485.7
           0     0.168454     -17.1911  -0.00683191     -1.82373    -0.520961  -0.00137795            0            0     0.142157      7.10444            0   0.00633468
           0     -1590.26       104282      59.4557      7704.94     -1384.13      -35.566  8.96394e+07            0      7.10444  1.18828e+07       191426            0
           0      234.633            0      5.80927     -502.682            0     -8.41069  5.62738e+07            0            0       191426  1.25466e+07            0
 1.95592e+09     0.690146      207.843    -0.123692      4.01238    -0.110101    0.0134463     -33747.4      85485.7   0.00633468            0            0      5.69942
