 3.30183e+17            0            0 -2.05276e+07            0            0  1.06079e+07            0            0            0            0            0  1.39568e+07
           0      226.841            0   -0.0525949      5.56982     -9.86953     0.019892     -1210.56            0     0.250956     -103.243      13.9129     0.607053
           0            0        56224     -34.2576            0     -40.8857     -2.94402       329492            0     -5.65357      1496.05            0      40.3901
-2.05276e+07   -0.0525949     -34.2576       23.737     -3.83322     -1.10099    0.0860546      5050.56     -2176.99   -0.0184328      6.98992     0.615683    -0.196998
           0      5.56982            0     -3.83322      1303.66     -8.67621     0.817959            0            0     -2.01476      371.358     -22.1093      2.61869
           0     -9.86953     -40.8857     -1.10099     -8.67621      287.572    -0.726614      5568.74       8773.7    -0.692508     -80.2727            0   -0.0863469
 1.06079e+07     0.019892     -2.94402    0.0860546     0.817959    -0.726614     0.655104      1101.36      137.337   -0.0105177     -11.8504       -2.553    0.0606699
           0     -1210.56       329492      5050.56            0      5568.74      1101.36  2.31712e+09 -1.46589e+08            0       437737       256964        -2312
           0            0            0     -2176.99            0       8773.7      137.337 -1.46589e+08  9.45816e+09            0            0            0      8012.25
           0     0.250956     -5.65357   -0.0184328     -2.01476    -0.692508   -0.0105177            0            0     0.859604      1.87598            0    0.0226279
           0     -103.243      1496.05      6.98992      371.358     -80.2727     -11.8504       437737            0      1.87598       136783      2010.07            0
           0      13.9129            0     0.615683     -22.1093            0       -2.553       256964            0            0      2010.07       120265            0
 1.39568e+07     0.607053      40.3901    -0.196998      2.61869   -0.0863469    0.0606699        -2312      8012.25    0.0226279            0            0      12.0277
