       9.957      1.02933    -0.319668     0.147152     0.272036     0.364994    0.0565209       0.1921     0.679564     0.228846  2.17836e-05    -0.738131 -5.23235e-05   -0.0101551     0.269705
     1.02933       44.844     -4.71683    -0.203352    0.0696434     -1.57369      15.0436     -2.69081      13.3137      11.6936  0.000169381      12.5982 -0.000488381   0.00348892       1.1567
   -0.319668     -4.71683      56.2472    0.0919155     -1.96796      13.6426     -11.0302     0.648304       45.272     -11.1706  0.000134319     -11.7454 -0.000479616    0.0285443     -1.22739
    0.147152    -0.203352    0.0919155     0.529331    0.0410826     0.514634     0.077911  0.000368925    -0.344057     0.429728 -4.48116e-07    -0.176709 -8.38549e-05   0.00143595    -0.198417
    0.272036    0.0696434     -1.96796    0.0410826      4.01486      0.60332    -0.548766     0.195404     -2.92066      1.74184   3.9689e-05     -1.01284  0.000147358  -0.00223678     0.351358
    0.364994     -1.57369      13.6426     0.514634      0.60332      44.1474      3.78074     0.219918      -6.5016      9.03469  4.69177e-05      -37.331  0.000126563    0.0398429      -15.749
   0.0565209      15.0436     -11.0302     0.077911    -0.548766      3.78074      40.2601      -2.3946     -48.5346     -5.43889 -6.64028e-05      24.9577   0.00052287  -0.00107214     -21.7368
      0.1921     -2.69081     0.648304  0.000368925     0.195404     0.219918      -2.3946      21.9156   -0.0787835   -0.0269349 -8.78377e-06     -1.57693  0.000757364   -0.0068042     0.895549
    0.679564      13.3137       45.272    -0.344057     -2.92066      -6.5016     -48.5346   -0.0787835      6067.65      4.27473  0.000113099     -23.5964  0.000104619     0.177672      31.4212
    0.228846      11.6936     -11.1706     0.429728      1.74184      9.03469     -5.43889   -0.0269349      4.27473      30.2566 -0.000121009     -6.35327  -7.4386e-05    0.0020589      3.04844
 2.17836e-05  0.000169381  0.000134319 -4.48116e-07   3.9689e-05  4.69177e-05 -6.64028e-05 -8.78377e-06  0.000113099 -0.000121009  1.80636e-07 -4.08355e-05 -2.64697e-08 -1.22357e-06  0.000130474
   -0.738131      12.5982     -11.7454    -0.176709     -1.01284      -37.331      24.9577     -1.57693     -23.5964     -6.35327 -4.08355e-05      67.0937  0.000250172   -0.0715354      4.24619
-5.23235e-05 -0.000488381 -0.000479616 -8.38549e-05  0.000147358  0.000126563   0.00052287  0.000757364  0.000104619  -7.4386e-05 -2.64697e-08  0.000250172  5.92431e-06  1.20963e-06  -0.00035454
  -0.0101551   0.00348892    0.0285443   0.00143595  -0.00223678    0.0398429  -0.00107214   -0.0068042     0.177672    0.0020589 -1.22357e-06   -0.0715354  1.20963e-06   0.00366039   -0.0098613
    0.269705       1.1567     -1.22739    -0.198417     0.351358      -15.749     -21.7368     0.895549      31.4212      3.04844  0.000130474      4.24619  -0.00035454   -0.0098613      24.5835
