   0.0445341  1.01532e-06  -0.00921394    0.0484997   -0.0575216   0.00110027    0.0812789  9.33652e-05     0.178712      1.75657    0.0239389    -0.018416  -0.00517882   0.00682959  -0.00995413
 1.01532e-06  5.20573e-09 -9.61754e-06 -2.07993e-05 -1.56329e-05 -1.68226e-07 -4.89912e-05   1.9931e-08   0.00237876    -0.011738 -2.06075e-05  2.51686e-05  4.94325e-06  5.15149e-05  3.54873e-06
 -0.00921394 -9.61754e-06      15.2224      -7.2522     -5.78874    0.0202134     -8.67815   -0.0035174     -21.8178      198.876       2.9567      17.5057     0.515821   -0.0127144      0.20405
   0.0484997 -2.07993e-05      -7.2522      36.6083      -17.576    -0.105387    -0.260735   -0.0146786     -18.1486     -21.2274       8.8272      2.81303     -1.19511     0.293646     -0.72578
  -0.0575216 -1.56329e-05     -5.78874      -17.576      42.1482    0.0243538      8.78575    0.0145604    -0.173772     -259.684      1.81242     -33.6903     0.400409     0.171764     0.886516
  0.00110027 -1.68226e-07    0.0202134    -0.105387    0.0243538     0.100076            0   0.00192059     -4.45715      23.7865   -0.0388341   -0.0184315   0.00115967    0.0231187   0.00566857
   0.0812789 -4.89912e-05     -8.67815    -0.260735      8.78575            0      359.674    0.0023694     -36.3932      256.431     -3.93104     -15.9949     0.283685    -0.774076      1.19567
 9.33652e-05   1.9931e-08   -0.0035174   -0.0146786    0.0145604   0.00192059    0.0023694  0.000636505    -0.339333     0.424487 -0.000319024   -0.0155386 -0.000476176   0.00182947 -0.000640108
    0.178712   0.00237876     -21.8178     -18.1486    -0.173772     -4.45715     -36.3932    -0.339333        63204      -373396       11.599      61.4301     -14.9065      34.4432      20.9418
     1.75657    -0.011738      198.876     -21.2274     -259.684      23.7865      256.431     0.424487      -373396  2.82773e+06     -63.6472      19.4315      139.027     -268.994     -114.606
   0.0239389 -2.06075e-05       2.9567       8.8272      1.81242   -0.0388341     -3.93104 -0.000319024       11.599     -63.6472      25.7686     -3.03034    -0.265437   0.00387074  -0.00633733
   -0.018416  2.51686e-05      17.5057      2.81303     -33.6903   -0.0184315     -15.9949   -0.0155386      61.4301      19.4315     -3.03034      50.1245      0.63192     -0.22334   -0.0737949
 -0.00517882  4.94325e-06     0.515821     -1.19511     0.400409   0.00115967     0.283685 -0.000476176     -14.9065      139.027    -0.265437      0.63192      1.46671    -0.040964     0.061285
  0.00682959  5.15149e-05   -0.0127144     0.293646     0.171764    0.0231187    -0.774076   0.00182947      34.4432     -268.994   0.00387074     -0.22334    -0.040964      2.90581    0.0865422
 -0.00995413  3.54873e-06      0.20405     -0.72578     0.886516   0.00566857      1.19567 -0.000640108      20.9418     -114.606  -0.00633733   -0.0737949     0.061285    0.0865422      1.01026
