     11.3887      1.10623     -0.34393     0.178751     0.315326     0.392475    0.0695197      0.20929     0.599112     0.242624  3.38492e-05    -0.787242 -8.45672e-05   -0.0146325     0.286521
     1.10623      44.9609     -4.95851    -0.233127    0.0742446     -1.39972      15.3101     -2.75092      10.7829      11.5338  0.000250966      12.5455 -0.000737477    0.0048604      1.00844
    -0.34393     -4.95851      56.3155     0.105427     -2.13006      13.7129     -11.2685     0.672446      37.2464     -11.2109  0.000202212     -12.0148 -0.000727386    0.0384981     -1.14281
    0.178751    -0.233127     0.105427     0.682885    0.0505786     0.583534    0.0862846  0.000431622    -0.321693      0.48916 -7.46842e-07    -0.201611 -0.000144289   0.00219743    -0.224011
    0.315326    0.0742446     -2.13006    0.0505786      4.71627     0.648901    -0.589342     0.215669     -2.60221       1.8918  6.30811e-05     -1.09415  0.000241628  -0.00326612      0.38363
    0.392475     -1.39972      13.7129     0.583534     0.648901      44.1564      3.89472     0.218578     -5.30728      8.93067  7.08597e-05     -37.4243   0.00019055    0.0535423     -15.7036
   0.0695197      15.3101     -11.2685    0.0862846    -0.589342      3.89472      40.2753     -2.44664     -39.8575     -5.46838 -9.69079e-05      24.8681  0.000790072  -0.00109999     -21.8177
     0.20929     -2.75092     0.672446  0.000431622     0.215669     0.218578     -2.44664      22.7449   -0.0670331   -0.0218853 -1.35716e-05     -1.61333   0.00116944  -0.00933941     0.918915
    0.599112      10.7829      37.2464    -0.321693     -2.60221     -5.30728     -39.8575   -0.0670331      4091.16      3.50272  0.000137255     -19.5031  0.000121787     0.196541      25.8922
    0.242624      11.5338     -11.2109      0.48916       1.8918      8.93067     -5.46838   -0.0218853      3.50272      30.3275 -0.000180883     -6.25225 -0.000111329   0.00261138        3.164
 3.38492e-05  0.000250966  0.000202212 -7.46842e-07  6.30811e-05  7.08597e-05 -9.69079e-05 -1.35716e-05  0.000137255 -0.000180883   3.9025e-07  -6.4218e-05 -5.77707e-08 -2.41265e-06  0.000191202
   -0.787242      12.5455     -12.0148    -0.201611     -1.09415     -37.4243      24.8681     -1.61333     -19.5031     -6.25225  -6.4218e-05      67.3722  0.000382804   -0.0959813      4.20108
-8.45672e-05 -0.000737477 -0.000727386 -0.000144289  0.000241628   0.00019055  0.000790072   0.00116944  0.000121787 -0.000111329 -5.77707e-08  0.000382804  1.36163e-05  2.46875e-06 -0.000537398
  -0.0146325    0.0048604    0.0384981   0.00219743  -0.00326612    0.0535423  -0.00109999  -0.00933941     0.196541   0.00261138 -2.41265e-06   -0.0959813  2.46875e-06   0.00664429   -0.0132782
    0.286521      1.00844     -1.14281    -0.224011      0.38363     -15.7036     -21.8177     0.918915      25.8922        3.164  0.000191202      4.20108 -0.000537398   -0.0132782      24.6348
