     22.6847      1.61289    -0.504828     0.482596     0.672567     0.578415     0.165026     0.324812     0.310465     0.315462  0.000693457     -1.11848  -0.00103191   -0.0953769     0.386511
     1.61289      45.8215     -6.37372    -0.472634    0.0980162     -0.27743      16.9189     -3.09131       3.5875      10.4032   0.00393166      11.9058  -0.00627663    0.0276728     0.156097
   -0.504828     -6.37372      56.7647     0.213142     -3.19631      14.0662     -12.6307     0.816188      13.6876     -11.4057   0.00318506     -13.3062  -0.00629142     0.178211    -0.619693
    0.482596    -0.472634     0.213142      2.48942     0.146701      1.10078      0.13926   0.00367759    -0.225606      0.95303 -2.07277e-05    -0.376778  -0.00238318    0.0193626    -0.407123
    0.672567    0.0980162     -3.19631     0.146701      10.7704     0.941707    -0.850443     0.356305     -1.43504      2.89734   0.00142116     -1.60022   0.00317334    -0.022786     0.608246
    0.578415     -0.27743      14.0662      1.10078     0.941707      44.3401      4.44255     0.204831      -1.8415      8.26916   0.00127076     -37.9018   0.00156691     0.245361     -15.4266
    0.165026      16.9189     -12.6307      0.13926    -0.850443      4.44255      40.4728     -2.73821     -14.4913     -5.72922  -0.00133335      24.1636   0.00672611   0.00158915     -22.2429
    0.324812     -3.09131     0.816188   0.00367759     0.356305     0.204831     -2.73821      27.5244   -0.0287462    0.0213813 -0.000241987     -1.77972    0.0111516   -0.0474563      1.05066
    0.310465       3.5875      13.6876    -0.225606     -1.43504      -1.8415     -14.4913   -0.0287462       541.77      1.22978  0.000750728     -7.28164  0.000344306     0.330227      9.55399
    0.315462      10.4032     -11.4057      0.95303      2.89734      8.26916     -5.72922    0.0213813      1.22978      30.9083  -0.00288546     -5.16343 -0.000849767   0.00592586      4.01192
 0.000693457   0.00393166   0.00318506 -2.07277e-05   0.00142116   0.00127076  -0.00133335 -0.000241987  0.000750728  -0.00288546  8.73764e-05  -0.00125163 -7.15958e-06 -0.000165671   0.00277752
    -1.11848      11.9058     -13.3062    -0.376778     -1.60022     -37.9018      24.1636     -1.77972     -7.28164     -5.16343  -0.00125163      68.8787   0.00346965    -0.440625      4.20829
 -0.00103191  -0.00627663  -0.00629142  -0.00238318   0.00317334   0.00156691   0.00672611    0.0111516  0.000344306 -0.000849767 -7.15958e-06   0.00346965   0.00102295   9.8798e-05  -0.00466545
  -0.0953769    0.0276728     0.178211    0.0193626    -0.022786     0.245361   0.00158915   -0.0474563     0.330227   0.00592586 -0.000165671    -0.440625   9.8798e-05     0.141735   -0.0617382
    0.386511     0.156097    -0.619693    -0.407123     0.608246     -15.4266     -22.2429      1.05066      9.55399      4.01192   0.00277752      4.20829  -0.00466545   -0.0617382      24.9593
