     4.24702     -1.20503     0.858142   0.00214351    -0.126037   0.00443193    0.0605575     -4631.41   0.00505637    0.0285442   -0.0875482 -0.000686181    -0.197057 -0.000392204     -0.16898     -33.7893
    -1.20503      46.8046     -6.45269   -0.0186098       14.841     -4.83214      -0.5638      3347.07     0.613874     0.216315      -6.6527     0.377584      19.7919  0.000142491      8.83358       274.22
    0.858142     -6.45269      38.4686     0.010911     -4.51095     -3.51136    0.0217241     -37041.7    -0.486437     0.245898     -10.5701   -0.0782362      6.44306   0.00618355     -4.84787     -207.604
  0.00214351   -0.0186098     0.010911   0.00144115   -0.0173892  0.000288064  -0.00106464     -243.302 -0.000128821   0.00239547   0.00499281  0.000754737  -0.00184953 -2.09284e-06  -0.00423362     -0.44401
   -0.126037       14.841     -4.51095   -0.0173892      43.9394      1.80432     -0.19257     -40980.4    -0.511177       0.2823     -11.6828     0.051338     -11.7865   0.00274868     -5.65196     -58.7111
  0.00443193     -4.83214     -3.51136  0.000288064      1.80432      27.0723     0.423747      -102600   -0.0353306     0.552702      6.47884    -0.206513      14.1918  -0.00200423     -10.2046      -175.04
   0.0605575      -0.5638    0.0217241  -0.00106464     -0.19257     0.423747      1.19762      3598.05   -0.0326983  -0.00972733   -0.0755143  -0.00297816   -0.0803907 -0.000101378    -0.148251     -18.4951
    -4631.41      3347.07     -37041.7     -243.302     -40980.4      -102600      3598.05  5.09902e+10         2926      -252665     -376.679      16298.3       -75275     -23.1279      76149.8 -1.02466e+06
  0.00505637     0.613874    -0.486437 -0.000128821    -0.511177   -0.0353306   -0.0326983         2926      1.48011    0.0109987  -0.00679289    0.0237906     0.535688  0.000146718     0.647012      -2.8412
   0.0285442     0.216315     0.245898   0.00239547       0.2823     0.552702  -0.00972733      -252665    0.0109987      1.31322   -0.0785962   -0.0553267     0.535477  9.70187e-05    -0.321437      6.66889
  -0.0875482      -6.6527     -10.5701   0.00499281     -11.6828      6.47884   -0.0755143     -376.679  -0.00679289   -0.0785962      19.5257    -0.122066      3.09005  -0.00143466    -0.223735       296.17
-0.000686181     0.377584   -0.0782362  0.000754737     0.051338    -0.206513  -0.00297816      16298.3    0.0237906   -0.0553267    -0.122066     0.491827    0.0881483 -6.09304e-05     0.168379      6.57658
   -0.197057      19.7919      6.44306  -0.00184953     -11.7865      14.1918   -0.0803907       -75275     0.535688     0.535477      3.09005    0.0881483      34.9953 -0.000880314     -1.08599      46.1787
-0.000392204  0.000142491   0.00618355 -2.09284e-06   0.00274868  -0.00200423 -0.000101378     -23.1279  0.000146718  9.70187e-05  -0.00143466 -6.09304e-05 -0.000880314  6.72504e-05  -0.00202874   -0.0639568
    -0.16898      8.83358     -4.84787  -0.00423362     -5.65196     -10.2046    -0.148251      76149.8     0.647012    -0.321437    -0.223735     0.168379     -1.08599  -0.00202874      12.2594      109.031
    -33.7893       274.22     -207.604     -0.44401     -58.7111      -175.04     -18.4951 -1.02466e+06      -2.8412      6.66889       296.17      6.57658      46.1787   -0.0639568      109.031       355539
