   125.554    2.86298  -0.990631   0.273855    1.56314    1.22314   -2.53206    1.83166     0.7546    3.80942    1.08586    -4.1605  -0.549944   -8.32685    2.80486
   2.86298    56.2916    -12.018   -25.4017   -6.76154    3.99591    25.0581   -4.60079    7.24293    5.18882    1.91493    8.20662  -0.556642   -0.54311   -2.66476
 -0.990631    -12.018    64.4098    18.9539   -18.3464    15.8664   -17.4871    0.77737   -42.2202   -10.9623   0.891584   -15.9415  -0.432354    7.90263     2.3859
  0.273855   -25.4017    18.9539    34.1464    4.83599    23.5369    4.35211    1.52476    -16.986   -8.40789  -0.797278   -14.1683    0.25431   0.514528   -16.2897
   1.56314   -6.76154   -18.3464    4.83599    21.2338    12.3815   0.272962   0.669277    9.15872     9.9253   -0.53392   -19.5843   0.344641   -8.41933   -8.08124
   1.22314    3.99591    15.8664    23.5369    12.3815    51.1235    6.67593  -0.230182   -13.5685    6.73572   0.607016   -42.7634   0.133852   -8.09604    -16.289
  -2.53206    25.0581   -17.4871    4.35211   0.272962    6.67593    46.8165   -3.82245    1.13985   -8.84186  -0.469823    24.1686    0.58201   -1.10682   -26.0076
   1.83166   -4.60079    0.77737    1.52476   0.669277  -0.230182   -3.82245     48.318  0.0729528   0.404352 -0.0689653   -1.68545     1.0996   -1.12829    1.77888
    0.7546    7.24293   -42.2202    -16.986    9.15872   -13.5685    1.13985  0.0729528    58.5341   -13.3726    1.61604   -8.63623   0.150159    9.89245    7.42523
   3.80942    5.18882   -10.9623   -8.40789     9.9253    6.73572   -8.84186   0.404352   -13.3726    38.9594   -1.10226    2.11128 0.00559891   -14.9151    8.77519
   1.08586    1.91493   0.891584  -0.797278   -0.53392   0.607016  -0.469823 -0.0689653    1.61604   -1.10226     14.148   -1.11092  -0.257959  -0.511371     1.5239
   -4.1605    8.20662   -15.9415   -14.1683   -19.5843   -42.7634    24.1686   -1.68545   -8.63623    2.11128   -1.11092     81.329   0.409605   0.758331    5.10303
 -0.549944  -0.556642  -0.432354    0.25431   0.344641   0.133852    0.58201     1.0996   0.150159 0.00559891  -0.257959   0.409605    5.97334  -0.347503  -0.391986
  -8.32685   -0.54311    7.90263   0.514528   -8.41933   -8.09604   -1.10682   -1.12829    9.89245   -14.9151  -0.511371   0.758331  -0.347503    86.3951    1.41281
   2.80486   -2.66476     2.3859   -16.2897   -8.08124    -16.289   -26.0076    1.77888    7.42523    8.77519     1.5239    5.10303  -0.391986    1.41281    29.6918
