    45.6017     2.41745   -0.745408     1.31591     1.31139    0.875431    0.352155    0.518772    0.335107    0.375898   0.0232012    -1.65255   -0.012821   -0.638856    0.524693
    2.41745      48.094    -8.08603     -1.0354     -4.3732     1.37385     19.3422    -3.53155     2.41659     8.59336   0.0822316     10.6685  -0.0542531    0.189819   -0.821641
  -0.745408    -8.08603     58.2806    0.516506     -9.0532     14.7574    -14.2608     1.01201    -10.9666    -11.7504   0.0527198    -14.5288  -0.0544595    0.845736    0.370446
    1.31591     -1.0354    0.516506     9.17573    0.697744     2.10738    0.163142   0.0142643    -1.12454     1.90981 -0.00118253   -0.675305  -0.0411728    0.210833   -0.685104
    1.31139     -4.3732     -9.0532    0.697744     35.2703     7.60856    -1.09589    0.601949    -2.31751     6.65885    0.033377    -10.6061    0.062251   -0.577659    -4.23038
   0.875431     1.37385     14.7574     2.10738     7.60856       45.61      5.1061    0.172279    -4.80812     7.51954   0.0331435    -38.9159   0.0125688     1.12526    -15.2734
   0.352155     19.3422    -14.2608    0.163142    -1.09589      5.1061     41.5007    -3.08992    -2.85325    -6.54137  -0.0264744     23.3154   0.0575617    0.037795    -23.0956
   0.518772    -3.53155     1.01201   0.0142643    0.601949    0.172279    -3.08992     33.4426  -0.0900726    0.109049 -0.00297196    -1.89824    0.107154    -0.24577     1.20137
   0.335107     2.41659    -10.9666    -1.12454    -2.31751    -4.80812    -2.85325  -0.0900726      113.55     -3.6086   0.0340132    -3.00404   0.0499945    0.611252     5.77821
   0.375898     8.59336    -11.7504     1.90981     6.65885     7.51954    -6.54137    0.109049     -3.6086     32.6322  -0.0604939    -2.93423 -0.00551033   -0.032481     5.66571
  0.0232012   0.0822316   0.0527198 -0.00118253    0.033377   0.0331435  -0.0264744 -0.00297196   0.0340132  -0.0604939   0.0366494  -0.0409428 -0.00145533  -0.0158095   0.0587259
   -1.65255     10.6685    -14.5288   -0.675305    -10.6061    -38.9159     23.3154    -1.89824    -3.00404    -2.93423  -0.0409428     71.6277   0.0310704    -2.05382     4.76378
  -0.012821  -0.0542531  -0.0544595  -0.0411728    0.062251   0.0125688   0.0575617    0.107154   0.0499945 -0.00551033 -0.00145533   0.0310704   0.0774199  0.00401158  -0.0411154
  -0.638856    0.189819    0.845736    0.210833   -0.577659     1.12526    0.037795    -0.24577    0.611252   -0.032481  -0.0158095    -2.05382  0.00401158     3.08977   -0.275758
   0.524693   -0.821641    0.370446   -0.685104    -4.23038    -15.2734    -23.0956     1.20137     5.77821     5.66571   0.0587259     4.76378  -0.0411154   -0.275758     25.9506
