    1633.16    -20510.4    -1328.86    -4.25208     52.8908    -2.22228           0    -47.6357     1.51285     23.9534    -279.242   -0.114159    0.328219     12.9498      657312    -1.17374
   -20510.4 1.47102e+09           0     2148.17    -14857.8     292.643           0    -7651.51    -107.679           0           0      409.66    -680.074    -36603.6           0     4867.19
   -1328.86           0 4.93439e+06           0           0    -23.4217           0    -378.002     66.4223           0           0           0     200.245           0           0           0
   -4.25208     2148.17           0     7.11642     8.75966    0.047533     10615.9    0.745129    0.171106    -0.84156     6.72214  -0.0158191 -0.00424953    -0.11622    -1960.19   -0.268411
    52.8908    -14857.8           0     8.75966      144928    -3.40287           0    -97.9414    0.613016    -19.0889    -1399.03    -2.68916     4.11456     97.9749      829239     14.3539
   -2.22228     292.643    -23.4217    0.047533    -3.40287    0.542334           0    0.291493   0.0396779    0.707383    0.448831   0.0715274 -0.00877681   -0.106623     -118366  -0.0860313
          0           0           0     10615.9           0           0 4.50615e+10           0    -13729.9     -634069 1.26055e+06     9363.54           0     7055.64           0           0
   -47.6357    -7651.51    -378.002    0.745129    -97.9414    0.291493           0      555.34   0.0377602     26.1637     22.2476    0.425833    0.121677     2.45724    -85732.2    -4.12807
    1.51285    -107.679     66.4223    0.171106    0.613016   0.0396779    -13729.9   0.0377602      1.7306     4.24899    -1.13875  -0.0293222  0.00880065   -0.294048    -28897.5    -0.27699
    23.9534           0           0    -0.84156    -19.0889    0.707383     -634069     26.1637     4.24899     4109.12    -520.378           0    -3.75103           0      112072    -2.36522
   -279.242           0           0     6.72214    -1399.03    0.448831 1.26055e+06     22.2476    -1.13875    -520.378     92888.6      9.9529    0.784551     46.1939           0    -24.2327
  -0.114159      409.66           0  -0.0158191    -2.68916   0.0715274     9363.54    0.425833  -0.0293222           0      9.9529     2.25239  0.00487065   -0.460687    -18274.1  0.00654422
   0.328219    -680.074     200.245 -0.00424953     4.11456 -0.00877681           0    0.121677  0.00880065    -3.75103    0.784551  0.00487065     1.76304    0.262375    -3328.15   -0.167481
    12.9498    -36603.6           0    -0.11622     97.9749   -0.106623     7055.64     2.45724   -0.294048           0     46.1939   -0.460687    0.262375     186.903    -8764.85   -0.720957
     657312           0           0    -1960.19      829239     -118366           0    -85732.2    -28897.5      112072           0    -18274.1    -3328.15    -8764.85 3.00521e+10           0
   -1.17374     4867.19           0   -0.268411     14.3539  -0.0860313           0    -4.12807    -0.27699    -2.36522    -24.2327  0.00654422   -0.167481   -0.720957           0     92.9561
