    480.841    -844.278    -93.0748    -3.09975     6.75075    -2.45454           0    -15.5993     1.58015     5.75364    -37.7338   -0.108849    0.288374      4.5964      356670   -0.560781
   -844.278  8.4649e+06           0      218.87    -263.872      45.206           0    -350.246      -15.81           0           0     54.5085    -83.5362    -1813.93           0     325.077
   -93.0748           0     82218.5           0           0     -6.1542           0    -29.4488     16.5043           0           0           0      41.854           0           0           0
   -3.09975      218.87           0     12.8452     2.76834    0.129994     14262.6    0.604182    0.442507   -0.500519     2.24913    -0.03734 -0.00924444   -0.102077    -2633.58   -0.317555
    6.75075    -263.872           0     2.76834     8019.32    -1.62936           0    -13.9043    0.277569    -1.98773    -81.9491    -1.11147     1.56719     15.0752      195060     2.97275
   -2.45454      45.206     -6.1542    0.129994    -1.62936     2.24716           0    0.358091     0.15547    0.637444    0.227518    0.255825  -0.0289293   -0.141974     -240939   -0.154198
          0           0           0     14262.6           0           0 4.50615e+10           0    -26429.2     -280694      313919       16452           0     4615.12           0           0
   -15.5993    -350.246    -29.4488    0.604182    -13.9043    0.358091           0     202.273   0.0438674     6.99013     3.34373    0.451559    0.118906    0.970232    -51741.3    -2.20086
    1.58015      -15.81     16.5043    0.442507    0.277569     0.15547    -26429.2   0.0438674     6.41248     3.62074   -0.545879  -0.0991736   0.0274308   -0.370249    -55624.9   -0.469485
    5.75364           0           0   -0.500519    -1.98773    0.637444     -280694     6.99013     3.62074     805.269    -57.3701           0    -2.68876           0       49613   -0.921958
   -37.7338           0           0     2.24913    -81.9491    0.227518      313919     3.34373   -0.545879    -57.3701     5760.93     4.35503    0.316373      7.5255           0    -5.31402
  -0.108849     54.5085           0    -0.03734    -1.11147    0.255825       16452    0.451559  -0.0991736           0     4.35503     6.95376   0.0138573   -0.529489    -32108.3   0.0101254
   0.288374    -83.5362      41.854 -0.00924444     1.56719  -0.0289293           0    0.118906   0.0274308    -2.68876    0.316373   0.0138573     4.62251    0.278105     -5388.9   -0.238792
     4.5964    -1813.93           0   -0.102077     15.0752   -0.141974     4615.12    0.970232   -0.370249           0      7.5255   -0.529489    0.278105     79.9714    -5732.53   -0.415315
     356670           0           0    -2633.58      195060     -240939           0    -51741.3    -55624.9       49613           0    -32108.3     -5388.9    -5732.53 3.00519e+10           0
  -0.560781     325.077           0   -0.317555     2.97275   -0.154198           0    -2.20086   -0.469485   -0.921958    -5.31402   0.0101254   -0.238792   -0.415315           0      72.072
