     128.98    -26.9909    -5.31257    -2.20596    0.726131    -2.73367           0    -4.71819     1.70374     1.21253    -4.32132   -0.102591    0.249565     1.51524     37361.9   -0.320278
   -26.9909       32237           0     18.5412    -3.43762     5.97734           0    -12.5602    -2.02938           0           0     6.27252    -8.68797    -71.1745           0     18.6708
   -5.31257           0     999.841           0           0    -1.45358           0    -1.88375     3.79981           0           0           0     7.76682           0           0           0
   -2.20596     18.5412           0      24.188    0.802007     0.37942     4161.05    0.480745     1.26815   -0.282297    0.679797  -0.0792505 -0.00654114  -0.0890936    -728.231    -0.39975
   0.726131    -3.43762           0    0.802007      355.81   -0.729514           0    -1.70243    0.119669   -0.173675    -3.81062    -0.42978    0.555456     2.01221     8203.36    0.526274
   -2.73367     5.97734    -1.45358     0.37942   -0.729514     10.3291           0    0.451879    0.699193    0.573864     0.11274     1.00801    -0.13204   -0.196342     -104948   -0.302278
          0           0           0     4161.05           0           0 2.08386e+09           0      -11705    -24809.2     15348.5     6139.37           0     590.038           0           0
   -4.71819    -12.5602    -1.88375    0.480745    -1.70243    0.451879           0     68.2377    0.290842     1.68757    0.427134    0.483402    0.115823    0.563092     -6143.7    -1.14563
    1.70374    -2.02938     3.79981     1.26815    0.119669    0.699193      -11705    0.290842     28.0047     3.13058   -0.258313    -0.36259   0.0606538   -0.493106    -23625.5   -0.901384
    1.21253           0           0   -0.282297   -0.173675    0.573864    -24809.2     1.68757     3.13058     138.742    -5.21321           0    -1.87923           0     4080.34   -0.351066
   -4.32132           0           0    0.679797    -3.81062     0.11274     15348.5    0.427134   -0.258313    -5.21321     281.426     1.78726    0.116173     1.00671           0    -1.01825
  -0.102591     6.27252           0  -0.0792505    -0.42978     1.00801     6139.37    0.483402    -0.36259           0     1.78726     23.5505   0.0570266   -0.617451    -12069.2  -0.0876054
   0.249565    -8.68797     7.76682 -0.00654114    0.555456    -0.13204           0    0.115823   0.0606538    -1.87923    0.116173   0.0570266      13.098     0.29636    -1514.97   -0.368934
    1.51524    -71.1745           0  -0.0890936     2.01221   -0.196342     590.038    0.563092   -0.493106           0     1.00671   -0.617451     0.29636     32.3451    -706.481   -0.455874
    37361.9           0           0    -728.231     8203.36     -104948           0     -6143.7    -23625.5     4080.34           0    -12069.2    -1514.97    -706.481  1.2407e+09           0
  -0.320278     18.6708           0    -0.39975    0.526274   -0.302278           0    -1.14563   -0.901384   -0.351066    -1.01825  -0.0876054   -0.368934   -0.455874           0     60.6951
