     46.7661            0     -0.76803      2.15793   -0.0919805    -0.618908     -942.927      1723.45    -0.116429     0.198875     -26908.1       2004.5     -14497.2     -31.9259     0.162519      3.15451
           0  6.77289e+10            0      -176536      -9655.9      2949.53            0  6.63737e+06            0      -2829.7 -2.02209e+09            0            0            0     -685.233      -162805
    -0.76803            0      163.346      1.27052     0.472352     -1.31212      1089.68     -246.005   -0.0590056    0.0713512     -20622.6      2010.46     -17824.1            0     0.298908    -0.694441
     2.15793      -176536      1.27052      1310.13     0.771342      0.72659      3087.33      156.976     0.105074    -0.168282     -53806.8      15804.9     -5465.46      138.867     0.911675       2099.2
  -0.0919805      -9655.9     0.472352     0.771342      23.2377     0.439617       167.12      -219.28   -0.0533211    0.0228345     -28319.3      959.696            0     -224.121    -0.092436      1.08168
   -0.618908      2949.53     -1.31212      0.72659     0.439617      73.1798      1351.25      472.089      1.18927   0.00482525     -6484.89     -17078.9       140200      865.422    -0.075754      4.65282
    -942.927            0      1089.68      3087.33       167.12      1351.25  4.10976e+07      -520817      58.5778     -21.9671 -5.53275e+07            0  3.09252e+06            0     -116.997      6071.53
     1723.45  6.63737e+06     -246.005      156.976      -219.28      472.089      -520817  1.15963e+07      34.4351      37.2292 -4.10665e+06            0            0       196555     -124.458     -696.775
   -0.116429            0   -0.0590056     0.105074   -0.0533211      1.18927      58.5778      34.4351      1.10109     0.018861            0            0       190366       41.464  -0.00186327    -0.410068
    0.198875      -2829.7    0.0713512    -0.168282    0.0228345   0.00482525     -21.9671      37.2292     0.018861     0.537145       1224.4      536.834      -659.18      -10.213   -0.0123025    -0.405753
    -26908.1 -2.02209e+09     -20622.6     -53806.8     -28319.3     -6484.89 -5.53275e+07 -4.10665e+06            0       1224.4  3.96814e+10  -1.6015e+07            0 -1.10286e+07      3795.13     -24385.3
      2004.5            0      2010.46      15804.9      959.696     -17078.9            0            0            0      536.834  -1.6015e+07  4.19417e+08            0            0      370.253        20820
    -14497.2            0     -17824.1     -5465.46            0       140200  3.09252e+06            0       190366      -659.18            0            0  7.17458e+10  1.08573e+07      8050.14     -52003.1
    -31.9259            0            0      138.867     -224.121      865.422            0       196555       41.464      -10.213 -1.10286e+07            0  1.08573e+07   9.8653e+06     -61.8983      4512.53
    0.162519     -685.233     0.298908     0.911675    -0.092436    -0.075754     -116.997     -124.458  -0.00186327   -0.0123025      3795.13      370.253      8050.14     -61.8983      1.33134      1.49079
     3.15451      -162805    -0.694441       2099.2      1.08168      4.65282      6071.53     -696.775    -0.410068    -0.405753     -24385.3        20820     -52003.1      4512.53      1.49079      3785.14
