     75.3136            0    -0.849369      1.69131    -0.105504    -0.675946     -189.331      386.662    -0.184554     0.464156     -3008.06      330.887     -1279.32     -7.93989     0.292045      2.05874
           0   6.7705e+10            0      -108377     -8747.83      2539.71            0   1.1731e+06            0     -5205.39 -1.77339e+08            0            0            0     -994.241      -102163
   -0.849369            0      122.844     0.677547     0.371386    -0.979217      149.537     -37.6886   -0.0654517     0.113815     -1576.09      226.874     -1130.32            0       0.3667    -0.378756
     1.69131      -108377     0.677547      494.006     0.428234      0.38327      299.911      17.1209    0.0803806    -0.190088     -2904.71      1263.21     -239.077      16.5909     0.792519      809.692
   -0.105504     -8747.83     0.371386     0.428234      19.0958     0.343246      23.9711     -35.1263   -0.0600991    0.0381585     -2226.37      113.262            0     -38.0108    -0.118599     0.623822
   -0.675946      2539.71    -0.979217      0.38327     0.343246      54.2653      184.097      71.8312       1.2843   0.00746071     -488.754     -1914.13      8892.91      145.301   -0.0923083       2.5176
    -189.331            0      149.537      299.911      23.9711      184.097  1.02885e+06       -14560      11.5167     -6.44725      -759392            0      35206.5            0     -26.2142      603.469
     386.662   1.1731e+06     -37.6886      17.1209     -35.1263      71.8312       -14560       362157      7.58748      12.1094     -62615.4            0            0      6773.68     -31.1366     -77.3713
   -0.184554            0   -0.0654517    0.0803806   -0.0600991       1.2843      11.5167      7.58748      1.75118    0.0428853            0            0      17845.7      10.4881   -0.0035032    -0.321283
    0.464156     -5205.39     0.113815    -0.190088    0.0381585   0.00746071     -6.44725      12.1094    0.0428853      1.81776      198.065      128.515     -91.4333     -3.66274    -0.032027    -0.469103
    -3008.06 -1.77339e+08     -1576.09     -2904.71     -2226.37     -488.754      -759392     -62615.4            0      198.065  3.05573e+08      -181945            0      -182858      482.236     -1342.98
     330.887            0      226.874      1263.21      113.262     -1914.13            0            0            0      128.515      -181945  7.10419e+06            0            0      68.1837      1701.69
    -1279.32            0     -1130.32     -239.077            0      8892.91      35206.5            0      17845.7     -91.4333            0            0  3.92074e+08       160027       812.28     -2426.54
    -7.93989            0            0      16.5909     -38.0108      145.301            0      6773.68      10.4881     -3.66274      -182858            0       160027       374883     -17.0733      553.154
    0.292045     -994.241       0.3667     0.792519    -0.118599   -0.0923083     -26.2142     -31.1366   -0.0035032    -0.032027      482.236      68.1837       812.28     -17.0733      2.66673      1.32528
     2.05874      -102163    -0.378756      809.692     0.623822       2.5176      603.469     -77.3713    -0.321283    -0.469103     -1342.98      1701.69     -2426.54      553.154      1.32528      1493.89
