 2.02246e+09      12820.2            0            0            0            0     -16281.6     -37585.6            0            0            0            0
     12820.2      7.49339     -4266.18      2600.72     -101.703     -73043.8      49.3163      40.3791     -316.899     -805.246     -4319.93      285.762
           0     -4266.18   1.5612e+08      -517955            0            0            0            0            0            0            0            0
           0      2600.72      -517955  1.58347e+07            0 -2.29091e+07            0      146.595      -128792      -181356       621169      12776.5
           0     -101.703            0            0      61324.9  -1.2403e+06            0            0            0            0      35445.9            0
           0     -73043.8            0 -2.29091e+07  -1.2403e+06  2.15708e+11            0            0            0            0            0            0
    -16281.6      49.3163            0            0            0            0      25184.1      75.0183            0            0            0      950.785
    -37585.6      40.3791            0      146.595            0            0      75.0183       2691.9            0      7973.01            0            0
           0     -316.899            0      -128792            0            0            0            0  4.49603e+06            0            0     -6156.17
           0     -805.246            0      -181356            0            0            0      7973.01            0  6.08556e+07            0            0
           0     -4319.93            0       621169      35445.9            0            0            0            0            0  2.47554e+08            0
           0      285.762            0      12776.5            0            0      950.785            0     -6156.17            0            0       228201
