    188861    134.957          0          0          0          0    -25.797   -78.1947          0          0          0          0
   134.957    8.82599    -104.93    43.4099   -12.8837   -685.178    8.64847    9.29669   -15.9173   -25.0249   -85.9345    25.6105
         0    -104.93    80153.9   -180.532          0          0          0          0          0          0          0          0
         0    43.4099   -180.532     3746.8          0   -2936.99          0    0.47795   -91.6787   -79.8381    175.096    16.2385
         0   -12.8837          0          0    835.853   -1233.34          0          0          0          0    75.8201          0
         0   -685.178          0   -2936.99   -1233.34 1.5434e+07          0          0          0          0          0          0
   -25.797    8.64847          0          0          0          0    657.528    2.57064          0          0          0     12.705
  -78.1947    9.29669          0    0.47795          0          0    2.57064    121.146          0    48.4131          0          0
         0   -15.9173          0   -91.6787          0          0          0          0    9630.06          0          0   -23.5395
         0   -25.0249          0   -79.8381          0          0          0    48.4131          0    49853.4          0          0
         0   -85.9345          0    175.096    75.8201          0          0          0          0          0    83123.2          0
         0    25.6105          0    16.2385          0          0     12.705          0   -23.5395          0          0    1556.82
