     4.81733 -1.52504e+10     -1.25244    -0.652018     -4672.34    -0.128525
-1.52504e+10  5.41596e+22  1.03704e+11  1.03552e+11            0  9.82141e+10
    -1.25244  1.03704e+11      7.44631      2.94549       8276.1     0.685914
   -0.652018  1.03552e+11      2.94549      4.04601      1760.86   -0.0459706
    -4672.34            0       8276.1      1760.86  2.89004e+08     -4114.83
   -0.128525  9.82141e+10     0.685914   -0.0459706     -4114.83      9.19982
