     4.64598 -7.38012e+07     -1.56711     -0.88613     -203.685     -0.22592
-7.38012e+07  5.81463e+17  3.23125e+08  3.45901e+08            0  3.25497e+08
    -1.56711  3.23125e+08       7.4683      3.10395      337.767     0.920531
    -0.88613  3.45901e+08      3.10395      4.06936      87.4897     0.121927
    -203.685            0      337.767      87.4897       474299     -146.759
    -0.22592  3.25497e+08     0.920531     0.121927     -146.759       8.7859
