     207.885      148.897      8602.86     -163.624      271.058      220.519     -3986.15      167.497      1.44474     -32308.2     -72.3361      115.085     -142.046
     148.897      11123.2     -14928.3            0     -461.173      18.1064            0            0      29.1003      50923.9      48.3995            0     -885.688
     8602.86     -14928.3  5.11406e+07            0            0            0            0            0      738.758 -1.61603e+08            0     -1421.01            0
    -163.624            0            0      5779.23     -200.123      -1432.2      2741.21      358.108      -24.496     -5953.37     -350.943      163.796            0
     271.058     -461.173            0     -200.123      53687.6     -513.934            0            0      23.9152            0      -456.61            0      476.098
     220.519      18.1064            0      -1432.2     -513.934      6389.39            0     -8.15375      30.0955      7318.33      256.347      44.5641      49.3886
    -3986.15            0            0      2741.21            0            0  2.21074e+07            0      -331.24            0            0            0            0
     167.497            0            0      358.108            0     -8.15375            0      35960.7       49.158            0     -287.193      234.557     -198.425
     1.44474      29.1003      738.758      -24.496      23.9152      30.0955      -331.24       49.158      18.3642     -3606.59     -12.9874      6.08361     -19.7731
    -32308.2      50923.9 -1.61603e+08     -5953.37            0      7318.33            0            0     -3606.59  5.57544e+08     -6066.76      4225.43            0
    -72.3361      48.3995            0     -350.943      -456.61      256.347            0     -287.193     -12.9874     -6066.76      16191.4       741.87            0
     115.085            0     -1421.01      163.796            0      44.5641            0      234.557      6.08361      4225.43       741.87      16980.6            0
    -142.046     -885.688            0            0      476.098      49.3886            0     -198.425     -19.7731            0            0            0      10556.7
