 6.26543e+10            0       125763            0            0            0            0      29697.6            0            0            0            0            0 -1.28276e+06
           0  4.60264e+08      74334.9      -202432            0  1.92416e+07            0     -197.954      -724054            0  1.90981e+08            0            0            0
      125763      74334.9      1615.22      6460.81  2.63599e+06      -527061       178364      3.83937      26.9063      3069.12  1.29998e+06      3293.77  2.06666e+13      1688.64
           0      -202432      6460.81   2.8715e+06 -6.85456e+06            0      -810563      231.797            0            0            0     -3477.84            0            0
           0            0  2.63599e+06 -6.85456e+06  1.64562e+11            0            0       182881            0            0            0 -4.25361e+06            0            0
           0  1.92416e+07      -527061            0            0  6.15502e+09            0     -17788.2            0            0            0            0            0            0
           0            0       178364      -810563            0            0  9.73304e+08      4995.58            0      -185095            0   2.1885e+06            0            0
     29697.6     -197.954      3.83937      231.797       182881     -17788.2      4995.58      17.2477      84.6429      66.9974      -774491      133.871 -9.49939e+12      154.277
           0      -724054      26.9063            0            0            0            0      84.6429       426322      2901.54            0            0            0      2406.44
           0            0      3069.12            0            0            0      -185095      66.9974      2901.54       548164            0            0            0     -4763.44
           0  1.90981e+08  1.29998e+06            0            0            0            0      -774491            0            0  3.47595e+11            0  2.93409e+18  -1.5219e+08
           0            0      3293.77     -3477.84 -4.25361e+06            0   2.1885e+06      133.871            0            0            0       702893            0            0
           0            0  2.06666e+13            0            0            0            0 -9.49939e+12            0            0  2.93409e+18            0  6.78554e+25 -1.22297e+15
-1.28276e+06            0      1688.64            0            0            0            0      154.277      2406.44     -4763.44  -1.5219e+08            0 -1.22297e+15       215422
