   43.2092    11.9427   -1.47105   -13.4698    7.83243    10.9085   -33.5038    6.03023    1.81326   -31.1073   -3.29137    5.94462   -10.0365
   11.9427    961.904   -20.6572          0   -9.58138   0.628283          0   -3.20105    4.89544    120.873    2.11323  -0.984518   -41.9676
  -1.47105   -20.6572    1489.86          0          0          0          0          0   -1.18722    106.358          0  -0.881376          0
  -13.4698          0          0    265.635   -3.06237   -37.6877    16.4863    6.95815    -3.4843    -98.616   -10.9488    3.23673          0
   7.83243   -9.58138          0   -3.06237    254.431   -5.27782          0          0    1.01563     12.844   -4.74607          0    4.91272
   10.9085   0.628283          0   -37.6877   -5.27782    101.358          0 -0.0852016    2.51778     82.263    4.96096    0.52538   0.927218
  -33.5038          0          0    16.4863          0          0      10851          0   -4.17299    -262.61          0          0          0
   6.03023   -3.20105          0    6.95815          0 -0.0852016          0    267.964    3.07237    43.6866   -3.71446    1.94823   -2.85366
   1.81326    4.89544   -1.18722    -3.4843    1.01563    2.51778   -4.17299    3.07237    11.2357   -5.10025   -1.27153   0.381665   -2.21354
  -31.1073    120.873    106.358    -98.616     12.844     82.263    -262.61    43.6866   -5.10025    1685.55   -53.0587   -25.4432   -3.16572
  -3.29137    2.11323          0   -10.9488   -4.74607    4.96096          0   -3.71446   -1.27153   -53.0587    362.221    10.2749          0
   5.94462  -0.984518  -0.881376    3.23673          0    0.52538          0    1.94823   0.381665   -25.4432    10.2749    142.647          0
  -10.0365   -41.9676          0          0    4.91272   0.927218          0   -2.85366   -2.21354   -3.16572          0          0    272.329
