    120.499     75.2114     1534.64    -74.8363     84.1219     84.1549    -847.554     56.9075     1.29944    -5402.38    -29.1082     39.1644    -58.9775
    75.2114     4790.14    -2290.33           0    -122.772     5.91006           0           0     17.3142     7294.99     16.6149           0    -314.549
    1534.64    -2290.33 2.80382e+06           0           0           0           0           0     151.997  -8.242e+06           0    -151.913           0
   -74.8363           0           0     2051.04    -48.3737    -424.503     461.184     93.6052    -13.1645    -794.754    -109.335      43.512           0
    84.1219    -122.772           0    -48.3737     8837.06    -103.726           0           0     8.61888           0    -96.8948           0     104.522
    84.1549     5.91006           0    -424.503    -103.726     1581.55           0    -1.78011     13.4773     815.024     66.6926     9.88706     13.2962
   -847.554           0           0     461.184           0           0 1.71012e+06           0    -81.5945           0           0           0           0
    56.9075           0           0     93.6052           0    -1.78011           0     6926.72     19.6706           0    -65.9262     45.9011    -47.1253
    1.29944     17.3142     151.997    -13.1645     8.61888     13.4773    -81.5945     19.6706     15.5991    -706.264    -6.15154     2.34765    -9.63622
   -5402.38     7294.99  -8.242e+06    -794.754           0     815.024           0           0    -706.264 2.65706e+07    -713.615     422.016           0
   -29.1082     16.6149           0    -109.335    -96.8948     66.6926           0    -65.9262    -6.15154    -713.615     4429.32     173.023           0
    39.1644           0    -151.913      43.512           0     9.88706           0     45.9011     2.34765     422.016     173.023      3376.3           0
   -58.9775    -314.549           0           0     104.522     13.2962           0    -47.1253    -9.63622           0           0           0     3091.69
