  7.06445   0.80567   4.65436  -2.43534  -4.60463  -3.84709
  0.80567   6.63533   -1.1534 -0.556786  -2.41001  -1.76124
  4.65436   -1.1534   688.443  -3.73368  -23.4978  -5.47876
 -2.43534 -0.556786  -3.73368   5.90797   2.19521   2.72701
 -4.60463  -2.41001  -23.4978   2.19521   243.289   7.86067
 -3.84709  -1.76124  -5.47876   2.72701   7.86067   6.58379
