  7.03903   1.05786   2.58578  -2.65717  -2.29629  -3.79865
  1.05786   6.43486 -0.348515  -0.80913  -1.36386  -1.98082
  2.58578 -0.348515   199.261  -2.18229  -6.10459  -2.98619
 -2.65717  -0.80913  -2.18229     5.855   1.27098   2.88153
 -2.29629  -1.36386  -6.10459   1.27098   55.8655   3.74472
 -3.79865  -1.98082  -2.98619   2.88153   3.74472   6.48582
