   65.9303    0.60513    5.13961    22.5865   -10.7896    1.59483     28.021    30.8756     7.7027     4.6019    22.6639    3.51291    11.3097     -6.907   0.230984
   0.60513    3.71897   0.667051   -0.34999  -0.823799    0.39485   0.577785   0.515518   0.220832  0.0339307     1.1884 -0.0994888  -0.298379  -0.715306  -0.469513
   5.13961   0.667051    37.0104   -8.04276   -5.99396    5.19276  -0.702075    22.8633  -0.969663   0.281125   -14.4148    2.37099    25.6271   -13.8452   -8.12347
   22.5865   -0.34999   -8.04276    46.7706    4.00206  -0.701576    15.7856    15.3232    7.95242    10.3947    -5.8536    3.63462    6.25581    10.7832   -1.66023
  -10.7896  -0.823799   -5.99396    4.00206    63.4917    4.22748   -6.37734   -4.78473   -2.71243   -5.36354   -17.4769   -2.06566    10.1457    12.3756    9.49897
   1.59483    0.39485    5.19276  -0.701576    4.22748    27.2615 -0.0786424    4.48625  -0.571972  -0.380339   -2.11379   0.380227    6.96426   -2.97487  -0.676433
    28.021   0.577785  -0.702075    15.7856   -6.37734 -0.0786424    32.5579    14.2316   -5.42481   -3.21645    8.83221    2.58203   -17.2982    15.9343     4.7678
   30.8756   0.515518    22.8633    15.3232   -4.78473    4.48625    14.2316    31.1176   0.769853    4.01184   -4.97025    4.05716    17.3811    -8.8128   -3.56908
    7.7027   0.220832  -0.969663    7.95242   -2.71243  -0.571972   -5.42481   0.769853    22.5531    9.27936    12.0705  -0.390938    20.3752   -9.10875   -12.5167
    4.6019  0.0339307   0.281125    10.3947   -5.36354  -0.380339   -3.21645    4.01184    9.27936    13.7933     7.4441   0.698934    4.15067   -14.4947   -10.6742
   22.6639     1.1884   -14.4148    -5.8536   -17.4769   -2.11379    8.83221   -4.97025    12.0705     7.4441    42.8873   -1.10058   -17.2193   -14.0132   -8.89021
   3.51291 -0.0994888    2.37099    3.63462   -2.06566   0.380227    2.58203    4.05716  -0.390938   0.698934   -1.10058    23.6782    0.73573  -0.706401  -0.248843
   11.3097  -0.298379    25.6271    6.25581    10.1457    6.96426   -17.2982    17.3811    20.3752    4.15067   -17.2193    0.73573    72.2255   -8.94295   -8.19742
    -6.907  -0.715306   -13.8452    10.7832    12.3756   -2.97487    15.9343    -8.8128   -9.10875   -14.4947   -14.0132  -0.706401   -8.94295    45.5234    16.2824
  0.230984  -0.469513   -8.12347   -1.66023    9.49897  -0.676433     4.7678   -3.56908   -12.5167   -10.6742   -8.89021  -0.248843   -8.19742    16.2824    17.6107
