      11.545 -1.05052e-05      3.20363     0.192088   -0.0915912  -0.00322051     0.308097     0.722179    0.0939245    -0.261792     -0.68315  0.000426868     0.312379      1.31719    -0.187404
-1.05052e-05  9.09391e-08   0.00173392 -7.02201e-05 -3.56167e-06  6.85863e-08  8.06414e-05  7.38715e-05   4.1695e-06 -3.18163e-06   0.00017048 -2.38011e-08 -6.77756e-05  5.74693e-05 -6.55854e-05
     3.20363   0.00173392      2923.54     -26.0961      -1.8833   -0.0374285     -18.1592     -3.00772    -0.160509     0.492054     -14.6409   0.00566415      15.1698       -20.64     0.456699
    0.192088 -7.02201e-05     -26.0961      36.6451    -0.343408  -0.00413234      8.49234      8.20438     0.113969     0.695778     -1.31849   0.00301523      4.25971      5.59082     -1.26719
  -0.0915912 -3.56167e-06      -1.8833    -0.343408     0.538782 -0.000271826    0.0667717   -0.0888839   -0.0369315   -0.0975639    0.0120415  -2.0499e-05    -0.125944     0.134906     0.181113
 -0.00322051  6.85863e-08   -0.0374285  -0.00413234 -0.000271826  0.000842803  -0.00613766  -0.00277699   0.00072158 -0.000700155    0.0194797 -7.31317e-06   0.00893367   -0.0129405  -0.00639595
    0.308097  8.06414e-05     -18.1592      8.49234    0.0667717  -0.00613766       23.486      10.2568    -0.308311     -1.74199      5.68525   0.00153479     -16.5971      11.8312       5.5423
    0.722179  7.38715e-05     -3.00772      8.20438   -0.0888839  -0.00277699      10.2568      24.8181    -0.273539     -0.52276     -2.05759   0.00295897       11.575     -4.80963     -1.53676
   0.0939245   4.1695e-06    -0.160509     0.113969   -0.0369315   0.00072158    -0.308311    -0.273539      1.06756    0.0653188    -0.195283  4.07575e-08      0.41642      0.14029    -0.113185
   -0.261792 -3.18163e-06     0.492054     0.695778   -0.0975639 -0.000700155     -1.74199     -0.52276    0.0653188      33.5266      1.67234 -7.25564e-05     -2.55424     -2.80498     -1.87599
    -0.68315   0.00017048     -14.6409     -1.31849    0.0120415    0.0194797      5.68525     -2.05759    -0.195283      1.67234      34.7837  0.000382387     -16.9005     -10.2436     -7.10185
 0.000426868 -2.38011e-08   0.00566415   0.00301523  -2.0499e-05 -7.31317e-06   0.00153479   0.00295897  4.07575e-08 -7.25564e-05  0.000382387  2.68394e-05  0.000358786 -0.000627421 -0.000578825
    0.312379 -6.77756e-05      15.1698      4.25971    -0.125944   0.00893367     -16.5971       11.575      0.41642     -2.55424     -16.9005  0.000358786      58.6594     -7.38667     -8.76415
     1.31719  5.74693e-05       -20.64      5.59082     0.134906   -0.0129405      11.8312     -4.80963      0.14029     -2.80498     -10.2436 -0.000627421     -7.38667       86.594      9.83911
   -0.187404 -6.55854e-05     0.456699     -1.26719     0.181113  -0.00639595       5.5423     -1.53676    -0.113185     -1.87599     -7.10185 -0.000578825     -8.76415      9.83911      13.2629
