     41.9848    -0.891017      1.69228     -2.34138   0.00640863 -5.75291e-05     -16.6387      135.671    -0.193948     -13803.2     -111.695 -2.33968e-06      4.70139   -0.0011694     -4.86357      11.9232
   -0.891017      207.644     -16.2276    -0.139258            0 -3.92166e-05     -1.64979        13788    -0.454667            0      -560.74            0     -4.04832   0.00188123      5.48054     -6.14194
     1.69228     -16.2276      89.0315      -0.6378   -0.0126074  -0.00010621    -0.954005      207.781     0.252855     -22970.4     -63.4863 -0.000141741       4.3524  2.12424e-05 -0.000714877     -1.52689
    -2.34138    -0.139258      -0.6378      2.94294  0.000687468  2.80869e-05    -0.603431     -671.547    0.0839772      6145.76      23.6463  1.28777e-05    0.0815622 -4.88439e-05      1.50222     -1.46618
  0.00640863            0   -0.0126074  0.000687468  0.000115017 -9.15287e-09  -0.00160474      -4.2369   0.00021475      23.6524    -0.138159 -2.74877e-08  -0.00538476 -1.77766e-06  -0.00281759   0.00524356
-5.75291e-05 -3.92166e-05  -0.00010621  2.80869e-05 -9.15287e-09  5.59853e-07   6.5143e-05     0.159404 -0.000112296      144.811   -0.0348958  3.25374e-09 -0.000401087 -2.63622e-08   5.5688e-05  6.48254e-05
    -16.6387     -1.64979    -0.954005    -0.603431  -0.00160474   6.5143e-05      30.8407      319.482    -0.326173      14975.1     -9.42543  0.000118627     -7.57032  0.000269325      -10.633      10.3195
     135.671        13788      207.781     -671.547      -4.2369     0.159404      319.482  1.92321e+08     -370.761  7.57812e+07 -3.75529e+06     0.015915     -741.679    -0.319566      70.6554     -312.082
   -0.193948    -0.454667     0.252855    0.0839772   0.00021475 -0.000112296    -0.326173     -370.761      5.65123     -28204.8     -25.2242  6.49902e-06      1.51573 -0.000321803     0.558063     -1.00613
    -13803.2            0     -22970.4      6145.76      23.6524      144.811      14975.1  7.57812e+07     -28204.8  3.93758e+10 -1.00712e+07      -0.1057     -77542.8     -10.3656      3633.91      11393.3
    -111.695      -560.74     -63.4863      23.6463    -0.138159   -0.0348958     -9.42543 -3.75529e+06     -25.2242 -1.00712e+07       297017 -0.000569576      14.0972     0.156084      21.9451      57.6759
-2.33968e-06            0 -0.000141741  1.28777e-05 -2.74877e-08  3.25374e-09  0.000118627     0.015915  6.49902e-06      -0.1057 -0.000569576  1.19383e-07   0.00011014   7.4464e-08 -5.81926e-05 -7.73325e-06
     4.70139     -4.04832       4.3524    0.0815622  -0.00538476 -0.000401087     -7.57032     -741.679      1.51573     -77542.8      14.0972   0.00011014      70.0284  -0.00273492     -4.45583     -5.04765
  -0.0011694   0.00188123  2.12424e-05 -4.88439e-05 -1.77766e-06 -2.63622e-08  0.000269325    -0.319566 -0.000321803     -10.3656     0.156084   7.4464e-08  -0.00273492  2.55717e-05   0.00144279  -0.00106554
    -4.86357      5.48054 -0.000714877      1.50222  -0.00281759   5.5688e-05      -10.633      70.6554     0.558063      3633.91      21.9451 -5.81926e-05     -4.45583   0.00144279      17.8643     -15.0645
     11.9232     -6.14194     -1.52689     -1.46618   0.00524356  6.48254e-05      10.3195     -312.082     -1.00613      11393.3      57.6759 -7.73325e-06     -5.04765  -0.00106554     -15.0645       26.277
