    55.0714   0.0143754     2.16821     16.5465   -0.456086    0.203136     23.2273     27.0602   0.0821414    -1.19241     17.3623    0.265052     4.49154    -6.69777     1.99262
  0.0143754  0.00585215   0.0657049  -0.0192699 -0.00317534  0.00048303   0.0214242   0.0192604  0.00682042 0.000462187   0.0481712 -0.00047754  -0.0160278  -0.0282216  -0.0183534
    2.16821   0.0657049     83.5558    -5.03499    -2.76307   -0.223296   -0.197836     9.10018     2.76889   -0.452369     -5.6348    0.264241     9.91213    -5.99393    -3.51033
    16.5465  -0.0192699    -5.03499     41.4462    -1.54284   -0.164442     12.5839     11.9287     1.24014    0.906349    -3.70895    0.271762     5.49602     9.19821    -1.74219
  -0.456086 -0.00317534    -2.76307    -1.54284      9.3762  -0.0241336     0.19075   -0.517474   -0.860284   -0.407147  -0.0176731  0.00318336   -0.456999    0.791098    0.937771
   0.203136  0.00048303   -0.223296   -0.164442  -0.0241336    0.581366   -0.160983  -0.0908171   0.0902923  -0.0212184    0.537118  -0.0160059    0.258896   -0.411246   -0.177203
    23.2273   0.0214242   -0.197836     12.5839     0.19075   -0.160983     28.3048     12.8813    -2.11975    -1.12375     7.34525    0.175074    -17.1784     14.1394     4.60299
    27.0602   0.0192604     9.10018     11.9287   -0.517474  -0.0908171     12.8813      27.748    -1.11799   -0.299839    -3.81264    0.268041     14.6355    -7.53745    -2.69389
  0.0821414  0.00682042     2.76889     1.24014   -0.860284   0.0902923    -2.11975    -1.11799     23.1514    0.201953    0.682563  0.00599972     2.19544    -0.73931    -1.71005
   -1.19241 0.000462187   -0.452369    0.906349   -0.407147  -0.0212184    -1.12375   -0.299839    0.201953     22.5584      1.0938  0.00551842      -2.309    -3.24678    -1.60855
    17.3623   0.0481712     -5.6348    -3.70895  -0.0176731    0.537118     7.34525    -3.81264    0.682563      1.0938     37.9996   0.0050071    -17.2725    -14.4983    -8.41547
   0.265052 -0.00047754    0.264241    0.271762  0.00318336  -0.0160059    0.175074    0.268041  0.00599972  0.00551842   0.0050071    0.180868   0.0432086  -0.0822641  -0.0510075
    4.49154  -0.0160278     9.91213     5.49602   -0.456999    0.258896    -17.1784     14.6355     2.19544      -2.309    -17.2725   0.0432086     63.6507    -10.2487    -8.26778
   -6.69777  -0.0282216    -5.99393     9.19821    0.791098   -0.411246     14.1394    -7.53745    -0.73931    -3.24678    -14.4983  -0.0822641    -10.2487     40.6596     14.8149
    1.99262  -0.0183534    -3.51033    -1.74219    0.937771   -0.177203     4.60299    -2.69389    -1.71005    -1.60855    -8.41547  -0.0510075    -8.26778     14.8149     14.8801
