     42.0233     -1.87339      3.05074     -1.50429   0.00334454 -1.87966e-05      -16.272      925.402     -0.16703     -13675.9     -288.453 -2.88103e-06      4.44168 -0.000302614     -4.86858      11.7188
    -1.87339      929.655     -61.8773    -0.188682            0 -2.84308e-05     -3.47839       210488     -0.81514            0     -3429.03            0     -8.50162    0.0010344      11.4924     -12.9076
     3.05074     -61.8773      289.135    -0.735045   -0.0118288 -6.05648e-05     -1.67076       2731.2      0.38573     -41417.3     -320.696  -0.00019246      7.87627  1.08655e-05   -0.0459918     -2.78213
    -1.50429    -0.188682    -0.735045      1.20072  0.000229071  5.87883e-06    -0.399582     -3139.85    0.0453908       3925.1      40.2406  6.37997e-06    0.0505863 -8.18815e-06     0.968303    -0.927888
  0.00334454            0   -0.0118288  0.000229071  3.11895e-05 -3.04162e-09 -0.000822992     -15.7476  9.48354e-05      12.3496    -0.208582 -1.10296e-08  -0.00282149 -2.39027e-07  -0.00145803   0.00270876
-1.87966e-05 -2.84308e-05 -6.05648e-05  5.87883e-06 -3.04162e-09   6.1498e-08  2.14039e-05     0.377557 -3.15215e-05      47.9226    -0.033887  8.66084e-10 -0.000134783 -2.28674e-09  1.93546e-05  2.22431e-05
     -16.272     -3.47839     -1.67076    -0.399582 -0.000822992  2.14039e-05      30.8257      2392.62    -0.272709        14790     -39.9821  9.13839e-05      -7.3734  6.91409e-05     -10.6099      10.6492
     925.402       210488       2731.2     -3139.85     -15.7476     0.377557      2392.62  1.00148e+10     -2283.95  5.57207e+08 -7.93667e+07    0.0789469     -5036.97    -0.642394      442.385      -2078.1
    -0.16703     -0.81514      0.38573    0.0453908  9.48354e-05 -3.15215e-05    -0.272709     -2283.95      4.05118       -23914     -61.3939  4.23975e-06      1.28772 -7.07127e-05      0.46901    -0.850562
    -13675.9            0     -41417.3       3925.1      12.3496      47.9226        14790  5.57207e+08       -23914  3.94018e+10 -2.92853e+07   -0.0814994     -77700.6     -2.75897       3639.6      11587.6
    -288.453     -3429.03     -320.696      40.2406    -0.208582    -0.033887     -39.9821 -7.93667e+07     -61.3939 -2.92853e+07  2.50373e+06 -0.000962522      33.4175     0.116969      60.7005      156.155
-2.88103e-06            0  -0.00019246  6.37997e-06 -1.10296e-08  8.66084e-10  9.13839e-05    0.0789469  4.23975e-06   -0.0814994 -0.000962522  6.82779e-08  8.38333e-05  1.46966e-08 -4.44731e-05 -5.96017e-06
     4.44168     -8.50162      7.87627    0.0505863  -0.00282149 -0.000134783      -7.3734     -5036.97      1.28772     -77700.6      33.4175  8.38333e-05      70.0153 -0.000704213     -4.37765      -5.4217
-0.000302614    0.0010344  1.08655e-05 -8.18815e-06 -2.39027e-07 -2.28674e-09  6.91409e-05    -0.642394 -7.07127e-05     -2.75897     0.116969  1.46966e-08 -0.000704213  1.69519e-06  0.000370233 -0.000268167
    -4.86858      11.4924   -0.0459918     0.968303  -0.00145803  1.93546e-05     -10.6099      442.385      0.46901       3639.6      60.7005 -4.44731e-05     -4.37765  0.000370233      17.9134     -14.7005
     11.7188     -12.9076     -2.78213    -0.927888   0.00270876  2.22431e-05      10.6492      -2078.1    -0.850562      11587.6      156.155 -5.96017e-06      -5.4217 -0.000268167     -14.7005      26.2438
