     2048.25    0.0857282      12.1806      20.7461     0.735137      15.7699    -0.444189     -1.33043      119.464            0    -0.111806            0     -19.4123       337789     -30.2611     -92.8822
   0.0857282    0.0360907     0.150082     -0.43847  -0.00154969    0.0691406    0.0010866    0.0021347   0.00610416  0.000958331 -0.000615364     0.818954    -0.102009     -1469.14     0.136785    0.0830317
     12.1806     0.150082      50.1574      -8.0129     0.186188      9.59872   -0.0135164      18.6544     0.607794    -0.430142     0.620143      654.406     -24.1621      29056.7      7.95165     -145.525
     20.7461     -0.43847      -8.0129      2252.57     0.550547     -21.4513     0.148352      13.6622     -3.37814     -1.69527     -8.50789     -4480.24       13.834      -176860     -9.77779      157.029
    0.735137  -0.00154969     0.186188     0.550547     0.395898    0.0867368   -0.0042516    0.0571529   -0.0140702   0.00360771  -0.00237885    -0.868283    -0.212453     -4621.11    -0.136611      2.27179
     15.7699    0.0691406      9.59872     -21.4513    0.0867368       51.488    0.0135363     -1.24417      1.68101    -0.468686    -0.701733     -629.799     -7.11223      -164960     -5.52812      185.565
   -0.444189    0.0010866   -0.0135164     0.148352   -0.0042516    0.0135363    0.0392552    0.0124641    0.0213366   0.00173927  -0.00965168      7.68033     0.111758     -306.177   0.00115611      3.40709
    -1.33043    0.0021347      18.6544      13.6622    0.0571529     -1.24417    0.0124641      25.6172     0.339668     -0.25411   -0.0934806      504.038      5.36004      59494.1     -6.74468     -136.207
     119.464   0.00610416     0.607794     -3.37814   -0.0140702      1.68101    0.0213366     0.339668      10.0583     0.122183     0.117816      187.282     -1.06341     -66410.1     -3.08359     -16.9919
           0  0.000958331    -0.430142     -1.69527   0.00360771    -0.468686   0.00173927     -0.25411     0.122183     0.451247   -0.0504987            0   -0.0804876            0    -0.222912            0
   -0.111806 -0.000615364     0.620143     -8.50789  -0.00237885    -0.701733  -0.00965168   -0.0934806     0.117816   -0.0504987      5.58366     -168.373    -0.780577       2615.2      1.87457     -7.09787
           0     0.818954      654.406     -4480.24    -0.868283     -629.799      7.68033      504.038      187.282            0     -168.373  1.67949e+06     -664.956            0     -793.797      3831.83
    -19.4123    -0.102009     -24.1621       13.834    -0.212453     -7.11223     0.111758      5.36004     -1.06341   -0.0804876    -0.780577     -664.956       43.494     -52409.5      1.94047     -22.4696
      337789     -1469.14      29056.7      -176860     -4621.11      -164960     -306.177      59494.1     -66410.1            0       2615.2            0     -52409.5  1.02332e+11      -126635  1.75204e+06
    -30.2611     0.136785      7.95165     -9.77779    -0.136611     -5.52812   0.00115611     -6.74468     -3.08359    -0.222912      1.87457     -793.797      1.94047      -126635       61.785     -290.541
    -92.8822    0.0830317     -145.525      157.029      2.27179      185.565      3.40709     -136.207     -16.9919            0     -7.09787      3831.83     -22.4696  1.75204e+06     -290.541      96311.1
