     1731.96    0.0824639      11.1917      17.0734     0.693147      14.5217     -0.42772     -1.22585       128.32            0    -0.103276            0     -17.8568       292652     -27.8293     -75.2624
   0.0824639    0.0394938     0.157092    -0.427528  -0.00166188    0.0723277   0.00119027   0.00218992   0.00745892   0.00100362 -0.000646602     0.811066    -0.106815     -1448.29     0.143078    0.0765522
     11.1917     0.157092      50.1703     -7.62676     0.191152      9.61617   -0.0145167      18.6554     0.710174    -0.430457     0.625629       620.43     -24.2534      27443.1      7.96949     -128.487
     17.0734    -0.427528     -7.62676      1910.35      0.51573     -21.1254     0.145608      13.5698     -3.65575     -1.55789      -7.8872     -3883.06      13.9906      -148003     -9.65413      121.946
    0.693147  -0.00166188     0.191152      0.51573     0.416092     0.089116  -0.00456417    0.0586593   -0.0168436   0.00370271  -0.00244886    -0.843089    -0.217935     -4462.87    -0.140052      2.05228
     14.5217    0.0723277      9.61617     -21.1254     0.089116      51.5088    0.0140605     -1.25455      1.96571    -0.468976    -0.704946     -595.696     -7.17995      -155393     -5.57318      163.662
    -0.42772   0.00119027   -0.0145167     0.145608  -0.00456417    0.0140605    0.0430448    0.0129131    0.0260996   0.00182338    -0.010152      7.61266     0.117034     -302.949   0.00118127      3.14392
    -1.22585   0.00218992      18.6554      13.5698    0.0586593     -1.25455    0.0129131      25.6195     0.397072    -0.254092   -0.0932733      477.655      5.32344      56132.3     -6.75259     -120.062
      128.32   0.00745892     0.710174     -3.65575   -0.0168436      1.96571    0.0260996     0.397072      13.7242     0.142882     0.138224      207.125     -1.24334     -73100.1     -3.60252     -17.4906
           0   0.00100362    -0.430457     -1.55789   0.00370271    -0.468976   0.00182338    -0.254092     0.142882     0.452272    -0.050781            0   -0.0800031            0    -0.222929            0
   -0.103276 -0.000646602     0.625629      -7.8872  -0.00244886    -0.704946    -0.010152   -0.0932733     0.138224    -0.050781      5.63364     -160.132    -0.784112      2473.09      1.88339     -6.28291
           0     0.811066       620.43     -3883.06    -0.843089     -595.696      7.61266      477.655      207.125            0     -160.132  1.50543e+06     -629.491            0     -751.228      3195.73
    -17.8568    -0.106815     -24.2534      13.9906    -0.217935     -7.17995     0.117034      5.32344     -1.24334   -0.0800031    -0.784112     -629.491      43.5136     -49305.6      1.93008     -19.7517
      292652     -1448.29      27443.1      -148003     -4462.87      -155393     -302.949      56132.3     -73100.1            0      2473.09            0     -49305.6  9.08704e+10      -119229  1.45486e+06
    -27.8293     0.143078      7.96949     -9.65413    -0.140052     -5.57318   0.00118127     -6.75259     -3.60252    -0.222929      1.88339     -751.228      1.93008      -119229      61.7893     -256.099
    -75.2624    0.0765522     -128.487      121.946      2.05228      163.662      3.14392     -120.062     -17.4906            0     -6.28291      3195.73     -19.7517  1.45486e+06     -256.099      74792.1
