    2.08926   0.0200162     0.32128   -0.183755   0.0834812    0.494951   -0.148063  -0.0856212     2339.97           0 -8.1509e-05           0   -0.631115     15.8058   -0.889779   -0.149691
  0.0200162     1.70859     1.10465   -0.799847  -0.0354277    0.438515   0.0597562   0.0167455     114.981  0.00732451 -0.00821219    0.453581   -0.765884     -16.442    0.975217   -0.754034
    0.32128     1.10465     53.9971    -7.58089    0.613362     10.8584   -0.369593     19.0631     7.62751   -0.463535     1.04503     55.2974    -31.2097     53.8985     10.6806    -28.6271
  -0.183755   -0.799847    -7.58089      38.917  -0.0559963    -22.1367    0.632589     15.6308     2.15894  -0.0535873    -1.49416     4.46903     21.4115     131.005    -11.6886     6.78508
  0.0834812  -0.0354277    0.613362  -0.0559963     4.02248    0.367805  -0.0973795     0.17131    -140.965   0.0129373  -0.0164624   -0.209711    -0.70345    -22.8673   -0.354869  -0.0310028
   0.494951    0.438515     10.8584    -22.1367    0.367805     55.5416    0.337646   -0.821407     20.0011    -0.54304    -1.31718    -51.0688    -12.2855    -266.355    -8.08906       -40.7
  -0.148063   0.0597562   -0.369593    0.632589  -0.0973795    0.337646     3.17808   0.0230319     126.343   0.0177464   -0.152026     4.02033     1.10435    -6.28587   -0.142183    -0.74136
 -0.0856212   0.0167455     19.0631     15.6308     0.17131   -0.821407   0.0230319     27.8123   -0.726613   -0.257845   0.0847013     44.3224     2.68832     106.731    -7.40809    -23.9201
    2339.97     114.981     7.62751     2.15894    -140.965     20.0011     126.343   -0.726613 4.75106e+06     108.974     49.5367       14185    -17.4506      -68305    -43.0697     -1.4104
          0  0.00732451   -0.463535  -0.0535873   0.0129373    -0.54304   0.0177464   -0.257845     108.974    0.535122  -0.0755351           0  -0.0238612           0   -0.246427    0.821611
-8.1509e-05 -0.00821219     1.04503    -1.49416  -0.0164624    -1.31718   -0.152026   0.0847013     49.5367  -0.0755351     11.9931    -18.1267    -1.05908      5.1576     2.83329   0.0541918
          0    0.453581     55.2974     4.46903   -0.209711    -51.0688     4.02033     44.3224       14185           0    -18.1267     9967.41    -48.8218           0     -61.619     27.7223
  -0.631115   -0.765884    -31.2097     21.4115    -0.70345    -12.2855     1.10435     2.68832    -17.4506  -0.0238612    -1.05908    -48.8218       48.36    -71.3986     1.25821     -8.3711
    15.8058     -16.442     53.8985     131.005    -22.8673    -266.355    -6.28587     106.731      -68305           0      5.1576           0    -71.3986      265352    -199.169     238.537
  -0.889779    0.975217     10.6806    -11.6886   -0.354869    -8.08906   -0.142183    -7.40809    -43.0697   -0.246427     2.83329     -61.619     1.25821    -199.169     65.5887    -7.17549
  -0.149691   -0.754034    -28.6271     6.78508  -0.0310028       -40.7    -0.74136    -23.9201     -1.4104    0.821611   0.0541918     27.7223     -8.3711     238.537    -7.17549     73.2351
