     3.40484    0.0462548     0.398619    -0.244552     0.157215     0.642926    -0.407241    -0.109803      570.006            0 -7.80647e-05            0    -0.819503      1.85486     -1.12706    -0.130619
   0.0462548      5.59645      2.04344     -1.52284   -0.0945754     0.792834     0.233241    0.0439807      39.8012    0.0136269   -0.0175224     0.325328     -1.40936     -2.73683      1.80018      -1.4029
    0.398619      2.04344      54.3294     -10.1175     0.908456      12.0911    -0.891107        19.14      2.67605    -0.474388      1.34264      21.7887      -32.831      4.70606       12.258     -29.7183
   -0.244552     -1.52284     -10.1175      39.9986    -0.105259     -22.9078      1.36067      14.9715     0.948209   -0.0324149     -1.78615      2.17296      22.1916      12.4902     -13.1234       8.7537
    0.157215   -0.0945754     0.908456    -0.105259      8.75375     0.575297    -0.309966     0.264485     -39.9491    0.0196159   -0.0289427    -0.122821     -1.05363     -3.10767    -0.522747   -0.0826118
    0.642926     0.792834      12.0911     -22.9078     0.575297      55.7713     0.679615     -0.19645      4.92051    -0.557986     -1.56842     -19.6061     -14.3272      -23.369     -8.77914     -41.3955
   -0.407241     0.233241    -0.891107      1.36067    -0.309966     0.679615      14.7921   -0.0164126      51.8155    0.0393481    -0.386294      3.44004      2.37255     -1.07553    -0.318706     -1.54538
   -0.109803    0.0439807        19.14      14.9715     0.264485     -0.19645   -0.0164126      28.0862      1.18934    -0.260379     0.144497      18.0844      1.32719      10.3308     -7.52486     -24.3611
     570.006      39.8012      2.67605     0.948209     -39.9491      4.92051      51.8155      1.18934       172606      21.3622      11.4242      1068.46     -3.61285     -1220.38     -8.78997     -3.86484
           0    0.0136269    -0.474388   -0.0324149    0.0196159    -0.557986    0.0393481    -0.260379      21.3622      0.56548     -0.09147            0  -0.00392716            0    -0.252379     0.859982
-7.80647e-05   -0.0175224      1.34264     -1.78615   -0.0289427     -1.56842    -0.386294     0.144497      11.4242     -0.09147      16.6507     -8.46651     -1.23936     0.552209      3.37713    0.0548679
           0     0.325328      21.7887      2.17296    -0.122821     -19.6061      3.44004      18.0844      1068.46            0     -8.46651      1565.81     -19.0321            0     -23.8055      10.5992
   -0.819503     -1.40936      -32.831      22.1916     -1.05363     -14.3272      2.37255      1.32719     -3.61285  -0.00392716     -1.23936     -19.0321      49.0174     -5.78914     0.971071      -6.1566
     1.85486     -2.73683      4.70606      12.4902     -3.10767      -23.369     -1.07553      10.3308     -1220.38            0     0.552209            0     -5.78914      2240.75     -19.0476      20.8352
    -1.12706      1.80018       12.258     -13.1234    -0.522747     -8.77914    -0.318706     -7.52486     -8.78997    -0.252379      3.37713     -23.8055     0.971071     -19.0476      65.7989     -8.03004
   -0.130619      -1.4029     -29.7183       8.7537   -0.0826118     -41.3955     -1.54538     -24.3611     -3.86484     0.859982    0.0548679      10.5992      -6.1566      20.8352     -8.03004      74.7158
