    13.8627   0.0262124     1.02133   -0.478076    0.130209      1.3909   -0.161565   -0.114758     1102.57           0  -0.0104326           0    -1.66935     488.046    -2.50653   -0.641812
  0.0262124    0.512545    0.588269   -0.428977  -0.0123908    0.252923   0.0154121  0.00932971     2.59909  0.00372693 -0.00356483    0.598177   -0.401849    -101.175    0.521761   -0.467021
    1.02133    0.588269     52.1091    -5.92783    0.412884     10.0647    -0.12954     18.7808     93.0751   -0.442577    0.838136     134.603    -28.3925     571.227     9.21147    -22.1299
  -0.478076   -0.428977    -5.92783     40.1236  -0.0276261    -22.0381    0.263059     15.4238    -113.944   -0.074842    -1.34884     2.81109     20.1506     1408.01    -10.7911     8.46096
   0.130209  -0.0123908    0.412884  -0.0276261     1.84182    0.200781   -0.033695    0.115837    -2.84379  0.00827863  -0.0053784   -0.350002   -0.474705    -177.394   -0.255681     0.10719
     1.3909    0.252923     10.0647    -22.0381    0.200781     53.9737    0.116045     -1.0096     187.968   -0.506624   -0.989255    -126.543     -10.061    -3021.82    -7.26156    -31.8909
  -0.161565   0.0154121    -0.12954    0.263059   -0.033695    0.116045    0.659588   0.0304627      8.4748  0.00734404  -0.0561227     5.78822    0.480363    -29.2547  -0.0532592   -0.181379
  -0.114758  0.00932971     18.7808     15.4238    0.115837     -1.0096   0.0304627      26.778     34.5062   -0.255215   0.0202798     103.346     3.91801     1139.88    -7.09789    -19.0131
    1102.57     2.59909     93.0751    -113.944    -2.84379     187.968      8.4748     34.5062      127511     14.9002     20.1528     4402.52    -142.141     -130128    -305.465    -159.537
          0  0.00372693   -0.442577   -0.074842  0.00827863   -0.506624  0.00734404   -0.255215     14.9002    0.496254  -0.0620439           0  -0.0491475           0   -0.234804    0.544688
 -0.0104326 -0.00356483    0.838136    -1.34884  -0.0053784   -0.989255  -0.0561227   0.0202798     20.1528  -0.0620439     8.45437     -38.272   -0.893154      47.727     2.34992    -0.87154
          0    0.598177     134.603     2.81109   -0.350002    -126.543     5.78822     103.346     4402.52           0     -38.272     63078.3    -127.254           0    -153.679     83.2576
   -1.66935   -0.401849    -28.3925     20.1506   -0.474705     -10.061    0.480363     3.91801    -142.141  -0.0491475   -0.893154    -127.254      46.198    -872.206     1.54622    -9.94684
    488.046    -101.175     571.227     1408.01    -177.394    -3021.82    -29.2547     1139.88     -130128           0      47.727           0    -872.206 3.36064e+07     -2232.4     2560.77
   -2.50653    0.521761     9.21147    -10.7911   -0.255681    -7.26156  -0.0532592    -7.09789    -305.465   -0.234804     2.34992    -153.679     1.54622     -2232.4     63.7202    -5.42359
  -0.641812   -0.467021    -22.1299     8.46096     0.10719    -31.8909   -0.181379    -19.0131    -159.537    0.544688    -0.87154     83.2576    -9.94684     2560.77    -5.42359     99.1144
