      30.884   -0.0168828   -0.0797999     -7.81139     0.786114     -0.16154      -4.1756 -0.000230842     -11.6068   -0.0039402 -0.000261946  4.03181e-05  -0.00135999      4.39561     -5.81218
  -0.0168828   0.00158999  -0.00665002    0.0451143  0.000105025  0.000595011    0.0149125 -7.58517e-06   -0.0101745  1.75116e-05  4.22351e-07   8.8454e-08 -0.000106264   -0.0302891   0.00925407
  -0.0797999  -0.00665002      82.9909    0.0794355     -1.39591   0.00673451     -3.08343   0.00565306      1.07755   0.00012971 -0.000179987 -2.23274e-06  -0.00401652      31.8951      2.79719
    -7.81139    0.0451143    0.0794355      67.1512  0.000394125     0.309706     -6.99187  -0.00947982       -18.63   0.00484549  0.000325012  3.70297e-05   -0.0875513     -24.4261      4.38772
    0.786114  0.000105025     -1.39591  0.000394125      8.41255   0.00251692    0.0488906 -0.000695578    -0.524557 -0.000111474            0 -1.48913e-05  -0.00780373      1.81713    -0.693822
    -0.16154  0.000595011   0.00673451     0.309706   0.00251692     0.101588    0.0656852  4.26644e-05 -0.000218667 -0.000148941  4.05765e-06  1.91443e-06 -0.000833835     0.169663    -0.238443
     -4.1756    0.0149125     -3.08343     -6.99187    0.0488906    0.0656852      48.0021 -0.000155453     -14.2653   -0.0021022 -4.83444e-05 -4.65779e-05   -0.0294546     -14.5602     -7.46417
-0.000230842 -7.58517e-06   0.00565306  -0.00947982 -0.000695578  4.26644e-05 -0.000155453  0.000191847   0.00385909 -5.01208e-06 -1.97453e-07 -5.79194e-08   3.0929e-05   0.00577641    0.0027929
    -11.6068   -0.0101745      1.07755       -18.63    -0.524557 -0.000218667     -14.2653   0.00385909      35.1423    0.0023043  0.000112563  7.55789e-06    0.0714778      18.0862     -1.02069
  -0.0039402  1.75116e-05   0.00012971   0.00484549 -0.000111474 -0.000148941   -0.0021022 -5.01208e-06    0.0023043  0.000130948  1.88533e-07 -8.08606e-08  -1.8693e-05   -0.0121704  -0.00120139
-0.000261946  4.22351e-07 -0.000179987  0.000325012            0  4.05765e-06 -4.83444e-05 -1.97453e-07  0.000112563  1.88533e-07  1.78158e-07 -3.18534e-10 -9.28441e-07    0.0013784 -0.000219609
 4.03181e-05   8.8454e-08 -2.23274e-06  3.70297e-05 -1.48913e-05  1.91443e-06 -4.65779e-05 -5.79194e-08  7.55789e-06 -8.08606e-08 -3.18534e-10  5.72172e-09 -1.16914e-08 -1.39052e-05 -1.40901e-05
 -0.00135999 -0.000106264  -0.00401652   -0.0875513  -0.00780373 -0.000833835   -0.0294546   3.0929e-05    0.0714778  -1.8693e-05 -9.28441e-07 -1.16914e-08    0.0176789     0.099314   -0.0469223
     4.39561   -0.0302891      31.8951     -24.4261      1.81713     0.169663     -14.5602   0.00577641      18.0862   -0.0121704    0.0013784 -1.39052e-05     0.099314      1068.56     -7.86609
    -5.81218   0.00925407      2.79719      4.38772    -0.693822    -0.238443     -7.46417    0.0027929     -1.02069  -0.00120139 -0.000219609 -1.40901e-05   -0.0469223     -7.86609      27.7317
