     6.92585   -0.0113113     0.698153    -0.489093     0.418352      1.08836     0.524775    -0.141927       148.34 -4.79498e-14  0.000403302            0     -1.22618     0.586286     -1.81775    0.0419728
  -0.0113113      20.8759      3.95887     -3.72784    -0.364484       1.7618   -0.0619933    0.0613711      8.92847    0.0263365      0.13329     0.351744     -2.82619     -1.97688      3.42484      -3.2928
    0.698153      3.95887      58.7568      -14.954     0.799854      14.7602      2.85465      21.5109      5.57307    -0.525612      1.90916      7.59313     -36.3864     -8.36446      15.0922     -34.5766
   -0.489093     -3.72784      -14.954      45.7857    -0.810565     -25.2161      6.44131      14.5785      3.38475    0.0112487     -2.43377     0.594524      23.9692      2.50208     -16.7402      14.9775
    0.418352    -0.364484     0.799854    -0.810565      30.7658       3.0272     0.668916    -0.812291     -19.8613   -0.0209962    -0.261471    -0.377809     -2.32301     -1.22005     -1.17214     0.347259
     1.08836       1.7618      14.7602     -25.2161       3.0272      60.1285      18.9078      1.28159      6.46619     -0.62694     -2.05613      -7.1664     -16.9213     -6.74343     -10.5215     -44.2316
    0.524775   -0.0619933      2.85465      6.44131     0.668916      18.9078      28.4129      8.00116     0.485045    -0.307727     -2.80933      1.06065      6.75669      7.84169     -21.2296      -22.665
   -0.141927    0.0613711      21.5109      14.5785    -0.812291      1.28159      8.00116      30.5341      6.43507    -0.286151     0.220308      6.75191    -0.044434      2.00959     -7.99458     -27.0988
      148.34      8.92847      5.57307      3.38475     -19.8613      6.46619     0.485045      6.43507      5471.45      4.70265     -4.05772      60.4057     -3.58786      4.65995     -12.8786     -7.31794
-4.79498e-14    0.0263365    -0.525612    0.0112487   -0.0209962     -0.62694    -0.307727    -0.286151      4.70265     0.617762    -0.112316            0    0.0276636     0.465255    -0.251283     0.906784
 0.000403302      0.13329      1.90916     -2.43377    -0.261471     -2.05613     -2.80933     0.220308     -4.05772    -0.112316      25.3313     -3.81241     -1.53637       -2.147      4.29248    -0.197639
           0     0.351744      7.59313     0.594524    -0.377809      -7.1664      1.06065      6.75191      60.4057            0     -3.81241      198.609     -7.34281      10.5455     -8.61228      3.21254
    -1.22618     -2.82619     -36.3864      23.9692     -2.32301     -16.9213      6.75669    -0.044434     -3.58786    0.0276636     -1.53637     -7.34281      53.2807    -0.231816     0.384525     -3.75785
    0.586286     -1.97688     -8.36446      2.50208     -1.22005     -6.74343      7.84169      2.00959      4.65995     0.465255       -2.147      10.5455    -0.231816      46.4669     -44.4202      14.3056
    -1.81775      3.42484      15.0922     -16.7402     -1.17214     -10.5215     -21.2296     -7.99458     -12.8786    -0.251283      4.29248     -8.61228     0.384525     -44.4202      70.8083       -10.67
   0.0419728      -3.2928     -34.5766      14.9775     0.347259     -44.2316      -22.665     -27.0988     -7.31794     0.906784    -0.197639      3.21254     -3.75785      14.3056       -10.67      80.9166
