    157.714   0.0473149     3.34222   0.0665478    0.299561     4.46881   -0.249431   -0.380117     356.747           0  -0.0332412           0    -5.42315       18954    -8.40407    -3.72683
  0.0473149    0.143037    0.301658   -0.353454 -0.00450665    0.137405  0.00437687  0.00315414     0.13089  0.00194042 -0.00131115    0.704734   -0.206857    -593.009    0.272203   0.0240747
    3.34222    0.301658     50.3912    -5.29584    0.277941     9.81205  -0.0377404     18.6129     6.54059   -0.433922    0.709055     288.945    -25.7229     6084.16     8.32046    -21.6448
  0.0665478   -0.353454    -5.29584      194.87    0.168475    -20.8202    0.138614      14.172    -12.6852   -0.437603    -2.80121    -433.344     17.3489     2278.29    -9.62432    -3.00234
   0.299561 -0.00450665    0.277941    0.168475    0.846596    0.131452  -0.0125733   0.0854591   -0.219877    0.005368 -0.00369964   -0.551238   -0.314374    -1357.42   -0.199636    0.480457
    4.46881    0.137405     9.81205    -20.8202    0.131452     51.7904   0.0235191    -1.32429     18.3945   -0.472757   -0.751711        -268    -8.24815    -33200.7    -6.26738     27.1911
  -0.249431  0.00437687  -0.0377404    0.138614  -0.0125733   0.0235191    0.160674   0.0202978    0.464987  0.00358274  -0.0209038      6.7185     0.22623    -135.217  0.00170697    0.997241
  -0.380117  0.00315414     18.6129      14.172   0.0854591    -1.32429   0.0202978     25.6894     3.71316   -0.253618   -0.087219     221.378     4.65368     12292.2    -6.83126    -19.8309
    356.747     0.13089     6.54059    -12.6852   -0.219877     18.3945    0.464987     3.71316     1165.03     1.33819     1.35896     872.572    -11.6398     -144839    -33.2636    -26.4776
          0  0.00194042   -0.433922   -0.437603    0.005368   -0.472757  0.00358274   -0.253618     1.33819    0.467257   -0.054992           0  -0.0713655           0   -0.223487           0
 -0.0332412 -0.00131115    0.709055    -2.80121 -0.00369964   -0.751711  -0.0209038   -0.087219     1.35896   -0.054992     6.39842     -78.007   -0.837514     555.877     2.01401    -1.10081
          0    0.704734     288.945    -433.344   -0.551238        -268      6.7185     221.378     872.572           0     -78.007      314591     -288.22           0    -340.403     239.447
   -5.42315   -0.206857    -25.7229     17.3489   -0.314374    -8.24815     0.22623     4.65368    -11.6398  -0.0713655   -0.837514     -288.22     43.9328    -10334.7     1.76203    -3.07957
      18954    -593.009     6084.16     2278.29    -1357.42    -33200.7    -135.217     12292.2     -144839           0     555.877           0    -10334.7  4.2028e+09    -25235.7     51300.2
   -8.40407    0.272203     8.32046    -9.62432   -0.199636    -6.26738  0.00170697    -6.83126    -33.2636   -0.223487     2.01401    -340.403     1.76203    -25235.7     61.8382    -42.2577
   -3.72683   0.0240747    -21.6448    -3.00234    0.480457     27.1911    0.997241    -19.8309    -26.4776           0    -1.10081     239.447    -3.07957     51300.2    -42.2577      2019.6
