     1031.42    -0.252453      5.13813      244.397     -1.36822     -1.35451            0      89833.1            0   0.00212951     0.157057     -4.99104    -0.920626     -4.05058     0.195454
   -0.252453      0.07378   -0.0486252     -1.03684            0   0.00875799      31.7575      -308.79      340.645  7.17177e-05 -0.000109517   0.00288832   0.00322595    0.0552559  -0.00323558
     5.13813   -0.0486252        21228     -112.208      5.21558      19.5434            0      -232161            0   -0.0269135    -0.352709     -2.78223      11.1249      1.26175      1.63146
     244.397     -1.03684     -112.208      25217.1     -6.58952      1.64866            0      -246125 -1.17162e+06   -0.0130927     -0.95627     -154.634      23.8713      21.9629    -0.533577
    -1.36822            0      5.21558     -6.58952       10.594    -0.212674     -945.721            0       3857.2  7.43676e-05    0.0186048     0.241724  -0.00101226    -0.768171    0.0140761
    -1.35451   0.00875799      19.5434      1.64866    -0.212674      3.50576       116.98     -138.348      4139.96 -0.000212183   0.00196518    -0.206248     0.188921     -0.37487   -0.0081461
           0      31.7575            0            0     -945.721       116.98  1.09074e+08            0            0     0.070235     -133.702     -1176.31     -178.418     -526.563     -28.6613
     89833.1      -308.79      -232161      -246125            0     -138.348            0  1.65561e+10 -3.62166e+08     -11.8879      144.752       -13935      1387.02     -35080.8     -391.262
           0      340.645            0 -1.17162e+06       3857.2      4139.96            0 -3.62166e+08   3.7778e+10     -17.8511     -1494.34      10185.5      -332485       807520      533.733
  0.00212951  7.17177e-05   -0.0269135   -0.0130927  7.43676e-05 -0.000212183     0.070235     -11.8879     -17.8511  6.03441e-06 -4.13518e-05  0.000905222  0.000122291  0.000268812 -6.35569e-05
    0.157057 -0.000109517    -0.352709     -0.95627    0.0186048   0.00196518     -133.702      144.752     -1494.34 -4.13518e-05     0.215402   -0.0706385   0.00131497    -0.132615 -0.000290157
    -4.99104   0.00288832     -2.78223     -154.634     0.241724    -0.206248     -1176.31       -13935      10185.5  0.000905222   -0.0706385      63.6539    -0.476756     0.393801    -0.113951
   -0.920626   0.00322595      11.1249      23.8713  -0.00101226     0.188921     -178.418      1387.02      -332485  0.000122291   0.00131497    -0.476756      5.08602     0.378037   0.00621672
    -4.05058    0.0552559      1.26175      21.9629    -0.768171     -0.37487     -526.563     -35080.8       807520  0.000268812    -0.132615     0.393801     0.378037      72.7599     0.109523
    0.195454  -0.00323558      1.63146    -0.533577    0.0140761   -0.0081461     -28.6613     -391.262      533.733 -6.35569e-05 -0.000290157    -0.113951   0.00621672     0.109523     0.217442
