 1.33968e+07      1939.59      601.799      256.645 -6.60447e+06      4519.48      -1559.5      18.2071      2085.18       2576.8     -1289.07      208.241    -0.126617     -84.8856        35384     -11165.2
     1939.59     0.483198   -0.0133799   -0.0766995            0    -0.701717    0.0480712   -0.0198298   -0.0529308     0.132038   0.00958003    -0.107613  8.03126e-06  -0.00663822     0.408913     -3.19741
     601.799   -0.0133799      2.15036   -0.0456507            0     0.538115    0.0594369     0.176043     0.580464     0.541766    -0.275448     0.032613  4.75812e-05    0.0481678      5.17771    -0.505041
     256.645   -0.0766995   -0.0456507      2.98844            0      1.75577    0.0633214   -0.0197335    -0.291944     -0.25504    0.0607162      0.61386  4.71285e-05   -0.0677431     0.520421     0.122221
-6.60447e+06            0            0            0  2.83836e+10      -125208            0      -902611      -137648      13191.7     -11512.6     -6889.86     -2.37693            0            0            0
     4519.48    -0.701717     0.538115      1.75577      -125208      829.928      -4.4863      8.38796     -3.91009     -3.61328     -3.79724    -0.632287 -4.47208e-06     0.585693     -88.0817    -0.909128
     -1559.5    0.0480712    0.0594369    0.0633214            0      -4.4863      31.0621        0.638    -0.953611     -1.68803    -0.134513      2.88414  0.000382549   -0.0243346     -20.4075      6.56267
     18.2071   -0.0198298     0.176043   -0.0197335      -902611      8.38796        0.638      44.0813     -2.50028    -0.541915     0.519182      2.06986 -2.40967e-05            0            0            0
     2085.18   -0.0529308     0.580464    -0.291944      -137648     -3.91009    -0.953611     -2.50028      215.467      92.3404     -1.83445      1.61928 -0.000423467   -0.0782749      88.2549      1.22833
      2576.8     0.132038     0.541766     -0.25504      13191.7     -3.61328     -1.68803    -0.541915      92.3404      91.5939    -0.359824    -0.591981  0.000144795    -0.217066      52.2383     -4.56135
    -1289.07   0.00958003    -0.275448    0.0607162     -11512.6     -3.79724    -0.134513     0.519182     -1.83445    -0.359824      18.6295      1.55811  0.000233283   -0.0457155      5.84979     0.420905
     208.241    -0.107613     0.032613      0.61386     -6889.86    -0.632287      2.88414      2.06986      1.61928    -0.591981      1.55811      82.4917  0.000380495  -0.00712527      17.3867     -4.23918
   -0.126617  8.03126e-06  4.75812e-05  4.71285e-05     -2.37693 -4.47208e-06  0.000382549 -2.40967e-05 -0.000423467  0.000144795  0.000233283  0.000380495  7.15351e-07 -7.52349e-05  -0.00580391  0.000304955
    -84.8856  -0.00663822    0.0481678   -0.0677431            0     0.585693   -0.0243346            0   -0.0782749    -0.217066   -0.0457155  -0.00712527 -7.52349e-05     0.825691     -2.67062     0.224089
       35384     0.408913      5.17771     0.520421            0     -88.0817     -20.4075            0      88.2549      52.2383      5.84979      17.3867  -0.00580391     -2.67062      60707.4      18.3308
    -11165.2     -3.19741    -0.505041     0.122221            0    -0.909128      6.56267            0      1.22833     -4.56135     0.420905     -4.23918  0.000304955     0.224089      18.3308      953.098
