 2.56794e-05  2.41798e-07   2.9953e-08     -12.6179  -0.00128933      35.8357 -0.000803097  0.000778486      351.052  -0.00264685   1.0252e-05 -0.000358637 -2.31995e-05 -5.97499e-05      119.387 -7.75256e-06
 2.41798e-07  2.94891e-06 -1.29355e-08      -2.0413  1.62699e-05      -1.1395  -0.00468722 -0.000539124      11.9098  -0.00055334  3.44011e-07  0.000159428  9.00826e-07 -1.85503e-05     -95.2391 -3.84474e-06
  2.9953e-08 -1.29355e-08  1.59184e-08      1.28256  3.09355e-06     0.913906  4.53917e-05  5.23488e-05     -1.18631 -0.000129221  1.00342e-07  -6.0502e-05 -1.85855e-06  5.94722e-06      10.8733  7.55493e-07
    -12.6179      -2.0413      1.28256  3.64749e+10      18292.7            0       120400            0            0      60031.4     -56.9168      11969.8      824.871       151057            0     -273.137
 -0.00128933  1.62699e-05  3.09355e-06      18292.7      48.2169     -71947.6     -16.0858     -1.42381      -284043     0.279888  -0.00152988     0.232643     0.108363    0.0605867            0  -0.00224043
     35.8357      -1.1395     0.913906            0     -71947.6  3.77727e+10            0            0            0            0      78.4155     -3023.87     -72281.2      514.789            0      739.153
-0.000803097  -0.00468722  4.53917e-05       120400     -16.0858            0       2505.3      4.34742       744101      29.5964  -0.00794318      8.90816     0.248225     0.551862            0   0.00386921
 0.000778486 -0.000539124  5.23488e-05            0     -1.42381            0      4.34742      62.7494       121293     -2.75539  0.000116085     0.253134    0.0591102   -0.0871124            0    0.0609692
     351.052      11.9098     -1.18631            0      -284043            0       744101       121293  2.31274e+12      -556059      230.068      12046.3      9599.57     -4450.17            0      4192.68
 -0.00264685  -0.00055334 -0.000129221      60031.4     0.279888            0      29.5964     -2.75539      -556059      1532.82   0.00161778      7.07117    -0.613861     0.256548       212838     0.132826
  1.0252e-05  3.44011e-07  1.00342e-07     -56.9168  -0.00152988      78.4155  -0.00794318  0.000116085      230.068   0.00161778  0.000184274   0.00187624 -0.000160161 -0.000268267     -223.167   5.6199e-05
-0.000358637  0.000159428  -6.0502e-05      11969.8     0.232643     -3023.87      8.90816     0.253134      12046.3      7.07117   0.00187624      29.1684   -0.0606507    0.0196099     -55378.2   -0.0431717
-2.31995e-05  9.00826e-07 -1.85855e-06      824.871     0.108363     -72281.2     0.248225    0.0591102      9599.57    -0.613861 -0.000160161   -0.0606507     0.147895   0.00350907     -1239.72  -0.00181925
-5.97499e-05 -1.85503e-05  5.94722e-06       151057    0.0605867      514.789     0.551862   -0.0871124     -4450.17     0.256548 -0.000268267    0.0196099   0.00350907       0.6615     -4290.25  -0.00381512
     119.387     -95.2391      10.8733            0            0            0            0            0            0       212838     -223.167     -55378.2     -1239.72     -4290.25  5.98001e+11      2418.69
-7.75256e-06 -3.84474e-06  7.55493e-07     -273.137  -0.00224043      739.153   0.00386921    0.0609692      4192.68     0.132826   5.6199e-05   -0.0431717  -0.00181925  -0.00381512      2418.69    0.0214327
