     353.424     -0.35528      1.23068      51.1032    -0.886377     -1.10732            0      3734.13            0    0.0145837     0.241381      -2.6117    -0.731056     -2.39152     0.245445
    -0.35528     0.426575   -0.0472648    -0.890651            0    0.0294082      7.73458     -53.5917      818.949   0.00200909 -0.000691611   0.00620316    0.0105284     0.133994   -0.0166777
     1.23068   -0.0472648      3472.97     -16.2111      2.33454       11.039            0     -6764.36            0    -0.126438    -0.374541      -1.0057       6.1048     0.514762      1.41504
     51.1032    -0.890651     -16.2111      3217.35     -2.60452     0.822423            0     -6335.64      -418400   -0.0541656    -0.896766     -49.3636      11.5677      7.91296    -0.408761
   -0.886377            0      2.33454     -2.60452      12.9732    -0.328678     -106.006            0      4269.65  0.000947118    0.0540515     0.239034  -0.00150866    -0.857396    0.0333776
    -1.10732    0.0294082       11.039     0.822423    -0.328678       6.8368       16.553      -13.652      5782.51  -0.00346788    0.0071902    -0.257406     0.357911    -0.527987   -0.0243806
           0      7.73458            0            0     -106.006       16.553  1.11911e+06            0            0    0.0841517     -35.5309     -106.482     -24.5202     -53.7846     -6.22603
     3734.13     -53.5917     -6764.36     -6335.64            0      -13.652            0  8.59269e+07 -2.61385e+07      -9.8507      27.1166     -898.997      134.324     -2557.37      -61.798
           0      818.949            0      -418400      4269.65      5782.51            0 -2.61385e+07  3.77867e+10      -203.59     -3921.67      9103.17      -451082       814660      1144.55
   0.0145837   0.00200909    -0.126438   -0.0541656  0.000947118  -0.00346788    0.0841517      -9.8507      -203.59  0.000819679  -0.00131358   0.00941294   0.00189548   0.00329724  -0.00158658
    0.241381 -0.000691611    -0.374541    -0.896766    0.0540515    0.0071902     -35.5309      27.1166     -3921.67  -0.00131358      1.48466    -0.165742     0.004674    -0.351112  -0.00163231
     -2.6117   0.00620316      -1.0057     -49.3636     0.239034    -0.257406     -106.482     -898.997      9103.17   0.00941294    -0.165742      50.8417    -0.578058     0.355035    -0.218349
   -0.731056    0.0105284       6.1048      11.5677  -0.00150866     0.357911     -24.5202      134.324      -451082   0.00189548     0.004674    -0.578058      9.36143     0.517236    0.0180831
    -2.39152     0.133994     0.514762      7.91296    -0.857396    -0.527987     -53.7846     -2557.37       814660   0.00329724    -0.351112     0.355035     0.517236      74.0119      0.23683
    0.245445   -0.0166777      1.41504    -0.408761    0.0333776   -0.0243806     -6.22603      -61.798      1144.55  -0.00158658  -0.00163231    -0.218349    0.0180831      0.23683     0.999599
