    655098          0          0    4440.23          0          0          0          0    319.538          0          0
         0   0.148902   -14.9722          0          0          0          0          0   -0.10062          0          0
         0   -14.9722    2137.21          0          0          0   -27.4422          0    11.9779          0          0
   4440.23          0          0    620.832          0          0   -15.2829          0    8.57774          0          0
         0          0          0          0    6682.31          0          0          0    52.8081          0    542.388
         0          0          0          0          0 9.2389e+10          0          0     105260    -165150          0
         0          0   -27.4422   -15.2829          0          0    529.153          0   -8.30475   -14.0876          0
         0          0          0          0          0          0          0    2532.62   -21.9673          0          0
   319.538   -0.10062    11.9779    8.57774    52.8081     105260   -8.30475   -21.9673    9.91124    21.7755    106.721
         0          0          0          0          0    -165150   -14.0876          0    21.7755    1955.58          0
         0          0          0          0    542.388          0          0          0    106.721          0    77274.1
