     5.07326      2.73975     -442.501       -67721     -0.24189      2.23332      3.02392 -5.93582e+13
     2.73975      7.67488     -2469.07      -192980   -0.0535092      1.82589      1.81885  -1.7619e+13
    -442.501     -2469.07   3.4946e+08            0      2400.07            0     -983.304            0
      -67721      -192980            0  7.25845e+11      40777.4            0      35232.9            0
    -0.24189   -0.0535092      2400.07      40777.4      7.08833    -0.670306     0.245245  5.32925e+12
     2.23332      1.82589            0            0    -0.670306      59.5276     0.242274            0
     3.02392      1.81885     -983.304      35232.9     0.245245     0.242274      5.66686 -4.33549e+13
-5.93582e+13  -1.7619e+13            0            0  5.32925e+12            0 -4.33549e+13  1.23473e+28
