     4.86732      3.53324     -1.06688     -168.005     -0.57331     0.858801      3.42186 -1.12485e+11
     3.53324      7.59054     -15.3577     -500.877    -0.400863     0.887275      3.07963 -3.98085e+10
    -1.06688     -15.3577      16797.9            0      15.5403            0     -6.32338            0
    -168.005     -500.877            0  5.29312e+06      128.208            0      41.1369            0
    -0.57331    -0.400863      15.5403      128.208       6.3024    -0.327357    -0.129556  2.78801e+10
    0.858801     0.887275            0            0    -0.327357      8.87428     0.295495            0
     3.42186      3.07963     -6.32338      41.1369    -0.129556     0.295495      5.64395 -8.01932e+10
-1.12485e+11 -3.98085e+10            0            0  2.78801e+10            0 -8.01932e+10  1.23808e+23
