    321.108    -12.2003     8708.19    -478.378     16.7564     22.7908     157.046    0.008157     71.1674     -74.539     -45.487    0.188351
   -12.2003     986.154           0    -592.107     26.9493     23.8767           0           0    -48.3932           0     -156.33     3.72479
    8708.19           0 7.13575e+08           0    -17395.5           0           0           0     29788.6           0           0    -6303.37
   -478.378    -592.107           0 1.17606e+06     695.943           0           0           0     -537.03           0     2090.12           0
    16.7564     26.9493    -17395.5     695.943     36.1885    -66.9964    -411.778  -0.0130485     36.7698     865.337      44.693    -11.4329
    22.7908     23.8767           0           0    -66.9964      4359.3      598.48    0.884131     28.0946    -1765.13      671.24           0
    157.046           0           0           0    -411.778      598.48      515091    0.303449           0           0    -2524.21           0
   0.008157           0           0           0  -0.0130485    0.884131    0.303449 0.000481006  0.00501655   -0.315324           0           0
    71.1674    -48.3932     29788.6     -537.03     36.7698     28.0946           0  0.00501655     1727.18     1349.65           0     8.49806
    -74.539           0           0           0     865.337    -1765.13           0   -0.315324     1349.65 2.53419e+06    -3454.89           0
    -45.487     -156.33           0     2090.12      44.693      671.24    -2524.21           0           0    -3454.89     60755.6     4.56133
   0.188351     3.72479    -6303.37           0    -11.4329           0           0           0     8.49806           0     4.56133     427.216
