  67.7736  -2.15698   32.5347  -6.67811   5.52543   2.53679   3.46823 0.0839619   8.41541 -0.792956  -1.15637 0.0313026
 -2.15698   146.023         0  -6.92626   7.44351   2.22501         0         0  -4.79413         0  -3.32386  0.518476
  32.5347         0   47197.2         0  -101.538         0         0         0   62.3575         0         0  -18.5418
 -6.67811  -6.92626         0   1085.76   15.1805         0         0         0  -4.19834         0   3.53837         0
  5.52543   7.44351  -101.538   15.1805   18.6568  -11.6476  -14.2011 -0.209794   6.79251   14.4358     1.853  -2.96675
  2.53679   2.22501         0         0  -11.6476   255.736   6.96768   4.79668   1.75206  -9.93891   8.98835         0
  3.46823         0         0         0  -14.2011   6.96768   1189.68  0.326723         0         0  -6.71422         0
0.0839619         0         0         0 -0.209794   4.79668  0.326723  0.241339 0.0289341 -0.164209         0         0
  8.41541  -4.79413   62.3575  -4.19834   6.79251   1.75206         0 0.0289341   114.433   8.07421         0  0.791219
-0.792956         0         0         0   14.4358  -9.93891         0 -0.164209   8.07421   1368.65    -4.433         0
 -1.15637  -3.32386         0   3.53837     1.853   8.98835  -6.71422         0         0    -4.433   185.454 0.0916067
0.0313026  0.518476  -18.5418         0  -2.96675         0         0         0  0.791219         0 0.0916067   55.9082
