     26.1375    -0.535817      15.4842      1.38304     0.671574      10.9321    -0.480936      17.0126    -0.244071 -7.33236e-05     0.134245     -13.8424    -0.556537      781.062    -0.610824
   -0.535817      2.93384      1.27642      2.22842     0.500489     0.517061     0.204211    -0.306521    -0.253083  8.20739e-06     0.125057   -0.0139361     0.698997     -91.8063     0.329388
     15.4842      1.27642      40.4105      9.31169      5.93371      6.59217      11.6457      24.9263     -2.17625 -0.000116614     0.507433     -4.84535      6.37337     -26.9087     0.618717
     1.38304      2.22842      9.31169      40.5543      1.49581      8.63915      20.0606      9.52956    -0.843164  0.000139335     0.500363       11.898      21.4066     -1357.54      1.67788
    0.671574     0.500489      5.93371      1.49581      47.4919     0.953985    -0.875109      3.12007     -11.6873 -9.53514e-05     -1.16644     -1.02413     -5.55882      127.644      0.25238
     10.9321     0.517061      6.59217      8.63915     0.953985      54.4052      -10.515      -7.6201    -0.737568  -3.5119e-05     0.205282     -4.39229     -20.8487      6823.16     -1.31685
   -0.480936     0.204211      11.6457      20.0606    -0.875109      -10.515      32.0644      17.1732    -0.139215 -3.88397e-06    -0.207029      11.2119      12.7604     -947.584     0.260342
     17.0126    -0.306521      24.9263      9.52956      3.12007      -7.6201      17.1732      38.1922    -0.680911 -0.000115275     0.458067     -2.87105      6.55767     -833.011     0.247314
   -0.244071    -0.253083     -2.17625    -0.843164     -11.6873    -0.737568    -0.139215    -0.680911       6.7096  8.84542e-06    -0.445429     0.915101      1.87375      50.1186     0.116563
-7.33236e-05  8.20739e-06 -0.000116614  0.000139335 -9.53514e-05  -3.5119e-05 -3.88397e-06 -0.000115275  8.84542e-06  5.48385e-08  2.93132e-05  8.88587e-05 -0.000321564   -0.0729835 -1.30407e-05
    0.134245     0.125057     0.507433     0.500363     -1.16644     0.205282    -0.207029     0.458067    -0.445429  2.93132e-05      3.05349   -0.0410238     -5.60219     -169.349     0.219921
    -13.8424   -0.0139361     -4.84535       11.898     -1.02413     -4.39229      11.2119     -2.87105     0.915101  8.88587e-05   -0.0410238      21.2486      14.8519     -2004.54    -0.253153
   -0.556537     0.698997      6.37337      21.4066     -5.55882     -20.8487      12.7604      6.55767      1.87375 -0.000321564     -5.60219      14.8519      2269.56     -31645.2     0.678845
     781.062     -91.8063     -26.9087     -1357.54      127.644      6823.16     -947.584     -833.011      50.1186   -0.0729835     -169.349     -2004.54     -31645.2  6.25689e+07      298.948
   -0.610824     0.329388     0.618717      1.67788      0.25238     -1.31685     0.260342     0.247314     0.116563 -1.30407e-05     0.219921    -0.253153     0.678845      298.948      11.5888
