     26.1701    -0.336986      15.4791     0.524216      0.76645      10.0196    -0.824417      16.8308    -0.200754 -5.58945e-05     0.118358     -13.6069     -1.58737         4452    -0.485004
   -0.336986      1.15586     0.840302      1.43743     0.319754     0.327791     0.121087    -0.211657    -0.118654  3.81643e-06    0.0661054   -0.0337102     0.963255     -336.749     0.162076
     15.4791     0.840302       40.385      9.35549      6.13722      5.96441      11.1447      24.0536     -1.65459 -8.41453e-05     0.438412     -4.98605      14.6422     -713.811     0.478721
    0.524216      1.43743      9.35549      40.2806      1.64359      8.66073      19.6695      8.52262    -0.660792  0.000104595     0.432248      11.6686      47.2654     -8334.21       1.3707
     0.76645     0.319754      6.13722      1.64359      49.2227     0.930089    -0.900303      3.21113     -8.88963 -7.17744e-05     -1.00139      -1.0798     -12.4249      755.673     0.200199
     10.0196     0.327791      5.96441      8.66073     0.930089      54.1478     -9.81782     -7.47858    -0.540448 -2.44702e-05     0.168975     -3.38687     -45.3447      39815.7     -1.02771
   -0.824417     0.121087      11.1447      19.6695    -0.900303     -9.81782      32.1995      16.6396   -0.0941362 -2.76595e-06    -0.172943      11.2644      27.7258     -5253.98     0.182523
     16.8308    -0.211657      24.0536      8.52262      3.21113     -7.47858      16.6396      38.0903    -0.499076 -8.68783e-05     0.394439     -2.63162      12.6909     -4232.38     0.146438
   -0.200754    -0.118654     -1.65459    -0.660792     -8.88963    -0.540448   -0.0941362    -0.499076      3.74764  4.86762e-06     -0.28004     0.699867      3.08377      218.842    0.0714096
-5.58945e-05  3.81643e-06 -8.41453e-05  0.000104595 -7.17744e-05 -2.44702e-05 -2.76595e-06 -8.68783e-05  4.86762e-06   2.9766e-08  1.81815e-05  6.42074e-05 -0.000520413    -0.316704  -7.3856e-06
    0.118358    0.0661054     0.438412     0.432248     -1.00139     0.168975    -0.172943     0.394439     -0.28004  1.81815e-05      2.16559   -0.0360823      -10.354     -834.613     0.146902
    -13.6069   -0.0337102     -4.98605      11.6686      -1.0798     -3.38687      11.2644     -2.63162     0.699867  6.42074e-05   -0.0360823      20.7838       32.007     -11346.1    -0.227985
    -1.58737     0.963255      14.6422      47.2654     -12.4249     -45.3447      27.7258      12.6909      3.08377 -0.000520413      -10.354       32.007      10932.5      -406444      1.18839
        4452     -336.749     -713.811     -8334.21      755.673      39815.7     -5253.98     -4232.38      218.842    -0.316704     -834.613     -11346.1      -406444  2.14225e+09      1350.74
   -0.485004     0.162076     0.478721       1.3707     0.200199     -1.02771     0.182523     0.146438    0.0714096  -7.3856e-06     0.146902    -0.227985      1.18839      1350.74      7.11357
