   2.39679  -0.562632  -0.281549   0.590014  -0.738636 -0.0869675  -0.258207    1.06432  -0.140772   0.228475  0.0197566 -0.0610016  0.0233511  -0.022838   0.402416
 -0.562632    34.0328    20.8851   -6.00851   -1.42796  0.0843054   0.619712    -11.047  -0.607703   0.354798 -0.0358687  -0.171634    0.14441   0.247427    18.8887
 -0.281549    20.8851    31.8137   -1.42626   -8.70758  -0.271067  -0.692401    3.99084  -0.158817     22.812   0.258764  -0.905714   0.173065  0.0496464    17.5161
  0.590014   -6.00851   -1.42626    37.5731   -27.0573  -0.141474    3.05576   -3.30648  -0.504004    7.58227  -0.470302    1.27243   0.814367   0.419779   -6.45118
 -0.738636   -1.42796   -8.70758   -27.0573    41.4704   0.176327    -1.9729    -5.5329   0.879004  -0.232834   0.311054  -0.873917   -0.83007  -0.514016   -16.7574
-0.0869675  0.0843054  -0.271067  -0.141474   0.176327     3.4073  0.0591459  -0.999952 -0.0198976  -0.355374  0.0289944   0.142864 0.00712349 0.00363117   -0.20467
 -0.258207   0.619712  -0.692401    3.05576    -1.9729  0.0591459    42.0506   -4.22944  0.0893954   -1.70914   0.262395  0.0304347 -0.0490377 -0.0154737   -2.20329
   1.06432    -11.047    3.99084   -3.30648    -5.5329  -0.999952   -4.22944    36.9223    1.37698     13.008  -0.651193   0.169536   0.171016  -0.172832    7.49616
 -0.140772  -0.607703  -0.158817  -0.504004   0.879004 -0.0198976  0.0893954    1.37698    21.0297    1.96848  -0.466959   0.343395  -0.201969 -0.0105015    -1.5456
  0.228475   0.354798     22.812    7.58227  -0.232834  -0.355374   -1.70914     13.008    1.96848    43.5559   0.177432  -0.761249   0.239232  -0.202761   0.804362
 0.0197566 -0.0358687   0.258764  -0.470302   0.311054  0.0289944   0.262395  -0.651193  -0.466959   0.177432    10.1912  0.0307375  -0.036717  0.0273639  -0.138155
-0.0610016  -0.171634  -0.905714    1.27243  -0.873917   0.142864  0.0304347   0.169536   0.343395  -0.761249  0.0307375    5.84758   0.248091  0.0455565   -0.18684
 0.0233511    0.14441   0.173065   0.814367   -0.83007 0.00712349 -0.0490377   0.171016  -0.201969   0.239232  -0.036717   0.248091   0.827836 0.00872899   0.293321
 -0.022838   0.247427  0.0496464   0.419779  -0.514016 0.00363117 -0.0154737  -0.172832 -0.0105015  -0.202761  0.0273639  0.0455565 0.00872899   0.280977    0.17616
  0.402416    18.8887    17.5161   -6.45118   -16.7574   -0.20467   -2.20329    7.49616    -1.5456   0.804362  -0.138155   -0.18684   0.293321    0.17616    34.2185
