   0.0386206  -0.00262918   -0.0463059    0.0751085   -0.0938776 -0.000883479  -0.00483533     0.134621    -0.019107    0.0193521  0.000881761    -0.001816  0.000436695 -1.73378e-05    0.0432615
 -0.00262918      108.896      0.73633     -3.86541      3.81987    0.0304327    0.0943941    -0.585663      45.7954      3.15051     0.195164   -0.0227258   -0.0137267  0.000659594     -1.11579
  -0.0463059      0.73633      30.1272     -1.77444     -4.72885    -0.016529   -0.0527994    -0.111164     -0.30351      19.1651    0.0729573     -0.10346      0.02433  0.000494029      17.8411
   0.0751085     -3.86541     -1.77444      36.5138     -25.2808  -0.00681313     0.445048      -2.4456     -1.63288       6.4235    -0.186851     0.195079     0.108603   0.00294916     -5.21749
  -0.0938776      3.81987     -4.72885     -25.2808      39.6686   0.00109254    -0.256812     -6.00807      2.44563     0.146276    0.0959311   -0.0873604    -0.099996  -0.00315632     -15.6498
-0.000883479    0.0304327    -0.016529  -0.00681313   0.00109254     0.021559   0.00051566    -0.070574   0.00782419   -0.0214072   0.00010054   0.00241076   0.00011672  2.53194e-06  -0.00854619
 -0.00483533    0.0943941   -0.0527994     0.445048    -0.256812   0.00051566     0.895221    -0.586092   0.00243577    -0.234608    0.0140691   0.00273647 -0.000913124 -1.38898e-05    -0.288534
    0.134621    -0.585663    -0.111164      -2.4456     -6.00807    -0.070574    -0.586092      35.1777    0.0575335       10.385    -0.250686    0.0289055    0.0222425   -0.0010725      5.54955
   -0.019107      45.7954     -0.30351     -1.63288      2.44563   0.00782419   0.00243577    0.0575335      27.9036      1.33011  -0.00142462    0.0434018   -0.0250475 -6.50015e-06     -1.82137
   0.0193521      3.15051      19.1651       6.4235     0.146276   -0.0214072    -0.234608       10.385      1.33011      42.2176    0.0731531    -0.147482    0.0289617  -0.00148794   -0.0509292
 0.000881761     0.195164    0.0729573    -0.186851    0.0959311   0.00010054    0.0140691    -0.250686  -0.00142462    0.0731531      1.38065   0.00422009  -0.00179863  6.43669e-05   -0.0581122
   -0.001816   -0.0227258     -0.10346     0.195079   -0.0873604   0.00241076   0.00273647    0.0289055    0.0434018    -0.147482   0.00422009     0.213282   0.00640853  5.26362e-05   -0.0353245
 0.000436695   -0.0137267      0.02433     0.108603    -0.099996   0.00011672 -0.000913124    0.0222425   -0.0250475    0.0289617  -0.00179863   0.00640853    0.0146119  8.91186e-06    0.0398451
-1.73378e-05  0.000659594  0.000494029   0.00294916  -0.00315632  2.53194e-06 -1.38898e-05   -0.0010725 -6.50015e-06  -0.00148794  6.43669e-05  5.26362e-05  8.91186e-06  1.15161e-05   0.00127273
   0.0432615     -1.11579      17.8411     -5.21749     -15.6498  -0.00854619    -0.288534      5.54955     -1.82137   -0.0509292   -0.0581122   -0.0353245    0.0398451   0.00127273      33.6664
