    11.032    -1.4856  -0.634001     1.3044   -1.61195  -0.534039  -0.850336    2.38722  -0.019691   0.827572 0.00920244   -0.52801   0.114322  -0.127916    0.74485
   -1.4856    36.1476    22.7973   -7.31293   -2.60441   0.733811    17.2707   -11.2074   -0.46614   0.801765  -0.937242    2.68661   0.396288    1.29868    21.2543
 -0.634001    22.7973      34.53   0.330068   -9.80397   -1.07795    18.6905    6.38106    1.85509     25.379   0.110727   0.566383   0.457471   0.370054    18.7492
    1.3044   -7.31293   0.330068    39.5521   -29.1159  -0.421332   -14.3749   -3.62388  -0.715135    8.67095   -1.24905    16.6568    1.85502    2.73231   -6.68486
  -1.61195   -2.60441   -9.80397   -29.1159    43.3596   0.586322    3.56155   -5.96041   0.693456   0.314369   0.805285   -12.2756   -1.91373   -3.21819   -17.1392
 -0.534039   0.733811   -1.07795  -0.421332   0.586322    26.5542    1.38624   -3.49306  -0.884402   -1.34946 -0.0434575     1.4093  0.0428937  0.0506399  -0.587654
 -0.850336    17.2707    18.6905   -14.3749    3.56155    1.38624    31.4303   -3.60848    1.10014    12.4175    0.79975   -4.83363  -0.113631  -0.627582     19.484
   2.38722   -11.2074    6.38106   -3.62388   -5.96041   -3.49306   -3.60848    38.8414   0.734406     14.824  -0.244396   -6.14439    0.43258  -0.910365      8.541
 -0.019691   -0.46614    1.85509  -0.715135   0.693456  -0.884402    1.10014   0.734406    22.3601    2.44967   -1.18645     3.0393  -0.267065  -0.556241  -0.393969
  0.827572   0.801765     25.379    8.67095   0.314369   -1.34946    12.4175     14.824    2.44967    45.8774   0.989791    1.33666   0.668796   -1.00934    1.84969
0.00920244  -0.937242   0.110727   -1.24905   0.805285 -0.0434575    0.79975  -0.244396   -1.18645   0.989791    28.3957   -1.50491  -0.129352   0.210879  -0.506084
  -0.52801    2.68661   0.566383    16.6568   -12.2756     1.4093   -4.83363   -6.14439     3.0393    1.33666   -1.50491    34.6937    1.77211    2.02527  -0.828692
  0.114322   0.396288   0.457471    1.85502   -1.91373  0.0428937  -0.113631    0.43258  -0.267065   0.668796  -0.129352    1.77211    4.21719   0.138056   0.818754
 -0.127916    1.29868   0.370054    2.73231   -3.21819  0.0506399  -0.627582  -0.910365  -0.556241   -1.00934   0.210879    2.02527   0.138056    10.7778   0.949617
   0.74485    21.2543    18.7492   -6.68486   -17.1392  -0.587654     19.484      8.541  -0.393969    1.84969  -0.506084  -0.828692   0.818754   0.949617    35.9441
