     3.19527  9.56252e+09      143.694     -2.39983    -0.206952     0.416506
 9.56252e+09  4.56428e+20  6.36798e+11 -7.41212e+09  -9.7039e+08  2.20301e+09
     143.694  6.36798e+11       324657      -360.71      359.493       145.28
    -2.39983 -7.41212e+09      -360.71      10.1206     0.992013     0.485471
   -0.206952  -9.7039e+08      359.493     0.992013      3.50724      0.20666
    0.416506  2.20301e+09       145.28     0.485471      0.20666      10.4711
