     3.27611  5.20586e+13 -1.81999e+06     -2.76025     0.403404     0.521916
 5.20586e+13  1.33588e+28            0 -3.52722e+13 -2.23231e+12  6.30011e+12
-1.81999e+06            0  1.54983e+14  3.81445e+06 -4.30613e+06 -4.35101e+06
    -2.76025 -3.52722e+13  3.81445e+06      10.3827    -0.688587    -0.107168
    0.403404 -2.23231e+12 -4.30613e+06    -0.688587      4.74922      0.91499
    0.521916  6.30011e+12 -4.35101e+06    -0.107168      0.91499      12.1546
