     35.4068      3.36265     -7.53923    -0.121707  0.000200845      9.75404     -1.69783 -0.000649827  0.000951159  8.77391e-05      -6.9872  4.55145e-05      7.07318    -0.037649     -211.642
     3.36265      35.2444     -25.0783   -0.0759551 -2.42132e-05      7.12552    -0.615991  0.000969647 -0.000134062  9.36536e-05      6.00292  0.000604191     -5.14663     0.120528       252.81
    -7.53923     -25.0783      32.2478     0.108692  0.000130426     -5.49745      1.06067 -0.000619747  -0.00022821  -8.6036e-05     -1.74301 -0.000519874     -11.8283    0.0190188     -179.675
   -0.121707   -0.0759551     0.108692    0.0724263  2.27309e-06    -0.553701   0.00285796  1.95852e-05  3.44475e-06 -2.28133e-06   -0.0543392 -9.98796e-07   -0.0199545  -0.00251657     -4.10692
 0.000200845 -2.42132e-05  0.000130426  2.27309e-06  1.92254e-07 -0.000577766  2.09947e-05 -2.26322e-08 -1.40288e-08 -4.07124e-09 -1.05328e-05 -1.52644e-08  -2.6803e-05  3.02283e-05    0.0022762
     9.75404      7.12552     -5.49745    -0.553701 -0.000577766      2030.16      -16.696  -0.00765081   0.00166981  0.000115466      12.9411 -0.000568515     -11.1727      4.46842      1447.83
    -1.69783    -0.615991      1.06067   0.00285796  2.09947e-05      -16.696      10.8769 -1.51931e-05 -2.15782e-05   6.7379e-08     -1.68094  1.08025e-05    -0.975525   -0.0991276     -5.59117
-0.000649827  0.000969647 -0.000619747  1.95852e-05 -2.26322e-08  -0.00765081 -1.51931e-05  3.59805e-06  1.11888e-07 -2.01473e-09   0.00199547 -8.74409e-09 -0.000170122 -3.64837e-05   -0.0313194
 0.000951159 -0.000134062  -0.00022821  3.44475e-06 -1.40288e-08   0.00166981 -2.15782e-05  1.11888e-07  5.04092e-06   3.9781e-09 -0.000159312  8.74519e-08  0.000116375  -6.5477e-05    0.0288177
 8.77391e-05  9.36536e-05  -8.6036e-05 -2.28133e-06 -4.07124e-09  0.000115466   6.7379e-08 -2.01473e-09   3.9781e-09  6.54051e-08 -0.000137727   1.4488e-09  1.06875e-05 -9.55648e-06   0.00637287
     -6.9872      6.00292     -1.74301   -0.0543392 -1.05328e-05      12.9411     -1.68094   0.00199547 -0.000159312 -0.000137727      65.9548 -1.61999e-05      2.48459   -0.0785318      534.824
 4.55145e-05  0.000604191 -0.000519874 -9.98796e-07 -1.52644e-08 -0.000568515  1.08025e-05 -8.74409e-09  8.74519e-08   1.4488e-09 -1.61999e-05  8.01424e-07   9.5615e-05 -1.94793e-05   0.00609471
     7.07318     -5.14663     -11.8283   -0.0199545  -2.6803e-05     -11.1727    -0.975525 -0.000170122  0.000116375  1.06875e-05      2.48459   9.5615e-05      45.8969    0.0475997     -149.844
   -0.037649     0.120528    0.0190188  -0.00251657  3.02283e-05      4.46842   -0.0991276 -3.64837e-05  -6.5477e-05 -9.55648e-06   -0.0785318 -1.94793e-05    0.0475997     0.977892     -7.32089
    -211.642       252.81     -179.675     -4.10692    0.0022762      1447.83     -5.59117   -0.0313194    0.0288177   0.00637287      534.824   0.00609471     -149.844     -7.32089       274561
