     37.0545      5.54377     -10.2892    -0.479922    0.0110878      9.05279     -13.1568   -0.0268647    0.0250556   0.00496132     -9.22158   0.00192107      8.99643    -0.143529     -24.3379
     5.54377      36.8961     -26.6492    -0.322428   -0.0013226      9.24674     -18.0313    0.0407889  -0.00268664   0.00506944      5.75399    0.0193262     -4.23525     0.264599      28.4716
    -10.2892     -26.6492      33.3855     0.443766   0.00640379     -5.83695      13.4578   -0.0250799  -0.00666315  -0.00483454     -1.39188   -0.0165309     -13.9118    0.0914183     -18.0501
   -0.479922    -0.322428     0.443766      1.15727  0.000514642    -0.363371     0.363827   0.00338693  0.000361211 -0.000439862    -0.185663 -0.000161687    -0.117548   -0.0248426     -1.80348
   0.0110878   -0.0013226   0.00640379  0.000514642  0.000605323   1.3757e-05   0.00559119 -5.29023e-05 -1.99163e-05  -9.7928e-06 -0.000941176 -2.57562e-05  -0.00124341   0.00415712     0.015416
     9.05279      9.24674     -5.83695    -0.363371   1.3757e-05      13.6702     -16.6216    0.0017239   0.00955718   0.00098122      9.32796   0.00186556     -8.98396     0.342584       21.336
    -13.1568     -18.0313      13.4578     0.363827   0.00559119     -16.6216      98.8477   -0.0423898  -0.00758701    0.0003246     -34.2125  -0.00719944      -10.913     -1.18568     -34.1612
  -0.0268647    0.0407889   -0.0250799   0.00338693 -5.29023e-05    0.0017239   -0.0423898   0.00661842  0.000132561 -3.67656e-06    0.0906314 -1.21912e-05  -0.00975349  -0.00375803    -0.155299
   0.0250556  -0.00268664  -0.00666315  0.000361211 -1.99163e-05   0.00955718  -0.00758701  0.000132561   0.00348448  3.46719e-06  -0.00522367  6.99591e-05   0.00405111  -0.00428601    0.0851449
  0.00496132   0.00506944  -0.00483454 -0.000439862  -9.7928e-06   0.00098122    0.0003246 -3.67656e-06  3.46719e-06  0.000159813  -0.00670108  1.07715e-06   0.00111018  -0.00116814    0.0306587
    -9.22158      5.75399     -1.39188    -0.185663 -0.000941176      9.32796     -34.2125    0.0906314  -0.00522367  -0.00670108      67.6186 -0.000573403      2.81593    -0.297416      58.2389
  0.00192107    0.0193262   -0.0165309 -0.000161687 -2.57562e-05   0.00186556  -0.00719944 -1.21912e-05  6.99591e-05  1.07715e-06 -0.000573403  0.000772285   0.00303833  -0.00146284     0.020411
     8.99643     -4.23525     -13.9118    -0.117548  -0.00124341     -8.98396      -10.913  -0.00975349   0.00405111   0.00111018      2.81593   0.00303833      47.4723     0.158061      -16.786
   -0.143529     0.264599    0.0914183   -0.0248426   0.00415712     0.342584     -1.18568  -0.00375803  -0.00428601  -0.00116814    -0.297416  -0.00146284     0.158061       6.1918     -2.06065
    -24.3379      28.4716     -18.0501     -1.80348     0.015416       21.336     -34.1612    -0.155299    0.0851449    0.0306587      58.2389     0.020411      -16.786     -2.06065      3376.99
