 0.000590619  0.000320644  9.87195e-06   -0.0276585  -0.00968429 -3.18615e-07    0.0229545   0.00592257   0.00659582 -9.45929e-08   0.00146482    -0.183547    0.0245559    0.0131925  1.82057e-06
 0.000320644      2.10403   0.00141183    -0.535758    -0.464522  1.21274e-05     -0.20609     0.188259    -0.574903  2.94499e-06    -0.129723     -7.17259    -0.501425     0.337372 -8.93322e-05
 9.87195e-06   0.00141183   0.00137622    -0.047707   0.00894116 -2.49048e-07    0.0175957  -0.00384754  -0.00539185  2.74777e-07  -0.00977962    0.0892591    -0.017701 -3.41293e-05 -8.49906e-06
  -0.0276585    -0.535758    -0.047707      125.246      6.51828  0.000132455     -29.1523      5.58697      3.84842  0.000110686      11.5383     -120.677     -6.48858      5.89097 -0.000671539
 -0.00968429    -0.464522   0.00894116      6.51828       128.48 -5.66757e-05     -4.54018     -1.20275     -4.96556  5.59212e-05    -0.415338     -82.0361     0.858173      -3.1424 -0.000267024
-3.18615e-07  1.21274e-05 -2.49048e-07  0.000132455 -5.66757e-05  1.51956e-07 -0.000248875  2.69748e-05 -0.000172459  1.70602e-09 -8.92161e-05   0.00253284  0.000173306 -8.28387e-05 -1.56526e-08
   0.0229545     -0.20609    0.0175957     -29.1523     -4.54018 -0.000248875      45.8939     -4.49859      -8.4154 -7.38557e-05      6.74976     -14.4629     0.545005    -0.641639   0.00296238
  0.00592257     0.188259  -0.00384754      5.58697     -1.20275  2.69748e-05     -4.49859      32.5603     0.955717  5.56331e-06     -1.38766     -49.5164     -5.36267     -3.17665 -0.000544033
  0.00659582    -0.574903  -0.00539185      3.84842     -4.96556 -0.000172459      -8.4154     0.955717      60.5707 -6.43889e-06        -1.24     -30.3314      3.06573     -4.32755  -0.00127148
-9.45929e-08  2.94499e-06  2.74777e-07  0.000110686  5.59212e-05  1.70602e-09 -7.38557e-05  5.56331e-06 -6.43889e-06  3.99955e-08  2.29347e-05   0.00182368  1.55803e-05  6.49581e-05 -5.65252e-08
  0.00146482    -0.129723  -0.00977962      11.5383    -0.415338 -8.92161e-05      6.74976     -1.38766        -1.24  2.29347e-05      32.9629     -6.31213    -0.229024      4.91734   0.00265956
   -0.183547     -7.17259    0.0892591     -120.677     -82.0361   0.00253284     -14.4629     -49.5164     -30.3314   0.00182368     -6.31213      22608.2     -12.9093      24.8157   -0.0152483
   0.0245559    -0.501425    -0.017701     -6.48858     0.858173  0.000173306     0.545005     -5.36267      3.06573  1.55803e-05    -0.229024     -12.9093      60.3695     -4.15287   0.00215821
   0.0131925     0.337372 -3.41293e-05      5.89097      -3.1424 -8.28387e-05    -0.641639     -3.17665     -4.32755  6.49581e-05      4.91734      24.8157     -4.15287      264.599  -0.00244462
 1.82057e-06 -8.93322e-05 -8.49906e-06 -0.000671539 -0.000267024 -1.56526e-08   0.00296238 -0.000544033  -0.00127148 -5.65252e-08   0.00265956   -0.0152483   0.00215821  -0.00244462  1.90511e-05
