     35.6098      3.83223     -8.12192    -0.175205  0.000408058      8.24135     -2.17339  -0.00167971   0.00219522  0.000154347      -7.4653  0.000114597      7.46969   -0.0465099      -117.28
     3.83223      35.3747     -25.1847    -0.110352 -4.49808e-05      7.25626    -0.805487    0.0024783 -0.000272166  0.000161769       5.9516   0.00134486     -4.94085     0.152447      139.279
    -8.12192     -25.1847      32.3006     0.156716  0.000257653     -4.81222      1.37354  -0.00157283 -0.000558901 -0.000150152     -1.66744  -0.00116073     -12.2057    0.0234185     -97.6717
   -0.175205    -0.110352     0.156716     0.148559  6.63276e-06    -0.367593   0.00522925  7.14536e-05  1.13398e-05  -5.5199e-06   -0.0766445  -3.6062e-06   -0.0302666  -0.00458947     -3.24654
 0.000408058 -4.49808e-05  0.000257653  6.63276e-06  8.15713e-07 -0.000466148  5.43125e-05 -1.17499e-07 -6.42307e-08 -1.40533e-08 -2.79586e-05 -7.01476e-08 -4.94292e-05  7.84498e-05   0.00254208
     8.24135      7.25626     -4.81222    -0.367593 -0.000466148      346.504     -9.20143   -0.0076106   0.00187122  9.18002e-05      10.1374 -0.000412168     -8.64656      2.30388      358.467
    -2.17339    -0.805487      1.37354   0.00522925  5.43125e-05     -9.20143      17.7455 -4.19046e-05 -5.23848e-05  6.16588e-07     -2.13278  3.16942e-05     -1.26497    -0.160917     -3.94354
 -0.00167971    0.0024783  -0.00157283  7.14536e-05 -1.17499e-07   -0.0076106 -4.19046e-05  2.37295e-05  6.60712e-07 -9.13515e-09    0.0051485 -5.39223e-08 -0.000438229 -0.000118905     -0.04441
  0.00219522 -0.000272166 -0.000558901  1.13398e-05 -6.42307e-08   0.00187122 -5.23848e-05  6.60712e-07  2.68725e-05  1.48649e-08 -0.000357508  4.46355e-07  0.000286414 -0.000192333    0.0367833
 0.000154347  0.000161769 -0.000150152  -5.5199e-06 -1.40533e-08  9.18002e-05  6.16588e-07 -9.13515e-09  1.48649e-08  1.89939e-07 -0.000232818  5.08431e-09  2.34364e-05 -2.05484e-05   0.00592116
     -7.4653       5.9516     -1.66744   -0.0766445 -2.79586e-05      10.1374     -2.13278    0.0051485 -0.000357508 -0.000232818      66.0382 -4.77117e-05      2.54122    -0.100096      295.923
 0.000114597   0.00134486  -0.00116073  -3.6062e-06 -7.01476e-08 -0.000412168  3.16942e-05 -5.39223e-08  4.46355e-07  5.08431e-09 -4.77117e-05  4.02189e-06  0.000217953 -5.43579e-05   0.00756677
     7.46969     -4.94085     -12.2057   -0.0302666 -4.94292e-05     -8.64656     -1.26497 -0.000438229  0.000286414  2.34364e-05      2.54122  0.000217953      46.0035    0.0600342     -82.5269
  -0.0465099     0.152447    0.0234185  -0.00458947  7.84498e-05      2.30388    -0.160917 -0.000118905 -0.000192333 -2.05484e-05    -0.100096 -5.43579e-05    0.0600342         1.58     -5.13577
     -117.28      139.279     -97.6717     -3.24654   0.00254208      358.467     -3.94354     -0.04441    0.0367833   0.00592116      295.923   0.00756677     -82.5269     -5.13577        83662
