    39.1754     8.77503    -13.4299    -1.48976    0.512837     9.53791    -18.2145   -0.416247    0.339893    0.265603     -10.276     0.04502     10.7014    -0.36537    -5.83796
    8.77503      39.182    -28.9298    -1.09411   0.0375283     10.3781     -24.141    0.732916   -0.023099    0.271363     6.50469    0.315996    -3.08315    0.215308     6.38549
   -13.4299    -28.9298     34.9478     1.39554    0.197556    -6.67638     21.1818   -0.430736   -0.108135    -0.25205    -1.88272   -0.268891    -15.3386    0.175337    -3.96329
   -1.48976    -1.09411     1.39554     10.3037   0.0526736    -1.18632     1.87858    0.187171   0.0134434  -0.0641945    -0.54936 -0.00753172   -0.385341   -0.144903    -1.28108
   0.512837   0.0375283    0.197556   0.0526736    0.932445   0.0742771   -0.150918  -0.0313099  -0.0115811  -0.0204457   -0.018561  -0.0154988  -0.0173987    0.300665    0.139032
    9.53791     10.3781    -6.67638    -1.18632   0.0742771     14.5622    -17.0638   0.0459193      0.1199   0.0603481     8.41477   0.0341762    -10.5604    0.412036      4.9221
   -18.2145     -24.141     21.1818     1.87858   -0.150918    -17.0638     65.1541   -0.867831   -0.120882  -0.0429631    -43.2781   -0.153065    -15.2245    -1.22682      -9.957
  -0.416247    0.732916   -0.430736    0.187171  -0.0313099   0.0459193   -0.867831     1.90099    0.030182 -0.00207651      1.5931 -0.00353038   -0.176228   -0.116982   -0.604142
   0.339893   -0.023099   -0.108135   0.0134434  -0.0115811      0.1199   -0.120882    0.030182    0.616615  0.00304614   -0.113983   0.0151963   0.0720776   -0.114729    0.181422
   0.265603    0.271363    -0.25205  -0.0641945  -0.0204457   0.0603481  -0.0429631 -0.00207651  0.00304614    0.398946   -0.340336 0.000801768   0.0540581   -0.106412    0.351408
    -10.276     6.50469    -1.88272    -0.54936   -0.018561     8.41477    -43.2781      1.5931   -0.113983   -0.340336     68.7397 -0.00454155     2.62036   -0.860635     13.2594
    0.04502    0.315996   -0.268891 -0.00753172  -0.0154988   0.0341762   -0.153065 -0.00353038   0.0151963 0.000801768 -0.00454155     0.19304   0.0531855  -0.0424376   0.0728863
    10.7014    -3.08315    -15.3386   -0.385341  -0.0173987    -10.5604    -15.2245   -0.176228   0.0720776   0.0540581     2.62036   0.0531855     48.6729    0.193361     -4.0541
   -0.36537    0.215308    0.175337   -0.144903    0.300665    0.412036    -1.22682   -0.116982   -0.114729   -0.106412   -0.860635  -0.0424376    0.193361     20.7067    -0.82544
   -5.83796     6.38549    -3.96329    -1.28108    0.139032      4.9221      -9.957   -0.604142    0.181422    0.351408     13.2594   0.0728863     -4.0541    -0.82544      178.36
