   42.3453    11.9143   -16.3844   -1.33609 -0.0649705    9.56239   -20.0756   -1.09322    1.31222     2.7039   -10.2539   0.250269     12.228    5.46216   -2.89342
   11.9143    42.5693   -32.0372   -3.04864   -8.08532    10.9264   -26.5488    3.45338 -0.0654804    2.59432    8.32125    1.40517   -2.25786   -7.07682    3.31545
  -16.3844   -32.0372    37.4439    3.17153    11.4685    -7.1371    23.7395    -1.8834  -0.452268   -1.90286    -3.0302   -1.17301   -16.5943    6.67397   -2.05168
  -1.33609   -3.04864    3.17153    36.1395  -0.292099   -2.67172    5.20123    1.51037   0.363491  -0.708648   -2.75109 -0.0146056  -0.651798   -1.64146   -1.62111
-0.0649705   -8.08532    11.4685  -0.292099    17.7973   0.374557   -3.45782   -1.50606  -0.161137   -1.26194    5.05754  -0.472332  -0.935239    9.03992   0.118003
   9.56239    10.9264    -7.1371   -2.67172   0.374557    15.7747   -16.6364   0.497974   0.448613   0.876518     7.8754   0.170179   -12.3376    13.3228    2.48387
  -20.0756   -26.5488    23.7395    5.20123   -3.45782   -16.6364    68.7833   -3.06963  -0.338944   0.342019   -46.1595  -0.682454   -17.3117   -22.9191   -5.13871
  -1.09322    3.45338    -1.8834    1.51037   -1.50606   0.497974   -3.06963    41.1033   0.639559     0.0356    5.80023 -0.0411917   -1.36574   0.367596   -1.33546
   1.31222 -0.0654804  -0.452268   0.363491  -0.161137   0.448613  -0.338944   0.639559    9.46118   0.168227  -0.622813    0.25689   0.346522   0.241951     0.3315
    2.7039    2.59432   -1.90286  -0.708648   -1.26194   0.876518   0.342019     0.0356   0.168227    25.8969   -3.91177  0.0852625  -0.306559   -1.67877    1.43207
  -10.2539    8.32125    -3.0302   -2.75109    5.05754     7.8754   -46.1595    5.80023  -0.622813   -3.91177     71.759  0.0776341    2.67689    21.8414    6.51274
  0.250269    1.40517   -1.17301 -0.0146056  -0.472332   0.170179  -0.682454 -0.0411917    0.25689  0.0852625  0.0776341    3.40789   0.243074  -0.530564   0.131921
    12.228   -2.25786   -16.5943  -0.651798  -0.935239   -12.3376   -17.3117   -1.36574   0.346522  -0.306559    2.67689   0.243074    51.0629   -5.75694   -2.18123
   5.46216   -7.07682    6.67397   -1.64146    9.03992    13.3228   -22.9191   0.367596   0.241951   -1.67877    21.8414  -0.530564   -5.75694    30.5939    2.14459
  -2.89342    3.31545   -2.05168   -1.62111   0.118003    2.48387   -5.13871   -1.33546     0.3315    1.43207    6.51274   0.131921   -2.18123    2.14459    42.9713
