 0.000176189 -4.90186e-05   0.00875047     0.166233   0.00861707  0.000171404    0.0747138  -0.00144651  -0.00533488   0.00147548  -0.00530386  0.000568616   0.00308721  3.24464e-06
-4.90186e-05  0.000487408  -0.00100812   -0.0135486  0.000142272    0.0015036    -0.136009  -0.00266033   0.00789443  -0.00358855    0.0010932  0.000764056    0.0058068  6.60942e-06
  0.00875047  -0.00100812      155.248     -1931.05     -8.73432      6.72511            0      2.30273     -4.41984       2.0279     -4.39961    0.0959035      32.8099   0.00180307
    0.166233   -0.0135486     -1931.05       576360       585.73      103.753     -2241.81      38.2216     -315.442      73.2193      750.149      24.3372            0  -0.00968317
  0.00861707  0.000142272     -8.73432       585.73      209.761      6.49786      34.3859     -3.97234     -4.25152      2.99023      1.50216    -0.302035    -0.488632   0.00265969
 0.000171404    0.0015036      6.72511      103.753      6.49786      26.1792     -24.0717     -1.62937      4.13827      5.36212      0.95955    -0.524599     -1.72957   0.00562223
   0.0747138    -0.136009            0     -2241.81      34.3859     -24.0717      20825.9      17.9738     -12.9829     -29.6175      55.8943      3.34686            0   0.00623115
 -0.00144651  -0.00266033      2.30273      38.2216     -3.97234     -1.62937      17.9738      33.8154     -7.36319     -2.25511     -12.9028     0.281512     -1.54728   0.00337659
 -0.00533488   0.00789443     -4.41984     -315.442     -4.25152      4.13827     -12.9829     -7.36319      29.0088      1.39971      2.25834    -0.541834     -3.97933  0.000350596
  0.00147548  -0.00358855       2.0279      73.2193      2.99023      5.36212     -29.6175     -2.25511      1.39971      5.48555      1.64311    -0.185362     0.998114   -0.0004057
 -0.00530386    0.0010932     -4.39961      750.149      1.50216      0.95955      55.8943     -12.9028      2.25834      1.64311      66.6633    -0.389294     -3.10182    0.0103818
 0.000568616  0.000764056    0.0959035      24.3372    -0.302035    -0.524599      3.34686     0.281512    -0.541834    -0.185362    -0.389294     0.804354    -0.223552  2.63343e-05
  0.00308721    0.0058068      32.8099            0    -0.488632     -1.72957            0     -1.54728     -3.97933     0.998114     -3.10182    -0.223552      87.4739 -2.51444e-05
 3.24464e-06  6.60942e-06   0.00180307  -0.00968317   0.00265969   0.00562223   0.00623115   0.00337659  0.000350596   -0.0004057    0.0103818  2.63343e-05 -2.51444e-05  9.33563e-05
