     35.9241      4.57547     -9.00687    -0.292589    0.0019244      8.75807     -3.10354   -0.0067066   0.00739565   0.00068969     -8.25405  0.000484678      8.13301   -0.0623781     -51.2485
     4.57547      35.6212     -25.4626    -0.187788 -0.000184227      8.58718     -1.18919   0.00980477 -0.000815072  0.000713089      5.77882   0.00487168     -4.61708     0.211989      60.1838
    -9.00687     -25.4626      32.4203     0.262664   0.00117501     -5.43424      1.95677  -0.00615646  -0.00196433 -0.000674013     -1.53493   -0.0042071     -12.8487    0.0302133     -41.2843
   -0.292589    -0.187788     0.262664     0.409152  5.19709e-05    -0.282182    0.0130536  0.000470642  6.44183e-05 -3.83975e-05     -0.12366 -2.25198e-05   -0.0555883   -0.0107196     -2.33259
   0.0019244 -0.000184227   0.00117501  5.19709e-05   1.8779e-05 -0.000364185  0.000360036 -2.20254e-06 -9.96296e-07 -2.82811e-07 -0.000172303 -1.20718e-06 -0.000228962   0.00052393   0.00522635
     8.75807      8.58718     -5.43424    -0.282182 -0.000364185      35.4635      -4.7551  -0.00590964    0.0033956  0.000186042      9.93655  7.83102e-05     -8.60405     0.854905      64.6117
    -3.10354     -1.18919      1.95677    0.0130536  0.000360036      -4.7551      35.6745 -0.000162443 -0.000223473  3.74291e-06     -3.00031  0.000168188     -1.77469    -0.327197      -2.4127
  -0.0067066   0.00980477  -0.00615646  0.000470642 -2.20254e-06  -0.00590964 -0.000162443  0.000374657  8.82258e-06 -1.53705e-07    0.0205473 -7.91839e-07  -0.00173557 -0.000664023   -0.0765413
  0.00739565 -0.000815072  -0.00196433  6.44183e-05 -9.96296e-07    0.0033956 -0.000223473  8.82258e-06  0.000304196  1.72369e-07  -0.00127045  5.41168e-06   0.00106165 -0.000907486    0.0535656
  0.00068969  0.000713089 -0.000674013 -3.83975e-05 -2.82811e-07  0.000186042  3.74291e-06 -1.53705e-07  1.72369e-07  3.41131e-06 -0.000962239  5.57966e-08  0.000147649 -0.000120672    0.0104483
    -8.25405      5.77882     -1.53493     -0.12366 -0.000172303      9.93655     -3.00031    0.0205473  -0.00127045 -0.000962239      66.1717 -0.000196382      2.65541    -0.144444      128.547
 0.000484678   0.00487168   -0.0042071 -2.25198e-05 -1.20718e-06  7.83102e-05  0.000168188 -7.91839e-07  5.41168e-06  5.57966e-08 -0.000196382  5.27908e-05  0.000818632 -0.000274233    0.0118739
     8.13301     -4.61708     -12.8487   -0.0555883 -0.000228962     -8.60405     -1.77469  -0.00173557   0.00106165  0.000147649      2.65541  0.000818632      46.1364    0.0828853     -35.5245
  -0.0623781     0.211989    0.0302133   -0.0107196   0.00052393     0.854905    -0.327197 -0.000664023 -0.000907486 -0.000120672    -0.144444 -0.000274233    0.0828853      3.10745     -3.12454
    -51.2485      60.1838     -41.2843     -2.33259   0.00522635      64.6117      -2.4127   -0.0765413    0.0535656    0.0104483      128.547    0.0118739     -35.5245     -3.12454      15713.4
