     38.4924      7.01819     -11.8381    -0.864056    0.0817632      9.46961     -17.1445     -0.10845    0.0910038    0.0368301       -10.01   0.00919938       9.9193    -0.235651     -12.0428
     7.01819      38.4275      -28.026    -0.615683   0.00404375      9.88746     -22.3637     0.175833  -0.00807739    0.0381376      5.96996    0.0792908     -3.83781     0.254051      13.5618
    -11.8381      -28.026       34.486     0.801496     0.034536     -6.45674      19.0275    -0.103273    -0.027523    -0.035345     -1.55961   -0.0675183     -14.8088    0.0975736     -8.56759
   -0.864056    -0.615683     0.801496      3.47514   0.00492406    -0.688741      1.05481     0.026658   0.00208097  -0.00532175     -0.33997  -0.00110577    -0.217348   -0.0637292     -1.55449
   0.0817632   0.00404375     0.034536   0.00492406    0.0241449    0.0113321   -0.0190278  -0.00123556 -0.000498829 -0.000469497  -0.00345214  -0.00063142  -0.00427221    0.0369078    0.0467616
     9.46961      9.88746     -6.45674    -0.688741    0.0113321      14.3348     -17.4559   0.00738979    0.0315209   0.00816149      9.01739   0.00807926     -9.89346     0.356925      10.3804
    -17.1445     -22.3637      19.0275      1.05481   -0.0190278     -17.4559      64.2214    -0.192526   -0.0323868  -0.00573654     -42.0078   -0.0358185     -13.8212     -1.16339     -20.6713
    -0.10845     0.175833    -0.103273     0.026658  -0.00123556   0.00738979    -0.192526     0.114338   0.00197845 -7.25044e-05     0.385235 -0.000219293   -0.0443653     -0.02203    -0.309737
   0.0910038  -0.00807739    -0.027523   0.00208097 -0.000498829    0.0315209   -0.0323868   0.00197845    0.0439535  0.000112687   -0.0279932   0.00102092    0.0182632   -0.0232193     0.103397
   0.0368301    0.0381376    -0.035345  -0.00532175 -0.000469497   0.00816149  -0.00573654 -7.25044e-05  0.000112687   0.00812736   -0.0486617  2.89892e-05   0.00710687   -0.0114714     0.104887
      -10.01      5.96996     -1.55961     -0.33997  -0.00345214      9.01739     -42.0078     0.385235   -0.0279932   -0.0486617      69.0286  -0.00192432      2.73959    -0.528945      28.0232
  0.00919938    0.0792908   -0.0675183  -0.00110577  -0.00063142   0.00807926   -0.0358185 -0.000219293   0.00102092  2.89892e-05  -0.00192432    0.0123774    0.0127856  -0.00811262    0.0385984
      9.9193     -3.83781     -14.8088    -0.217348  -0.00427221     -9.89346     -13.8212   -0.0443653    0.0182632   0.00710687      2.73959    0.0127856       48.663     0.153162     -8.35549
   -0.235651     0.254051    0.0975736   -0.0637292    0.0369078     0.356925     -1.16339     -0.02203   -0.0232193   -0.0114714    -0.528945  -0.00811262     0.153162       11.871     -1.30355
    -12.0428      13.5618     -8.56759     -1.55449    0.0467616      10.3804     -20.6713    -0.309737     0.103397     0.104887      28.0232    0.0385984     -8.35549     -1.30355      779.688
