 5.21421e+10       8942.8            0            0      5583.12      -374.41     -2453.63     -1879.46     -33402.3     -220.792            0            0            0            0     -23999.5      6607.08
      8942.8        3.021     -144.068      8.40798    -0.200467    0.0252581   -0.0062694    0.0209276     0.484961 -0.000532993      11563.4            0     -1.68866     0.525185     0.350118    0.0498772
           0     -144.068  2.82153e+09      -205962      490.235      -322.37      109.789      4733.07            0     -58.1336            0            0            0      836.874            0       377.55
           0      8.40798      -205962        49459     -3.11619      1.97658      1.73829     -48.5093     -11.7825    -0.069865            0            0      8.44484     -54.8844            0     -7.66943
     5583.12    -0.200467      490.235     -3.11619      5.57047    -0.058752    -0.018849     0.176277   -0.0920673 -0.000343061     -12872.4      658.724    -0.620021     0.284166    -0.165294     0.087516
     -374.41    0.0252581      -322.37      1.97658    -0.058752     0.413426  -0.00130803   -0.0785372     0.026047 -0.000111816      721.374      826.103    -0.360428     0.074006    0.0135121   -0.0765706
    -2453.63   -0.0062694      109.789      1.73829    -0.018849  -0.00130803     0.236258    0.0611955    0.0399318 -5.02975e-05      989.126      59843.7     0.878105   -0.0403085   -0.0451941   -0.0135112
    -1879.46    0.0209276      4733.07     -48.5093     0.176277   -0.0785372    0.0611955      28.1015     0.207541  -0.00247431      77.1806      -4227.8    -0.297304    -0.556995     0.300344    -0.444478
    -33402.3     0.484961            0     -11.7825   -0.0920673     0.026047    0.0399318     0.207541      70.7222  -0.00167221  1.49759e+06            0     -6.67901      -1.7399            0   -0.0657833
    -220.792 -0.000532993     -58.1336    -0.069865 -0.000343061 -0.000111816 -5.02975e-05  -0.00247431  -0.00167221  0.000573987     -41.8753            0    0.0012729   0.00178085 -0.000247723 -0.000648303
           0      11563.4            0            0     -12872.4      721.374      989.126      77.1806  1.49759e+06     -41.8753  3.65379e+10            0      -116368     -36049.2            0      -3512.5
           0            0            0            0      658.724      826.103      59843.7      -4227.8            0            0            0  1.84002e+10        65234            0            0            0
           0     -1.68866            0      8.44484    -0.620021    -0.360428     0.878105    -0.297304     -6.67901    0.0012729      -116368        65234      989.234      1.27147    -0.467228      3.05184
           0     0.525185      836.874     -54.8844     0.284166     0.074006   -0.0403085    -0.556995      -1.7399   0.00178085     -36049.2            0      1.27147      15.9452     0.111403    0.0240547
    -23999.5     0.350118            0            0    -0.165294    0.0135121   -0.0451941     0.300344            0 -0.000247723            0            0    -0.467228     0.111403      3.58893    0.0256091
     6607.08    0.0498772       377.55     -7.66943     0.087516   -0.0765706   -0.0135112    -0.444478   -0.0657833 -0.000648303      -3512.5            0      3.05184    0.0240547    0.0256091      3.07094
