 5.21413e+10      13449.5            0            0      7960.38     -636.402     -4697.67     -2003.65     -29615.7     -790.546            0            0            0            0     -29452.6      11059.3
     13449.5      6.83323     -27.8952      4.90527    -0.429874    0.0645508   -0.0180523    0.0335472     0.646689  -0.00287019      17391.1            0     -1.62552     0.835082     0.646212     0.125636
           0     -27.8952  4.75021e+07       -10360      90.9226     -69.9609      27.2577      654.882            0     -26.9984            0            0            0      117.727            0      81.0818
           0      4.90527       -10360      7442.68     -1.72376      1.30224       1.2911     -20.0568     -4.05258   -0.0970601            0            0      2.09685     -22.5112            0     -4.98276
     7960.38    -0.429874      90.9226     -1.72376      11.3243    -0.142374   -0.0514569     0.267883     -0.11639  -0.00175023     -18353.5      939.238    -0.565823     0.428363    -0.289227     0.208978
    -636.402    0.0645508     -69.9609      1.30224    -0.142374      1.19431  -0.00425687     -0.14228    0.0392591 -0.000681855      1226.26      1404.08    -0.392087     0.132973    0.0281779    -0.217969
    -4697.67   -0.0180523      27.2577       1.2911   -0.0514569  -0.00425687     0.866118     0.124884    0.0677897  -0.00034466      1893.82       114581      1.07611   -0.0815961    -0.106139   -0.0433312
    -2003.65    0.0335472      654.882     -20.0568     0.267883     -0.14228     0.124884      31.9232     0.196134   -0.0094416      82.4892     -4505.95    -0.202815     -0.62765     0.392852    -0.793506
    -29615.7     0.646689            0     -4.05258     -0.11639    0.0392591    0.0677897     0.196134      55.5977  -0.00530978  1.32783e+06            0     -3.79033       -1.631            0   -0.0976943
    -790.546  -0.00287019     -26.9984   -0.0970601  -0.00175023 -0.000681855  -0.00034466   -0.0094416  -0.00530978    0.0073587     -149.924            0    0.0029142   0.00674141   -0.0010884  -0.00388804
           0      17391.1            0            0     -18353.5      1226.26      1893.82      82.4892  1.32783e+06     -149.924  3.65377e+10            0     -74481.6     -38112.8            0     -5883.16
           0            0            0            0      939.238      1404.08       114581     -4505.95            0            0            0  1.84001e+10      41753.4            0            0            0
           0     -1.62552            0      2.09685    -0.565823    -0.392087      1.07611    -0.202815     -3.79033    0.0029142     -74481.6      41753.4      405.254     0.860386    -0.366999      3.27171
           0     0.835082      117.727     -22.5112     0.428363     0.132973   -0.0815961     -0.62765       -1.631   0.00674141     -38112.8            0     0.860386      17.8233     0.144544    0.0425607
    -29452.6     0.646212            0            0    -0.289227    0.0281779    -0.106139     0.392852            0   -0.0010884            0            0    -0.366999     0.144544      5.40515    0.0526386
     11059.3     0.125636      81.0818     -4.98276     0.208978    -0.217969   -0.0433312    -0.793506   -0.0976943  -0.00388804     -5883.16            0      3.27171    0.0425607    0.0526386      8.61469
