 3.58889e+11            0  -3.9314e+09            0      -128.87            0      42749.4            0      294.694  5.91114e+06            0            0            0            0            0            0
           0      131.616      77454.7    -0.878608    0.0034862      -262830    -0.202344        11392   -0.0132501    -0.151571      389.442 -6.70695e-05     -25714.7 -7.31743e+12      0.05826   -0.0344264
 -3.9314e+09      77454.7  1.74856e+11     -27927.6      262.024            0     -33124.5            0     -3442.32      -600312            0   -0.0100507            0            0     -2220.41       2688.8
           0    -0.878608     -27927.6      80.6579   0.00275671       131226     0.336509      5056.14   -0.0129426     -26.9926     -156.545 -1.84855e-05      14498.8            0    0.0878727    -0.114199
     -128.87    0.0034862      262.024   0.00275671  0.000298456     -962.179  -0.00112336      36.1935  1.70291e-05   -0.0412961      4.34902   -7.295e-08      300.794            0 -0.000356789 -0.000265342
           0      -262830            0       131226     -962.179  5.45116e+12      -110482 -4.18712e+09      811.434  1.23544e+07            0     -11.6397            0            0     -4452.17      396.283
     42749.4    -0.202344     -33124.5     0.336509  -0.00112336      -110482      7.97479     -4349.88   0.00300174     -38.0161     -464.901  3.60886e-06      3457.14  9.03108e+11   -0.0083673    0.0116632
           0        11392            0      5056.14      36.1935 -4.18712e+09     -4349.88  6.64186e+09      55.4615       516885  8.13217e+06            0            0            0     -132.187       95.413
     294.694   -0.0132501     -3442.32   -0.0129426  1.70291e-05      811.434   0.00300174      55.4615   0.00362586    -0.200416      14.3148  4.70466e-08     -64.8764            0  0.000278174  0.000205027
 5.91114e+06    -0.151571      -600312     -26.9926   -0.0412961  1.23544e+07     -38.0161       516885    -0.200416       135749     -59216.3 -0.000819659       556026            0    -0.156663     -1.59923
           0      389.442            0     -156.545      4.34902            0     -464.901  8.13217e+06      14.3148     -59216.3   6.6761e+07    0.0592775            0            0       13.834     -2.84909
           0 -6.70695e-05   -0.0100507 -1.84855e-05   -7.295e-08     -11.6397  3.60886e-06            0  4.70466e-08 -0.000819659    0.0592775  3.83923e-08     -2.56148            0  1.80885e-06  1.94088e-06
           0     -25714.7            0      14498.8      300.794            0      3457.14            0     -64.8764       556026            0     -2.56148  3.98707e+10            0     -40126.3     -28763.8
           0 -7.31743e+12            0            0            0            0  9.03108e+11            0            0            0            0            0            0  8.91243e+26            0 -1.11116e+11
           0      0.05826     -2220.41    0.0878727 -0.000356789     -4452.17   -0.0083673     -132.187  0.000278174    -0.156663       13.834  1.80885e-06     -40126.3            0    0.0953153   -0.0154395
           0   -0.0344264       2688.8    -0.114199 -0.000265342      396.283    0.0116632       95.413  0.000205027     -1.59923     -2.84909  1.94088e-06     -28763.8 -1.11116e+11   -0.0154395    0.0727923
