     211836     53.3289           0           0     28.3972    -2.95121    -27.3849    -4.04626      -47.29    -13.1151           0           0           0           0    -84.4822     49.6427
    53.3289     26.5299     -1.9173     2.06871    -1.50538    0.378198   -0.102244   0.0729282     1.01416  -0.0452897     5144.33           0    -1.52884     1.79883     1.81571    0.490771
          0     -1.9173     57638.5    -77.2635      5.6262     -5.7541     2.73156     25.0643           0    -7.52003           0           0           0     4.49628           0     6.55015
          0     2.06871    -77.2635     341.471   -0.657253    0.661558    0.795371     -4.7175   -0.695298    -0.16554           0           0    0.211226    -5.26853           0    -2.46377
    28.3972    -1.50538      5.6262   -0.657253     35.7965   -0.600024   -0.263767    0.523247   -0.144802  -0.0245151    -4862.45     1682.55    -0.48068    0.832422   -0.732658    0.857843
   -2.95121    0.378198     -5.7541    0.661558   -0.600024     6.71023  -0.0290202   -0.370571   0.0747706  -0.0128418     436.668     3320.72   -0.442477    0.344025   0.0952503    -1.19518
   -27.3849   -0.102244     2.73156    0.795371   -0.263767  -0.0290202     7.18877    0.395317    0.154974 -0.00788276     810.255      330065     1.47566   -0.256917   -0.439684   -0.285166
   -4.04626   0.0729282     25.0643     -4.7175    0.523247   -0.370571    0.395317     38.5218    0.168542  -0.0836697     10.2845    -4941.68   -0.107382   -0.754044    0.615325    -2.00636
     -47.29     1.01416           0   -0.695298   -0.144802   0.0747706    0.154974    0.168542     35.4579  -0.0341429      161015           0    -1.43798    -1.41363           0   -0.171157
   -13.1151  -0.0452897    -7.52003    -0.16554  -0.0245151  -0.0128418 -0.00788276  -0.0836697  -0.0341429     0.46982      -184.5           0   0.0109603   0.0589163  -0.0120896  -0.0723979
          0     5144.33           0           0    -4862.45     436.668     810.255     10.2845      161015      -184.5 8.42135e+08           0    -5336.12    -6310.18           0       -1970
          0           0           0           0     1682.55     3320.72      330065    -4941.68           0           0           0 1.83955e+10     19838.5           0           0           0
          0    -1.52884           0    0.211226    -0.48068   -0.442477     1.47566   -0.107382    -1.43798   0.0109603    -5336.12     19838.5     92.2564    0.447801   -0.247995      3.6081
          0     1.79883     4.49628    -5.26853    0.832422    0.344025   -0.256917   -0.754044    -1.41363   0.0589163    -6310.18           0    0.447801     21.2816    0.225196     0.10761
   -84.4822     1.81571           0           0   -0.732658   0.0952503   -0.439684    0.615325           0  -0.0120896           0           0   -0.247995    0.225196     10.9943    0.197203
    49.6427    0.490771     6.55015    -2.46377    0.857843    -1.19518   -0.285166    -2.00636   -0.171157  -0.0723979       -1970           0      3.6081     0.10761    0.197203     45.8643
