 2.44335e+07            0      -356425            0     -15.8292            0      409.149            0      14.4856      7685.67            0            0            0            0            0            0
           0      61.6218      573.995    -0.457676    0.0353553     -25152.8    -0.160283       117.93   -0.0538239   -0.0275619      11.9764  -0.00184025       -17654  -7.2487e+10     0.141346    -0.089279
     -356425      573.995  2.12319e+07      -237.53      43.2979            0     -421.219            0     -225.115      -1040.8            0   -0.0153252            0            0     -87.8165      112.709
           0    -0.457676      -237.53      49.2124     0.032005        14277     0.304597       58.971    -0.060171     -3.32755     -5.51499 -0.000610646      11343.2            0     0.243312    -0.339512
    -15.8292    0.0353553      43.2979     0.032005    0.0661426     -2028.43   -0.0193333      8.12375   0.00150954   -0.0971038      2.90342 -4.38056e-05      4508.25            0   -0.0189021   -0.0150796
           0     -25152.8            0        14277     -2028.43  1.07116e+11     -17919.5 -8.86118e+06      718.635       271218            0     -64.6683            0            0     -2212.08      215.467
     409.149    -0.160283     -421.219     0.304597   -0.0193333     -17919.5       10.686     -76.0074    0.0205228     -6.92165     -24.0807  0.000176673      3997.51  1.38635e+10   -0.0342931    0.0514185
           0       117.93            0       58.971      8.12375 -8.86118e+06     -76.0074  1.50945e+06      4.97264       1224.7      5502.32            0            0            0     -7.11396      5.64838
     14.4856   -0.0538239     -225.115    -0.060171   0.00150954      718.635    0.0205228      4.97264     0.127462    -0.185864      3.80879  1.64244e-05     -389.235            0   0.00592039   0.00463578
     7685.67   -0.0275619      -1040.8     -3.32755   -0.0971038       271218     -6.92165       1224.7    -0.185864       3357.4     -417.584  -0.00497553      87609.4            0   -0.0861187     -0.95803
           0      11.9764            0     -5.51499      2.90342            0     -24.0807      5502.32      3.80879     -417.584       133972     0.104668            0            0      2.18642    -0.483077
           0  -0.00184025   -0.0153252 -0.000610646 -4.38056e-05     -64.6683  0.000176673            0  1.64244e-05  -0.00497553     0.104668  6.34979e-05       -93.84            0  0.000220876  0.000270549
           0       -17654            0      11343.2      4508.25            0      3997.51            0     -389.235      87609.4            0       -93.84  3.99603e+10            0      -142410      -109517
           0  -7.2487e+10            0            0            0            0  1.38635e+10            0            0            0            0            0            0  1.88797e+23            0  -6.7584e+09
           0     0.141346     -87.8165     0.243312   -0.0189021     -2212.08   -0.0342931     -7.11396   0.00592039   -0.0861187      2.18642  0.000220876      -142410            0      1.19763    -0.207841
           0    -0.089279      112.709    -0.339512   -0.0150796      215.467    0.0514185      5.64838   0.00463578     -0.95803    -0.483077  0.000270549      -109517  -6.7584e+09    -0.207841      1.05255
