  4.3236e+12            0  -4.4697e+10            0     -116.852            0       137989            0      420.719   5.1776e+07            0            0            0            0            0            0
           0      187.998       305365      -1.1886    0.0011063      -516936    -0.224879      55995.8  -0.00651019    -0.481721       2195.7  -5.0536e-05     -30732.9 -8.73081e+12    0.0369918   -0.0211076
 -4.4697e+10       305365  1.86359e+12      -103624      222.213            0      -100727            0     -4619.25 -4.96092e+06            0   -0.0145515            0            0     -3850.46      4504.62
           0      -1.1886      -103624      103.482  0.000814615       244484     0.354108      24847.1  -0.00602552     -77.2061      -836.64 -1.30035e-05      16422.3            0    0.0528751   -0.0663485
    -116.852    0.0011063      222.213  0.000814615  2.03232e-05     -412.945  -0.00027206       38.949  1.82875e-06   -0.0271479       5.3672  -1.2043e-08      78.6812            0 -4.96487e-05 -3.55715e-05
           0      -516936            0       244484     -412.945  1.47087e+13      -169215 -2.84897e+10      539.792  5.12844e+07            0     -12.1019            0            0     -3885.71      332.968
      137989    -0.224879      -100727     0.354108  -0.00027206      -169215      6.89716     -16582.4   0.00114708     -89.2435     -2039.71  2.09269e-06      3214.94  8.38475e+11  -0.00413372   0.00556269
           0      55995.8            0      24847.1       38.949 -2.84897e+10     -16582.4  1.12817e+11      94.8384   5.4155e+06  1.58901e+08            0            0            0     -291.734      193.859
     420.719  -0.00651019     -4619.25  -0.00602552  1.82875e-06      539.792   0.00114708      94.8384  0.000612582    -0.207814      27.7584  1.05491e-08      -26.647            0   6.0661e-05  4.32272e-05
  5.1776e+07    -0.481721 -4.96092e+06     -77.2061   -0.0271479  5.12844e+07     -89.2435   5.4155e+06    -0.207814       865071      -705484   -0.0013151  1.40473e+06            0    -0.210881     -2.07068
           0       2195.7            0      -836.64       5.3672            0     -2039.71  1.58901e+08      27.7584      -705484  1.48561e+09     0.177284            0            0      34.5534      -6.8762
           0  -5.0536e-05   -0.0145515 -1.30035e-05  -1.2043e-08     -12.1019  2.09269e-06            0  1.05491e-08   -0.0013151     0.177284  1.50754e-08     -1.63987            0  6.22517e-07  6.37352e-07
           0     -30732.9            0      16422.3      78.6812            0      3214.94            0      -26.647  1.40473e+06            0     -1.63987  3.98571e+10            0     -21311.3     -14751.9
           0 -8.73081e+12            0            0            0            0  8.38475e+11            0            0            0            0            0            0  8.88334e+26            0 -5.69084e+10
           0    0.0369918     -3850.46    0.0528751 -4.96487e-05     -3885.71  -0.00413372     -291.734   6.0661e-05    -0.210881      34.5534  6.22517e-07     -21311.3            0    0.0268955  -0.00420753
           0   -0.0211076      4504.62   -0.0663485 -3.55715e-05      332.968   0.00556269      193.859  4.32272e-05     -2.07068      -6.8762  6.37352e-07     -14751.9 -5.69084e+10  -0.00420753    0.0191529
