     29.8256     0.141317     0.980791      1.94208      10.9956    -0.503339  -0.00414468      3.12033   0.00901246      22.0613 -2.96864e-05      -5.5131 -0.000524446    -0.765942      1.31133
    0.141317     0.209388     0.737998   -0.0427512     0.125406   -0.0502456  0.000176348      0.37998   0.00275758   -0.0125927 -1.11243e-06   -0.0604188 -2.82453e-05     0.083947      0.32679
    0.980791     0.737998      91.0706     0.488245     0.042005     -4.45426  -0.00971939      33.0089     0.049113     -13.0919 -0.000249004     -13.0321 -0.000177618     -1.14403      40.0334
     1.94208   -0.0427512     0.488245      64.7327     -1.06744    -0.413409   -0.0012769     -1.49228   -0.0221078     0.217092  8.43921e-05     -1.98685 -0.000168012     0.949166    -0.306899
     10.9956     0.125406     0.042005     -1.06744      33.8627     0.078508 -0.000997854      19.5985    0.0424676     -11.4747 -4.21168e-05        3.088  6.17956e-06    0.0528165      2.33154
   -0.503339   -0.0502456     -4.45426    -0.413409     0.078508       22.954 -0.000792548     -2.25004   -0.0105146    -0.431873   3.1297e-05     0.168983 -5.26666e-05    0.0109371     -1.63001
 -0.00414468  0.000176348  -0.00971939   -0.0012769 -0.000997854 -0.000792548   7.1418e-05   0.00216765  7.19149e-05  -0.00427926  5.60741e-08   0.00587245  1.91706e-07   0.00110115   -0.0060444
     3.12033      0.37998      33.0089     -1.49228      19.5985     -2.25004   0.00216765      89.2461   -0.0420055     -11.0828 -0.000160313      26.1008 -2.20569e-05     0.305926     -11.7614
  0.00901246   0.00275758     0.049113   -0.0221078    0.0424676   -0.0105146  7.19149e-05   -0.0420055    0.0183293   -0.0113332 -1.96804e-06   -0.0133335 -8.64043e-08   0.00315517    0.0681932
     22.0613   -0.0125927     -13.0919     0.217092     -11.4747    -0.431873  -0.00427926     -11.0828   -0.0113332      46.2399   0.00014162     -4.73584 -0.000545555     -1.09738     -6.43691
-2.96864e-05 -1.11243e-06 -0.000249004  8.43921e-05 -4.21168e-05   3.1297e-05  5.60741e-08 -0.000160313 -1.96804e-06   0.00014162  7.98389e-08 -1.21157e-05 -2.18483e-08  3.17942e-05 -9.65951e-05
     -5.5131   -0.0604188     -13.0321     -1.98685        3.088     0.168983   0.00587245      26.1008   -0.0133335     -4.73584 -1.21157e-05      25.7099  0.000139285     0.666517     -11.1272
-0.000524446 -2.82453e-05 -0.000177618 -0.000168012  6.17956e-06 -5.26666e-05  1.91706e-07 -2.20569e-05 -8.64043e-08 -0.000545555 -2.18483e-08  0.000139285  1.56634e-06  0.000146673 -0.000217291
   -0.765942     0.083947     -1.14403     0.949166    0.0528165    0.0109371   0.00110115     0.305926   0.00315517     -1.09738  3.17942e-05     0.666517  0.000146673      6.38837    -0.969957
     1.31133      0.32679      40.0334    -0.306899      2.33154     -1.63001   -0.0060444     -11.7614    0.0681932     -6.43691 -9.65951e-05     -11.1272 -0.000217291    -0.969957       38.527
