     29.4643    -0.820092 -7.57893e-06      4.18275     0.137907       2.4089     -4.10404     0.820281   0.00457443     -2.27973  1.03145e-05      13.1949  8.41863e-05 -0.000315477      12.0475
   -0.820092      58.9122  -4.5491e-05      2.51508    -0.049915      3.22726    -0.224857     -1.12038   -0.0208667       17.306   -1.047e-05      6.37439 -4.45579e-05    0.0193062      21.6635
-7.57893e-06  -4.5491e-05  6.01161e-08 -1.32014e-05  -2.5629e-06  7.74221e-05 -5.50109e-05  1.26318e-06  3.44258e-08 -4.63101e-05  2.29557e-10 -1.16379e-05  7.57715e-10  1.40633e-07  3.19341e-05
     4.18275      2.51508 -1.32014e-05      26.2398     0.133833      1.25357      3.59676     0.597564   -0.0140572     -5.08819 -9.06128e-06       2.3103  1.69638e-05    0.0155062     -15.6981
    0.137907    -0.049915  -2.5629e-06     0.133833     0.161683      0.12796   -0.0717682   -0.0133001  0.000188267     0.138653 -2.03677e-07     0.276654 -3.49478e-06  7.36792e-06    -0.164909
      2.4089      3.22726  7.74221e-05      1.25357      0.12796      330.008     0.139996     0.463817  -0.00336226      9.22114  9.21549e-06      7.67305 -0.000100201   -0.0135121    -0.117041
    -4.10404    -0.224857 -5.50109e-05      3.59676   -0.0717682     0.139996      77.0178     0.236848   0.00376132     -3.13886  7.55036e-07     -1.99455  6.56068e-05  -0.00439137      -5.7184
    0.820281     -1.12038  1.26318e-06     0.597564   -0.0133001     0.463817     0.236848      2.63015 -0.000818854    -0.222236  2.49263e-07     0.370745  4.85982e-06  0.000671519    -0.819828
  0.00457443   -0.0208667  3.44258e-08   -0.0140572  0.000188267  -0.00336226   0.00376132 -0.000818854  0.000618816  -0.00862265  1.41464e-08  -0.00386718  2.44214e-08  5.04702e-06  0.000980571
    -2.27973       17.306 -4.63101e-05     -5.08819     0.138653      9.22114     -3.13886    -0.222236  -0.00862265      39.5962  1.62118e-06      17.2927  1.15029e-05    0.0171499     -1.44639
 1.03145e-05   -1.047e-05  2.29557e-10 -9.06128e-06 -2.03677e-07  9.21549e-06  7.55036e-07  2.49263e-07  1.41464e-08  1.62118e-06  2.35298e-10  5.63224e-06  2.09082e-11 -1.41817e-09  7.15038e-06
     13.1949      6.37439 -1.16379e-05       2.3103     0.276654      7.67305     -1.99455     0.370745  -0.00386718      17.2927  5.63224e-06      25.6389   3.4564e-05  -0.00640013     -2.51816
 8.41863e-05 -4.45579e-05  7.57715e-10  1.69638e-05 -3.49478e-06 -0.000100201  6.56068e-05  4.85982e-06  2.44214e-08  1.15029e-05  2.09082e-11   3.4564e-05  7.73369e-08 -1.04783e-07 -8.89614e-06
-0.000315477    0.0193062  1.40633e-07    0.0155062  7.36792e-06   -0.0135121  -0.00439137  0.000671519  5.04702e-06    0.0171499 -1.41817e-09  -0.00640013 -1.04783e-07    0.0018056   0.00630959
     12.0475      21.6635  3.19341e-05     -15.6981    -0.164909    -0.117041      -5.7184    -0.819828  0.000980571     -1.44639  7.15038e-06     -2.51816 -8.89614e-06   0.00630959      47.2783
