    32.6795     3.64582    0.437585    -22.0315     10.6578   -0.736245    -1.02578     4.60411    0.439155     27.1836    -6.39725     -5.0123    -1.23155     23.5407     4.66504
    3.64582     30.8329    -15.1981    -4.28779    -4.24234   -0.273078    0.262676    -2.35214    0.240162     22.3634     4.57862     5.48965   -0.358615    -3.53441    -8.58109
   0.437585    -15.1981     99.0612      2.7268     3.33273    -5.07648    -2.12248     46.9198     1.06371    -18.8818     13.1159    -13.9456   -0.505777    -10.7353     47.6402
   -22.0315    -4.28779      2.7268     46.3132     21.0916    0.672429    0.857335     19.2292    0.300854    -38.2698     4.77639      13.964     1.06797     6.25861    0.205176
    10.6578    -4.24234     3.33273     21.0916     38.8083  0.00787041   -0.395172     28.5933    0.908564    -8.86893    -2.69201     6.78675   -0.124446      34.208     1.93453
  -0.736245   -0.273078    -5.07648    0.672429  0.00787041     25.6335   -0.264278    -2.73662   -0.278359   -0.369437    -1.19189     0.65898   -0.139908    0.490874    -2.02701
   -1.02578    0.262676    -2.12248    0.857335   -0.395172   -0.264278     3.53598  -0.0261731    0.376184    -1.09043 0.000122213     1.48118    0.126037  -0.0949163    -1.66898
    4.60411    -2.35214     46.9198     19.2292     28.5933    -2.73662  -0.0261731     98.6652    -0.71208    -17.2435     3.62544     34.5936   -0.300195     24.5318    -9.13816
   0.439155    0.240162     1.06371    0.300854    0.908564   -0.278359    0.376184    -0.71208     8.41044   -0.116979   0.0173855   -0.959713  0.00333364    0.386558     1.43643
    27.1836     22.3634    -18.8818    -38.2698    -8.86893   -0.369437    -1.09043    -17.2435   -0.116979     51.3558    -2.09967    -10.2532   -0.974652     4.25658    -6.62092
   -6.39725     4.57862     13.1159     4.77639    -2.69201    -1.19189 0.000122213     3.62544   0.0173855    -2.09967     49.0123    -2.24119   -0.739691    -8.83121     4.30164
    -5.0123     5.48965    -13.9456      13.964     6.78675     0.65898     1.48118     34.5936   -0.959713    -10.2532    -2.24119      31.611    0.429863     10.4747     -26.126
   -1.23155   -0.358615   -0.505777     1.06797   -0.124446   -0.139908    0.126037   -0.300195  0.00333364   -0.974652   -0.739691    0.429863     8.25422   -0.617659   -0.602108
    23.5407    -3.53441    -10.7353     6.25861      34.208    0.490874  -0.0949163     24.5318    0.386558     4.25658    -8.83121     10.4747   -0.617659     43.2104    -6.64077
    4.66504    -8.58109     47.6402    0.205176     1.93453    -2.02701    -1.66898    -9.13816     1.43643    -6.62092     4.30164     -26.126   -0.602108    -6.64077     44.3042
