      471222  -0.00232793      24.2749      10.8055      -340621      119.805      0.47282     -70174.2     -110.983     -641.851     -49.8085      24.7725            0   -0.0341907     -475.409
 -0.00232793  3.01916e-07  9.48667e-06 -2.87544e-05   0.00526447 -0.000145572 -8.44779e-07     0.338866    8.394e-05 -0.000189942  0.000298276 -5.15373e-05  -0.00011568 -2.18983e-09  7.88877e-05
     24.2749  9.48667e-06     0.389626   -0.0430367      -14.571    -0.575341   -0.0096811     -265.302     0.261327    -0.447942     0.464358     0.177912    -0.291925 -2.59994e-05   -0.0593607
     10.8055 -2.87544e-05   -0.0430367      11.9984     -25.7058    -0.827931   -0.0140127     -341.774      1.57322      2.04369      1.95798     0.158604      1.41211  3.20527e-05      1.24085
     -340621   0.00526447      -14.571     -25.7058       277530      32.8884     0.475563       812854      67.5475      459.002     -21.7094     -34.3499     -164.747   0.00922982      417.802
     119.805 -0.000145572    -0.575341    -0.827931      32.8884      34.7747   0.00344105      88129.3     -12.5481     0.911597     -3.51322     -2.30069      2.39569 -0.000524446      20.0772
     0.47282 -8.44779e-07   -0.0096811   -0.0140127     0.475563   0.00344105   0.00410641      27.9409   -0.0418495   -0.0531901   -0.0672409  -0.00109855   -0.0345235   6.1447e-07   -0.0833567
    -70174.2     0.338866     -265.302     -341.774       812854      88129.3      27.9409  5.26659e+09     -33055.4      13183.4     -3035.67      2432.99      52924.8     0.818279      78975.2
    -110.983    8.394e-05     0.261327      1.57322      67.5475     -12.5481   -0.0418495     -33055.4      40.5496      33.6254      5.72659    -0.422451    -0.393693  0.000310284      4.23593
    -641.851 -0.000189942    -0.447942      2.04369      459.002     0.911597   -0.0531901      13183.4      33.6254      71.7889     -17.6882     -2.52098    -0.756174 -0.000488124      20.1884
    -49.8085  0.000298276     0.464358      1.95798     -21.7094     -3.51322   -0.0672409     -3035.67      5.72659     -17.6882      43.4628      2.35398     0.738938 -0.000486873      13.6144
     24.7725 -5.15373e-05     0.177912     0.158604     -34.3499     -2.30069  -0.00109855      2432.99    -0.422451     -2.52098      2.35398      25.6379    -0.169316 -0.000209165     -1.86593
           0  -0.00011568    -0.291925      1.41211     -164.747      2.39569   -0.0345235      52924.8    -0.393693    -0.756174     0.738938    -0.169316      271.223 -0.000155914      3.71476
  -0.0341907 -2.18983e-09 -2.59994e-05  3.20527e-05   0.00922982 -0.000524446   6.1447e-07     0.818279  0.000310284 -0.000488124 -0.000486873 -0.000209165 -0.000155914  1.97129e-06  -0.00162678
    -475.409  7.88877e-05   -0.0593607      1.24085      417.802      20.0772   -0.0833567      78975.2      4.23593      20.1884      13.6144     -1.86593      3.71476  -0.00162678      49.7282
