    32.0385    -1.02767    0.753451    -18.3163     10.7023   -0.708525   -0.255262     4.52815    0.181852     26.1149   -0.136659     -5.5021   -0.175923     23.1104     3.99014
   -1.02767     22.7914    -9.16403     6.19883    -3.82135   -0.460746    0.110983    0.464209    0.203183      12.158    0.202453     7.96768   -0.058566    -5.52356     -3.9267
   0.753451    -9.16403     96.6883    0.163295     2.36993    -5.40964   -0.529622     43.7835    0.542733    -16.9139   -0.850087     -14.649  -0.0805017    -10.8295     46.1301
   -18.3163     6.19883    0.163295     60.2103     15.6782    0.239568    0.125871     13.6395  -0.0761127     -28.794    0.152368     12.5018    0.132801     1.82306     2.17272
    10.7023    -3.82135     2.36993     15.6782     37.5489  -0.0182358  -0.0928624     26.0742    0.425258    -10.1894   -0.108098     5.58694 0.000219851     32.5973     2.33729
  -0.708525   -0.460746    -5.40964    0.239568  -0.0182358     31.5263  -0.0651656    -2.91594    -0.14058   -0.410695    0.113853    0.647323  -0.0232065    0.585808    -2.16448
  -0.255262    0.110983   -0.529622    0.125871  -0.0928624  -0.0651656    0.217814  0.00851192    0.044346   -0.263449  0.00939995    0.365515  0.00489538  -0.0135001   -0.412099
    4.52815    0.464209     43.7835     13.6395     26.0742    -2.91594  0.00851192     96.2118   -0.366031    -15.3834   -0.628716     32.8419  -0.0386145     21.8672    -9.75816
   0.181852    0.203183    0.542733  -0.0761127    0.425258    -0.14058    0.044346   -0.366031     1.98256  -0.0428412   -0.067189   -0.455012 0.000464968    0.153655    0.709002
    26.1149      12.158    -16.9139     -28.794    -10.1894   -0.410695   -0.263449    -15.3834  -0.0428412     49.9961    0.439767    -8.60199    -0.15623     2.92356    -6.85138
  -0.136659    0.202453   -0.850087    0.152368   -0.108098    0.113853  0.00939995   -0.628716   -0.067189    0.439767    0.814297  -0.0247724  -0.0201455    -0.11698   -0.353788
    -5.5021     7.96768     -14.649     12.5018     5.58694    0.647323    0.365515     32.8419   -0.455012    -8.60199  -0.0247724     30.4877   0.0639405     8.14665    -23.9509
  -0.175923   -0.058566  -0.0805017    0.132801 0.000219851  -0.0232065  0.00489538  -0.0386145 0.000464968    -0.15623  -0.0201455   0.0639405     0.17741  -0.0777854   -0.075788
    23.1104    -5.52356    -10.8295     1.82306     32.5973    0.585808  -0.0135001     21.8672    0.153655     2.92356    -0.11698     8.14665  -0.0777854     41.0908    -6.29659
    3.99014     -3.9267     46.1301     2.17272     2.33729    -2.16448   -0.412099    -9.75816    0.709002    -6.85138   -0.353788    -23.9509   -0.075788    -6.29659     43.0181
