   0.0251413 -1.70962e-07  2.06957e-07    0.0361887   -0.0224243  -0.00109524   -0.0372439     -4.08215 -0.000346418    0.0602807    0.0963312  -0.00204019   -0.0449639    -0.011545     0.095981
-1.70962e-07  1.38519e-08 -3.82838e-10   8.5266e-06  3.40724e-05 -2.32268e-07 -7.37072e-06 -0.000264518 -1.00493e-07     0.002097  1.47659e-05 -4.76395e-06 -1.04138e-06 -8.56199e-06  2.70395e-05
 2.06957e-07 -3.82838e-10  2.77891e-09 -1.20675e-05  1.95336e-05  1.13626e-06  3.29404e-06 -0.000290989  4.87265e-07  -0.00109731  1.36185e-05  1.30285e-06   4.8142e-05 -2.44303e-05 -4.30272e-05
   0.0361887   8.5266e-06 -1.20675e-05      83.5997    -0.606401     0.437939     -1.15374     -13.4821   -0.0370327     -246.905      3.35089    0.0815526     -4.03376     -5.42973     -5.41526
  -0.0224243  3.40724e-05  1.95336e-05    -0.606401      81.4708      0.45928     0.408571     -37.1466  0.000150021     -370.908      2.41283 -0.000666225       1.3806      2.75884    -0.829412
 -0.00109524 -2.32268e-07  1.13626e-06     0.437939      0.45928     0.934243     0.177896     -6.36218  0.000800697      10.7417    -0.376127   -0.0106931     0.149946    0.0829913    -0.732905
  -0.0372439 -7.37072e-06  3.29404e-06     -1.15374     0.408571     0.177896      30.6491      31.1827     0.064695      128.544     -2.23929   -0.0545354      1.38602      2.96438     -0.82901
    -4.08215 -0.000264518 -0.000290989     -13.4821     -37.1466     -6.36218      31.1827      24446.9      -1.7236     -1136.67      24.0317     -14.1281      3.01842      32.4962      31.6296
-0.000346418 -1.00493e-07  4.87265e-07   -0.0370327  0.000150021  0.000800697     0.064695      -1.7236    0.0286935      -6.7035    0.0768781   0.00582153    0.0715667   -0.0376735    0.0447077
   0.0602807     0.002097  -0.00109731     -246.905     -370.908      10.7417      128.544     -1136.67      -6.7035  2.78402e+06     -817.881     -68.1186     -577.207     -38.1008     -579.586
   0.0963312  1.47659e-05  1.36185e-05      3.35089      2.41283    -0.376127     -2.23929      24.0317    0.0768781     -817.881      37.3787      1.10761     0.360334      3.51964     -3.44627
 -0.00204019 -4.76395e-06  1.30285e-06    0.0815526 -0.000666225   -0.0106931   -0.0545354     -14.1281   0.00582153     -68.1186      1.10761     0.933815     0.145093     0.591737     -1.60619
  -0.0449639 -1.04138e-06   4.8142e-05     -4.03376       1.3806     0.149946      1.38602      3.01842    0.0715667     -577.207     0.360334     0.145093      44.7165     -3.55706     0.325413
   -0.011545 -8.56199e-06 -2.44303e-05     -5.42973      2.75884    0.0829913      2.96438      32.4962   -0.0376735     -38.1008      3.51964     0.591737     -3.55706      29.9581     0.445129
    0.095981  2.70395e-05 -4.30272e-05     -5.41526    -0.829412    -0.732905     -0.82901      31.6296    0.0447077     -579.586     -3.44627     -1.60619     0.325413     0.445129      46.8073
