 2.62949e+06  -0.00309258      13.1377      21.1097 -1.70392e+06       2755.9     0.232655      -566389     -324.003     -1531.75     -108.192      88.6607            0   -0.0260143     -1105.51
 -0.00309258  1.04095e-07  1.39565e-06 -1.50226e-05   0.00676336 -0.000221831 -1.02234e-07     0.717337  5.12036e-05 -0.000110806  0.000176172 -4.91424e-05 -9.42785e-05 -3.09666e-10   4.2316e-05
     13.1377  1.39565e-06    0.0224001  -0.00777894     -7.00782    -0.338355 -0.000487539     -269.982    0.0734847    -0.107418     0.119837    0.0669506    -0.096489 -1.77477e-06   -0.0274791
     21.1097 -1.50226e-05  -0.00777894      8.35451     -47.6313      -1.8426  -0.00236047     -519.504      1.30678      1.69225      1.62271     0.198349      1.66029  8.31602e-06     0.956589
-1.70392e+06   0.00676336     -7.00782     -47.6313  1.26739e+06     -1131.89     0.227588  5.57715e+06      171.824      952.379     -60.4131     -112.126     -532.503   0.00648629      889.953
      2755.9 -0.000221831    -0.338355      -1.8426     -1131.89      362.959   0.00968834       704557      -12.657     -3.01006     -4.38369     -8.36569      5.52899  0.000190423       18.873
    0.232655 -1.02234e-07 -0.000487539  -0.00236047     0.227588   0.00968834  0.000161329      35.0567  -0.00912193   -0.0108035   -0.0127152 -0.000337034  -0.00957028  3.16594e-08    -0.015218
     -566389     0.717337     -269.982     -519.504  5.57715e+06       704557      35.0567  6.92536e+10      -128195        43599     -24405.6        12530       261911     0.852796       292891
    -324.003  5.12036e-05    0.0734847      1.30678      171.824      -12.657  -0.00912193      -128195      39.9887      32.5007      5.59974    -0.488165    -0.753797  8.85349e-05      3.17374
    -1531.75 -0.000110806    -0.107418      1.69225      952.379     -3.01006   -0.0108035        43599      32.5007      69.4779     -17.4334      -3.6283     -1.22357 -0.000142293      19.4133
    -108.192  0.000176172     0.119837      1.62271     -60.4131     -4.38369   -0.0127152     -24405.6      5.59974     -17.4334      42.5156      3.72607     0.775126 -0.000137573      11.0024
     88.6607 -4.91424e-05    0.0669506     0.198349     -112.126     -8.36569 -0.000337034        12530    -0.488165      -3.6283      3.72607       60.543    -0.491987 -9.66245e-05     -3.06347
           0 -9.42785e-05    -0.096489      1.66029     -532.503      5.52899  -0.00957028       261911    -0.753797     -1.22357     0.775126    -0.491987      520.947 -6.84779e-05       5.1176
  -0.0260143 -3.09666e-10 -1.77477e-06  8.31602e-06   0.00648629  0.000190423  3.16594e-08     0.852796  8.85349e-05 -0.000142293 -0.000137573 -9.66245e-05 -6.84779e-05  1.79683e-07 -0.000475528
    -1105.51   4.2316e-05   -0.0274791     0.956589      889.953       18.873    -0.015218       292891      3.17374      19.4133      11.0024     -3.06347       5.1176 -0.000475528        48.75
