     29.8148     0.399713     0.967137      1.78318      10.7155    -0.607412   -0.0171598      3.48817    0.0236949       22.852 -0.000423171     -6.12554  -0.00494969     -1.28148      1.93916
    0.399713        1.632      2.06463    -0.113618     0.360489    -0.162518    0.0020331      1.10659    0.0193152   -0.0424683 -4.04892e-05    -0.245209 -0.000743508     0.385328     0.968159
    0.967137      2.06463      90.7029     0.421553     0.677091     -5.18378   -0.0389266      37.2128     0.120985     -14.1715  -0.00353842     -14.0275   -0.0016678     -1.79278      41.7835
     1.78318    -0.113618     0.421553      58.7612     -1.11914    -0.456527  -0.00502435     -1.35094   -0.0528319      0.24207   0.00102626     -1.75647  -0.00149772      1.49127   -0.0929342
     10.7155     0.360489     0.677091     -1.11914      34.1702    0.0504487  -0.00416787      21.2543     0.107185     -10.9366 -0.000555915      4.53912  0.000110478    0.0762195      2.26012
   -0.607412    -0.162518     -5.18378    -0.456527    0.0504487      30.8039  -0.00378193     -2.67932   -0.0305657    -0.463721  0.000481991     0.430281  -0.00058066    0.0167437      -2.0297
  -0.0171598    0.0020331   -0.0389266  -0.00502435  -0.00416787  -0.00378193   0.00121809   0.00715945  0.000745223   -0.0177082  3.15906e-06    0.0266798  7.28478e-06   0.00745539    -0.027728
     3.48817      1.10659      37.2128     -1.35094      21.2543     -2.67932   0.00715945      89.2347    -0.101066     -12.3207  -0.00232669      29.3874 -0.000370243     0.428598     -10.9932
   0.0236949    0.0193152     0.120985   -0.0528319     0.107185   -0.0305657  0.000745223    -0.101066     0.115357   -0.0266595 -6.89229e-05   -0.0705272 -2.03744e-06    0.0130083     0.175661
      22.852   -0.0424683     -14.1715      0.24207     -10.9366    -0.463721   -0.0177082     -12.3207   -0.0266595      46.3414   0.00194243     -5.94905  -0.00515591     -1.80046     -6.66586
-0.000423171 -4.04892e-05  -0.00353842   0.00102626 -0.000555915  0.000481991  3.15906e-06  -0.00232669 -6.89229e-05   0.00194243  1.57151e-05 -9.40243e-05 -2.91141e-06  0.000706868  -0.00137712
    -6.12554    -0.245209     -14.0275     -1.75647      4.53912     0.430281    0.0266798      29.3874   -0.0705272     -5.94905 -9.40243e-05      27.1111    0.0014198      1.23586     -17.8299
 -0.00494969 -0.000743508   -0.0016678  -0.00149772  0.000110478  -0.00058066  7.28478e-06 -0.000370243 -2.03744e-06  -0.00515591 -2.91141e-06    0.0014198  0.000139705   0.00227739  -0.00197183
    -1.28148     0.385328     -1.79278      1.49127    0.0762195    0.0167437   0.00745539     0.428598    0.0130083     -1.80046  0.000706868      1.23586   0.00227739      17.2314     -1.64421
     1.93916     0.968159      41.7835   -0.0929342      2.26012      -2.0297    -0.027728     -10.9932     0.175661     -6.66586  -0.00137712     -17.8299  -0.00197183     -1.64421       39.544
