 1.08323e+06  -0.00239351       17.259      14.6026      -741773      719.615     0.333499      -216416     -201.427     -976.285     -79.7563      46.1228            0   -0.0251023     -705.935
 -0.00239351  1.52301e-07  3.42277e-06 -1.95746e-05   0.00551249 -0.000150636 -2.75039e-07     0.517202  6.29165e-05 -0.000133293  0.000212784 -4.75293e-05 -9.61227e-05 -6.67786e-10  5.28316e-05
      17.259  3.42277e-06    0.0928513   -0.0171565     -9.73576    -0.402089  -0.00221374     -318.445     0.148108    -0.217123     0.239403     0.110197    -0.166916 -5.74989e-06   -0.0478397
     14.6026 -1.95746e-05   -0.0171565      9.65916     -34.5934     -1.12203  -0.00568647     -331.713      1.38853      1.78596       1.7605     0.172564      1.51343  1.40706e-05      1.04772
     -741773   0.00551249     -9.73576     -34.5934       582004     -236.241     0.341686  2.25131e+06      114.661      648.689     -32.4873     -61.4433     -303.739    0.0063497      599.436
     719.615 -0.000150636    -0.402089     -1.12203     -236.241       96.331   0.00843906       263179     -12.6945     -0.48633     -4.13071     -4.11902      3.42076 -4.40799e-05      19.5629
    0.333499 -2.75039e-07  -0.00221374  -0.00568647     0.341686   0.00843906  0.000809809      45.3896   -0.0202569   -0.0242576   -0.0288473 -0.000611281   -0.0181708  1.09752e-07   -0.0347928
     -216416     0.517202     -318.445     -331.713  2.25131e+06       263179      45.3896  2.48039e+10     -75651.7      27551.3     -12335.4      6110.59       132903     0.819224       174317
    -201.427  6.29165e-05     0.148108      1.38853      114.661     -12.6945   -0.0202569     -75651.7      39.9229      32.9079      5.67242    -0.419744    -0.580981  0.000136503      3.62853
    -976.285 -0.000133293    -0.217123      1.78596      648.689     -0.48633   -0.0242576      27551.3      32.9079      70.1794     -17.4438     -3.04773    -0.911031 -0.000220644       19.714
    -79.7563  0.000212784     0.239403       1.7605     -32.4873     -4.13071   -0.0288473     -12335.4      5.67242     -17.4438      42.6688      2.98049     0.701548 -0.000219122      12.1653
     46.1228 -4.75293e-05     0.110197     0.172564     -61.4433     -4.11902 -0.000611281      6110.59    -0.419744     -3.04773      2.98049      39.6625    -0.336317 -0.000120338     -2.43311
           0 -9.61227e-05    -0.166916      1.51343     -303.739      3.42076   -0.0181708       132903    -0.580981    -0.911031     0.701548    -0.336317      374.699 -8.83463e-05      4.35283
  -0.0251023 -6.67786e-10 -5.74989e-06  1.40706e-05    0.0063497 -4.40799e-05  1.09752e-07     0.819224  0.000136503 -0.000220644 -0.000219122 -0.000120338 -8.83463e-05  4.29828e-07  -0.00074018
    -705.935  5.28316e-05   -0.0478397      1.04772      599.436      19.5629   -0.0347928       174317      3.62853       19.714      12.1653     -2.43311      4.35283  -0.00074018       48.897
