 7.10316e+08            0      13579.2     -16894.4            0            0            0     -4057.37            0      37101.4            0      28397.1            0      -789441
           0  2.93796e+06            0      176.214     -328.513            0            0      507.177            0            0            0            0            0            0
     13579.2            0      639.505     -13.2327      42.2778     -6.86114            0     -4.68908     -26.0839     -16.2873            0            0            0            0
    -16894.4      176.214     -13.2327      139.105     -36.6013      8.56815      73.5075    -0.640075     -221.316        292.6      2525.44     -86.3096  2.93569e+06      89.2522
           0     -328.513      42.2778     -36.6013      10804.1            0            0      -39.554      758.453     -329.855            0            0            0            0
           0            0     -6.86114      8.56815            0       3293.8     -20.6848      8.31259            0            0            0            0            0            0
           0            0            0      73.5075            0     -20.6848      6255.32      26.5122            0            0            0      69.7406            0            0
    -4057.37      507.177     -4.68908    -0.640075      -39.554      8.31259      26.5122      11.1989     -55.3752      94.2844      2897.22     -17.7106       752278      62.6788
           0            0     -26.0839     -221.316      758.453            0            0     -55.3752      61721.4            0      -397296            0 -4.70192e+08            0
     37101.4            0     -16.2873        292.6     -329.855            0            0      94.2844            0        36833            0     -5867.71            0            0
           0            0            0      2525.44            0            0            0      2897.22      -397296            0  4.93422e+08            0            0            0
     28397.1            0            0     -86.3096            0            0      69.7406     -17.7106            0     -5867.71            0      6281.46            0            0
           0            0            0  2.93569e+06            0            0            0       752278 -4.70192e+08            0            0            0  1.98955e+13            0
     -789441            0            0      89.2522            0            0            0      62.6788            0            0            0            0            0        37441
