     29622.4            0      19.8079     -66.6986            0            0            0     -23.1346            0      29.0892            0      36.6571            0     -438.149
           0      9528.17            0      8.55446     -3.71502            0            0      26.6093            0            0            0            0            0            0
     19.8079            0      31.9781     -1.85537      1.89822    -0.273775            0    -0.935953    -0.487212     -0.44543            0            0            0            0
    -66.6986      8.55446     -1.85537       48.789     -5.40162      1.05184        8.416   -0.0863219     -11.3603      22.2529      15.9062      -10.523      53047.7      5.02539
           0     -3.71502      1.89822     -5.40162      422.809            0            0     -6.98293      12.4679     -7.99536            0            0            0            0
           0            0    -0.273775      1.05184            0      104.858    -0.677123       1.3557            0            0            0            0            0            0
           0            0            0        8.416            0    -0.677123      210.727      4.39684            0            0            0      2.54721            0            0
    -23.1346      26.6093    -0.935953   -0.0863219     -6.98293       1.3557      4.39684      9.60496     -4.12502      10.3994      23.8408     -3.12853      19706.7      4.90739
           0            0    -0.487212     -11.3603      12.4679            0            0     -4.12502       428.77            0     -296.842            0 -1.15127e+06            0
     29.0892            0     -0.44543      22.2529     -7.99536            0            0      10.3994            0      552.311            0     -143.184            0            0
           0            0            0      15.9062            0            0            0      23.8408     -296.842            0      39694.3            0            0            0
     36.6571            0            0      -10.523            0            0      2.54721     -3.12853            0     -143.184            0      249.411            0            0
           0            0            0      53047.7            0            0            0      19706.7 -1.15127e+06            0            0            0  1.70899e+10            0
    -438.149            0            0      5.02539            0            0            0      4.90739            0            0            0            0            0      275.854
