 1.86163e+08            0      5682.64     -8092.01            0            0            0     -2050.91            0      14324.5            0      11704.7            0      -290718
           0  1.36142e+06            0      117.117     -179.812            0            0      341.719            0            0            0            0            0            0
     5682.64            0      427.386     -10.1361      27.7907     -4.45047            0     -3.78541     -15.2233     -10.0438            0            0            0            0
    -8092.01      117.117     -10.1361      120.664      -27.907      6.43622      54.8622    -0.539496     -147.777      206.692      1277.44     -64.9636  2.13024e+06      60.5026
           0     -179.812      27.7907      -27.907      6985.26            0            0     -31.4615      435.382     -200.086            0            0            0            0
           0            0     -4.45047      6.43622            0      2073.91      -13.071      6.52452            0            0            0            0            0            0
           0            0            0      54.8622            0      -13.071      3968.53      20.8531            0            0            0      44.7339            0            0
    -2050.91      341.719     -3.78541    -0.539496     -31.4615      6.52452      20.8531       10.979     -38.9932      70.2134      1525.99     -14.0569       575664      44.5803
           0            0     -15.2233     -147.777      435.382            0            0     -38.9932      31455.2            0      -150939            0 -2.60394e+08            0
     14324.5            0     -10.0438      206.692     -200.086            0            0      70.2134            0      20960.9            0     -3564.78            0            0
           0            0            0      1277.44            0            0            0      1525.99      -150939            0  1.39738e+08            0            0            0
     11704.7            0            0     -64.9636            0            0      44.7339     -14.0569            0     -3564.78            0      4073.91            0            0
           0            0            0  2.13024e+06            0            0            0       575664 -2.60394e+08            0            0            0  1.19728e+13            0
     -290718            0            0      60.5026            0            0            0      44.5803            0            0            0            0            0      19370.3
