     30.9884  -6.5337e-05  0.000827785      16768.6      29782.1   -0.0359084      56.2025     -13.2102     -10.9482  0.000199853 -4.69849e-05  -0.00015616      7.37425     -9.78011      16.2122
 -6.5337e-05  5.89561e-08  4.11527e-09      6.74728     0.300675  6.48797e-08 -0.000545255  1.72103e-05  8.95808e-05 -1.28429e-08  2.38585e-09  -2.2882e-09 -0.000228433  2.79018e-05  0.000262741
 0.000827785  4.11527e-09  4.30777e-06     -9.73562     -18.8772  5.81372e-07   0.00065383 -0.000734925  -0.00019032   4.5084e-07 -8.71904e-09 -2.72606e-09  0.000369048 -0.000257106 -0.000683079
     16768.6      6.74728     -9.73562   1.6887e+11  5.13736e+09      374.222  3.20853e+06  1.01278e+06       171392      21.6838     0.149911     -0.94489       123094     -41155.6      -116397
     29782.1     0.300675     -18.8772  5.13736e+09  1.28225e+11     -209.895  -1.0025e+06       294911      9116.27       -64.71    -0.866011      2.85713       154673      70799.9      -129576
  -0.0359084  6.48797e-08  5.81372e-07      374.222     -209.895   0.00606159   -0.0160463     0.137848  0.000946091 -1.18013e-06  1.71526e-07  1.81197e-06    0.0338608    0.0352861  -0.00748938
     56.2025 -0.000545255   0.00065383  3.20853e+06  -1.0025e+06   -0.0160463       262181      639.459     -304.117   -0.0360409 -0.000328837   0.00159612      -254.89      150.297      317.789
    -13.2102  1.72103e-05 -0.000734925  1.01278e+06       294911     0.137848      639.459      1825.98     -6.35775   0.00110877 -0.000290214  0.000917814      25.4683      52.2096      29.5393
    -10.9482  8.95808e-05  -0.00019032       171392      9116.27  0.000946091     -304.117     -6.35775      48.1333  0.000428514 -6.15408e-05  1.92168e-05      3.70465     -2.58408      15.2051
 0.000199853 -1.28429e-08   4.5084e-07      21.6838       -64.71 -1.18013e-06   -0.0360409   0.00110877  0.000428514  4.47062e-06  1.47677e-08  2.40146e-08  -0.00040436  0.000289606 -0.000412746
-4.69849e-05  2.38585e-09 -8.71904e-09     0.149911    -0.866011  1.71526e-07 -0.000328837 -0.000290214 -6.15408e-05  1.47677e-08  2.53483e-08  1.56755e-10 -9.75139e-05  -2.9896e-05  3.02493e-05
 -0.00015616  -2.2882e-09 -2.72606e-09     -0.94489      2.85713  1.81197e-06   0.00159612  0.000917814  1.92168e-05  2.40146e-08  1.56755e-10  1.15651e-07 -2.43884e-05  0.000124121 -9.38768e-05
     7.37425 -0.000228433  0.000369048       123094       154673    0.0338608      -254.89      25.4683      3.70465  -0.00040436 -9.75139e-05 -2.43884e-05      65.5703     -1.63865      -20.344
    -9.78011  2.79018e-05 -0.000257106     -41155.6      70799.9    0.0352861      150.297      52.2096     -2.58408  0.000289606  -2.9896e-05  0.000124121     -1.63865      16.1043     -2.48317
     16.2122  0.000262741 -0.000683079      -116397      -129576  -0.00748938      317.789      29.5393      15.2051 -0.000412746  3.02493e-05 -9.38768e-05      -20.344     -2.48317      100.681
