   37.9317  -0.930838    2.56621   -2.73453   0.750623   -35.6394   -12.2679   -9.80739   -4.40618    1.21857  -0.675471   -3.44271    1.19348   -15.2475    18.3756
 -0.930838    14.9207   0.283623   0.653404   -1.42723     1.4661     1.1726  -0.301692    1.63071  -0.435001   0.530596   -1.05153   -4.06943   0.537604    5.04285
   2.56621   0.283623    19.2606   0.282187   -0.48601   -2.90985    -1.7716  -0.982076  -0.722786    1.76571  -0.263218  -0.196095  -0.118232   -0.66987   -1.02939
  -2.73453   0.653404   0.282187    67.4221    12.2583   -21.2619    13.6253   -15.9606   -40.2063     0.1501    2.19387    4.49975   -39.7111   -3.31269   -22.8589
  0.750623   -1.42723   -0.48601    12.2583    32.3984    -11.569    10.5517    -8.8476   -17.6401   -1.59951   0.945326   -3.92015    16.2625   -14.1029   -13.7478
  -35.6394     1.4661   -2.90985   -21.2619    -11.569    46.8118    5.64757    21.3616    17.0747   -1.25061 0.00560416    3.49353    7.83855    19.8393   0.787715
  -12.2679     1.1726    -1.7716    13.6253    10.5517    5.64757    38.1798   -9.51028   -1.37118   -1.35232    1.55048   0.995919   -13.3401   -5.76671     3.8755
  -9.80739  -0.301692  -0.982076   -15.9606    -8.8476    21.3616   -9.51028    36.5891   -13.4687  -0.588394  -0.587471    3.84709    21.3868    21.0962    7.20603
  -4.40618    1.63071  -0.722786   -40.2063   -17.6401    17.0747   -1.37118   -13.4687    57.6315   0.877513   -1.45028    -3.6934  -0.346288   -1.61673    13.6953
   1.21857  -0.435001    1.76571     0.1501   -1.59951   -1.25061   -1.35232  -0.588394   0.877513    20.3128   0.445248    2.15589   -1.05939   0.672864  -0.658623
 -0.675471   0.530596  -0.263218    2.19387   0.945326 0.00560416    1.55048  -0.587471   -1.45028   0.445248     5.5639   0.233421   -1.63942  -0.722124   0.917487
  -3.44271   -1.05153  -0.196095    4.49975   -3.92015    3.49353   0.995919    3.84709    -3.6934    2.15589   0.233421    58.1263   -3.20258    4.40948   -4.36741
   1.19348   -4.06943  -0.118232   -39.7111    16.2625    7.83855   -13.3401    21.3868  -0.346288   -1.05939   -1.63942   -3.20258    76.9948  -0.944224   -38.4219
  -15.2475   0.537604   -0.66987   -3.31269   -14.1029    19.8393   -5.76671    21.0962   -1.61673   0.672864  -0.722124    4.40948  -0.944224    26.2664     -3.623
   18.3756    5.04285   -1.02939   -22.8589   -13.7478   0.787715     3.8755    7.20603    13.6953  -0.658623   0.917487   -4.36741   -38.4219     -3.623    118.679
