     31.2208 -0.000445764   0.00822007      5458.03      770.012    -0.255509      9.33219     -5.65929     -10.0996   0.00240168 -7.32722e-05  -0.00129907      6.61074     -10.6751      16.8518
-0.000445764  2.72279e-06  2.83853e-07      13.6804      0.04534  1.68675e-06 -0.000667824 -1.79472e-05  0.000594631 -1.01868e-06  2.44654e-08 -1.18962e-07  -0.00159489  0.000208057   0.00177782
  0.00822007  2.83853e-07  0.000433097     -30.3919     -3.90642  4.02633e-05   0.00110772  -0.00327453   -0.0016149  5.48241e-05 -1.37395e-07 -2.08452e-07    0.0037196  -0.00259955  -0.00712824
     5458.03      13.6804     -30.3919  1.66506e+10  3.38672e+07      844.539       171426      56483.1      54356.1      80.4997    0.0765588     -2.85453      38767.6     -14236.1     -37901.3
     770.012      0.04534     -3.90642  3.38672e+07  5.86502e+07     -31.1379     -3550.45      2674.38      27.1519     -16.6382   -0.0289787     0.480499      3174.27       1727.1     -2803.29
   -0.255509  1.68675e-06  4.02633e-05      844.539     -31.1379     0.296556   -0.0229707     0.406456   -0.0011216 -9.57889e-05  1.86594e-06  9.71253e-05     0.239892      0.27204   -0.0628586
     9.33219 -0.000667824   0.00110772       171426     -3550.45   -0.0229707      7669.06      39.8704     -52.4385   -0.0739281 -8.72099e-05   0.00207131     -44.8668      29.1402       55.922
    -5.65929 -1.79472e-05  -0.00327453      56483.1      2674.38     0.406456      39.8704      105.321     -4.35073   0.00285288 -0.000144986    0.0018724      15.2484      22.9804      9.97213
    -10.0996  0.000594631   -0.0016149      54356.1      27.1519   -0.0011216     -52.4385     -4.35073      48.2049     0.005394 -9.92006e-05  0.000203012      3.38976     -3.21892      14.9653
  0.00240168 -1.01868e-06  5.48241e-05      80.4997     -16.6382 -9.57889e-05   -0.0739281   0.00285288     0.005394    0.0006405  2.74562e-07  2.15052e-06  -0.00503911   0.00437484  -0.00493341
-7.32722e-05  2.44654e-08 -1.37395e-07    0.0765588   -0.0289787  1.86594e-06 -8.72099e-05 -0.000144986 -9.92006e-05  2.74562e-07  6.33462e-08  3.99161e-09 -0.000153566  -5.8394e-05  5.53393e-05
 -0.00129907 -1.18962e-07 -2.08452e-07     -2.85453     0.480499  9.71253e-05   0.00207131    0.0018724  0.000203012  2.15052e-06  3.99161e-09  7.06479e-06 -0.000188729   0.00104799 -0.000740238
     6.61074  -0.00159489    0.0037196      38767.6      3174.27     0.239892     -44.8668      15.2484      3.38976  -0.00503911 -0.000153566 -0.000188729       66.913     -2.07418     -24.1875
    -10.6751  0.000208057  -0.00259955     -14236.1       1727.1      0.27204      29.1402      22.9804     -3.21892   0.00437484  -5.8394e-05   0.00104799     -2.07418      20.6683     -3.26218
     16.8518   0.00177782  -0.00712824     -37901.3     -2803.29   -0.0628586       55.922      9.97213      14.9653  -0.00493341  5.53393e-05 -0.000740238     -24.1875     -3.26218      103.985
