     31.1093 -0.000157737   0.00380258      11138.7      3835.73    -0.136513      16.6639     -6.75752     -10.4237   0.00103931 -5.62349e-05 -0.000451568      6.89982     -10.4249      16.6044
-0.000157737  3.44084e-07  4.66929e-08      10.3639    0.0794726  4.40993e-07  -0.00040542  4.26917e-06  0.000212482 -1.61777e-07  6.82849e-09 -1.48811e-08 -0.000562753  7.18769e-05  0.000635456
  0.00380258  4.66929e-08   9.3217e-05     -29.3951     -9.47139  9.99757e-06  0.000930584   -0.0018133 -0.000793814  1.11688e-05 -4.90556e-08 -3.44354e-08   0.00171856  -0.00120256  -0.00329249
     11138.7      10.3639     -29.3951   7.2207e+10  3.67783e+08       920.44       635454       209397       112770      73.5909     0.122245     -1.88214      81094.2     -28451.9     -78322.4
     3835.73    0.0794726     -9.47139  3.67783e+08  1.56765e+09     -87.2542     -32749.9      16823.7      245.668     -37.7746    -0.116766     0.880403      16527.9      8572.15     -14381.6
   -0.136513  4.40993e-07  9.99757e-06       920.44     -87.2542    0.0855632    -0.018386     0.261806  0.000647596 -2.28237e-05  7.77009e-07  1.86768e-05     0.128636     0.142426   -0.0314708
     16.6639  -0.00040542  0.000930584       635454     -32749.9    -0.018386      24153.9      89.3376     -92.7864   -0.0575475 -0.000120174   0.00131458     -78.7786      49.9251      98.4367
    -6.75752  4.26917e-06   -0.0018133       209397      16823.7     0.261806      89.3376      236.593     -4.37107    0.0020453 -0.000148549  0.000960853      16.5792      27.6623      13.0412
    -10.4237  0.000212482 -0.000793814       112770      245.668  0.000647596     -92.7864     -4.37107      48.1395   0.00232802 -7.54305e-05  6.63548e-05      3.50179     -3.04313      15.0868
  0.00103931 -1.61777e-07  1.11688e-05      73.5909     -37.7746 -2.28237e-05   -0.0575475    0.0020453   0.00232802  0.000123493  9.33294e-08  3.38126e-07  -0.00219908   0.00178841  -0.00216248
-5.62349e-05  6.82849e-09 -4.90556e-08     0.122245    -0.116766  7.77009e-07 -0.000120174 -0.000148549 -7.54305e-05  9.33294e-08  3.73531e-08   8.8298e-10 -0.000118233 -4.21842e-05  4.02641e-05
-0.000451568 -1.48811e-08 -3.44354e-08     -1.88214     0.880403  1.86768e-05   0.00131458  0.000960853  6.63548e-05  3.38126e-07   8.8298e-10  8.90035e-07 -6.41324e-05  0.000364905 -0.000260647
     6.89982 -0.000562753   0.00171856      81094.2      16527.9     0.128636     -78.7786      16.5792      3.50179  -0.00219908 -0.000118233 -6.41324e-05      66.5046     -1.86176     -22.7685
    -10.4249  7.18769e-05  -0.00120256     -28451.9      8572.15     0.142426      49.9251      27.6623     -3.04313   0.00178841 -4.21842e-05  0.000364905     -1.86176      19.2043     -2.89456
     16.6044  0.000635456  -0.00329249     -78322.4     -14381.6   -0.0314708      98.4367      13.0412      15.0868  -0.00216248  4.02641e-05 -0.000260647     -22.7685     -2.89456      102.969
