      31.506  -0.00587905    0.0387748      258.177      28.5192    -0.827654      2.89387     -5.03728     -9.08157    0.0135557 -0.000475845   -0.0139231      5.74105       -11.08      17.3241
 -0.00587905  0.000492944  1.78993e-05      7.85631    0.0209661  5.54811e-05  -0.00294989 -0.000706415   0.00791481 -7.06686e-05  2.07865e-06 -1.72091e-05   -0.0216824   0.00290804    0.0242618
   0.0387748  1.78993e-05   0.00938303     -6.07926    -0.638353  0.000620005   0.00158083    -0.014032  -0.00612545   0.00132593 -3.86051e-06  -1.0195e-05    0.0173681   -0.0123742   -0.0331551
     258.177      7.85631     -6.07926   3.0983e+07      51608.1      117.214      2344.23      571.929      2387.11      18.1151    0.0252215     -1.36332      1659.77      -673.68     -1692.38
     28.5192    0.0209661    -0.638353      51608.1      74597.3     -3.49674     -40.0748      75.1879      2.19687     -3.07826  -0.00592425      0.18256      113.297      65.0901     -102.126
   -0.827654  5.54811e-05  0.000620005      117.214     -3.49674      3.04592   -0.0245649      1.11638     -0.03309  -0.00158703  3.59749e-05   0.00330476       0.7796     0.905429    -0.238068
     2.89387  -0.00294989   0.00158083      2344.23     -40.0748   -0.0245649       770.49      10.0021     -16.7354    -0.121857 -0.000162025   0.00694534     -14.4031      9.67863      18.0014
    -5.03728 -0.000706415    -0.014032      571.929      75.1879      1.11638      10.0021       36.674     -5.11571   0.00389232 -0.000639589    0.0123488      14.9749       19.206      6.98153
    -9.08157   0.00791481  -0.00612545      2387.11      2.19687     -0.03309     -16.7354     -5.11571      48.4847    0.0296981 -0.000682406   0.00198373      2.91287     -3.50007      14.4766
   0.0135557 -7.06686e-05   0.00132593      18.1151     -3.07826  -0.00158703    -0.121857   0.00389232    0.0296981    0.0173036   8.7547e-06  0.000119077   -0.0262297    0.0249451   -0.0254288
-0.000475845  2.07865e-06 -3.86051e-06    0.0252215  -0.00592425  3.59749e-05 -0.000162025 -0.000639589 -0.000682406   8.7547e-06  2.70014e-06  1.94053e-07  -0.00102873 -0.000403608  0.000422513
  -0.0139231 -1.72091e-05  -1.0195e-05     -1.36332      0.18256   0.00330476   0.00694534    0.0123488   0.00198373  0.000119077  1.94053e-07  0.000798011  -0.00187448    0.0115276  -0.00813104
     5.74105   -0.0216824    0.0173681      1659.77      113.297       0.7796     -14.4031      14.9749      2.91287   -0.0262297  -0.00102873  -0.00187448      67.2867      -2.2876     -27.3589
      -11.08   0.00290804   -0.0123742      -673.68      65.0901     0.905429      9.67863       19.206     -3.50007    0.0249451 -0.000403608    0.0115276      -2.2876      22.9042     -3.92521
     17.3241    0.0242618   -0.0331551     -1692.38     -102.126    -0.238068      18.0014      6.98153      14.4766   -0.0254288  0.000422513  -0.00813104     -27.3589     -3.92521      105.277
