    34.7922   -0.287408    0.604312     2.27076     1.08227    -32.2389    0.607007    -7.09181    -6.17812    0.212537  -0.0998075   -0.537636     3.17101    -13.8953     18.4489
  -0.287408     1.23436    0.027735     2.14662    -0.33229    0.396066  -0.0434991  -0.0787343    0.432829  -0.0454312   0.0234028    -0.04537    -1.17999    0.149841     1.37196
   0.604312    0.027735     1.57664    -0.41327   -0.176187   -0.629317  -0.0260273   -0.225113   -0.118489    0.201459 -0.00845336  0.00236308   0.0675436   -0.184458   -0.326551
    2.27076     2.14662    -0.41327     857.787    -7.97216      4.2127     3.12794    0.713596     12.3026     1.40891   0.0604221   0.0952548     9.35208    -3.10073     -9.7006
    1.08227    -0.33229   -0.176187    -7.97216      28.999    -12.2745   -0.774172    -10.7291    -14.6867    -0.64609    0.126972   -0.512229     12.2957    -11.6942    -11.6173
   -32.2389    0.396066   -0.629317      4.2127    -12.2745     43.5733   -0.610844     18.6612     19.4327   -0.198291 -0.00860717    0.777543     5.66806     17.9373    0.198178
   0.607007  -0.0434991  -0.0260273     3.12794   -0.774172   -0.610844     46.5629     2.30749    -4.08246   -0.332086 -0.00683223     0.14047    -3.57144     2.33069     4.35488
   -7.09181  -0.0787343   -0.225113    0.713596    -10.7291     18.6612     2.30749     34.2938    -10.7087  -0.0938644   -0.109397    0.625405     19.0028     20.6731     7.03903
   -6.17812    0.432829   -0.118489     12.3026    -14.6867     19.4327    -4.08246    -10.7087      53.705     0.29283   -0.199591   -0.196777     1.25574    -2.82481     13.9236
   0.212537  -0.0454312    0.201459     1.40891    -0.64609   -0.198291   -0.332086  -0.0938644     0.29283     2.83661   0.0269357    0.117941   -0.234581    0.307505   -0.397059
 -0.0998075   0.0234028 -0.00845336   0.0604221    0.126972 -0.00860717 -0.00683223   -0.109397   -0.199591   0.0269357    0.134866  0.00436677   -0.260041   -0.109918    0.119526
  -0.537636    -0.04537  0.00236308   0.0952548   -0.512229    0.777543     0.14047    0.625405   -0.196777    0.117941  0.00436677     1.94296   -0.122396    0.577633   -0.527759
    3.17101    -1.17999   0.0675436     9.35208     12.2957     5.66806    -3.57144     19.0028     1.25574   -0.234581   -0.260041   -0.122396     72.6646   -0.967871    -35.0403
   -13.8953    0.149841   -0.184458    -3.10073    -11.6942     17.9373     2.33069     20.6731    -2.82481    0.307505   -0.109918    0.577633   -0.967871     25.0192    -3.67884
    18.4489     1.37196   -0.326551     -9.7006    -11.6173    0.198178     4.35488     7.03903     13.9236   -0.397059    0.119526   -0.527759    -35.0403    -3.67884     112.676
