     31.0449 -8.72821e-05   0.00178552      14788.6      13078.5    -0.071869      29.8475     -8.90278     -10.6981  0.000459491 -4.97792e-05 -0.000224863      7.14811     -10.1373      16.4032
-8.72821e-05  1.05839e-07  1.21141e-08      7.86941     0.179827   1.6001e-07 -0.000394213  1.04608e-05  0.000119013  -3.9922e-08  3.39343e-09 -4.28388e-09 -0.000309028  3.85999e-05  0.000353546
  0.00178552  1.21141e-08  2.04413e-05     -18.5064     -18.5382  2.48643e-06   0.00077321  -0.00109971 -0.000389555  2.30602e-06 -2.02866e-08 -8.34289e-09  0.000804472  -0.00056243   -0.0015239
     14788.6      7.86941     -18.5064  1.30344e+11  2.02802e+09      653.721   1.5172e+06       493075       151031      43.8817     0.142407     -1.20203       108598     -37302.4      -103871
     13078.5     0.179827     -18.5382  2.02802e+09  2.60798e+10     -188.243      -240255      89164.1      4126.07     -68.2864    -0.419787      1.82674      69926.4      34021.3     -58995.2
   -0.071869   1.6001e-07  2.48643e-06      653.721     -188.243    0.0239714   -0.0172056     0.182562     0.001097 -5.37622e-06   3.6411e-07  5.08141e-06    0.0677942    0.0730228   -0.0156433
     29.8475 -0.000394213   0.00077321   1.5172e+06      -240255   -0.0172056      76030.8      220.305     -164.225    -0.045134 -0.000188935   0.00120551     -138.472      84.9998      173.013
    -8.90278  1.04608e-05  -0.00109971       493075      89164.1     0.182562      220.305      610.994     -4.92082   0.00149348 -0.000191458  0.000768221      19.1324      35.8642      18.6304
    -10.6981  0.000119013 -0.000389555       151031      4126.07     0.001097     -164.225     -4.92082      48.1351   0.00101313 -6.60729e-05  2.90959e-05      3.61226     -2.83463      15.1661
 0.000459491  -3.9922e-08  2.30602e-06      43.8817     -68.2864 -5.37622e-06    -0.045134   0.00149348   0.00101313  2.41632e-05  3.65083e-08  7.77783e-08 -0.000960186  0.000734318 -0.000956882
-4.97792e-05  3.39343e-09 -2.02866e-08     0.142407    -0.419787   3.6411e-07 -0.000188935 -0.000191458 -6.60729e-05  3.65083e-08  2.90115e-08   2.8812e-10 -0.000104332 -3.46711e-05  3.38139e-05
-0.000224863 -4.28388e-09 -8.34289e-09     -1.20203      1.82674  5.08141e-06   0.00120551  0.000768221  2.90959e-05  7.77783e-08   2.8812e-10  2.32044e-07 -3.31965e-05  0.000182008 -0.000133158
     7.14811 -0.000309028  0.000804472       108598      69926.4    0.0677942     -138.472      19.1324      3.61226 -0.000960186 -0.000104332 -3.31965e-05      66.0919     -1.70804     -21.5184
    -10.1373  3.85999e-05  -0.00056243     -37302.4      34021.3    0.0730228      84.9998      35.8642     -2.83463  0.000734318 -3.46711e-05  0.000182008     -1.70804      17.7052     -2.64717
     16.4032  0.000353546   -0.0015239      -103871     -58995.2   -0.0156433      173.013      18.6304      15.1661 -0.000956882  3.38139e-05 -0.000133158     -21.5184     -2.64717      101.888
