     30.9923 -6.62597e-05   0.00087333      16668.6      28566.5   -0.0378036      53.6234     -12.7936      -10.931  0.000211948 -4.71104e-05 -0.000158978      7.35873      -9.8077      16.2255
-6.62597e-05  6.06694e-08   4.4141e-09      6.80005     0.293599  6.90203e-08  -0.00052836  1.65834e-05  9.08266e-05 -1.38273e-08  2.42795e-09 -2.35924e-09 -0.000231878    2.837e-05  0.000266662
  0.00087333   4.4141e-09  4.80566e-06     -10.2122     -19.1811  6.45124e-07  0.000660388 -0.000754026  -0.00019988  5.06007e-07 -9.24081e-09 -2.92791e-09  0.000389836 -0.000271598 -0.000723222
     16668.6      6.80005     -10.2122  1.66822e+11  4.91039e+09      391.379  3.04606e+06       963810       170388      22.8544     0.149576     -0.95595       122382     -41003.5      -115818
     28566.5     0.293599     -19.1811  4.91039e+09  1.18617e+11     -212.436      -920398       274192      8759.22      -66.089    -0.835941      2.79491       148799        68423      -124773
  -0.0378036  6.90203e-08  6.45124e-07      391.379     -212.436   0.00671166   -0.0161291     0.140297  0.000965258 -1.31604e-06  1.81106e-07  1.93882e-06    0.0356502    0.0372449  -0.00790464
     53.6234  -0.00052836  0.000660388  3.04606e+06      -920398   -0.0161291       239212      589.403     -290.552   -0.0365426 -0.000315174   0.00154985     -243.618        144.1      303.802
    -12.7936  1.65834e-05 -0.000754026       963810       274192     0.140297      589.403      1681.13     -6.21073   0.00112982 -0.000280486  0.000896876      24.8178      50.6382      28.4917
     -10.931  9.08266e-05  -0.00019988       170388      8759.22  0.000965258     -290.552     -6.21073      48.1332  0.000455385 -6.17698e-05   1.9577e-05      3.69865     -2.60302      15.2035
 0.000211948 -1.38273e-08  5.06007e-07      22.8544      -66.089 -1.31604e-06   -0.0365426   0.00112982  0.000455385  5.03754e-06   1.5722e-08  2.58961e-08 -0.000430114  0.000309471 -0.000437976
-4.71104e-05  2.42795e-09 -9.24081e-09     0.149576    -0.835941  1.81106e-07 -0.000315174 -0.000280486 -6.17698e-05   1.5722e-08  2.55278e-08  1.61475e-10 -9.78621e-05 -3.01854e-05  3.04466e-05
-0.000158978 -2.35924e-09 -2.92791e-09     -0.95595      2.79491  1.93882e-06   0.00154985  0.000896876   1.9577e-05  2.58961e-08  1.61475e-10  1.19637e-07 -2.47335e-05  0.000126602 -9.54904e-05
     7.35873 -0.000231878  0.000389836       122382       148799    0.0356502     -243.618      24.8178      3.69865 -0.000430114 -9.78621e-05 -2.47335e-05      65.6104     -1.64134     -20.4256
     -9.8077    2.837e-05 -0.000271598     -41003.5        68423    0.0372449        144.1      50.6382     -2.60302  0.000309471 -3.01854e-05  0.000126602     -1.64134      16.2203     -2.49236
     16.2255  0.000266662 -0.000723222      -115818      -124773  -0.00790464      303.802      28.4917      15.2035 -0.000437976  3.04466e-05 -9.54904e-05     -20.4256     -2.49236       100.77
