     31.8296   -0.0218001    0.0856284      53.7116      5.63122     -1.50842      1.58112     -5.15177     -8.24813    0.0327069      -0.0028   -0.0479754      5.04101     -11.5356      17.4899
  -0.0218001   0.00697826  0.000144701      5.29704    0.0145549   0.00040627   -0.0060923  -0.00272295    0.0294913 -0.000607845  4.51924e-05 -0.000226076   -0.0819882    0.0112913    0.0920363
   0.0856284  0.000144701    0.0435339      -2.2635    -0.254895   0.00255785   0.00171029    -0.029626   -0.0108678   0.00650886 -4.34206e-05 -6.49931e-05    0.0377385   -0.0291311   -0.0708873
     53.7116      5.29704      -2.2635       992659      1753.19      37.4622      233.997      50.7536      423.727      7.35318     0.041839    -0.776101      291.084     -123.864     -313.552
     5.63122    0.0145549    -0.254895      1753.19      2721.41      -1.1971     -4.29846        13.97     0.642672      -1.3378  -0.00698134     0.119301      21.7928      12.3411     -19.2914
    -1.50842   0.00040627   0.00255785      37.4622      -1.1971      9.73287   -0.0263664      1.96602   -0.0928909  -0.00657666  0.000359106    0.0201369      1.41873      1.64322    -0.431934
     1.58112   -0.0060923   0.00171029      233.997     -4.29846   -0.0263664       244.35      5.51874     -9.51771    -0.156198 -0.000486961    0.0138526     -8.12237      5.46641      10.3015
    -5.15177  -0.00272295    -0.029626      50.7536        13.97      1.96602      5.51874      31.7036     -6.23766   0.00105422  -0.00288661    0.0405959      15.4049      19.0321      6.54864
    -8.24813    0.0294913   -0.0108678      423.727     0.642672   -0.0928909     -9.51771     -6.23766      49.0106    0.0710596  -0.00439952   0.00419763      2.47812     -3.67047      14.1015
   0.0327069 -0.000607845   0.00650886      7.35318      -1.3378  -0.00657666    -0.156198   0.00105422    0.0710596    0.0899471  0.000117725  0.000907762    -0.060192    0.0555208   -0.0570458
     -0.0028  4.51924e-05 -4.34206e-05     0.041839  -0.00698134  0.000359106 -0.000486961  -0.00288661  -0.00439952  0.000117725  9.04794e-05  5.47647e-06  -0.00643297  -0.00254979   0.00217706
  -0.0479754 -0.000226076 -6.49931e-05    -0.776101     0.119301    0.0201369    0.0138526    0.0405959   0.00419763  0.000907762  5.47647e-06   0.00926623  -0.00735451    0.0384336    -0.030809
     5.04101   -0.0819882    0.0377385      291.084      21.7928      1.41873     -8.12237      15.4049      2.47812    -0.060192  -0.00643297  -0.00735451       67.636     -1.81342     -29.0253
    -11.5356    0.0112913   -0.0291311     -123.864      12.3411      1.64322      5.46641      19.0321     -3.67047    0.0555208  -0.00254979    0.0384336     -1.81342      23.2662      -3.8289
     17.4899    0.0920363   -0.0708873     -313.552     -19.2914    -0.431934      10.3015      6.54864      14.1015   -0.0570458   0.00217706    -0.030809     -29.0253      -3.8289      105.724
