     32.4309   -0.0796404     0.198245      11.3864      1.11868       -9.762     0.915899     -5.55283     -7.16551    0.0803344   -0.0172275    -0.155811      4.18078     -12.3291      17.6394
  -0.0796404    0.0984477   0.00183264        3.586   0.00932565    0.0245947    -0.014421   -0.0121446     0.110369  -0.00517128    0.0010582  -0.00303561    -0.310164    0.0444886     0.351625
    0.198245   0.00183264      0.20579    -0.875595    -0.104244   -0.0106497   0.00199736   -0.0672051   -0.0192819    0.0322206 -0.000547366 -0.000471971    0.0794345   -0.0706099    -0.146076
     11.3864        3.586    -0.875595      31933.3       61.498      16.9149      23.6347      6.85284       75.175      3.00772    0.0480922    -0.445314      53.5943     -20.9042     -56.2204
     1.11868   0.00932565    -0.104244       61.498      104.327    -0.501644    -0.476318      2.47805     0.221335    -0.594843  -0.00929115    0.0866592      4.30882       2.3275     -4.22901
      -9.762    0.0245947   -0.0106497      16.9149    -0.501644      54.4462     0.212305      6.79648      4.24507   -0.0639034   0.00223455     0.195408      3.29304      5.99312     -1.06878
    0.915899    -0.014421   0.00199736      23.6347    -0.476318     0.212305      78.5448      3.16403     -5.50953    -0.201851  -0.00169595    0.0282277     -4.70016      3.04093      6.06754
    -5.55283   -0.0121446   -0.0672051      6.85284      2.47805      6.79648      3.16403      32.2258      -7.9295  -0.00911065   -0.0176599     0.139463      16.6093      19.4769      6.70252
    -7.16551     0.110369   -0.0192819       75.175     0.221335      4.24507     -5.50953      -7.9295      50.0997     0.174511   -0.0291268  -0.00505129      1.94195      -3.3632      13.7379
   0.0803344  -0.00517128    0.0322206      3.00772    -0.594843   -0.0639034    -0.201851  -0.00911065     0.174511     0.466986   0.00167168   0.00762184    -0.136274     0.123265    -0.126852
  -0.0172275    0.0010582 -0.000547366    0.0480922  -0.00929115   0.00223455  -0.00169595   -0.0176599   -0.0291268   0.00167168   0.00348958  0.000147463   -0.0406217   -0.0161842    0.0147786
   -0.155811  -0.00303561 -0.000471971    -0.445314    0.0866592     0.195408    0.0282277     0.139463  -0.00505129   0.00762184  0.000147463     0.113864   -0.0213755     0.135684    -0.106171
     4.18078    -0.310164    0.0794345      53.5943      4.30882      3.29304     -4.70016      16.6093      1.94195    -0.136274   -0.0406217   -0.0213755      68.3816     -1.28787     -31.0713
    -12.3291    0.0444886   -0.0706099     -20.9042       2.3275      5.99312      3.04093      19.4769      -3.3632     0.123265   -0.0161842     0.135684     -1.28787      23.5423     -3.58534
     17.6394     0.351625    -0.146076     -56.2204     -4.22901     -1.06878      6.06754      6.70252      13.7379    -0.126852    0.0147786    -0.106171     -31.0713     -3.58534       106.52
