 2.74672e+11       252293      -185371      -114301 -4.11941e+10     -46166.9
      252293      11.9245     -1.52322     -4.57008     -86608.7     -3.41015
     -185371     -1.52322      8.20842      1.44031     -54127.2     0.238171
     -114301     -4.57008      1.44031      6.78032       129791       1.7465
-4.11941e+10     -86608.7     -54127.2       129791  2.48927e+11       114885
    -46166.9     -3.41015     0.238171       1.7465       114885      7.81505
