 2.74399e+11       249173      -187836      -117687 -4.10617e+10     -55681.3
      249173      11.7929     -1.67548     -4.61086     -81944.8     -3.64815
     -187836     -1.67548      7.97074      1.54977     -49629.2     0.381464
     -117687     -4.61086      1.54977      6.75721       129762      1.94916
-4.10617e+10     -81944.8     -49629.2       129762  2.49242e+11       115921
    -55681.3     -3.64815     0.381464      1.94916       115921      7.69412
