   47.3333   -9.73448  -0.180129    128.745    1.48264    9.22701
  -9.73448     9.0529   0.677161   -62.8901  -0.536225   -4.91412
 -0.180129   0.677161    8.07974   -24.5815 -0.0519053  -0.262826
   128.745   -62.8901   -24.5815      77914    2.72913    26.6025
   1.48264  -0.536225 -0.0519053    2.72913  0.0613513    0.35263
   9.22701   -4.91412  -0.262826    26.6025    0.35263    10.6891
