  43.0458   5.96974 -0.107077     1.224    1.1015         0
  5.96974   10.9834    1.6021   1.29344   1.22617   12.1048
-0.107077    1.6021    5.0526  0.609332 0.0477035   74.9421
    1.224   1.29344  0.609332   8.83207  0.454422  -20.6822
   1.1015   1.22617 0.0477035  0.454422   6.66057  -35.4174
        0   12.1048   74.9421  -20.6822  -35.4174    172395
