  37.1164   5.54556 -0.030689   1.17303   1.05326         0
  5.54556    10.983   1.70063    1.3511   1.27689   9.66686
-0.030689   1.70063   4.99771  0.628912 0.0723055   60.4379
  1.17303    1.3511  0.628912    8.7627  0.468227  -16.7122
  1.05326   1.27689 0.0723055  0.468227   6.61745  -28.5735
        0   9.66686   60.4379  -16.7122  -28.5735    113846
