   5.79383    2.13836   0.425586   0.681791   0.558584 0.00677908
   2.13836    10.8686    3.13002     2.1697    2.05951   0.437927
  0.425586    3.13002    4.49941    1.07503   0.688932    3.92827
  0.681791     2.1697    1.07503    8.01357   0.784463   -1.14888
  0.558584    2.05951   0.688932   0.784463    6.13581   -1.89519
0.00677908   0.437927    3.92827   -1.14888   -1.89519    632.545
