    0.010741   -0.0101204  -0.00284515    0.0772409     -0.18223      7.83461   0.00186953   0.00834502 -0.000487547    -0.299488    -0.139159     -220.597      13.0855  -0.00478594   0.00202174    0.0062688
  -0.0101204      10.0556   -0.0696306     0.400332      5.06939      56.3094     -0.12919      1.98261   -0.0297076    -0.735566     -5.06131     -15660.9      325.565     0.182575    0.0199519     0.121398
 -0.00284515   -0.0696306     0.321611   -0.0516056     0.730764     -38.9385    0.0623324     0.232503   0.00262281     -1.41509     0.022417     -986.283      -2.9899    0.0399175   -0.0116559    -0.104981
   0.0772409     0.400332   -0.0516056      1235.77            0      5373.02    -0.320461     0.973841     0.362034      72.2086      134.716      31445.9      2748.24     0.153063      2.82316     -3.51122
    -0.18223      5.06939     0.730764            0      7340.45     -5105.14      3.68041      6.50032    -0.166518     -63.2516     -135.899      -134349      4239.82     -1.21858      25.9331      5.79553
     7.83461      56.3094     -38.9385      5373.02     -5105.14  1.09259e+07      308.997      82.3451       3.5247     -7730.32            0            0            0       9.9184     -30.7167            0
  0.00186953     -0.12919    0.0623324    -0.320461      3.68041      308.997      57.1273    -0.985529    0.0478837     -3.45411     -22.0916      9150.87       1958.5      1.82783     0.341708     0.476438
  0.00834502      1.98261     0.232503     0.973841      6.50032      82.3451    -0.985529      232.742     0.122922      1.54252     -68.4117      21529.8     -1009.46    -0.503572     0.514704       1.1836
-0.000487547   -0.0297076   0.00262281     0.362034    -0.166518       3.5247    0.0478837     0.122922      0.13913      -1.1282     0.362895      62006.1      -121.18   0.00851308  -0.00882601    0.0311678
   -0.299488    -0.735566     -1.41509      72.2086     -63.2516     -7730.32     -3.45411      1.54252      -1.1282      11248.1        208.3      -331616     -1440.75     -4.88592    -0.104289      13.1677
   -0.139159     -5.06131     0.022417      134.716     -135.899            0     -22.0916     -68.4117     0.362895        208.3       5912.9            0     -2605.41     -1.64559     -5.49505      -1.9492
    -220.597     -15660.9     -986.283      31445.9      -134349            0      9150.87      21529.8      62006.1      -331616            0  3.02104e+10  -1.8129e+07      4113.28      1775.98      9705.05
     13.0855      325.565      -2.9899      2748.24      4239.82            0       1958.5     -1009.46      -121.18     -1440.75     -2605.41  -1.8129e+07  3.36067e+07      68.3001      -24.707     -217.395
 -0.00478594     0.182575    0.0399175     0.153063     -1.21858       9.9184      1.82783    -0.503572   0.00851308     -4.88592     -1.64559      4113.28      68.3001      11.4783    0.0667746    -0.191264
  0.00202174    0.0199519   -0.0116559      2.82316      25.9331     -30.7167     0.341708     0.514704  -0.00882601    -0.104289     -5.49505      1775.98      -24.707    0.0667746      5.36938     0.465839
   0.0062688     0.121398    -0.104981     -3.51122      5.79553            0     0.476438       1.1836    0.0311678      13.1677      -1.9492      9705.05     -217.395    -0.191264     0.465839      59.4291
