   3.80193  -0.399589  -0.335645    0.45586   -0.45617   0.649617  0.0374258  0.0208525  -0.065851  -0.359001  -0.288144   -4146.62    1.03196 -0.0908937  0.0743702   0.105446
 -0.399589    44.3274   -0.91048   0.254894    1.44252   0.554769   -0.28276    2.16855  -0.439062 -0.0896062   -1.17886     -32840     2.8486   0.387227  0.0811078   0.227091
 -0.335645   -0.91048    12.4835 -0.0988141    0.60449   -1.09647   0.412485    0.75527   0.114551   -0.56124  0.0145668   -6138.35 -0.0850517   0.251405  -0.142384  -0.583751
   0.45586   0.254894 -0.0988141    122.374          0    8.45131  -0.204939   0.157726   0.801758    1.45423    4.68939    9968.71    3.65024  0.0287955    1.74822  -0.948212
  -0.45617    1.44252    0.60449          0    129.839   -2.95131   0.509675   0.467992  -0.158298  -0.539425   -2.00213   -17978.7    2.40915  -0.163148    6.77343   0.670931
  0.649617   0.554769   -1.09647    8.45131   -2.95131    205.592      1.469   0.216495   0.112811   -2.17842          0          0   0.285067  0.0425442   -0.22715          0
 0.0374258   -0.28276   0.412485  -0.204939   0.509675      1.469    62.8294  -0.529477   0.354174  -0.235488   -2.57015    9581.75    8.61724    1.93725   0.703367   0.444238
 0.0208525    2.16855    0.75527   0.157726   0.467992   0.216495  -0.529477    61.0613   0.442751  0.0569862   -3.87764    11011.7   -2.16585  -0.260382   0.517829   0.542136
 -0.065851  -0.439062   0.114551   0.801758  -0.158298   0.112811   0.354174   0.442751    6.88193  -0.504572   0.283326     435208   -3.56963  0.0924067  -0.121682   0.194789
 -0.359001 -0.0896062   -0.56124    1.45423  -0.539425   -2.17842  -0.235488  0.0569862  -0.504572    45.5999    1.47004   -21021.4  -0.394321  -0.314113 -0.0124356   0.742544
 -0.288144   -1.17886  0.0145668    4.68939   -2.00213          0   -2.57015   -3.87764   0.283326    1.47004    72.4266          0    -1.2004  -0.183033   -1.19669  -0.193068
  -4146.62     -32840   -6138.35    9968.71   -17978.7          0    9581.75    11011.7     435208   -21021.4          0 3.0092e+10   -75594.8    4147.37    3456.63    8614.28
   1.03196     2.8486 -0.0850517    3.65024    2.40915   0.285067    8.61724   -2.16585   -3.56963  -0.394321    -1.2004   -75594.8    589.349   0.288055  -0.229375  -0.812837
-0.0908937   0.387227   0.251405  0.0287955  -0.163148  0.0425442    1.93725  -0.260382  0.0924067  -0.314113  -0.183033    4147.37   0.288055    11.7135    0.13244   -0.17284
 0.0743702  0.0811078  -0.142384    1.74822    6.77343   -0.22715   0.703367   0.517829  -0.121682 -0.0124356   -1.19669    3456.63  -0.229375    0.13244    20.6827    0.81436
  0.105446   0.227091  -0.583751  -0.948212   0.670931          0   0.444238   0.542136   0.194789   0.742544  -0.193068    8614.28  -0.812837   -0.17284    0.81436    47.3337
