     6538.81      0.99454      6.26571       103546      8443.15      6812.22     -68.0464      5.70195     -3.41108      268.454      816.365       13.459     -713.891     -619.111            0    -0.230177
     0.99454      18.7601     0.729078      4136.87       152.16      192.649      2.15039    0.0799218    0.0758134     -2.08812      808.027     -11.4245    -0.271761     0.500245      6346.42  -0.00226589
     6.26571     0.729078      148.314  2.10688e+06            0     -1362.95     -7.53595      1.99854     -1.48023     -84.5977      877.694      12.1105     -48.3023     -5.02426            0  -0.00615167
      103546      4136.87  2.10688e+06  3.16218e+10            0 -2.33193e+07      -112439      5755.62     -21304.6      -848446  1.24077e+07       152161            0     -26107.8            0     -139.635
     8443.15       152.16            0            0  5.17091e+07       158397            0      283.311      460.738     -119.263            0     -2812.97       442865      603.713            0     -1.59907
     6812.22      192.649     -1362.95 -2.33193e+07       158397  2.55629e+06      158.855     -293.625      84.3063       684.06      96697.1      3348.77      27676.3     -559.233       928567      5.72496
    -68.0464      2.15039     -7.53595      -112439            0      158.855      182.819     -0.33953    -0.502924      4.62156            0     -1.89225            0      6.96903      2951.11    0.0389281
     5.70195    0.0799218      1.99854      5755.62      283.311     -293.625     -0.33953      19.1093     0.234834      10.7164      86.5574      13.9359     -10.5485     -0.45437        24509  -0.00864983
    -3.41108    0.0758134     -1.48023     -21304.6      460.738      84.3063    -0.502924     0.234834      65.0171      30.8938      86.2694       17.854      87.9244  4.03105e-05     -7151.35    0.0143099
     268.454     -2.08812     -84.5977      -848446     -119.263       684.06      4.62156      10.7164      30.8938      19162.2        -2652      857.572     -2412.82     -33.2286     -45102.8    -0.385501
     816.365      808.027      877.694  1.24077e+07            0      96697.1            0      86.5574      86.2694        -2652  8.64296e+06      720.647     -32371.3      72.0857            0     -7.64518
      13.459     -11.4245      12.1105       152161     -2812.97      3348.77     -1.89225      13.9359       17.854      857.572      720.647      19694.8      60.1651     -11.3944       237651         0.38
    -713.891    -0.271761     -48.3023            0       442865      27676.3            0     -10.5485      87.9244     -2412.82     -32371.3      60.1651       272702     -15.0782 -1.84616e+06    -0.436846
    -619.111     0.500245     -5.02426     -26107.8      603.713     -559.233      6.96903     -0.45437  4.03105e-05     -33.2286      72.0857     -11.3944     -15.0782      101.173     -18944.4   -0.0045974
           0      6346.42            0            0            0       928567      2951.11        24509     -7151.35     -45102.8            0       237651 -1.84616e+06     -18944.4  1.01711e+10     -190.968
   -0.230177  -0.00226589  -0.00615167     -139.635     -1.59907      5.72496    0.0389281  -0.00864983    0.0143099    -0.385501     -7.64518         0.38    -0.436846   -0.0045974     -190.968    0.0106247
