  0.0315651  -0.0199143 -0.00679017     0.10786   -0.215568     5.15349  0.00323943   0.0126133 -0.00119176   -0.309776   -0.159381    -378.163     8.41193 -0.00821937  0.00392254   0.0105211
 -0.0199143     13.2489    -0.11127    0.374315     4.01534     24.8002   -0.149959     2.00654  -0.0486231   -0.509457    -3.88143    -17976.4     140.127    0.209952   0.0259194    0.136425
-0.00679017    -0.11127    0.623331  -0.0585225    0.702029    -20.8009   0.0877684    0.285398  0.00520655    -1.18868     0.02085    -1373.08    -1.56014   0.0556747  -0.0183655   -0.143088
    0.10786    0.374315  -0.0585225     819.974           0      1679.4   -0.264316    0.699618    0.420504     35.4901     73.3153     25615.2     839.479     0.12491     2.60272    -2.80019
  -0.215568     4.01534    0.702029           0     3495.31    -1351.77     2.56878      3.9548   -0.163845    -26.3354    -62.6529    -92707.9      1097.1    -0.84244     20.2533     3.91537
    5.15349     24.8002    -20.8009      1679.4    -1351.77 1.60872e+06     119.913     27.8726      1.9285    -1789.67           0           0           0     3.81251    -13.3398           0
 0.00323943   -0.149959   0.0877684   -0.264316     2.56878     119.913     58.4386   -0.879374   0.0690562    -2.10813    -14.9272     9255.35     742.766     1.85213    0.391153    0.471688
  0.0126133     2.00654    0.285398    0.699618      3.9548     27.8726   -0.879374     180.934     0.15454    0.820541    -40.2982     18982.7    -333.755    -0.44478    0.513614      1.0218
-0.00119176  -0.0486231  0.00520655    0.420504   -0.163845      1.9285   0.0690562     0.15454    0.282879   -0.970649    0.345712     88414.6    -64.7927   0.0121612  -0.0142434   0.0435105
  -0.309776   -0.509457    -1.18868     35.4901    -26.3354    -1789.67    -2.10813    0.820541   -0.970649     4094.99      83.969     -200089    -326.151     -2.9535  -0.0712174      7.7785
  -0.159381    -3.88143     0.02085     73.3153    -62.6529           0    -14.9272    -40.2982    0.345712      83.969     2639.29           0    -652.727    -1.10145    -4.15503    -1.27496
   -378.163    -17976.4    -1373.08     25615.2    -92707.9           0     9255.35     18982.7     88414.6     -200089           0 3.02104e+10 -6.7979e+06     4120.87        2010     9501.59
    8.41193     140.127    -1.56014     839.479      1097.1           0     742.766    -333.755    -64.7927    -326.151    -652.727 -6.7979e+06 4.72552e+06     25.6484    -10.4819    -79.8121
-0.00821937    0.209952   0.0556747     0.12491    -0.84244     3.81251     1.85213    -0.44478   0.0121612     -2.9535    -1.10145     4120.87     25.6484     11.5208   0.0757124     -0.1876
 0.00392254   0.0259194  -0.0183655     2.60272     20.2533    -13.3398    0.391153    0.513614  -0.0142434  -0.0712174    -4.15503        2010    -10.4819   0.0757124     6.87769     0.51617
  0.0105211    0.136425   -0.143088    -2.80019     3.91537           0    0.471688      1.0218   0.0435105      7.7785    -1.27496     9501.59    -79.8121     -0.1876     0.51617     56.9634
