      423012      1.97578     -19.7764     -9.68716     -215.736            0      45.7263     -92.8469      17.8748      23.2954     -58.5703      1.53345            0      4.23816      -366472      359.476
     1.97578      1.63949      0.03967   -0.0473618     0.408319      149.141      0.20152    -0.130666     0.117534    -0.275544   -0.0365958   0.00440676      2909.88    0.0358714      4317.32     0.211963
    -19.7764      0.03967      3.77552    0.0434634      4.26218     -263.928    0.0278649     0.520066    -0.232836    0.0687902      3.17456  -0.00363229       103900    0.0355008     -1064.62    -0.990276
    -9.68716   -0.0473618    0.0434634     0.851347    -0.149605      31.1158    0.0315777    -0.160354    0.0893677     0.941506   0.00747881  0.000629467       1825.3   0.00905735      699.898     -2.41178
    -215.736     0.408319      4.26218    -0.149605      14211.2     -10314.7      1.02979      -12.247      6.27698     -37.9444     -14.3038     0.165695            0      1.89795       386585      62.8848
           0      149.141     -263.928      31.1158     -10314.7  4.94696e+07     -276.589     -2716.51     -5.55062     -1595.53     -352.695      142.789     3.83e+07      48.0461 -1.34573e+07      908.735
     45.7263      0.20152    0.0278649    0.0315777      1.02979     -276.589      2.47905    -0.117201   -0.0298576     0.872107    -0.353832 -0.000876869     -4775.86    0.0144641      2657.52      3.93512
    -92.8469    -0.130666     0.520066    -0.160354      -12.247     -2716.51    -0.117201      120.396     0.120644     -3.56388    -0.272455  -0.00349299     -15383.7     0.216765      2199.19     -29.7644
     17.8748     0.117534    -0.232836    0.0893677      6.27698     -5.55062   -0.0298576     0.120644      14.0311     -1.10922     0.384074  -0.00310465      10892.1     0.175232      4770.07     -3.08452
     23.2954    -0.275544    0.0687902     0.941506     -37.9444     -1595.53     0.872107     -3.56388     -1.10922      822.273       3.4837    0.0291485            0    0.0886525      -141648      63.2872
    -58.5703   -0.0365958      3.17456   0.00747881     -14.3038     -352.695    -0.353832    -0.272455     0.384074       3.4837      63.9727    0.0226848  1.47959e+06    0.0818437      3181.75     -6.47562
     1.53345   0.00440676  -0.00363229  0.000629467     0.165695      142.789 -0.000876869  -0.00349299  -0.00310465    0.0291485    0.0226848    0.0135964      185.391   0.00452799      93.3824     0.481702
           0      2909.88       103900       1825.3            0     3.83e+07     -4775.86     -15383.7      10892.1            0  1.47959e+06      185.391  3.67872e+10      7259.67            0       117144
     4.23816    0.0358714    0.0355008   0.00905735      1.89795      48.0461    0.0144641     0.216765     0.175232    0.0886525    0.0818437   0.00452799      7259.67      1.54726     -2131.66    -0.767484
     -366472      4317.32     -1064.62      699.898       386585 -1.34573e+07      2657.52      2199.19      4770.07      -141648      3181.75      93.3824            0     -2131.66  6.59291e+09     -51026.2
     359.476     0.211963    -0.990276     -2.41178      62.8848      908.735      3.93512     -29.7644     -3.08452      63.2872     -6.47562     0.481702       117144    -0.767484     -51026.2      9206.66
