     13.5689     -5147.36     -27965.1    -0.112097    0.0091243    -0.230441      90737.9      12.3082     0.631036   -0.0535011  0.000217565  4.46781e-07   0.00588235   -0.0289932   -0.0401998     -1.72837    -0.101372      4.63453
    -5147.36  4.36339e+10 -2.70427e+09      575.704      28561.5     -14189.9            0            0            0     -1182.87     -1046.33            0      -8489.5       216067      3148.18     -57005.1      4073.31      -313040
    -27965.1 -2.70427e+09   8.3939e+10      -239767       -49784     -6225.65 -1.57415e+09 -8.54298e+06     -61645.5     -52603.1      9425.51   0.00157175      23177.1     -13633.9      -150781      43780.8     -49068.9      -194098
   -0.112097      575.704      -239767      9.41808     0.176434     0.135439            0            0     0.475944  -0.00711087  -0.00902568 -7.37221e-08    0.0676641   0.00558921    -0.109968     0.362105    -0.247442     -0.23494
   0.0091243      28561.5       -49784     0.176434      10.0548     0.150351     -18532.3     -19.7162    -0.534348   -0.0510203   -0.0126078            0    0.0364658     0.139896    0.0204803    0.0381886      1.03704     -0.43419
   -0.230441     -14189.9     -6225.65     0.135439     0.150351      8.16729     -13190.8      21.5858     0.443984     0.201506  -0.00413077  2.83095e-08    0.0363462   -0.0659075    0.0550388    -0.169903     0.147411      1.99554
     90737.9            0 -1.57415e+09            0     -18532.3     -13190.8   1.4122e+11            0       444360     -14574.6     -1018.44            0      787.399            0     -6212.21      20655.5      40163.3      -113442
     12.3082            0 -8.54298e+06            0     -19.7162      21.5858            0      84373.1      2.85849      10.6455      3.42955            0      1.44701            0       1.3019      7.14955       7.3586      -90.549
    0.631036            0     -61645.5     0.475944    -0.534348     0.443984       444360      2.85849      39.9313    -0.489039   -0.0737912  2.42781e-07    -0.121416            0   -0.0157345    -0.835536     0.317644      2.38721
  -0.0535011     -1182.87     -52603.1  -0.00711087   -0.0510203     0.201506     -14574.6      10.6455    -0.489039      6.81962  0.000256364 -7.64827e-08   -0.0140742    0.0128077    -0.111563     0.550252     0.545326     -1.46152
 0.000217565     -1046.33      9425.51  -0.00902568   -0.0126078  -0.00413077     -1018.44      3.42955   -0.0737912  0.000256364     0.100661            0     0.011781  -0.00603567    0.0140915   -0.0244806   -0.0560165    0.0606449
 4.46781e-07            0   0.00157175 -7.37221e-08            0  2.83095e-08            0            0  2.42781e-07 -7.64827e-08            0  4.44745e-13  1.61551e-08            0            0 -1.81795e-06 -5.63457e-08  6.33819e-06
  0.00588235      -8489.5      23177.1    0.0676641    0.0364658    0.0363462      787.399      1.44701    -0.121416   -0.0140742     0.011781  1.61551e-08      1.29252   -0.0399502   0.00837136    -0.106423   -0.0189862     0.226165
  -0.0289932       216067     -13633.9   0.00558921     0.139896   -0.0659075            0            0            0    0.0128077  -0.00603567            0   -0.0399502      1.09082    0.0151236    -0.203487    0.0221819    -0.953427
  -0.0401998      3148.18      -150781    -0.109968    0.0204803    0.0550388     -6212.21       1.3019   -0.0157345    -0.111563    0.0140915            0   0.00837136    0.0151236     0.594014    -0.149825    0.0104577    -0.619649
    -1.72837     -57005.1      43780.8     0.362105    0.0381886    -0.169903      20655.5      7.14955    -0.835536     0.550252   -0.0244806 -1.81795e-06    -0.106423    -0.203487    -0.149825      20.0304     0.572482      38.6212
   -0.101372      4073.31     -49068.9    -0.247442      1.03704     0.147411      40163.3       7.3586     0.317644     0.545326   -0.0560165 -5.63457e-08   -0.0189862    0.0221819    0.0104577     0.572482      14.0825     -1.50416
     4.63453      -313040      -194098     -0.23494     -0.43419      1.99554      -113442      -90.549      2.38721     -1.46152    0.0606449  6.33819e-06     0.226165    -0.953427    -0.619649      38.6212     -1.50416      723.366
