    11592.7    0.615893    -5.67837    -3.34041    -9.74753           0      11.865    -13.9785     4.00566     2.04319    -7.33792    0.880088           0       1.203    -2048.94     16.3063
   0.615893     5.81445    0.132152   -0.187141    0.209538     20.5639    0.594467   -0.224683    0.299248   -0.275417  -0.0514404   0.0288616     5499.89    0.115697     274.634    0.110602
   -5.67837    0.132152     11.3585    0.157025     2.02074    -36.8833   0.0757568    0.820507   -0.546708   0.0603608      4.1673  -0.0219289      180210      0.1055    -62.4634   -0.470611
   -3.34041   -0.187141    0.157025     3.69379  -0.0851105     5.23683    0.103093   -0.303849    0.251996     1.03905   0.0117924  0.00454428     3802.31   0.0323189     49.3291    -1.37618
   -9.74753    0.209538     2.02074  -0.0851105     1061.77    -227.122    0.440545    -3.04483     2.32263    -5.49448      -2.959    0.156968           0    0.888594     3568.58     4.70847
          0     20.5639    -36.8833     5.23683    -227.122      321206    -34.9166    -199.029   -0.604631    -68.1157    -21.5051     39.8847 3.08556e+06     6.63601    -36745.2     20.0536
     11.865    0.594467   0.0757568    0.103093    0.440545    -34.9166     6.08977   -0.167057  -0.0635868    0.723091    -0.41974 -0.00476013    -7488.46   0.0388788     140.148     1.68922
   -13.9785   -0.224683    0.820507   -0.303849    -3.04483    -199.029   -0.167057     99.6052    0.148537    -1.71456   -0.187559  -0.0110322    -13989.8    0.337837     66.0059    -7.41673
    4.00566    0.299248   -0.546708    0.251996     2.32263   -0.604631  -0.0635868    0.148537     25.7126   -0.795613    0.393493  -0.0145699     14744.2    0.406454     218.342    -1.14387
    2.04319   -0.275417   0.0603608     1.03905    -5.49448    -68.1157    0.723091    -1.71456   -0.795613      230.82     1.39696   0.0535519           0   0.0814458    -2536.52     9.18597
   -7.33792  -0.0514404      4.1673   0.0117924      -2.959    -21.5051    -0.41974   -0.187559    0.393493     1.39696     36.6442   0.0595163 1.11981e+06    0.106141     81.4984    -1.34248
   0.880088   0.0288616  -0.0219289  0.00454428    0.156968     39.8847 -0.00476013  -0.0110322  -0.0145699   0.0535519   0.0595163    0.163407      642.61   0.0268986     10.9575    0.457442
          0     5499.89      180210     3802.31           0 3.08556e+06    -7488.46    -13989.8     14744.2           0 1.11981e+06      642.61  3.6787e+10     12443.3           0       32093
      1.203    0.115697      0.1055   0.0323189    0.888594     6.63601   0.0388788    0.337837    0.406454   0.0814458    0.106141   0.0268986     12443.3     4.54279    -123.348   -0.360272
   -2048.94     274.634    -62.4634     49.3291     3568.58    -36745.2     140.148     66.0059     218.342    -2536.52     81.4984     10.9575           0    -123.348 7.53818e+06    -471.545
    16.3063    0.110602   -0.470611    -1.37618     4.70847     20.0536     1.68922    -7.41673    -1.14387     9.18597    -1.34248    0.457442       32093   -0.360272    -471.545     690.798
