       9.443    0.0439725   -0.0634747    -0.512114  -0.00605639   -0.0870229      1.36205            0  0.000164095        2.514     0.111187     0.300285     0.304045  3.03384e-05       29.575    0.0668875
   0.0439725     0.658542    0.0367125       0.4104   -0.0141168 -0.000704393    -0.309538            0 -3.25216e-05    -0.174972      0.46444   -0.0972691    0.0497578   2.9744e-05      25.5868     0.509797
  -0.0634747    0.0367125      1.02779    -0.205876   -0.0146771    0.0239524    -0.403275  -1.7605e-07 -0.000171057     0.286746     0.207334    -0.292928   -0.0581349  1.19403e-05     -98.6147    -0.269843
   -0.512114       0.4104    -0.205876      49.7434     0.975594     -0.14369     -7.68437 -4.88603e-07 -0.000754316      3.00382     -5.30797     -11.2409     0.505695  5.78932e-05     -199.374      12.1716
 -0.00605639   -0.0141168   -0.0146771     0.975594       15.778    0.0300414     0.629474            0  0.000481808     0.186564      1.56605     -1.17567     0.556955   4.1748e-06      41.8383      2.48479
  -0.0870229 -0.000704393    0.0239524     -0.14369    0.0300414     0.168729     0.165491 -3.87016e-08 -2.21432e-05  -0.00189396   -0.0821138   -0.0505826   -0.0129458  9.53303e-07    0.0231477   -0.0674838
     1.36205    -0.309538    -0.403275     -7.68437     0.629474     0.165491      61.9904 -3.78925e-06  -0.00412877     0.737078     -12.3926      32.6719      2.61861  5.05022e-05     -1426.11      29.4298
           0            0  -1.7605e-07 -4.88603e-07            0 -3.87016e-08 -3.78925e-06  1.60524e-11  1.53456e-08  1.67716e-07  1.64804e-06 -2.60169e-06 -2.65808e-07            0            0 -1.87772e-06
 0.000164095 -3.25216e-05 -0.000171057 -0.000754316  0.000481808 -2.21432e-05  -0.00412877  1.53456e-08  1.77356e-05  0.000608573   0.00168956  -0.00347315 -0.000616138 -4.01429e-08  -0.00463167  -0.00214822
       2.514    -0.174972     0.286746      3.00382     0.186564  -0.00189396     0.737078  1.67716e-07  0.000608573       46.284    -0.385935     -2.62476      1.67172  0.000137816      -484.42     -12.5713
    0.111187      0.46444     0.207334     -5.30797      1.56605   -0.0821138     -12.3926  1.64804e-06   0.00168956    -0.385935      33.1425     -2.54766   -0.0405263 -5.21401e-05      869.292      23.7538
    0.300285   -0.0972691    -0.292928     -11.2409     -1.17567   -0.0505826      32.6719 -2.60169e-06  -0.00347315     -2.62476     -2.54766      40.4498      1.50746  5.91775e-05     -238.822      16.0347
    0.304045    0.0497578   -0.0581349     0.505695     0.556955   -0.0129458      2.61861 -2.65808e-07 -0.000616138      1.67172   -0.0405263      1.50746      17.4255 -3.48636e-05     -49.1599      2.32043
 3.03384e-05   2.9744e-05  1.19403e-05  5.78932e-05   4.1748e-06  9.53303e-07  5.05022e-05            0 -4.01429e-08  0.000137816 -5.21401e-05  5.91775e-05 -3.48636e-05   1.1858e-07    0.0151341  6.24631e-05
      29.575      25.5868     -98.6147     -199.374      41.8383    0.0231477     -1426.11            0  -0.00463167      -484.42      869.292     -238.822     -49.1599    0.0151341   1.6349e+06     -65.7143
   0.0668875     0.509797    -0.269843      12.1716      2.48479   -0.0674838      29.4298 -1.87772e-06  -0.00214822     -12.5713      23.7538      16.0347      2.32043  6.24631e-05     -65.7143      72.9191
