     14.8478     0.100459     -718.997    -0.593127   -0.0188381    -0.229269      1.73442            0   0.00210068      3.22807      0.15953     0.408769    -0.602653  0.000492168      16.7013     0.127538
    0.100459      2.13301      569.535     0.744354   -0.0222047  -0.00299399    -0.594246            0 -0.000513999    -0.317261      0.87892    -0.174009     0.190083  0.000606061      12.1731     0.945922
    -718.997      569.535  8.20645e+07     -1360.41     -295.938      563.183     -4278.34  -0.00238683      -10.733      3599.48      1699.04     -3979.18     -2632.71      1.19865      -282240     -2746.67
   -0.593127     0.744354     -1360.41      51.3907      1.14754    -0.310654     -8.40893 -7.58723e-07  -0.00577022      4.35693     -5.84795     -12.7411      5.70968  0.000636996      -42.439      11.6735
  -0.0188381   -0.0222047     -295.938      1.14754      21.8939    0.0823513     0.546381            0   0.00506404     0.101392      1.81591     -1.39281    -0.554138  3.65162e-05      26.4098      2.91355
   -0.229269  -0.00299399      563.183    -0.310654    0.0823513     0.740522     0.346865 -1.28884e-07 -0.000457054   -0.0227635    -0.181242    -0.085777    -0.384477   3.6409e-06      1.80789    -0.144823
     1.73442    -0.594246     -4278.34     -8.40893     0.546381     0.346865      63.9184  -6.2487e-06   -0.0388063    -0.104733     -13.4677      35.0194     0.516412  0.000666689     -448.422      29.6527
           0            0  -0.00238683 -7.58723e-07            0 -1.28884e-07  -6.2487e-06  4.12138e-11  2.18191e-07   2.8645e-07  2.68594e-06  -4.2073e-06 -1.90218e-06            0            0 -2.92754e-06
  0.00210068 -0.000513999      -10.733  -0.00577022   0.00506404 -0.000457054   -0.0388063  2.18191e-07   0.00139701   0.00591787    0.0157133   -0.0319527    -0.020419 -4.32974e-06   -0.0700662   -0.0187641
     3.22807    -0.317261      3599.48      4.35693     0.101392   -0.0227635    -0.104733   2.8645e-07   0.00591787      47.9851     -1.00494     -2.93854    -0.861999   0.00162534     -99.6124      -14.506
     0.15953      0.87892      1699.04     -5.84795      1.81591    -0.181242     -13.4677  2.68594e-06    0.0157133     -1.00494       33.939     -2.63753     -2.67756 -0.000673546      289.795      24.7407
    0.408769    -0.174009     -3979.18     -12.7411     -1.39281    -0.085777      35.0194  -4.2073e-06   -0.0319527     -2.93854     -2.63753      41.6592      15.7435  0.000645412      -99.375      14.9239
   -0.602653     0.190083     -2632.71      5.70968    -0.554138    -0.384477     0.516412 -1.90218e-06    -0.020419    -0.861999     -2.67756      15.7435      57.1873  0.000368258     -446.188       6.3037
 0.000492168  0.000606061      1.19865  0.000636996  3.65162e-05   3.6409e-06  0.000666689            0 -4.32974e-06   0.00162534 -0.000673546  0.000645412  0.000368258  1.54648e-05    0.0240777  0.000601855
     16.7013      12.1731      -282240      -42.439      26.4098      1.80789     -448.422            0   -0.0700662     -99.6124      289.795      -99.375     -446.188    0.0240777       152422     -6.53714
    0.127538     0.945922     -2746.67      11.6735      2.91355    -0.144823      29.6527 -2.92754e-06   -0.0187641      -14.506      24.7407      14.9239       6.3037  0.000601855     -6.53714      75.4201
