     28.6906     0.293341     -931.781    -0.727587   -0.0554218    -0.835937      2.27063            0    0.0345208      4.49132     0.166248     0.779707     -1.20701    0.0233604      3.00969     0.160278
    0.293341       9.4582      414.438      1.60314   -0.0374977   -0.0159364     -1.19525            0   -0.0143017    -0.696698      1.86737     -0.42891     0.737217    0.0424834      2.39855      2.04258
    -931.781      414.438  2.24123e+07     -52.2977       303.97      332.567      44.7028    -0.029325     -66.1241     -62.0652      113.579     -104.134     -90.4306       17.011     -19731.7     -57.0048
   -0.727587      1.60314     -52.2977      53.2528        1.813    -0.794133     -9.03802 -1.54375e-05   -0.0629913      6.71261     -6.59488     -15.4664      10.8058    0.0214755     -4.64514      10.0552
  -0.0554218   -0.0374977       303.97        1.813      41.4929     0.283175     0.386037            0     0.085614    -0.245807      2.48303      -1.8778     -2.37982   0.00197264      6.96089      4.18059
   -0.835937   -0.0159364      332.567    -0.794133     0.283175      5.09782     0.876023 -7.50518e-06   -0.0156744   -0.0931414    -0.500471   -0.0586169      -1.2291  0.000319934     0.559794    -0.267434
     2.27063     -1.19525      44.7028     -9.03802     0.386037     0.876023      64.3349 -0.000142876    -0.487694     -1.47157     -14.7093      36.9114      7.43196    0.0229011     -50.8632      30.3192
           0            0    -0.029325 -1.54375e-05            0 -7.50518e-06 -0.000142876  2.04294e-08  5.87024e-05   6.2851e-06  6.14769e-05 -9.23981e-05 -6.09858e-05            0            0  -6.2796e-05
   0.0345208   -0.0143017     -66.1241   -0.0629913     0.085614   -0.0156744    -0.487694  5.87024e-05     0.203833    0.0677659     0.192968    -0.372937     -0.29564  -0.00170973    -0.136774    -0.209735
     4.49132    -0.696698     -62.0652      6.71261    -0.245807   -0.0931414     -1.47157   6.2851e-06    0.0677659      49.8514     -1.96876     -2.52444    -0.831206    0.0565699     -7.01052      -17.449
    0.166248      1.86737      113.579     -6.59488      2.48303    -0.500471     -14.7093  6.14769e-05     0.192968     -1.96876      34.7671     -2.90355     -3.62766   -0.0242182      30.5803      25.0988
    0.779707     -0.42891     -104.134     -15.4664      -1.8778   -0.0586169      36.9114 -9.23981e-05    -0.372937     -2.52444     -2.90355      42.0508       21.413    0.0190003     -7.58992      12.4754
    -1.20701     0.737217     -90.4306      10.8058     -2.37982      -1.2291      7.43196 -6.09858e-05     -0.29564    -0.831206     -3.62766       21.413      39.1254    0.0363132     -8.41279      5.31047
   0.0233604    0.0424834       17.011    0.0214755   0.00197264  0.000319934    0.0229011            0  -0.00170973    0.0565699   -0.0242182    0.0190003    0.0363132    0.0177531    0.0415095    0.0179091
     3.00969      2.39855     -19731.7     -4.64514      6.96089     0.559794     -50.8632            0    -0.136774     -7.01052      30.5803     -7.58992     -8.41279    0.0415095      1930.31      3.06977
    0.160278      2.04258     -57.0048      10.0552      4.18059    -0.267434      30.3192  -6.2796e-05    -0.209735      -17.449      25.0988      12.4754      5.31047    0.0179091      3.06977      78.7896
