     20.8174     0.171952      -5525.5    -0.668909   -0.0413374    -0.443093      1.99203            0   0.00847472      3.85167     0.165396     0.587218     -1.00001    0.0034111       7.4907     0.158315
    0.171952      4.45719      1924.34      1.07831   -0.0217064  -0.00698904    -0.848665            0  -0.00284391    -0.483868      1.29242     -0.26636     0.441113   0.00501806       5.5671      1.39092
     -5525.5      1924.34  1.08449e+09     -317.381      1818.63      1435.39      397.059   -0.0164213     -133.506     -377.444      700.529     -609.079     -122.898      20.3328      -422430     -431.056
   -0.668909      1.07831     -317.381      53.0522      1.54224    -0.503707     -8.77879 -1.33164e-06   -0.0193827      5.55663     -6.39107     -14.3283      8.93655   0.00374996     -13.8266      11.1261
  -0.0413374   -0.0217064      1818.63      1.54224      30.5575     0.150468     0.369809            0    0.0212818    -0.149751      2.13758     -1.65489     -1.87716   0.00029707      17.4397      3.47156
   -0.443093  -0.00698904      1435.39    -0.503707     0.150468      1.97295     0.552411  -3.7535e-07  -0.00281406   -0.0419335    -0.308661   -0.0793978    -0.729309   3.5541e-05      1.01448    -0.199377
     1.99203    -0.848665      397.059     -8.77879     0.369809     0.552411      64.7144 -1.14803e-05    -0.140599    -0.661284     -14.2788      36.7573      5.99791   0.00382225     -151.813      30.2512
           0            0   -0.0164213 -1.33164e-06            0  -3.7535e-07 -1.14803e-05  1.33252e-10  1.37014e-06  5.06674e-07  4.91235e-06 -7.53846e-06 -4.48988e-06            0            0 -5.20585e-06
  0.00847472  -0.00284391     -133.506   -0.0193827    0.0212818  -0.00281406    -0.140599  1.37014e-06    0.0170216    0.0202044    0.0554151    -0.109904   -0.0787965 -8.46448e-05    -0.104043   -0.0632741
     3.85167    -0.483868     -377.444      5.55663    -0.149751   -0.0419335    -0.661284  5.06674e-07    0.0202044      49.4279     -1.48681     -2.84118     -1.62507   0.00963309     -23.5592     -15.9053
    0.165396      1.29242      700.529     -6.39107      2.13758    -0.308661     -14.2788  4.91235e-06    0.0554151     -1.48681      34.6449     -2.73199     -3.04541  -0.00403776      91.9205      25.1761
    0.587218     -0.26636     -609.079     -14.3283     -1.65489   -0.0793978      36.7573 -7.53846e-06    -0.109904     -2.84118     -2.73199      42.1581      20.0719      0.00354      -26.046      14.1358
    -1.00001     0.441113     -122.898      8.93655     -1.87716    -0.729309      5.99791 -4.48988e-06   -0.0787965     -1.62507     -3.04541      20.0719      36.9681   0.00571177     -37.1813      6.73619
   0.0034111   0.00501806      20.3328   0.00374996   0.00029707   3.5541e-05   0.00382225            0 -8.46448e-05   0.00963309  -0.00403776      0.00354   0.00571177  0.000523888     0.026073   0.00348239
      7.4907       5.5671      -422430     -13.8266      17.4397      1.01448     -151.813            0    -0.104043     -23.5592      91.9205      -26.046     -37.1813     0.026073      17111.5      8.09578
    0.158315      1.39092     -431.056      11.1261      3.47156    -0.199377      30.2512 -5.20585e-06   -0.0632741     -15.9053      25.1761      14.1358      6.73619   0.00348239      8.09578      77.9652
