     11.0513    0.0609826     -3.04031    -0.537978  -0.00706014    -0.127536      1.45784            0  0.000442308      2.71249      0.11192     0.337075     0.421264  7.59742e-05      18.6969    0.0516541
   0.0609826      1.08205       2.0835     0.523027   -0.0193346  -0.00123196    -0.401877            0 -0.000105236    -0.223159     0.595153    -0.130974    0.0816921  8.48656e-05       19.166     0.658525
    -3.04031       2.0835      2014.53     -9.00448    -0.695285      1.43652     -17.9549 -9.20852e-06   -0.0191306      12.6668      9.17115     -12.9317     -3.29641   0.00118595     -2551.23     -11.8793
   -0.537978     0.523027     -9.00448      49.8385       1.0485    -0.193427      -7.8807  -5.6604e-07   -0.0018595      3.57336     -5.47136     -11.8047     0.648866  0.000127092     -119.585      11.8309
 -0.00706014   -0.0193346    -0.695285       1.0485      18.0916    0.0439793      0.63767            0   0.00130237     0.186497      1.67073     -1.24942     0.763821  8.14673e-06      26.1956      2.68122
   -0.127536  -0.00123196      1.43652    -0.193427    0.0439793     0.309664     0.223501 -6.19492e-08 -7.58051e-05  -0.00446934    -0.111375   -0.0636368   -0.0223786  2.65612e-06    0.0417953   -0.0906167
     1.45784    -0.401877     -17.9549      -7.8807      0.63767     0.223501      62.0162 -4.49808e-06   -0.0104829     0.362474     -12.7051      33.1322      3.34886  0.000121278     -832.749      29.0193
           0            0 -9.20852e-06  -5.6604e-07            0 -6.19492e-08 -4.49808e-06  2.24061e-11  4.57958e-08  2.00762e-07   1.9519e-06 -3.07209e-06 -4.02191e-07            0            0 -2.18382e-06
 0.000442308 -0.000105236   -0.0191306   -0.0018595   0.00130237 -7.58051e-05   -0.0104829  4.57958e-08  0.000113126    0.0015202   0.00427452  -0.00875063  -0.00199122 -2.25447e-07  -0.00710741  -0.00532879
     2.71249    -0.223159      12.6668      3.57336     0.186497  -0.00446934     0.362474  2.00762e-07    0.0015202      46.4197    -0.650862     -2.71551      2.13254  0.000307156     -282.267     -13.1841
     0.11192     0.595153      9.17115     -5.47136      1.67073    -0.111375     -12.7051   1.9519e-06   0.00427452    -0.650862      33.1328     -2.57345   -0.0643979 -0.000121118      509.699      23.8948
    0.337075    -0.130974     -12.9317     -11.8047     -1.24942   -0.0636368      33.1322 -3.07209e-06  -0.00875063     -2.71551     -2.57345      40.4604      1.92508  0.000133754     -144.203      15.5862
    0.421264    0.0816921     -3.29641     0.648866     0.763821   -0.0223786      3.34886 -4.02191e-07  -0.00199122      2.13254   -0.0643979      1.92508       28.583 -9.27427e-05     -36.7736      2.93875
 7.59742e-05  8.48656e-05   0.00118595  0.000127092  8.14673e-06  2.65612e-06  0.000121278            0 -2.25447e-07  0.000307156 -0.000121118  0.000133754 -9.27427e-05  5.86432e-07    0.0195096  0.000135756
     18.6969       19.166     -2551.23     -119.585      26.1956    0.0417953     -832.749            0  -0.00710741     -282.267      509.699     -144.203     -36.7736    0.0195096       558257     -32.7614
   0.0516541     0.658525     -11.8793      11.8309      2.68122   -0.0906167      29.0193 -2.18382e-06  -0.00532879     -13.1841      23.8948      15.5862      2.93875  0.000135756     -32.7614      73.1247
