     14.3279     0.131089      12.9081     -8.28144      10.7781    0.0837895  -0.00301532     -7.69724     -1.10473    -0.542582  -0.00264379     0.655746     0.362039      3.59558     0.156806
    0.131089      11.1291     0.344013    -0.342591     0.513615   0.00134543  -0.00160803    -0.225485     0.583835       1.6653  0.000430227    -0.100582    0.0308067    -0.431641     0.232537
     12.9081     0.344013      41.4071      8.78091       25.393   -0.0362723    0.0013725      3.34379     -1.45938     -0.12461  -0.00188186      1.37568     0.415954     -1.32218     0.251279
    -8.28144    -0.342591      8.78091      50.3096      3.79719   -0.0869226   0.00112749      16.8027       2.1933      6.14912   0.00698978   -0.0866774    0.0785449     -12.3266      1.19639
     10.7781     0.513615       25.393      3.79719      31.4591   -0.0369503  -0.00118592    -0.844404    -0.950062       1.0834  -0.00281182     0.878873     0.283068    -0.961643    -0.128894
   0.0837895   0.00134543   -0.0362723   -0.0869226   -0.0369503     0.044675 -1.23166e-05   -0.0489152  -0.00704785   -0.0319903 -0.000127169     0.018216  -0.00162934     0.121678   -0.0183724
 -0.00301532  -0.00160803    0.0013725   0.00112749  -0.00118592 -1.23166e-05  0.000610535   0.00057128   0.00884614  0.000993249 -1.34768e-05   0.00152233  -4.3363e-05 -0.000279471   0.00160601
    -7.69724    -0.225485      3.34379      16.8027    -0.844404   -0.0489152   0.00057128       22.936      1.40204     -7.17747 -0.000568398   -0.0148965    -0.189987      -7.2395   -0.0344974
    -1.10473     0.583835     -1.45938       2.1933    -0.950062  -0.00704785   0.00884614      1.40204      110.322      1.21687   0.00320926     0.192088    -0.213846     -1.04284            0
   -0.542582       1.6653     -0.12461      6.14912       1.0834   -0.0319903  0.000993249     -7.17747      1.21687      26.5935   0.00778477  -0.00145942     0.356211     -3.59925     0.388997
 -0.00264379  0.000430227  -0.00188186   0.00698978  -0.00281182 -0.000127169 -1.34768e-05 -0.000568398   0.00320926   0.00778477  0.000335617  -0.00178566 -0.000146968  -0.00509672  -0.00114941
    0.655746    -0.100582      1.37568   -0.0866774     0.878873     0.018216   0.00152233   -0.0148965     0.192088  -0.00145942  -0.00178566      2.61159    0.0261438     0.543248    0.0377069
    0.362039    0.0308067     0.415954    0.0785449     0.283068  -0.00162934  -4.3363e-05    -0.189987    -0.213846     0.356211 -0.000146968    0.0261438      1.00837     0.142365  -0.00834909
     3.59558    -0.431641     -1.32218     -12.3266    -0.961643     0.121678 -0.000279471      -7.2395     -1.04284     -3.59925  -0.00509672     0.543248     0.142365       12.479    -0.227917
    0.156806     0.232537     0.251279      1.19639    -0.128894   -0.0183724   0.00160601   -0.0344974            0     0.388997  -0.00114941    0.0377069  -0.00834909    -0.227917      5.62841
