     14.3963     0.143106      12.6726     -8.30044      10.5536    0.0431238  -0.00113284     -7.58456     -1.09821    -0.487661   -0.0011795     0.503821     0.220079      3.46478      0.13158
    0.143106      10.7834      0.33459    -0.335167     0.528359  0.000579492 -0.000553409    -0.197045      0.56365      1.64643  0.000135133   -0.0765514    0.0186892    -0.439201     0.196103
     12.6726      0.33459      41.4908      9.36971      24.7079   -0.0199454   0.00051391       3.1312     -1.47802    -0.513438 -0.000796317      1.04239     0.245869      -1.5748     0.218419
    -8.30044    -0.335167      9.36971      50.4415      3.88836   -0.0450913  0.000422435      16.8663      2.19264       5.8981   0.00307152   -0.0830476    0.0441463     -11.6965      1.00897
     10.5536     0.528359      24.7079      3.88836      31.3988   -0.0184241 -0.000466468    -0.637355    -0.911506      1.07709  -0.00125241     0.656386     0.165558    -0.915228    -0.120714
   0.0431238  0.000579492   -0.0199454   -0.0450913   -0.0184241     0.011317 -2.26988e-06   -0.0236853  -0.00356738   -0.0153277 -2.80889e-05   0.00698344 -0.000494024    0.0619571  -0.00780907
 -0.00113284 -0.000553409   0.00051391  0.000422435 -0.000466468 -2.26988e-06  8.29924e-05  0.000179315   0.00328037  0.000339906 -2.17735e-06   0.00042791 -9.92189e-06 -0.000105886  0.000500653
    -7.58456    -0.197045       3.1312      16.8663    -0.637355   -0.0236853  0.000179315      22.9478      1.44391     -6.68655 -0.000232904  -0.00278455     -0.10932     -6.71717   -0.0280982
    -1.09821      0.56365     -1.47802      2.19264    -0.911506  -0.00356738   0.00328037      1.44391      111.621      1.24374   0.00141641     0.150346    -0.129616     -0.97093            0
   -0.487661      1.64643    -0.513438       5.8981      1.07709   -0.0153277  0.000339906     -6.68655      1.24374      26.5527   0.00339215    0.0127349     0.215093     -3.18531     0.324606
  -0.0011795  0.000135133 -0.000796317   0.00307152  -0.00125241 -2.80889e-05 -2.17735e-06 -0.000232904   0.00141641   0.00339215  6.45294e-05 -0.000598707 -3.88355e-05  -0.00220492 -0.000426063
    0.503821   -0.0765514      1.04239   -0.0830476     0.656386   0.00698344   0.00042791  -0.00278455     0.150346    0.0127349 -0.000598707      1.52751    0.0116996     0.430668    0.0247719
    0.220079    0.0186892     0.245869    0.0441463     0.165558 -0.000494024 -9.92189e-06     -0.10932    -0.129616     0.215093 -3.88355e-05    0.0116996     0.366172    0.0908042   -0.0042437
     3.46478    -0.439201      -1.5748     -11.6965    -0.915228    0.0619571 -0.000105886     -6.71717     -0.97093     -3.18531  -0.00220492     0.430668    0.0908042      12.4122    -0.181904
     0.13158     0.196103     0.218419      1.00897    -0.120714  -0.00780907  0.000500653   -0.0280982            0     0.324606 -0.000426063    0.0247719   -0.0042437    -0.181904      4.01562
