   71.774  -15.6545   1.77584  -51.0874    12.369  -7.80447   43.2528  -1.50299  -2.27232   9.81924   6.07002    31.327  -15.9209  -4.47656  -38.6623   17.7406
 -15.6545   48.5513   1.81228   22.4917  0.460691  -13.2147   -6.5344 -0.228806    -2.192  -2.68883   27.5323    8.2072   24.1162  -1.75082  -5.42611   32.7606
  1.77584   1.81228   10168.2  -4.36911   7.64393   4.76982  -1.52712  -17.5185  -36.7615  -1.40712    5.5605  -5.41326  -5.32404   24.7343  -13.2956 -0.185071
 -51.0874   22.4917  -4.36911   63.0699  -20.7234   8.78058  -12.0096 -0.364338 -0.205442   11.3833  -6.97087  -19.4502   15.8162   2.73554    24.649    8.1028
   12.369  0.460691   7.64393  -20.7234    37.056  0.641996  -5.34499   1.11995   7.27756  -10.4683   15.6882   2.30643  -12.5504   12.4561  -8.95166   1.53702
 -7.80447  -13.2147   4.76982   8.78058  0.641996   55.0628  0.467276 -0.827582 -0.388394  0.413899    -12.56  -6.13466  -7.69726   3.30227    8.2008  -12.2814
  43.2528   -6.5344  -1.52712  -12.0096  -5.34499  0.467276   73.9583  -4.28827  -6.33595  -4.28155  -17.9791   39.7451   4.00036   1.11373  -35.4973   38.8801
 -1.50299 -0.228806  -17.5185 -0.364338   1.11995 -0.827582  -4.28827   16.4384   27.4567  0.158524    1.9068  -2.71634  -1.95893 -0.135869    1.3545  -1.76032
 -2.27232    -2.192  -36.7615 -0.205442   7.27756 -0.388394  -6.33595   27.4567   60.2073  0.848972    3.2731  -6.33395  -4.14742   4.92722    4.9366   -1.7374
  9.81924  -2.68883  -1.40712   11.3833  -10.4683  0.413899  -4.28155  0.158524  0.848972   59.7256  -3.39793  -1.86972   5.77869   1.61258   2.05856  -25.8089
  6.07002   27.5323    5.5605  -6.97087   15.6882    -12.56  -17.9791    1.9068    3.2731  -3.39793   41.0132  -4.90699  -5.36068  -2.05264  -5.84666   28.2577
   31.327    8.2072  -5.41326  -19.4502   2.30643  -6.13466   39.7451  -2.71634  -6.33395  -1.86972  -4.90699   50.5462   27.7518  -2.42951  -34.1265   8.67753
 -15.9209   24.1162  -5.32404   15.8162  -12.5504  -7.69726   4.00036  -1.95893  -4.14742   5.77869  -5.36068   27.7518   55.8099   1.80864  -6.30826  -6.48124
 -4.47656  -1.75082   24.7343   2.73554   12.4561   3.30227   1.11373 -0.135869   4.92722   1.61258  -2.05264  -2.42951   1.80864   78.3739   6.46641 -0.670127
 -38.6623  -5.42611  -13.2956    24.649  -8.95166    8.2008  -35.4973    1.3545    4.9366   2.05856  -5.84666  -34.1265  -6.30826   6.46641   46.1196  -20.1801
  17.7406   32.7606 -0.185071    8.1028   1.53702  -12.2814   38.8801  -1.76032   -1.7374  -25.8089   28.2577   8.67753  -6.48124 -0.670127  -20.1801   94.7964
