     46.639    0.547814    -114.908    -1.40064   -0.601993    -1.82042     3.12309           0    0.131488     5.08619    0.451131     1.37723    -1.77606    0.176899     1.83476       0.704
   0.547814     25.8629     98.8154     3.33357    -0.52144  -0.0917277    -3.17464           0  -0.0988504    -1.26504     3.93401    -1.07852     1.89895    0.423204     1.46453     3.63006
   -114.908     98.8154      459337    -5.80116     49.4719     75.6966    -11.5193   -0.700254    -32.5639    -11.1903     30.7237    -27.1881     -20.887     15.8194    -960.108    -5.75598
   -1.40064     3.33357    -5.80116      53.797     2.00243     -1.2303    -9.35649 -0.00239188   -0.217213     8.08177      -6.663    -16.5316     12.0034    0.133247    -1.19674     8.62806
  -0.601993    -0.52144     49.4719     2.00243     56.8063    0.540258    0.295181           0    0.341887   -0.332079     2.99882    -2.31512    -3.22555  0.00901458     3.73883     4.97477
   -1.82042  -0.0917277     75.6966     -1.2303    0.540258     13.3797     1.40293 -0.00204075  -0.0893162   -0.215396   -0.813289  -0.0030457    -2.01902  0.00314034    0.438634   -0.314679
    3.12309    -3.17464    -11.5193    -9.35649    0.295181     1.40293     64.1197  -0.0239216    -1.67921    -2.48007    -15.2364     36.3892     6.60107    0.137491    -18.8567     31.3983
          0           0   -0.700254 -0.00239188           0 -0.00204075  -0.0239216 0.000576026   0.0342577 0.000994616   0.0105158  -0.0155122  -0.0105258           0           0  -0.0102867
   0.131488  -0.0988504    -32.5639   -0.217213    0.341887  -0.0893162    -1.67921   0.0342577     2.46318    0.202561      0.7031    -1.28126     -1.0619  -0.0353953   -0.205689   -0.669342
    5.08619    -1.26504    -11.1903     8.08177   -0.332079   -0.215396    -2.48007 0.000994616    0.202561     50.7655    -2.52778    -1.93528     1.24702    0.356035     -1.3755    -19.7093
   0.451131     3.93401     30.7237      -6.663     2.99882   -0.813289    -15.2364   0.0105158      0.7031    -2.52778     35.1579    -3.32548    -4.42534   -0.148784     10.6751     24.9837
    1.37723    -1.07852    -27.1881    -16.5316    -2.31512  -0.0030457     36.3892  -0.0155122    -1.28126    -1.93528    -3.32548     42.7904     22.4552    0.110507    -2.74064     10.4735
   -1.77606     1.89895     -20.887     12.0034    -3.22555    -2.01902     6.60107  -0.0105258     -1.0619     1.24702    -4.42534     22.4552      42.307    0.236272    -2.77577     1.12957
   0.176899    0.423204     15.8194    0.133247  0.00901458  0.00314034    0.137491           0  -0.0353953    0.356035   -0.148784    0.110507    0.236272    0.655409 -0.00614799   0.0916665
    1.83476     1.46453    -960.108    -1.19674     3.73883    0.438634    -18.8567           0   -0.205689     -1.3755     10.6751    -2.74064    -2.77577 -0.00614799     287.051    0.635194
      0.704     3.63006    -5.75598     8.62806     4.97477   -0.314679     31.3983  -0.0102867   -0.669342    -19.7093     24.9837     10.4735     1.12957   0.0916665    0.635194      80.705
