     4.56663    -0.944959   -0.0156092   0.00624663      -8878.5  0.000935528    0.0260325      1.74204   -0.0174409  -0.00577398  -0.00794923  -0.00387738     0.033528    0.0148418     -0.10119     -6710.08     0.188752
   -0.944959      2927.69      -16.691      -0.1184            0    -0.747145     0.161217     -22.0653      0.21561    -0.458147     -3.33452    0.0327022    -0.854605    -0.734644      2.65213            0            0
  -0.0156092      -16.691      110.633   -0.0518605            0     0.281235    -0.534692      4.59156    -0.052591    -0.149008     0.198559     -0.17601    0.0351053     0.144214    -0.609433      21342.9   -0.0328438
  0.00624663      -0.1184   -0.0518605     0.230345      88828.6    0.0115464    0.0194291   -0.0169856   0.00163018   0.00517769     0.027439  -0.00183623   0.00158205    -0.045333   -0.0859794            0    0.0198038
     -8878.5            0            0      88828.6  4.02089e+10      3348.51      10033.1       -59510      316.265      2790.99      7401.99            0            0     -18295.1     -9593.88            0            0
 0.000935528    -0.747145     0.281235    0.0115464      3348.51     0.407038   0.00928034    -0.410813   0.00304391   0.00856403   -0.0707939  -0.00101971 -0.000139123    0.0632468   -0.0296636      84.9733    0.0162836
   0.0260325     0.161217    -0.534692    0.0194291      10033.1   0.00928034      1.93708     0.805174  -0.00612476     0.030569    0.0865955   0.00462368   0.00163978    -0.160755   0.00364857            0   -0.0627123
     1.74204     -22.0653      4.59156   -0.0169856       -59510    -0.410813     0.805174      897.563    0.0585193     0.128877     -1.55961   -0.0841808      0.57844     -1.62195      2.51591            0  -0.00818391
  -0.0174409      0.21561    -0.052591   0.00163018      316.265   0.00304391  -0.00612476    0.0585193    0.0398181  -0.00707614  -0.00637814 -0.000257384  -0.00521753    -0.010806  -0.00944257      1375.87    0.0150803
 -0.00577398    -0.458147    -0.149008   0.00517769      2790.99   0.00856403     0.030569     0.128877  -0.00707614     0.364174   0.00284265   0.00979558   -0.0106052  -0.00752292    0.0372105      2587.05   -0.0271971
 -0.00794923     -3.33452     0.198559     0.027439      7401.99   -0.0707939    0.0865955     -1.55961  -0.00637814   0.00284265      6.53567    0.0252834    0.0270294    -0.116688    -0.215097            0    -0.167722
 -0.00387738    0.0327022     -0.17601  -0.00183623            0  -0.00101971   0.00462368   -0.0841808 -0.000257384   0.00979558    0.0252834     0.106298   0.00102108   -0.0015876 -2.36901e-05            0    0.0156387
    0.033528    -0.854605    0.0351053   0.00158205            0 -0.000139123   0.00163978      0.57844  -0.00521753   -0.0106052    0.0270294   0.00102108     0.767321 -0.000106355   -0.0144479      -141666    0.0519475
   0.0148418    -0.734644     0.144214    -0.045333     -18295.1    0.0632468    -0.160755     -1.62195    -0.010806  -0.00752292    -0.116688   -0.0015876 -0.000106355      6.35341     0.424264     -5818.69   -0.0971455
    -0.10119      2.65213    -0.609433   -0.0859794     -9593.88   -0.0296636   0.00364857      2.51591  -0.00944257    0.0372105    -0.215097 -2.36901e-05   -0.0144479     0.424264      10.5676     -1935.41     0.161452
    -6710.08            0      21342.9            0            0      84.9733            0            0      1375.87      2587.05            0            0      -141666     -5818.69     -1935.41  2.89386e+10            0
    0.188752            0   -0.0328438    0.0198038            0    0.0162836   -0.0627123  -0.00818391    0.0150803   -0.0271971    -0.167722    0.0156387    0.0519475   -0.0971455     0.161452            0      9.69583
