     22.1771    -0.380773   -0.0124467    0.0816281     -1065.71   0.00801891     0.307781     0.637763    -0.535317   -0.0637152   -0.0750517     -1.15515     0.238433    0.0514442    -0.289009     -14919.2      1.72068
   -0.380773      96.0482     -1.09737    -0.147406            0    -0.842208     0.149397    -0.707249     0.547496    -0.397625    -0.960648    -0.033454    -0.524326    -0.184798     0.632659            0            0
  -0.0124467     -1.09737      14.5649    -0.128559            0     0.627049    -0.991171     0.294169    -0.267295    -0.259193     0.115032    -0.991746    0.0433765    0.0726447    -0.291968       7764.7   -0.0476019
   0.0816281    -0.147406    -0.128559      10.7484      31347.3     0.481195     0.674822    -0.020309     0.154526     0.156881     0.312972    -0.581681    0.0368808     -0.42059    -0.772115            0      0.55511
    -1065.71            0            0      31347.3  1.07308e+08      1047.19       2624.1     -543.556      237.361      633.088      604.613     -1499.98            0     -1288.27     -645.124            0            0
  0.00801891    -0.842208     0.627049     0.481195      1047.19      15.3399     0.291733    -0.444652      0.26209     0.259516    -0.690931     0.127841  -0.00225455     0.539622    -0.239368      497.858     0.410455
    0.307781     0.149397    -0.991171     0.674822       2624.1     0.291733      50.5681     0.729135    -0.421727      0.75868     0.703537   -0.0057155    0.0284881     -1.14165    0.0257826            0     -1.31413
    0.637763    -0.707249     0.294169    -0.020309     -543.556    -0.444652     0.729135      28.0053     0.144893     0.109419    -0.438458     -1.05089     0.347232     -0.39902     0.585896            0  -0.00472115
   -0.535317     0.547496    -0.267295     0.154526      237.361      0.26209    -0.421727     0.144893      7.79036    -0.522149    -0.145765    -0.108249    -0.247954     -0.21192    -0.171797      19239.3     0.865834
  -0.0637152    -0.397625    -0.259193     0.156881      633.088     0.259516      0.75868     0.109419    -0.522149      8.36777    0.0216997     0.745562    -0.164434   -0.0482852     0.238546      12407.5    -0.535363
  -0.0750517    -0.960648     0.115032     0.312972      604.613    -0.690931     0.703537    -0.438458    -0.145765    0.0216997      16.5109      0.67491     0.154559    -0.269303    -0.450429            0     -1.09155
    -1.15515    -0.033454    -0.991746    -0.581681     -1499.98     0.127841   -0.0057155     -1.05089    -0.108249     0.745562      0.67491      24.5124     0.201456   -0.0939789   -0.0239458     -951.604       1.3067
    0.238433    -0.524326    0.0433765    0.0368808            0  -0.00225455    0.0284881     0.347232    -0.247954    -0.164434     0.154559     0.201456       8.8893 -0.000336175   -0.0648652      -482598     0.725184
   0.0514442    -0.184798    0.0726447     -0.42059     -1288.27     0.539622     -1.14165     -0.39902     -0.21192   -0.0482852    -0.269303   -0.0939789 -0.000336175      12.2723     0.761934     -8094.01    -0.554512
   -0.289009     0.632659    -0.291968    -0.772115     -645.124    -0.239368    0.0257826     0.585896    -0.171797     0.238546    -0.450429   -0.0239458   -0.0648652     0.761934      18.3685     -2541.35     0.873699
    -14919.2            0       7764.7            0            0      497.858            0            0      19239.3      12407.5            0     -951.604      -482598     -8094.01     -2541.35  2.89835e+10            0
     1.72068            0   -0.0476019      0.55511            0     0.410455     -1.31413  -0.00472115     0.865834    -0.535363     -1.09155       1.3067     0.725184    -0.554512     0.873699            0      163.106
