     10.0199    -0.587154   -0.0138256    0.0246944     -13150.9   0.00348776    0.0883252      1.07223   -0.0968469   -0.0189421   -0.0149116   -0.0218456    0.0922124    0.0260746    -0.172035     -9939.23     0.572467
   -0.587154       515.16     -4.18669    -0.132532            0    -0.788805     0.154885     -3.84605     0.339049    -0.425628     -1.76995     0.052175    -0.665616    -0.365079      1.27689            0            0
  -0.0138256     -4.18669       39.559   -0.0827487            0     0.423253    -0.732352      1.14087     -0.11789    -0.197336     0.150312    -0.400322    0.0389762     0.102134    -0.418268      12762.4   -0.0401756
   0.0246944    -0.132532   -0.0827487      1.64022       237036     0.077546     0.118755   -0.0188361    0.0163065     0.030602    0.0927927   -0.0186372   0.00783847    -0.143302    -0.263333            0     0.108139
    -13150.9            0            0       237036  4.02087e+10      8427.46      22981.1       -24727      1185.52      6181.41      9372.26            0            0     -21672.5     -11011.3            0            0
  0.00348776    -0.788805     0.423253     0.077546      8427.46      2.57832    0.0534995    -0.429627    0.0287153    0.0477358    -0.225438  -0.00976154  -0.00064999     0.188567   -0.0856894      213.822    0.0838909
   0.0883252     0.154885    -0.732352     0.118755      22981.1    0.0534995      10.1629     0.766342   -0.0525901     0.155074     0.251028    0.0402825   0.00697334    -0.436173   0.00959158            0    -0.293941
     1.07223     -3.84605      1.14087   -0.0188361       -24727    -0.429627     0.766342      154.974    0.0911683     0.118597    -0.820059    -0.133051     0.446277    -0.798329      1.19989            0  -0.00695832
  -0.0968469     0.339049     -0.11789    0.0163065      1185.52    0.0287153   -0.0525901    0.0911683     0.559569   -0.0587491   -0.0302628  -0.00366994   -0.0363162   -0.0480188   -0.0406296      5157.76     0.115682
  -0.0189421    -0.425628    -0.197336     0.030602      6181.41    0.0477358     0.155074     0.118597   -0.0587491      1.78623   0.00797151    0.0825159   -0.0436096   -0.0197382     0.094586      5729.45    -0.123255
  -0.0149116     -1.76995     0.150312    0.0927927      9372.26    -0.225438     0.251028    -0.820059   -0.0302628   0.00797151      10.4644     0.121694    0.0635561     -0.17569    -0.312389            0    -0.434452
  -0.0218456     0.052175    -0.400322   -0.0186372            0  -0.00976154    0.0402825    -0.133051  -0.00366994    0.0825159     0.121694      1.53784   0.00721109  -0.00715329 -0.000103439            0      0.12172
   0.0922124    -0.665616    0.0389762   0.00783847            0  -0.00064999   0.00697334     0.446277   -0.0363162   -0.0436096    0.0635561   0.00721109      2.64531 -0.000237781   -0.0307895      -263034     0.197371
   0.0260746    -0.365079     0.102134    -0.143302     -21672.5     0.188567    -0.436173    -0.798329   -0.0480188   -0.0197382     -0.17569  -0.00715329 -0.000237781      8.91509     0.576851     -6892.63    -0.235486
   -0.172035      1.27689    -0.418268    -0.263333     -11011.3   -0.0856894   0.00959158      1.19989   -0.0406296     0.094586    -0.312389 -0.000103439   -0.0307895     0.576851      13.9211     -2221.18     0.379195
    -9939.23            0      12762.4            0            0      213.822            0            0      5157.76      5729.45            0            0      -263034     -6892.63     -2221.18  2.89383e+10            0
    0.572467            0   -0.0401756     0.108139            0    0.0838909    -0.293941  -0.00695832     0.115682    -0.123255    -0.434452      0.12172     0.197371    -0.235486     0.379195            0      40.6001
