     40.6152    -0.507095      26.5743  0.000239052     -1.62115      6945.37   -0.0416377     -6.33556   -0.0734765      20.1769     0.385594    0.0363311      1.29059     0.010209      17.2334
   -0.507095      2.43155    -0.977029    3.892e-05    -0.156296     -240.063  0.000767722    -0.223765    0.0291334      8.68103   -0.0328577   -0.0224011    -0.321233   -0.0681989     0.487756
     26.5743    -0.977029      43.9077 -2.51509e-05     0.634111      7516.06   -0.0315962      13.2616    -0.167559     -36.3556   -0.0544235     0.179232     -4.42916    0.0549441     0.944626
 0.000239052    3.892e-05 -2.51509e-05  1.69691e-07  -8.3785e-05     0.456681 -5.75031e-07 -0.000254581 -8.35983e-06   0.00408997  2.27354e-05 -1.58857e-06  0.000373905 -3.99509e-06  0.000257802
    -1.62115    -0.156296     0.634111  -8.3785e-05      30.1565       5955.5   -0.0132186      4.54994    -0.211845     -64.6278     0.371801    -0.276175     -0.88663    -0.158773     -7.27479
     6945.37     -240.063      7516.06     0.456681       5955.5   4.1215e+08    -0.701565      15.9238      85.8377      63191.6      1099.63      145.894     -3883.49     -38.8473      9451.21
  -0.0416377  0.000767722   -0.0315962 -5.75031e-07   -0.0132186    -0.701565   0.00303032    0.0154322  0.000423482       0.2516   0.00028123  -0.00107558   0.00127021  3.03904e-05   -0.0214542
    -6.33556    -0.223765      13.2616 -0.000254581      4.54994      15.9238    0.0154322      41.4198    0.0990584     -86.2258    -0.297069    0.0948311      3.31077    0.0863864     -28.4226
  -0.0734765    0.0291334    -0.167559 -8.35983e-06    -0.211845      85.8377  0.000423482    0.0990584     0.208966     -1.25737   -0.0113141   0.00686102     0.252955 -0.000616214  -0.00234974
     20.1769      8.68103     -36.3556   0.00408997     -64.6278      63191.6       0.2516     -86.2258     -1.25737      56254.4     -5.55133      27.7281     -46.6469    -0.879376      112.835
    0.385594   -0.0328577   -0.0544235  2.27354e-05     0.371801      1099.63   0.00028123    -0.297069   -0.0113141     -5.55133      1.88175   -0.0345049     0.937028    0.0082442     0.114403
   0.0363311   -0.0224011     0.179232 -1.58857e-06    -0.276175      145.894  -0.00107558    0.0948311   0.00686102      27.7281   -0.0345049      0.22748    -0.109592   0.00801142   -0.0558441
     1.29059    -0.321233     -4.42916  0.000373905     -0.88663     -3883.49   0.00127021      3.31077     0.252955     -46.6469     0.937028    -0.109592      25.3022   -0.0500331     -2.54723
    0.010209   -0.0681989    0.0549441 -3.99509e-06    -0.158773     -38.8473  3.03904e-05    0.0863864 -0.000616214    -0.879376    0.0082442   0.00801142   -0.0500331    0.0614713   -0.0350285
     17.2334     0.487756     0.944626  0.000257802     -7.27479      9451.21   -0.0214542     -28.4226  -0.00234974      112.835     0.114403   -0.0558441     -2.54723   -0.0350285      36.0507
