    41.6221   -0.994989      29.301   0.0928032    -3.06551     260.128   -0.458136    -4.37511   -0.263831     0.81694    0.846591    0.227688    -0.49888    0.158042     17.7632
  -0.994989      8.5886    -1.80773   0.0300024   -0.357665    -15.6878   0.0157356   -0.523858    0.182605    0.654293   -0.154274   -0.233601     -0.5988    -1.11702    0.984551
     29.301    -1.80773     43.5573 -0.00957868    0.799154     266.237   -0.348851     13.9196   -0.561742    -1.39077    -0.12933    0.940474    -4.81852    0.473357     1.87387
  0.0928032   0.0300024 -0.00957868   0.0335521  -0.0376784     6.40748 -0.00260999   -0.100278  -0.0128902   0.0761561   0.0249861 -0.00161793    0.153233  -0.0141736    0.102542
   -3.06551   -0.357665    0.799154  -0.0376784     31.3629     187.664   -0.132001     8.27033    -0.70695    -2.85164    0.923929    -1.54284   -0.492192    -1.36578    -12.0588
    260.128    -15.6878     266.237     6.40748     187.664      496980   -0.249434     10.8247     9.97053     131.593     96.9768     26.7543    -140.406    -11.7568     327.994
  -0.458136   0.0157356   -0.348851 -0.00260999   -0.132001   -0.249434    0.359569    0.149652   0.0153972    0.110299  0.00772047  -0.0633886    0.027396  0.00288985   -0.223141
   -4.37511   -0.523858     13.9196   -0.100278     8.27033     10.8247    0.149652     43.5825    0.326661    -3.63086   -0.541851    0.444392     5.78468    0.662297    -29.3198
  -0.263831    0.182605   -0.561742  -0.0128902    -0.70695     9.97053   0.0153972    0.326661     2.32705   -0.172529  -0.0938616    0.130351    0.859544  -0.0178979   0.0265862
    0.81694    0.654293    -1.39077   0.0761561    -2.85164     131.593    0.110299    -3.63086   -0.172529     91.9598   -0.567247     6.37098    -1.93974   -0.302783     4.76941
   0.846591   -0.154274    -0.12933   0.0249861    0.923929     96.9768  0.00772047   -0.541851  -0.0938616   -0.567247     11.7956   -0.479077     2.31757    0.181489   0.0980269
   0.227688   -0.233601    0.940474 -0.00161793    -1.54284     26.7543  -0.0633886    0.444392    0.130351     6.37098   -0.479077     7.05916   -0.594889    0.389931   -0.185984
   -0.49888     -0.5988    -4.81852    0.153233   -0.492192    -140.406    0.027396     5.78468    0.859544    -1.93974     2.31757   -0.594889     25.6508   -0.423489    -4.48322
   0.158042    -1.11702    0.473357  -0.0141736    -1.36578    -11.7568  0.00288985    0.662297  -0.0178979   -0.302783    0.181489    0.389931   -0.423489     4.66959   -0.164599
    17.7632    0.984551     1.87387    0.102542    -12.0588     327.994   -0.223141    -29.3198   0.0265862     4.76941   0.0980269   -0.185984    -4.48322   -0.164599     38.1242
