   48.1561   -4.02205    36.8268    13.8423   -3.69918    27.0485   -2.65808   -1.64648  -0.636865    19.6626    1.13651   -3.72675   -2.80399    -14.164    22.2177
  -4.02205     24.104   -5.25888   0.309706  -0.218631   -4.19219   0.175061   -2.06481   0.644937   -2.03757  -0.795142    0.60284   -1.73699 -0.0611024    1.66961
   36.8268   -5.25888    49.2401   -4.44109    1.32688    24.4353   -2.23717    16.5704   -1.47988    4.44958  -0.194618    13.1342   -5.71539   -19.9703    3.71096
   13.8423   0.309706   -4.44109    24.0002   -6.92378    1.70521  -0.927693   -9.34965   0.904411    19.1991    2.35838   -15.7927    12.0984   -1.38528    12.5269
  -3.69918  -0.218631    1.32688   -6.92378     36.665    13.9272  -0.784308     11.872   -1.76067    16.4506    1.55109   -7.03593   0.477416   -1.78682   -17.8691
   27.0485   -4.19219    24.4353    1.70521    13.9272    3659.67  0.0131821    2.21296      1.797    30.4612    13.0261    5.68747   -11.4383    9.00515    27.3811
  -2.65808   0.175061   -2.23717  -0.927693  -0.784308  0.0131821    8.54822   0.558634   0.188399   -1.97683  0.0856055   0.432368  0.0770756  -0.101303   -1.21759
  -1.64648   -2.06481    16.5704   -9.34965     11.872    2.21296   0.558634    50.7114   0.765198   -10.5954  -0.718144    14.0905    9.25809   0.357454   -33.1039
 -0.636865   0.644937   -1.47988   0.904411   -1.76067      1.797   0.188399   0.765198    11.8136   0.631694  -0.367597 -0.0612606    2.08762    1.23759  0.0517792
   19.6626   -2.03757    4.44958    19.1991    16.4506    30.4612   -1.97683   -10.5954   0.631694    63.1029    6.23969   -23.7989    26.1767   -9.21358    19.1734
   1.13651  -0.795142  -0.194618    2.35838    1.55109    13.0261  0.0856055  -0.718144  -0.367597    6.23969    37.6652   -4.01798    4.30027   -2.68494    0.21489
  -3.72675    0.60284    13.1342   -15.7927   -7.03593    5.68747   0.432368    14.0905 -0.0612606   -23.7989   -4.01798    24.7495   -10.6947     5.1121   -6.93996
  -2.80399   -1.73699   -5.71539    12.0984   0.477416   -11.4383  0.0770756    9.25809    2.08762    26.1767    4.30027   -10.6947    29.3396   -4.22434   -5.45383
   -14.164 -0.0611024   -19.9703   -1.38528   -1.78682    9.00515  -0.101303   0.357454    1.23759   -9.21358   -2.68494     5.1121   -4.22434     65.892   0.261891
   22.2177    1.66961    3.71096    12.5269   -17.8691    27.3811   -1.21759   -33.1039  0.0517792    19.1734    0.21489   -6.93996   -5.45383   0.261891    44.8406
