     40.9521    -0.662712      27.3915   0.00154495     -2.18941      1911.46    -0.106844     -5.76163    -0.120826      5.31055     0.532758    0.0826611     0.716392    0.0303439       17.297
   -0.662712      3.99148     -1.24587  0.000326306     -0.21216     -82.9509   0.00251423    -0.315338    0.0599388      2.99249   -0.0604354   -0.0551972    -0.411851    -0.204662     0.638588
     27.3915     -1.24587      43.7275 -0.000162296     0.705857      2036.85   -0.0809825      13.4231    -0.270155     -9.48514   -0.0783007     0.342492      -4.5699     0.127504      1.25283
  0.00154495  0.000326306 -0.000162296  8.31284e-06 -0.000536555     0.797148 -9.73747e-06  -0.00167313 -9.70067e-05   0.00789701  0.000225551 -1.35508e-05   0.00247382 -6.07965e-05   0.00166946
    -2.18941     -0.21216     0.705857 -0.000536555      30.4923      1560.76   -0.0327003      5.86014    -0.339408     -17.4019     0.529719    -0.529555    -0.777485    -0.369829     -8.80129
     1911.46     -82.9509      2036.85     0.797148      1560.76  2.99257e+07    -0.476652      17.1098      37.1044       4599.2      425.547      75.5102     -1065.74     -24.5188      2542.05
   -0.106844   0.00251423   -0.0809825 -9.73747e-06   -0.0327003    -0.476652    0.0198003    0.0380209   0.00173863     0.172785   0.00103198  -0.00528284   0.00430702   0.00018212   -0.0539271
    -5.76163    -0.315338      13.4231  -0.00167313      5.86014      17.1098    0.0380209      42.0451     0.156783     -23.5758    -0.387656     0.170403      4.10588     0.193686     -28.7554
   -0.120826    0.0599388    -0.270155 -9.70067e-05    -0.339408      37.1044   0.00173863     0.156783     0.538893    -0.547343   -0.0260846     0.021195     0.408285  -0.00231428  0.000504134
     5.31055      2.99249     -9.48514   0.00789701     -17.4019       4599.2     0.172785     -23.5758    -0.547343      4087.27     -2.14866      14.4095     -13.1249    -0.550494      30.8367
    0.532758   -0.0604354   -0.0783007  0.000225551     0.529719      425.547   0.00103198    -0.387656   -0.0260846     -2.14866      3.87782   -0.0951898      1.33975    0.0277161      0.12735
   0.0826611   -0.0551972     0.342492 -1.35508e-05    -0.529555      75.5102  -0.00528284     0.170403     0.021195      14.4095   -0.0951898     0.841615    -0.209193    0.0360867   -0.0896377
    0.716392    -0.411851      -4.5699   0.00247382    -0.777485     -1065.74   0.00430702      4.10588     0.408285     -13.1249      1.33975    -0.209193      25.3924    -0.115956      -3.2468
   0.0303439    -0.204662     0.127504 -6.07965e-05    -0.369829     -24.5188   0.00018212     0.193686  -0.00231428    -0.550494    0.0277161    0.0360867    -0.115956     0.337241   -0.0697608
      17.297     0.638588      1.25283   0.00166946     -8.80129      2542.05   -0.0539271     -28.7554  0.000504134      30.8367      0.12735   -0.0896377      -3.2468   -0.0697608      36.5601
