     40.6909    -0.539087       26.743  0.000318513     -1.74897      5186.17   -0.0516085     -6.22072    -0.082245      14.9289      0.41557     0.043789      1.17257    0.0131039      17.2415
   -0.539087      2.72216     -1.03284  5.50156e-05    -0.167284     -188.885   0.00100592    -0.242124    0.0343373      6.78743   -0.0377507   -0.0275046    -0.339999   -0.0876037     0.518472
      26.743     -1.03284      43.8667  -3.3616e-05     0.651081      5593.93   -0.0391425      13.2945    -0.186857     -26.7899   -0.0591324     0.207721     -4.46019    0.0665431      1.00863
 0.000318513  5.50156e-05  -3.3616e-05   3.0967e-07 -0.000111209     0.453091 -9.52966e-07 -0.000340349 -1.26369e-05   0.00408988  3.32026e-05 -2.38955e-06  0.000499792 -6.47637e-06  0.000343498
    -1.74897    -0.167284     0.651081 -0.000111209      30.2233      4403.63   -0.0162509      4.83213    -0.235853     -48.1144      0.40286    -0.320173    -0.867724    -0.192506     -7.59498
     5186.17     -188.885      5593.93     0.453091      4403.63  2.27823e+08    -0.644021      17.0166       71.079      34716.7      887.824      125.877     -2899.43     -35.0692       7023.7
  -0.0516085   0.00100592   -0.0391425 -9.52966e-07   -0.0162509    -0.644021   0.00464693    0.0189663  0.000584163     0.230221  0.000378127  -0.00154562   0.00168219  4.56884e-05   -0.0264686
    -6.22072    -0.242124      13.2945 -0.000340349      4.83213      17.0166    0.0189663      41.5515     0.109903     -64.2096    -0.316448     0.108607      3.47449      0.10392     -28.4953
   -0.082245    0.0343373    -0.186857 -1.26369e-05    -0.235853       71.079  0.000584163     0.109903     0.259299     -1.03496   -0.0136853   0.00886902      0.28207  -0.00083312  -0.00201166
     14.9289      6.78743     -26.7899   0.00408988     -48.1144      34716.7     0.230221     -64.2096     -1.03496      30718.8     -4.45391        23.78     -34.6223     -0.78876        83.75
     0.41557   -0.0377507   -0.0591324  3.32026e-05      0.40286      887.824  0.000378127    -0.316448   -0.0136853     -4.45391      2.21868   -0.0434787      1.01661    0.0108676     0.118235
    0.043789   -0.0275046     0.207721 -2.38955e-06    -0.320173      125.877  -0.00154562     0.108607   0.00886902        23.78   -0.0434787     0.306337    -0.127018    0.0112866   -0.0625552
     1.17257    -0.339999     -4.46019  0.000499792    -0.867724     -2899.43   0.00168219      3.47449      0.28207     -34.6223      1.01661    -0.127018      25.3198   -0.0606011     -2.69776
   0.0131039   -0.0876037    0.0665431 -6.47637e-06    -0.192506     -35.0692  4.56884e-05      0.10392  -0.00083312     -0.78876    0.0108676    0.0112866   -0.0606011    0.0905997   -0.0411836
     17.2415     0.518472      1.00863  0.000343498     -7.59498       7023.7   -0.0264686     -28.4953  -0.00201166        83.75     0.118235   -0.0625552     -2.69776   -0.0411836      36.1463
