    53.5431    -19.3151      41.023     14.4527    -3.28325     6.54515    -27.9243   -0.453739    -1.40339     21.0161    -21.7367    0.884478    -4.08332     -23.589     27.0016
   -19.3151     15.9066    -20.0644    -7.95775     6.92509 -0.00258053     7.49259    -6.98413   -0.415449    -10.3646    0.839578    -2.78751    -8.61701     16.8189    -4.72496
     41.023    -20.0644     52.0327    -4.54769       1.617     5.23236    -23.6406     18.3026    -3.01525     5.43539    -17.4982     18.6326    -6.02853    -30.7621     5.34048
    14.4527    -7.95775    -4.54769     28.2436    -9.16237    0.394736     -1.7194    -9.77777     2.95207     24.9454    0.687595    -18.1377     15.8379    -1.41053     18.0984
   -3.28325     6.92509       1.617    -9.16237     40.2221     2.97544     -13.185     13.9289    -3.77236     17.9099     -9.0321    -9.94582    0.970506    -4.34252    -21.9799
    6.54515 -0.00258053     5.23236    0.394736     2.97544     166.726    -1.71182     1.31319    0.754129     6.84331    -4.77758    0.875455    -1.84827    0.211179     5.57268
   -27.9243     7.49259    -23.6406     -1.7194     -13.185    -1.71182     45.4798     2.06251     2.57032    -9.03002     13.8816     1.96535     9.56925     16.3549    -3.69953
  -0.453739    -6.98413     18.3026    -9.77777     13.9289     1.31319     2.06251     56.9075     1.25979    -6.65544    0.944296       16.39     12.2996    -4.25879    -35.7058
   -1.40339   -0.415449    -3.01525     2.95207    -3.77236    0.754129     2.57032     1.25979     33.6032    0.957223      1.7684   -0.352698      4.2338     2.22792    0.411457
    21.0161    -10.3646     5.43539     24.9454     17.9099     6.84331    -9.03002    -6.65544    0.957223     70.1571     -15.016    -28.7021     31.0365    -15.2705     20.6672
   -21.7367    0.839578    -17.4982    0.687595     -9.0321    -4.77758     13.8816    0.944296      1.7684     -15.016     41.2213    -1.56693     7.40714     3.96735    -16.0225
   0.884478    -2.78751     18.6326    -18.1377    -9.94582    0.875455     1.96535       16.39   -0.352698    -28.7021    -1.56693     29.5268    -12.3501    -2.71006    -8.28283
   -4.08332    -8.61701    -6.02853     15.8379    0.970506    -1.84827     9.56925     12.2996      4.2338     31.0365     7.40714    -12.3501     32.5074    -5.41258    -4.10538
    -23.589     16.8189    -30.7621    -1.41053    -4.34252    0.211179     16.3549    -4.25879     2.22792    -15.2705     3.96735    -2.71006    -5.41258     34.8349   -0.862461
    27.0016    -4.72496     5.34048     18.0984    -21.9799     5.57268    -3.69953    -35.7058    0.411457     20.6672    -16.0225    -8.28283    -4.10538   -0.862461     52.5771
