    43.4357    -1.14877     31.8477    0.797104     -3.5389     85.0273    -1.05323    -3.37869   -0.419402     18.5953     1.05588 6.68051e-05    -1.43139    0.374264     19.0456
   -1.14877     11.8061    -2.12512     0.31821   -0.537714    -6.14203   0.0429959   -0.674635    0.307479   -0.666027   -0.244045   -0.473764   -0.700867    -2.62274     1.25248
    31.8477    -2.12512     45.1336  -0.0864682    0.927935     83.4459    -0.85413     14.6998   -0.878948     4.28541   -0.114321     1.58071    -5.18982    0.990554     2.48248
   0.797104     0.31821  -0.0864682       2.372   -0.367582     16.7884  -0.0541326   -0.864399   -0.161601     2.03786    0.282419   -0.157951      1.3353   -0.265883    0.917009
    -3.5389   -0.537714    0.927935   -0.367582     32.9954      53.376   -0.269987     9.90854    -1.06687     16.2522     1.24068    -2.17544   -0.352494    -2.79793    -14.8234
    85.0273    -6.14203     83.4459     16.7884      53.376     46901.7    0.315523     6.69277     4.54788     119.277     39.2015     13.7248    -45.0467    -9.82519     98.0355
   -1.05323   0.0429959    -0.85413  -0.0541326   -0.269987    0.315523     1.72469    0.272986   0.0502344   -0.708696    0.034572   -0.220258   0.0593223  0.00949192   -0.480739
   -3.37869   -0.674635     14.6998   -0.864399     9.90854     6.69277    0.272986     46.0599    0.427314    -11.3924   -0.614446     1.03408     7.11236     1.24101    -30.4911
  -0.419402    0.307479   -0.878948   -0.161601    -1.06687     4.54788   0.0502344    0.427314     4.90521    0.256978   -0.186407    0.321423     1.24293  -0.0441864    0.137752
    18.5953   -0.666027     4.28541     2.03786     16.2522     119.277   -0.708696    -11.3924    0.256978     59.5411     4.49533    -2.73411     22.5301    -3.87306     17.9515
    1.05588   -0.244045   -0.114321    0.282419     1.24068     39.2015    0.034572   -0.614446   -0.186407     4.49533     20.6517    -1.05252     3.08444    0.413409   0.0277666
6.68051e-05   -0.473764     1.58071   -0.157951    -2.17544     13.7248   -0.220258     1.03408    0.321423    -2.73411    -1.05252     17.6818    -1.05214     1.39034   -0.801149
   -1.43139   -0.700867    -5.18982      1.3353   -0.352494    -45.0467   0.0593223     7.11236     1.24293     22.5301     3.08444    -1.05214      26.655    -0.94476    -5.20534
   0.374264    -2.62274    0.990554   -0.265883    -2.79793    -9.82519  0.00949192     1.24101  -0.0441864    -3.87306    0.413409     1.39034    -0.94476     18.9492   -0.158101
    19.0456     1.25248     2.48248    0.917009    -14.8234     98.0355   -0.480739    -30.4911    0.137752     17.9515   0.0277666   -0.801149    -5.20534   -0.158101     40.6146
