      41.251    -0.813337      28.2148    0.0117937     -2.63549      705.417    -0.221179     -5.17378    -0.178218      2.07522     0.676579     0.120416     0.165494    0.0697898      17.4412
   -0.813337      5.85373     -1.50117   0.00307246     -0.27289     -36.2708   0.00628524    -0.408529      0.10464      1.37902   -0.0967588     -0.11208    -0.497721    -0.478161     0.789758
     28.2148     -1.50117      43.6138  -0.00123352     0.752141      739.799    -0.167827       13.612    -0.389952     -3.51157    -0.103544     0.553365     -4.69013      0.24521      1.54076
   0.0117937   0.00307246  -0.00123352   0.00051523  -0.00441716      2.22897 -0.000156603   -0.0127816  -0.00110773    0.0239743   0.00234604 -0.000130525    0.0191611 -0.000910791      0.01285
    -2.63549     -0.27289     0.752141  -0.00441716      30.8554      546.987   -0.0656902      7.01152    -0.489084     -6.82498     0.698307    -0.901295    -0.653936    -0.710461     -10.2571
     705.417     -36.2708      739.799      2.22897      546.987  3.90012e+06    -0.353994      14.3318      19.3083      632.018      203.097      46.0678     -389.629     -17.0746      916.999
   -0.221179   0.00628524    -0.167827 -0.000156603   -0.0656902    -0.353994    0.0843673    0.0757572   0.00517348     0.135388   0.00281614    -0.017954    0.0108973  0.000724896    -0.109775
    -5.17378    -0.408529       13.612   -0.0127816      7.01152      14.3318    0.0757572      42.6971     0.224978     -9.21437    -0.466182      0.27803      4.86353     0.358964     -29.0578
   -0.178218      0.10464    -0.389952  -0.00110773    -0.489084      19.3083   0.00517348     0.224978      1.11993    -0.303458   -0.0497103    0.0525116     0.591792  -0.00643887   0.00755257
     2.07522      1.37902     -3.51157    0.0239743     -6.82498      632.018     0.135388     -9.21437    -0.303458      591.881     -1.07915       9.2462     -5.09157    -0.403653      11.9805
    0.676579   -0.0967588    -0.103544   0.00234604     0.698307      203.097   0.00281614    -0.466182   -0.0497103     -1.07915      6.77768    -0.211598      1.76465     0.070693     0.125339
    0.120416     -0.11208     0.553365 -0.000130525    -0.901295      46.0678    -0.017954      0.27803    0.0525116       9.2462    -0.211598      2.38925    -0.346705      0.11743    -0.136579
    0.165494    -0.497721     -4.69013    0.0191611    -0.653936     -389.629    0.0108973      4.86353     0.591792     -5.09157      1.76465    -0.346705      25.4983    -0.221572     -3.84731
   0.0697898    -0.478161      0.24521 -0.000910791    -0.710461     -17.0746  0.000724896     0.358964  -0.00643887    -0.403653     0.070693      0.11743    -0.221572      1.25512     -0.11249
     17.4412     0.789758      1.54076      0.01285     -10.2571      916.999    -0.109775     -29.0578   0.00755257      11.9805     0.125339    -0.136579     -3.84731     -0.11249       37.186
