     565726           0     306.171           0           0           0           0     -341815     288.344           0           0           0           0           0     177.784
          0     1672.02           0     5.45991    -452.777           0           0           0    -31.6581           0           0           0           0           0    -12.7634
    306.171           0     714.942    -1.99362           0           0     1.88478           0     4.50667           0    -2.85469           0           0           0     3.77762
          0     5.45991    -1.99362     114.119    -1.40364     -11.282           0           0     5.67831    -18.4085     2.73092           0           0    -3.23992     3.81764
          0    -452.777           0    -1.40364     1564.35    -17.9601     26.5411           0      25.391           0           0           0           0           0     15.4004
          0           0           0     -11.282    -17.9601     2467.62           0           0     25.4607           0           0           0           0           0     5.52753
          0           0     1.88478           0     26.5411           0     1350.88           0     5.40071    -92.8184    -5.71135    -17.1304           0           0   -0.091954
    -341815           0           0           0           0           0           0 6.94592e+08    -10882.5           0           0           0           0           0    -9618.86
    288.344    -31.6581     4.50667     5.67831      25.391     25.4607     5.40071    -10882.5     19.5358     89.6352    -1.45246    -12.4648      146.09    -25.3319     1.53521
          0           0           0    -18.4085           0           0    -92.8184           0     89.6352     18270.9           0           0           0           0     36.7824
          0           0    -2.85469     2.73092           0           0    -5.71135           0    -1.45246           0     228.126           0           0           0    -2.73045
          0           0           0           0           0           0    -17.1304           0    -12.4648           0           0     1274.93           0           0   -0.310868
          0           0           0           0           0           0           0           0      146.09           0           0           0       61601    -1205.94     79.1475
          0           0           0    -3.23992           0           0           0           0    -25.3319           0           0           0    -1205.94     4795.75    -9.34836
    177.784    -12.7634     3.77762     3.81764     15.4004     5.52753   -0.091954    -9618.86     1.53521     36.7824    -2.73045   -0.310868     79.1475    -9.34836     16.7919
