    0.021399   -0.0790997  2.43691e-05 -0.000472896      9.81692      8.99438    0.0118375  -0.00119388  -0.00350555   0.00363149      601.752     -473.737      1266.92   3.0847e-08   0.00135509       258.03     -286.124     0.347709  0.000191237  -0.00206878
  -0.0790997        861.1    0.0524662     0.265499            0            0     -5.55978      0.44433     -1.41316      2.51999            0       251943     -49632.6  3.58675e-05            0      -292642            0     -25.1677     -3.19052   -0.0508175
 2.43691e-05    0.0524662    0.0775442  0.000515378      15.3166     -3.51634   -0.0583206   0.00527267  -0.00151642  -0.00219783     -372.386            0            0  4.62285e-08            0      41.1787      41765.9    -0.655257  -0.00731209  0.000742002
-0.000472896     0.265499  0.000515378     0.100735      12.5027     -16.0042    -0.024468    0.0120218   -0.0206793  -0.00744552     -1163.02      3190.99     -962.245  4.94208e-07    0.0747632     -1321.15      176.118      0.32965   -0.0410034   0.00064354
     9.81692            0      15.3166      12.5027  9.57313e+06      -587294            0     -10.2018     -119.849     -61.8092            0            0            0            0            0            0            0            0      -25.195     -9.91413
     8.99438            0     -3.51634     -16.0042      -587294  4.26861e+06            0      55.8693      49.7824            0  2.03369e+08            0            0            0            0            0            0            0    -0.844496            0
   0.0118375     -5.55978   -0.0583206    -0.024468            0            0        64.31    -0.120496    -0.251304     0.225485     -15772.2       -19614      24796.9            0   -0.0893523      9443.97     -12339.6      12.3494     0.255423   -0.0294475
 -0.00119388      0.44433   0.00527267    0.0120218     -10.2018      55.8693    -0.120496      1.50112   -0.0404009  -0.00180689     -39.6015     -2616.16     -10924.9            0            0     -2678.54      4506.13     -1.15305   -0.0128256   0.00228101
 -0.00350555     -1.41316  -0.00151642   -0.0206793     -119.849      49.7824    -0.251304   -0.0404009       5.5598     0.009316      8936.75       9398.2      6676.35 -8.18355e-06            0      5966.98     -1882.89     -3.87519     0.241774    0.0226308
  0.00363149      2.51999  -0.00219783  -0.00744552     -61.8092            0     0.225485  -0.00180689     0.009316      1.37811            0      3096.77            0  1.52117e-06  -0.00999255     -1681.37      -1388.2     0.414023   -0.0507763   -0.0117477
     601.752            0     -372.386     -1163.02            0  2.03369e+08     -15772.2     -39.6015      8936.75            0  3.34556e+10            0 -1.92624e+09            0            0 -2.83919e+08            0            0      8204.06     -850.554
    -473.737       251943            0      3190.99            0            0       -19614     -2616.16       9398.2      3096.77            0   3.6915e+11 -2.38675e+10            0            0  1.04391e+10            0            0      9167.89     -817.992
     1266.92     -49632.6            0     -962.245            0            0      24796.9     -10924.9      6676.35            0 -1.92624e+09 -2.38675e+10  3.09178e+10            0            0  5.29607e+09            0            0      2139.34     -1422.87
  3.0847e-08  3.58675e-05  4.62285e-08  4.94208e-07            0            0            0            0 -8.18355e-06  1.52117e-06            0            0            0  3.12803e-09            0            0            0            0  -0.00010721  -3.3837e-07
  0.00135509            0            0    0.0747632            0            0   -0.0893523            0            0  -0.00999255            0            0            0            0     0.182337            0            0            0   -0.0369899   0.00386041
      258.03      -292642      41.1787     -1321.15            0            0      9443.97     -2678.54      5966.98     -1681.37 -2.83919e+08  1.04391e+10  5.29607e+09            0            0    5.354e+09            0            0     -916.554     -619.965
    -286.124            0      41765.9      176.118            0            0     -12339.6      4506.13     -1882.89      -1388.2            0            0            0            0            0            0  2.47426e+10      -303123     -5381.76            0
    0.347709     -25.1677    -0.655257      0.32965            0            0      12.3494     -1.15305     -3.87519     0.414023            0            0            0            0            0            0      -303123      10876.2      6.04987    -0.420497
 0.000191237     -3.19052  -0.00731209   -0.0410034      -25.195    -0.844496     0.255423   -0.0128256     0.241774   -0.0507763      8204.06      9167.89      2139.34  -0.00010721   -0.0369899     -916.554     -5381.76      6.04987      4.38812 -0.000329156
 -0.00206878   -0.0508175  0.000742002   0.00064354     -9.91413            0   -0.0294475   0.00228101    0.0226308   -0.0117477     -850.554     -817.992     -1422.87  -3.3837e-07   0.00386041     -619.965            0    -0.420497 -0.000329156    0.0808131
