     6.69364    -0.345611    0.0031018     -0.05289      2.61074      8.15542     0.167134   -0.0435913    -0.154842     0.218202      10572.1     -1.86427      22239.3   0.00131789    0.0268041      7.79653     -5065.89      1.17778    0.0158345    -0.244099
   -0.345611       52.261     0.103198     0.961092            0            0     -1.09378     0.226012    -0.775813      2.10792            0      13.7581     -12213.2    0.0193507            0      -122.96            0      -1.1841     -1.87494   -0.0839341
   0.0031018     0.103198      4.91233    0.0642991      1.83138     -1.43385    -0.370902    0.0866786    -0.029539   -0.0593995     -2952.08            0            0  0.000807755            0     0.561048       332440    -0.998391    -0.142103      0.03943
    -0.05289     0.961092    0.0642991      21.7657      2.76574     -12.0374    -0.287737     0.364461     -0.73889    -0.372006     -17050.4      10.4132     -14067.2    0.0149081      1.22947     -33.1924      2570.64     0.925937     -1.40689    0.0570902
     2.61074            0      1.83138      2.76574      2161.39      -452.11            0    -0.316922     -4.36185     -3.15405            0            0            0            0            0            0            0            0    -0.901258    -0.994907
     8.15542            0     -1.43385     -12.0374      -452.11      11216.6            0      5.92866      6.00701            0  1.03697e+07            0            0            0            0            0            0            0    -0.076231            0
    0.167134     -1.09378    -0.370902    -0.287737            0            0      41.0636    -0.198285    -0.481563     0.611847     -12631.1     -3.49416      19487.3            0   -0.0798888      12.8349     -9860.14      1.88889     0.484505     -0.15677
  -0.0435913     0.226012    0.0866786     0.364461    -0.316922      5.92866    -0.198285      6.40111     -0.20159   -0.0127006     -182.065     -1.20202     -22450.1            0            0     -9.45195      9305.89    -0.455852   -0.0624048     0.031458
   -0.154842    -0.775813    -0.029539     -0.73889     -4.36185      6.00701    -0.481563     -0.20159      32.6538    0.0796127      21967.2      5.06579        16154   -0.0427104            0      24.7373     -4620.46     -1.79832      1.35849     0.365538
    0.218202      2.10792   -0.0593995    -0.372006     -3.15405            0     0.611847   -0.0127006    0.0796127      15.8899            0      2.33462            0    0.0112828   -0.0379683     -9.72963     -4716.99     0.269269    -0.411377    -0.266315
     10572.1            0     -2952.08     -17050.4            0  1.03697e+07     -12631.1     -182.065      21967.2            0  3.32434e+10            0 -1.92059e+09            0            0      -486818            0            0      19168.5      -5629.9
    -1.86427      13.7581            0      10.4132            0            0     -3.49416     -1.20202      5.06579      2.33462            0      18249.9 -5.30302e+06            0            0      3943.86            0            0       4.9064     -1.28479
     22239.3     -12213.2            0     -14067.2            0            0      19487.3     -22450.1        16154            0 -1.92059e+09 -5.30302e+06  3.06628e+10            0            0  9.01351e+06            0            0      5069.63     -9466.64
  0.00131789    0.0193507  0.000807755    0.0149081            0            0            0            0   -0.0427104    0.0112828            0            0            0    0.0136567            0            0            0            0    -0.532894  -0.00480889
   0.0268041            0            0      1.22947            0            0   -0.0798888            0            0   -0.0379683            0            0            0            0     0.228279            0            0            0   -0.0986532    0.0287991
     7.79653      -122.96     0.561048     -33.1924            0            0      12.8349     -9.45195      24.7373     -9.72963      -486818      3943.86  9.01351e+06            0            0      15598.7            0            0     -3.83737     -7.05903
    -5065.89            0       332440      2570.64            0            0     -9860.14      9305.89     -4620.46     -4716.99            0            0            0            0            0            0   2.4745e+10     -58041.7     -12865.2            0
     1.17778      -1.1841    -0.998391     0.925937            0            0      1.88889    -0.455852     -1.79832     0.269269            0            0            0            0            0            0     -58041.7      398.669      2.76686    -0.537119
   0.0158345     -1.87494    -0.142103     -1.40689    -0.901258    -0.076231     0.484505   -0.0624048      1.35849    -0.411377      19168.5       4.9064      5069.63    -0.532894   -0.0986532     -3.83737     -12865.2      2.76686      24.9988  -0.00450238
   -0.244099   -0.0839341      0.03943    0.0570902    -0.994907            0     -0.15677     0.031458     0.365538    -0.266315      -5629.9     -1.28479     -9466.64  -0.00480889    0.0287991     -7.05903            0    -0.537119  -0.00450238      3.60153
