     238.072      5.65608            0     -1.13888   -0.0413069    0.0214817      1.10108      -498.19     -85.3352    -0.751748     0.374757    -0.764117      98845.9    -0.155941    0.0820602            0
     5.65608      278.104    -0.936273      1.91015   -0.0814118     -1.93848      3.17824      575.008       21.761    -0.869487    -0.506974   -0.0763873       809062      7.12665     0.636559            0
           0    -0.936273       89.464    0.0597974    -0.073363    -0.119223     -7.12235      9.91399     -31.3893    -0.615195    -0.553541     0.403992      -318873     -3.16835    0.0652114      -581776
    -1.13888      1.91015    0.0597974       3.5513  -0.00911279   -0.0218538     0.740749      2.24381            0    0.0515148   -0.0342453     0.181448      19692.4     0.128705   -0.0740225            0
  -0.0413069   -0.0814118    -0.073363  -0.00911279    0.0297384   -0.0138344    -0.170903      2.07906     -1.17871 -0.000995571  -0.00558194    0.0163075     -103.819   -0.0465059   0.00200985      380.992
   0.0214817     -1.93848    -0.119223   -0.0218538   -0.0138344      20.0411     -5.26058     -45.1677     -13.9369     0.303676   -0.0611223    0.0579501     -14442.5    -0.968296   -0.0493546     -4401.27
     1.10108      3.17824     -7.12235     0.740749    -0.170903     -5.26058      1070.32     -36.2685      106.104    0.0755384     0.155592    -0.955026       349481      2.14822     -1.88495       158874
     -498.19      575.008      9.91399      2.24381      2.07906     -45.1677     -36.2685  1.19186e+06            0      37.6749     -41.8985     -28.8008      -557454      142.575      5.74417    9.276e+07
    -85.3352       21.761     -31.3893            0     -1.17871     -13.9369      106.104            0      41974.1     -2.99162     -5.61791      4.10241            0            0       1.8647       239476
   -0.751748    -0.869487    -0.615195    0.0515148 -0.000995571     0.303676    0.0755384      37.6749     -2.99162      3.11061    0.0776311    -0.124196     -13688.5     0.549609    0.0538275     -1455.87
    0.374757    -0.506974    -0.553541   -0.0342453  -0.00558194   -0.0611223     0.155592     -41.8985     -5.61791    0.0776311      3.64512     -0.16775     -19321.7      12.4882   -0.0778824     -12668.1
   -0.764117   -0.0763873     0.403992     0.181448    0.0163075    0.0579501    -0.955026     -28.8008      4.10241    -0.124196     -0.16775      7.61504      9623.95     -0.46032  4.08705e-05            0
     98845.9       809062      -318873      19692.4     -103.819     -14442.5       349481      -557454            0     -13688.5     -19321.7      9623.95  1.17012e+11      16324.1      8594.43  3.03139e+10
   -0.155941      7.12665     -3.16835     0.128705   -0.0465059    -0.968296      2.14822      142.575            0     0.549609      12.4882     -0.46032      16324.1      105.332    -0.676394            0
   0.0820602     0.636559    0.0652114   -0.0740225   0.00200985   -0.0493546     -1.88495      5.74417       1.8647    0.0538275   -0.0778824  4.08705e-05      8594.43    -0.676394      4.23612            0
           0            0      -581776            0      380.992     -4401.27       158874    9.276e+07       239476     -1455.87     -12668.1            0  3.03139e+10            0            0  2.39386e+10
