     97.511     2.54244           0     -1.0355  -0.0722978     0.19722    0.435629    -69.9568    -26.6217   -0.615329    0.397247   -0.611098     6354.63   -0.110836   0.0711317           0
    2.54244       137.2   -0.509221     1.90917   -0.158975      -1.575      1.3842     88.7303       7.438   -0.781089    -0.59021  -0.0669486     59062.6      5.7133    0.578912           0
          0   -0.509221     53.7895   0.0659231   -0.158154   -0.106883    -3.43715     1.69404     -11.831   -0.611315   -0.711248    0.390985    -25408.3    -2.79577   0.0654778     -450383
    -1.0355     1.90917   0.0659231     7.17624  -0.0360215  -0.0360298    0.652873    0.698141           0   0.0936907  -0.0806922    0.321872     2918.81    0.209214   -0.136268           0
 -0.0722978   -0.158975   -0.158154  -0.0360215    0.229942  -0.0458663    -0.29468     1.27019    -1.59025  -0.0035442  -0.0257046   0.0565978    -29.4191   -0.147164  0.00727072     1052.08
    0.19722      -1.575   -0.106883  -0.0360298  -0.0458663     26.7928    -3.77004    -11.4385    -7.05391    0.449036   -0.117197   0.0837149    -1735.23    -1.27444  -0.0680023    -5042.89
   0.435629      1.3842    -3.43715    0.652873    -0.29468    -3.77004     411.418    -4.95468     32.0049   0.0598481    0.159291   -0.738951     22550.4     1.51637    -1.51288     99445.7
   -69.9568     88.7303     1.69404    0.698141     1.27019    -11.4385    -4.95468     57529.5           0     10.5832    -15.2401    -7.89747    -12256.8     35.6791     1.63307 2.01966e+07
   -26.6217       7.438     -11.831           0    -1.59025    -7.05391     32.0049           0     9935.45    -1.85824    -4.52919     2.49149           0           0     1.17316      115612
  -0.615329   -0.781089   -0.611315   0.0936907  -0.0035442    0.449036   0.0598481     10.5832    -1.85824     5.09119    0.164461   -0.198311    -1847.97    0.800414   0.0891778    -1873.46
   0.397247    -0.59021   -0.711248  -0.0806922  -0.0257046   -0.117197    0.159291    -15.2401    -4.52919    0.164461     10.0072   -0.346996    -3306.59     23.5396      -0.167    -20995.1
  -0.611098  -0.0669486    0.390985    0.321872   0.0565978   0.0837149   -0.738951    -7.89747     2.49149   -0.198311   -0.346996     11.8623     1249.64   -0.654017  6.6101e-05           0
    6354.63     59062.6    -25408.3     2918.81    -29.4191    -1735.23     22550.4    -12256.8           0    -1847.97    -3306.59     1249.64 1.25498e+09     2033.73     1156.05 3.14352e+09
  -0.110836      5.7133    -2.79577    0.209214   -0.147164    -1.27444     1.51637     35.6791           0    0.800414     23.5396   -0.654017     2033.73     136.389   -0.996422           0
  0.0711317    0.578912   0.0654778   -0.136268  0.00727072  -0.0680023    -1.51288     1.63307     1.17316   0.0891778      -0.167  6.6101e-05     1156.05   -0.996422     7.10163           0
          0           0     -450383           0     1052.08    -5042.89     99445.7 2.01966e+07      115612    -1873.46    -20995.1           0 3.14352e+09           0           0 2.38701e+10
