    0.205727    -0.141549  0.000170187  -0.00418888      5.82426      8.93405    0.0335967  -0.00492618   -0.0153756    0.0182271      1866.21     -77.6253      3958.57  3.24321e-07   0.00439164      64.4767     -887.173     0.562137  0.000831108   -0.0135441
   -0.141549       286.92    0.0685635      0.43722            0            0     -2.93742     0.341309     -1.15472      2.35309            0      7795.04     -28652.2  6.66151e-05            0     -14170.5            0     -7.57493     -2.58704   -0.0621364
 0.000170187    0.0685635     0.397453   0.00333593       6.6344     -2.54928     -0.12087    0.0158845   -0.0048559   -0.0080515      -842.93            0            0  3.30904e-07            0      7.96126      94556.7    -0.773478   -0.0232569   0.00354765
 -0.00418888      0.43722   0.00333593     0.821391      6.83094     -14.6426   -0.0640187     0.045696   -0.0835258   -0.0344245     -3322.04      508.566      -2785.8  4.39412e-06      0.22315     -313.283      503.328     0.490824    -0.164549   0.00386034
     5.82426            0       6.6344      6.83094       350471     -35997.3            0     -2.59561     -32.4527     -19.1433            0            0            0            0            0            0            0            0     -6.77318     -4.00846
     8.93405            0     -2.54928     -14.6426     -35997.3       438039            0        23.81      22.5808            0  6.51463e+07            0            0            0            0            0            0            0    -0.382613            0
   0.0335967     -2.93742     -0.12087   -0.0640187            0            0      53.8934    -0.146726    -0.325583     0.334167     -14440.5     -946.134      22840.1            0   -0.0854951      707.691     -11296.6      5.89389     0.328492   -0.0569348
 -0.00492618     0.341309    0.0158845     0.045696     -2.59561        23.81    -0.146726      2.65783   -0.0761067  -0.00390154     -56.4479     -180.636     -14720.2            0            0     -289.633       5995.9    -0.799852   -0.0239695   0.00643188
  -0.0153756     -1.15472   -0.0048559   -0.0835258     -32.4527      22.5808    -0.325583   -0.0761067      11.1323    0.0214379        12647      694.485      9578.49 -3.59613e-05            0      693.809     -2663.39     -2.85899     0.480661    0.0676219
   0.0182271      2.35309   -0.0080515   -0.0344245     -19.1433            0     0.334167  -0.00390154    0.0214379      3.61074            0      259.364            0  7.89965e-06   -0.0169061     -228.685      -2247.2     0.349323    -0.115465   -0.0401689
     1866.21            0      -842.93     -3322.04            0  6.51463e+07     -14440.5     -56.4479        12647            0  3.34561e+10            0 -1.94602e+09            0            0 -2.26308e+07            0            0      11523.2     -1797.06
    -77.6253      7795.04            0      508.566            0            0     -946.134     -180.636      694.485      259.364            0  1.05757e+09 -1.28208e+09            0            0  4.42636e+07            0            0      707.385     -88.3028
     3958.57     -28652.2            0      -2785.8            0            0      22840.1     -14720.2      9578.49            0 -1.94602e+09 -1.28208e+09  3.15139e+10            0            0  4.33576e+08            0            0      3037.98     -3043.07
 3.24321e-07  6.66151e-05  3.30904e-07  4.39412e-06            0            0            0            0 -3.59613e-05  7.89965e-06            0            0            0  3.05265e-08            0            0            0            0 -0.000469714 -2.25144e-06
  0.00439164            0            0      0.22315            0            0   -0.0854951            0            0   -0.0169061            0            0            0            0     0.199211            0            0            0   -0.0543191   0.00851919
     64.4767     -14170.5      7.96126     -313.283            0            0      707.691     -289.633      693.809     -228.685 -2.26308e+07  4.42636e+07  4.33576e+08            0            0  3.65482e+07            0            0     -109.512     -107.967
    -887.173            0      94556.7      503.328            0            0     -11296.6       5995.9     -2663.39      -2247.2            0            0            0            0            0            0  2.47426e+10      -158056     -7560.67            0
    0.562137     -7.57493    -0.773478     0.490824            0            0      5.89389    -0.799852     -2.85899     0.349323            0            0            0            0            0            0      -158056      2956.85      4.43166    -0.462878
 0.000831108     -2.58704   -0.0232569    -0.164549     -6.77318    -0.382613     0.328492   -0.0239695     0.480661    -0.115465      11523.2      707.385      3037.98 -0.000469714   -0.0543191     -109.512     -7560.67      4.43166      8.66125 -0.000978896
  -0.0135441   -0.0621364   0.00354765   0.00386034     -4.00846            0   -0.0569348   0.00643188    0.0676219   -0.0401689     -1797.06     -88.3028     -3043.07 -2.25144e-06   0.00851919     -107.967            0    -0.462878 -0.000978896     0.360564
