    0.302785  -0.00332946    0.0001332     -3205.03  1.13312e-11            0   -0.0439174     -266.317      2.18598  -0.00754066    0.0133148     0.110737     -1.38823       1.3208    0.0476764 -5.75413e-05    0.0708127
 -0.00332946      2.64705   -0.0107006     -52095.4  1.41153e-12  1.76659e+08 -0.000559285       804.12     -1.31446   0.00753518   -0.0697922     -1.68625     0.830935     0.106316     0.240758  0.000128679  -0.00879136
   0.0001332   -0.0107006    0.0485128            0            0            0    0.0606985            0     0.075305   0.00115912   0.00264258      0.69048       2.1214    0.0668933     0.044473   3.8443e-05            0
    -3205.03     -52095.4            0   8.3496e+11            0            0            0            0  2.25342e+06     -1345.65            0 -1.13914e+06 -2.05307e+06            0     -83311.7      192.879            0
 1.13312e-11  1.41153e-12            0            0  1.02631e-21            0 -1.51335e-12            0            0            0            0 -2.98817e-11            0  4.39324e-11  2.54149e-12  2.62744e-15  2.99966e-12
           0  1.76659e+08            0            0            0   1.8687e+19  3.02748e+08            0 -3.89519e+09 -2.83825e+07  -8.1075e+07  6.67776e+09            0            0            0      -284539 -3.13468e+08
  -0.0439174 -0.000559285    0.0606985            0 -1.51335e-12  3.02748e+08      12.3917       713.49     -2.73416    -0.022732    0.0615568      2.27052            0     -5.43436     0.552934  0.000510765     0.281607
    -266.317       804.12            0            0            0            0       713.49  2.70986e+08     -19049.7            0     -132.119      18947.9            0            0     -1666.64      1.52568     -3848.71
     2.18598     -1.31446     0.075305  2.25342e+06            0 -3.89519e+09     -2.73416     -19049.7      7670.37      1.21736     -2.38288     -266.739     -188.806      179.328     -6.05308  -0.00933585     -3.47998
 -0.00754066   0.00753518   0.00115912     -1345.65            0 -2.83825e+07    -0.022732            0      1.21736     0.179231 -0.000407547     0.660026     0.550924      2.07459    0.0215263 -3.68424e-05   -0.0709924
   0.0133148   -0.0697922   0.00264258            0            0  -8.1075e+07    0.0615568     -132.119     -2.38288 -0.000407547       1.3489      2.13442     -2.89608      13.6693     0.153515  2.52664e-05   -0.0814494
    0.110737     -1.68625      0.69048 -1.13914e+06 -2.98817e-11  6.67776e+09      2.27052      18947.9     -266.739     0.660026      2.13442      13684.8      18944.4       310.28      866.737   -0.0140441     -18.1184
    -1.38823     0.830935       2.1214 -2.05307e+06            0            0            0            0     -188.806     0.550924     -2.89608      18944.4      55732.1      38.3555      1380.72   -0.0372839     -9.71599
      1.3208     0.106316    0.0668933            0  4.39324e-11            0     -5.43436            0      179.328      2.07459      13.6693       310.28      38.3555      17093.6     -19.4987  -0.00789865     -20.7544
   0.0476764     0.240758     0.044473     -83311.7  2.54149e-12            0     0.552934     -1666.64     -6.05308    0.0215263     0.153515      866.737      1380.72     -19.4987      65.1349  -0.00171708     0.107431
-5.75413e-05  0.000128679   3.8443e-05      192.879  2.62744e-15      -284539  0.000510765      1.52568  -0.00933585 -3.68424e-05  2.52664e-05   -0.0140441   -0.0372839  -0.00789865  -0.00171708   2.5887e-05 -0.000349002
   0.0708127  -0.00879136            0            0  2.99966e-12 -3.13468e+08     0.281607     -3848.71     -3.47998   -0.0709924   -0.0814494     -18.1184     -9.71599     -20.7544     0.107431 -0.000349002      28.1565
