     7.79615      -0.1861  8.00434e-05      2630.56     -8.86107    -0.148291      3610.23    0.0571628   0.00286212      6743.45   -0.0823154  1.02383e-05     0.091892    -0.358951   0.00371708    -0.130877
     -0.1861      21.3191 -2.20623e-05      5216.15      232.094      1.12749      18399.4    0.0241049    0.0104572     -45413.2    -0.842465   5.8963e-06    -0.407582   -0.0301336   0.00151635    -0.345631
 8.00434e-05 -2.20623e-05  2.30829e-07      2.00265    0.0634517  1.87159e-05      1.72587  1.12138e-06   1.4439e-06     -2.62834 -0.000164226 -1.96652e-09 -2.62468e-05 -1.45769e-05  2.96826e-07 -4.07314e-05
     2630.56      5216.15      2.00265  4.57346e+10 -4.13585e+06     -52240.9 -1.28313e+09     -3455.45     -143.116            0 -1.21313e+06      1.31416     -2206.82            0      75.4884            0
    -8.86107      232.094    0.0634517 -4.13585e+06   2.8888e+07      486.564  1.19351e+07      14.0484    -0.877205 -2.11709e+07      -207.58   -0.0123201     -10.5026     -132.445      25.2708      365.527
   -0.148291      1.12749  1.87159e-05     -52240.9      486.564       88.012   1.5251e+06    0.0178645    -0.013332     -30144.9            0 -4.32716e-05    -0.871357            0    0.0543521    0.0596662
     3610.23      18399.4      1.72587 -1.28313e+09  1.19351e+07   1.5251e+06    3.396e+10       672.75     -1062.55            0            0     -0.51878            0      2460.34      282.024     -6638.53
   0.0571628    0.0241049  1.12138e-06     -3455.45      14.0484    0.0178645       672.75     0.378991 -0.000177994      1397.48       0.1025 -3.76101e-06   -0.0188995    -0.019503  0.000357007   -0.0213407
  0.00286212    0.0104572   1.4439e-06     -143.116    -0.877205    -0.013332     -1062.55 -0.000177994   0.00593003     -1057.35  -0.00826645  9.96819e-08  -0.00692561  -0.00340171   0.00011642  -0.00808074
     6743.45     -45413.2     -2.62834            0 -2.11709e+07     -30144.9            0      1397.48     -1057.35  7.50312e+10            0     0.360442      15144.6            0            0      35819.6
  -0.0823154    -0.842465 -0.000164226 -1.21313e+06      -207.58            0            0       0.1025  -0.00826645            0      39.1927 -4.37953e-05     0.299402            0   0.00887656    -0.150163
 1.02383e-05   5.8963e-06 -1.96652e-09      1.31416   -0.0123201 -4.32716e-05     -0.51878 -3.76101e-06  9.96819e-08     0.360442 -4.37953e-05  2.27292e-08 -2.93869e-06 -1.60106e-05 -8.81834e-07  6.75976e-06
    0.091892    -0.407582 -2.62468e-05     -2206.82     -10.5026    -0.871357            0   -0.0188995  -0.00692561      15144.6     0.299402 -2.93869e-06      6.60531    0.0850733    0.0043488    -0.225658
   -0.358951   -0.0301336 -1.45769e-05            0     -132.445            0      2460.34    -0.019503  -0.00340171            0            0 -1.60106e-05    0.0850733      3.21254   0.00579663            0
  0.00371708   0.00151635  2.96826e-07      75.4884      25.2708    0.0543521      282.024  0.000357007   0.00011642            0   0.00887656 -8.81834e-07    0.0043488   0.00579663    0.0212251   -0.0156298
   -0.130877    -0.345631 -4.07314e-05            0      365.527    0.0596662     -6638.53   -0.0213407  -0.00808074      35819.6    -0.150163  6.75976e-06    -0.225658            0   -0.0156298      9.64668
