    0.498035  -0.00489381  0.000221439     -2475.46  5.83708e-11            0   -0.0566664     -191.283      2.20927   -0.0120218    0.0206824     0.109443     -1.40649      1.29762    0.0605907 -0.000137415    0.0936226
 -0.00489381      3.47587   -0.0158948       -35928  6.49677e-12  8.68474e+07 -0.000643564      516.038     -1.18693    0.0107335   -0.0968637     -1.48924     0.752188    0.0933147     0.273381  0.000273824   -0.0103843
 0.000221439   -0.0158948    0.0815182            0            0            0    0.0791591            0    0.0769201   0.00186779   0.00414888     0.689837       2.1724    0.0664259    0.0571271  9.29782e-05            0
    -2475.46       -35928            0  3.02419e+11            0            0            0            0  1.06874e+06     -1003.74            0      -526840      -973253            0     -49537.8      217.125            0
 5.83708e-11  6.49677e-12            0            0  1.65574e-20            0 -6.11539e-12            0            0            0            0 -9.25017e-11            0  1.35172e-10  1.01155e-11  1.96802e-14  1.24205e-11
           0  8.68474e+07            0            0            0  3.43936e+18  1.30669e+08            0 -1.31682e+09 -1.51362e+07 -4.21269e+07  2.20795e+09            0            0            0      -227139 -1.38633e+08
  -0.0566664 -0.000643564    0.0791591            0 -6.11539e-12  1.30669e+08      12.5424      401.981     -2.16763   -0.0284288    0.0750075      1.76053            0      -4.1881     0.551233  0.000955189     0.292063
    -191.283      516.038            0            0            0            0      401.981  8.49874e+07     -8407.95            0     -89.6171      8179.79            0            0     -924.868      1.58929     -2221.95
     2.20927     -1.18693    0.0769201  1.06874e+06            0 -1.31682e+09     -2.16763     -8407.95      4763.16      1.19249     -2.27426     -161.999     -117.533      108.252     -4.72655   -0.0137191     -2.82707
  -0.0120218    0.0107335   0.00186779     -1003.74            0 -1.51362e+07   -0.0284288            0      1.19249     0.276954 -0.000613591     0.632338     0.541027       1.9755    0.0265156 -8.54754e-05   -0.0909742
   0.0206824   -0.0968637   0.00414888            0            0 -4.21269e+07    0.0750075     -89.6171     -2.27426 -0.000613591      1.97872      1.99235     -2.77099      12.6822     0.184243  5.67903e-05    -0.101694
    0.109443     -1.48924     0.689837      -526840 -9.25017e-11  2.20795e+09      1.76053      8179.79     -161.999     0.632338      1.99235      8128.58        11534      183.186       661.93   -0.0201823     -14.3955
    -1.40649     0.752188       2.1724      -973253            0            0            0            0     -117.533     0.541027     -2.77099        11534      34780.4      23.2106      1080.82   -0.0548282     -7.91245
     1.29762    0.0933147    0.0664259            0  1.35172e-10            0      -4.1881            0      108.252       1.9755      12.6822      183.186      23.2106      10030.6      -14.801   -0.0113233     -16.3896
   0.0605907     0.273381    0.0571271     -49537.8  1.01155e-11            0     0.551233     -924.868     -4.72655    0.0265156     0.184243       661.93      1080.82      -14.801       63.957  -0.00317096      0.10974
-0.000137415  0.000273824  9.29782e-05      217.125  1.96802e-14      -227139  0.000955189      1.58929   -0.0137191 -8.54754e-05  5.67903e-05   -0.0201823   -0.0548282   -0.0113233  -0.00317096   8.9998e-05 -0.000668996
   0.0936226   -0.0103843            0            0  1.24205e-11 -1.38633e+08     0.292063     -2221.95     -2.82707   -0.0909742    -0.101694     -14.3955     -7.91245     -16.3896      0.10974 -0.000668996      29.9224
