     4.33441   -0.0260806    0.0020189     -258.178  7.26795e-08            0    -0.171622      -45.075      2.29042   -0.0913346     0.140343     0.104064     -1.48877      1.20146       0.1718  -0.00616846     0.315224
  -0.0260806      11.3613   -0.0888056     -2293.71  4.95748e-09  3.96201e+06  -0.00119236      74.5188    -0.735682    0.0499741    -0.402811    -0.867709     0.487939    0.0529455     0.475037   0.00752427   -0.0214876
   0.0020189   -0.0888056     0.778496            0            0            0     0.251138            0    0.0838361    0.0148666    0.0294905     0.687049      2.40881    0.0644264     0.169675   0.00437587            0
    -258.178     -2293.71            0  3.77145e+08            0            0            0            0      13228.7     -90.4851            0        -5944     -12224.8            0     -1666.53      116.758            0
 7.26795e-08  4.95748e-09            0            0  2.94955e-15            0 -2.64983e-09            0            0            0            0 -1.25824e-08            0  1.79059e-08  4.10335e-09  1.26474e-10  5.98322e-09
           0  3.96201e+06            0            0            0   2.1899e+15  3.38499e+06            0 -1.17243e+07      -983755 -2.44504e+06  1.79554e+07            0            0            0     -87189.2 -3.99234e+06
   -0.171622  -0.00119236     0.251138            0 -2.64983e-09  3.38499e+06      13.2191      32.9619    -0.781315   -0.0751682      0.17712      0.58249            0     -1.34944       0.5439    0.0149108     0.342214
     -45.075      74.5188            0            0            0            0      32.9619       542197     -237.687            0     -16.4649      210.576            0            0     -70.9983      1.93064     -202.575
     2.29042    -0.735682    0.0838361      13228.7            0 -1.17243e+07    -0.781315     -237.687      587.309      1.08288     -1.86101     -18.3971     -14.9948      11.8958      -1.6143   -0.0733735     -1.13952
  -0.0913346    0.0499741    0.0148666     -90.4851            0      -983755   -0.0751682            0      1.08288      1.83703  -0.00367736     0.524933     0.500047       1.5968    0.0656357  -0.00335293    -0.267422
    0.140343    -0.402811    0.0294905            0            0 -2.44504e+06      0.17712     -16.4649     -1.86101  -0.00367736      10.4687       1.4769     -2.28687      9.15505     0.407299    0.0019849    -0.266959
    0.104064    -0.867709     0.687049        -5944 -1.25824e-08  1.79554e+07      0.58249      210.576     -18.3971     0.524933       1.4769      844.284      1333.77      18.5291      205.031   -0.0990376     -5.29532
    -1.48877     0.487939      2.40881     -12224.8            0            0            0            0     -14.9948     0.500047     -2.28687      1333.77      4477.69       2.6138      372.724    -0.299304     -3.24046
     1.20146    0.0529455    0.0644264            0  1.79059e-08            0     -1.34944            0      11.8958       1.5968      9.15505      18.5291       2.6138      988.065     -4.46467   -0.0541927     -5.87109
      0.1718     0.475037     0.169675     -1666.53  4.10335e-09            0       0.5439     -70.9983      -1.6143    0.0656357     0.407299      205.031      372.724     -4.46467      59.0785   -0.0463915     0.120348
 -0.00616846   0.00752427   0.00437587      116.758  1.26474e-10     -87189.2    0.0149108      1.93064   -0.0733735  -0.00335293    0.0019849   -0.0990376    -0.299304   -0.0541927   -0.0463915     0.020862   -0.0116127
    0.315224   -0.0214876            0            0  5.98322e-09 -3.99234e+06     0.342214     -202.575     -1.13952    -0.267422    -0.266959     -5.29532     -3.24046     -5.87109     0.120348   -0.0116127      38.9798
