   5252.81    16.7548    6.35759    4.47327    15.6475   -8.36533
   16.7548    6.51616    1.10806    1.39078    3.42781 -0.0295715
   6.35759    1.10806    4.57656   0.565344    1.35131  -0.504178
   4.47327    1.39078   0.565344   0.713942    1.43293   -1.12192
   15.6475    3.42781    1.35131    1.43293    7.41986   -1.40497
  -8.36533 -0.0295715  -0.504178   -1.12192   -1.40497    12.4033
