  988.431   7.20339   2.87646   3.16312   6.56649  -2.10244
  7.20339   5.84937   0.91341   2.06055   2.85109  0.613787
  2.87646   0.91341   4.23301  0.811016   1.10752 -0.257388
  3.16312   2.06055  0.811016   1.80726   1.94861  -1.18199
  6.56649   2.85109   1.10752   1.94861   6.63735 -0.897964
 -2.10244  0.613787 -0.257388  -1.18199 -0.897964   7.75665
