 3.28591e+10            0    -0.166929     -48525.1            0            0            0  1.01146e+14            0 -8.00265e+10            0 -4.26329e+07 -1.64305e+12            0      20715.5      1.08461            0  1.24712e+11  1.21317e+12 -5.94652e+07  2.22727e+09 -2.51498e+11  -2.5184e+12            0            0      67971.2            0            0  7.68816e+10            0  2.63846e+11            0  1.96091e+11            0  -3.2977e+06            0            0  4.25236e+06     -1972.51            0            0   6.7604e+09            0       576489            0      15908.5 -2.99174e+12      1248.47  2.89368e+06 -8.66035e+09            0 -4.95082e+06 -1.05208e+08            0            0 -4.57003e+07      27317.8      -803022
           0  5.05652e+06   0.00861397            0      18172.5   -0.0625567      436.529  4.91991e+11      148.854 -5.08012e+08 -5.59472e+06 -1.52511e+07 -1.13873e+10            0            0   0.00968492            0  -7.7977e+07  4.28332e+08     -31201.6            0   5.9557e+07 -5.89894e+08      1583.26     -511.465       137107            0      1.17031 -2.72164e+08      107.429   7.9806e+08 -4.98044e+06  2.05143e+08            0     -3144.87      386.936            0            0    -0.391344            0            0 -1.02834e+08            0     -22509.9      -143217      13807.2  1.10939e+10     -61.6107     -912.924  1.90147e+07      -716808  3.40851e+06     -12353.8      -156882     -1173.92     -20455.8            0            0
   -0.166929   0.00861397  1.08248e-07  -0.00358015  0.000489062 -1.73745e-07  0.000196291       405135  5.25386e-06     -956.127   -0.0153208   -0.0367575      3071.89    0.0251417  8.75545e-05  1.98714e-09     0.605867      -56.542     -922.249   -0.0162263     -9.87677      342.384     -2312.31   0.00012758 -7.13896e-06  0.000236041      4.94435   1.0829e-06      820.434            0      640.972   -0.0280321      1248.34   -0.0106426 -0.000111287  2.69577e-06  4.43666e-07   -0.0617749  6.78079e-08 -0.000164204  7.88513e-07      1.54998  0.000807852   -0.0388932  0.000569092  0.000200659     -1994.53 -1.86753e-05  -0.00386981      94.1591  0.000902108    0.0286166   -0.0946516 -0.000319908  4.50012e-06    -0.148395 -4.13275e-05    0.0349513
    -48525.1            0  -0.00358015       182054            0  -0.00408923     -7.57136 -2.15304e+11            0 -1.41747e+08            0      20658.3 -1.50448e+09            0     -121.297 -0.000448721 -1.30037e+06  1.10881e+08  8.35208e+08      54447.5  4.84079e+08  1.83873e+08  1.07796e+09            0            0            0 -1.65888e+07     -2.65185 -2.07109e+08            0 -9.37867e+08            0  4.15488e+07      4446.36            0     -32.8437     -20.4414      3035.93    0.0247926      -17.163      1.33738  6.30021e+06     -20.7266      62666.6            0            0  3.33912e+09      8.99434      3313.98 -4.73229e+07            0            0      25554.4            0            0      61039.7      3633.62     -46708.8
           0      18172.5  0.000489062            0      70458.3  -0.00211696      19.0569  2.09175e+10     -82.8492 -1.83237e+07      -780208 -2.47037e+06   -1.341e+09     -14248.5     -63.9548 -0.000915773      -171150 -3.58574e+07 -2.69242e+08     -20183.1            0  5.59441e+07  1.79815e+08      1852.47      1976.55      321.235            0     0.281689 -3.89713e+07     -420.788 -8.25331e+07      -393360  5.19258e+07            0      178.918     -3233.12    -0.525331            0   -0.0215323            0    -0.543983      -967476            0      -5417.9      27736.8      3927.62  7.56534e+08     -8.33793     -403.991 -3.09326e+06     -73422.4     -6417.12      5963.41     -1142.59      133.735      6409.53      15.4188            0
           0   -0.0625567 -1.73745e-07  -0.00408923  -0.00211696  8.72205e-05  -0.00634184 -1.50407e+07  0.000159007      28057.6     0.113589    -0.655695     -5566.81    -0.287877 -0.000596736 -4.15171e-09     -13.6726      3427.03      25470.1     -1.24043        134.5     -8722.72      75686.5 -0.000356089    -0.001843   -0.0131751     -17.3643 -8.04929e-06     -29438.6            0     -15059.2     0.502854     -29712.5     0.377813 -0.000189504 -0.000252244  1.19674e-06       1.3387            0  -0.00122741 -2.85951e-06      54.1945            0     0.443874   -0.0123219 -0.000843728      -143956   7.7927e-05     0.121106     -2990.86  -0.00872939    -0.886763      3.29633  -0.00113545 -0.000148295      4.53924  -0.00149678    0.0816041
           0      436.529  0.000196291     -7.57136      19.0569  -0.00634184      185.041 -4.81903e+09     -106.468 -5.80794e+06       136081     -281.369 -4.75759e+07     -296.616      5.25671  2.34961e-05     -5173.49       308568   2.1024e+07     -325.536      -116420  1.37219e+06  1.64387e+07      -469.04      61.0181      1123.56       3939.5   0.00811905 -5.12435e+06     -11.7883 -9.98604e+06      31506.3  6.54959e+06     -43.4485     -9.32202     -88.5362  -0.00783763     -620.534  0.000839972    -0.585255   -0.0128542       354902      4.66382     -438.018      1097.37       152.36  4.29136e+07     0.210557      54.6008      -654201     -2318.15     -19124.7     -78.9452      1876.67     -37.3347      1395.22    0.0859145      143.006
 1.01146e+14  4.91991e+11       405135 -2.15304e+11  2.09175e+10 -1.50407e+07 -4.81903e+09  2.53062e+20  5.21493e+09 -9.78486e+15 -7.86379e+12   1.0984e+13 -9.81724e+17  3.49859e+12  1.55505e+10      -549865   1.7192e+14 -6.53736e+15 -3.46946e+17  4.23291e+12 -4.04824e+15  -3.4211e+16 -2.68978e+17  2.94051e+10 -4.76415e+09 -2.66725e+09  2.53275e+14  1.66915e+08 -2.70444e+16  1.41685e+09  6.84547e+16 -3.96783e+12  1.35907e+16 -3.08796e+12 -7.55875e+10  6.51676e+09  6.76723e+07 -1.49156e+12 -4.03694e+07 -6.72142e+09  2.40291e+08 -3.76178e+15   1.8804e+10 -7.82642e+12 -8.53866e+10 -4.65508e+09 -8.33673e+16 -3.53388e+09  3.49478e+11  8.48144e+15 -2.99734e+11  7.10963e+11 -1.16968e+13 -1.23495e+11  1.55494e+09  1.42432e+12 -3.35143e+10  2.98257e+12
           0      148.854  5.25386e-06            0     -82.8492  0.000159007     -106.468  5.21493e+09      395.657 -2.90977e+06     -57404.1        14180   1.7208e+08      202.162            0  -5.5549e-05      9199.36       613688 -1.96618e+07     -724.639            0 -2.47956e+06 -2.05899e+07      286.004     -32.6764      1807.41            0            0   7.2424e+06      3.65851   9.2528e+06     -88907.7  4.29119e+06            0      10.5223       16.012    0.0100751            0            0            0    0.0203921      -110245            0            0     -365.892     -1560.51 -6.15279e+07    -0.362276     -63.5078  1.08584e+06      2403.72     -6633.69     -272.264     -3059.73      21.8585     -2053.34            0            0
-8.00265e+10 -5.08012e+08     -956.127 -1.41747e+08 -1.83237e+07      28057.6 -5.80794e+06 -9.78486e+15 -2.90977e+06  4.68235e+13  2.73569e+09  5.45363e+09 -8.36338e+13   2.9607e+09 -4.02441e+07     -81.7482  1.07581e+11  2.58136e+12  1.40059e+13  1.28655e+09 -2.47716e+12 -1.92521e+12  3.77075e+13  -1.5962e+07  2.47987e+06 -4.84241e+07  1.37134e+11       108138 -1.56645e+13      -313790 -2.50226e+13  2.44967e+09 -4.79557e+13 -6.05834e+08  1.36318e+07 -9.35644e+06      41556.6   2.5086e+09      12993.1  -1.9333e+06       174986  5.95083e+09 -1.24841e+07 -4.03948e+09  6.19463e+07 -5.65343e+06 -1.05064e+14 -1.04877e+06  4.95942e+07 -2.87876e+12  1.71886e+08  -2.5226e+09  2.15011e+09  6.40839e+07      -859752  3.75312e+09   -2.449e+07  1.68176e+09
           0 -5.59472e+06   -0.0153208            0      -780208     0.113589       136081 -7.86379e+12     -57404.1  2.73569e+09  6.44403e+08 -3.49048e+08  1.71203e+10            0            0    0.0153494  1.53441e+07  1.86347e+09  2.47194e+10  1.67341e+06            0 -2.47689e+09  2.15947e+10      -727021     -38552.3      -716996            0            0 -5.13889e+09       4107.9 -1.82461e+10  5.07008e+06 -5.00654e+09            0      5875.65       6774.4       15.647            0     -1.21273            0      33.2991  3.60922e+08            0            0  4.47758e+06      -673534  3.75829e+10            0      79807.3 -8.16498e+08  5.61978e+06 -3.03019e+07      95179.5  2.07588e+06     -27593.4  1.71906e+06            0            0
-4.26329e+07 -1.52511e+07   -0.0367575      20658.3 -2.47037e+06    -0.655695     -281.369   1.0984e+13        14180  5.45363e+09 -3.49048e+08  9.22958e+09  2.78265e+11            0            0     0.285043  4.20522e+07  3.05476e+09 -2.43526e+09 -2.02176e+06 -9.48152e+08  -7.4142e+09 -1.45762e+10       873970       112871  7.23934e+06            0            0  6.66019e+09       -20616  3.40078e+09  3.38693e+08 -5.57655e+09            0            0      -195116            0            0      7.75415            0      91.2627 -3.17709e+08            0            0 -1.11902e+07      -121513 -5.30066e+10            0     -28134.3 -8.09865e+07  2.03623e+07   1.6301e+08      -573478 -1.58153e+06     -18756.4      -928441     -11629.3            0
-1.64305e+12 -1.13873e+10      3071.89 -1.50448e+09   -1.341e+09     -5566.81 -4.75759e+07 -9.81724e+17   1.7208e+08 -8.36338e+13  1.71203e+10  2.78265e+11  5.14085e+16  6.28659e+10  -2.1541e+08      15456.2  2.19391e+12  -1.9289e+14  3.22964e+15 -1.01919e+11 -5.49174e+13 -1.59514e+14  1.32511e+15  1.67892e+07  1.24451e+08 -1.92303e+09   1.1732e+12  5.88941e+06 -9.19787e+13 -1.61069e+07  1.13319e+15 -8.97231e+10   2.5014e+14   1.2256e+10 -8.72107e+08 -1.90706e+07       937080 -2.81743e+10       959764  9.57368e+07  7.76857e+06  6.60855e+13 -8.22825e+07 -1.82644e+11 -3.44064e+09  8.06843e+07 -3.92113e+15  1.58375e+07  -2.0656e+09  3.05768e+13  -1.2602e+09   5.4363e+10  2.24774e+10  1.44556e+09  5.95792e+07 -7.66526e+09 -1.20036e+08    3.253e+10
           0            0    0.0251417            0     -14248.5    -0.287877     -296.616  3.49859e+12      202.162   2.9607e+09            0            0  6.28659e+10  6.77806e+07      767.616   0.00814646  3.57195e+07 -2.22921e+09 -2.17181e+10      -341732 -6.50397e+07 -2.79463e+10 -2.16473e+10            0     -5075.54      2178.71  6.09202e+07      196.578  5.94544e+09      577.951  1.83856e+10     -89259.1 -5.12582e+08     -39987.6     -4899.99        11398      3.93172      -192132            0     -3469.22      320.701 -2.65092e+08      29891.1 -9.75316e+06      2574.88            0 -1.02701e+11      1.56869     -87661.5  8.96268e+08            0            0      -403338            0      91.0354 -1.54751e+06     -740.424  3.40968e+06
     20715.5            0  8.75545e-05     -121.297     -63.9548 -0.000596736      5.25671  1.55505e+10            0 -4.02441e+07            0            0  -2.1541e+08      767.616      9521.16   -2.853e-05      49790.3 -1.71949e+07 -6.40494e+07      1223.62 -4.03927e+06 -8.32457e+07 -1.53231e+08            0            0            0            0            0  1.83132e+07            0  5.75623e+07            0 -1.28768e+08            0            0            0            0            0   -0.0182787            0     0.158842 -1.40874e+06            0     -8847.04            0            0 -6.43252e+08      -1.0131      51.5776  4.41348e+06     -92.5316            0        -4998            0            0     -4792.74     -50.1283            0
     1.08461   0.00968492  1.98714e-09 -0.000448721 -0.000915773 -4.15171e-09  2.34961e-05      -549865  -5.5549e-05     -81.7482    0.0153494     0.285043      15456.2   0.00814646   -2.853e-05   2.4638e-07     0.676583     -756.055      3486.66     0.091546     -8.41301     -378.918      -649.21  -0.00031576  -7.3143e-05 -0.000177947            0  8.55998e-07     -221.805            0       319.69  -0.00396134      349.884   0.00505675   -0.0005871  0.000105442 -1.93308e-08  -0.00339678  -2.3966e-07 -1.29946e-05  1.90591e-06      74.3842 -0.000207787   -0.0391349 -0.000121122  -0.00020542     -7227.45 -3.56802e-06   0.00568357      66.2488  0.000143695    0.0417457   -0.0784636 -0.000647524 -2.64356e-05    0.0351978 -0.000236395     0.014982
           0            0     0.605867 -1.30037e+06      -171150     -13.6726     -5173.49   1.7192e+14      9199.36  1.07581e+11  1.53441e+07  4.20522e+07  2.19391e+12  3.57195e+07      49790.3     0.676583  3.11035e+10 -6.38446e+10 -7.49616e+11 -2.53282e+07 -6.27258e+09 -9.06868e+11  -6.9584e+11      50937.1            0      -195235  4.38393e+09      599.204  1.92926e+11            0  6.57971e+11  -2.4962e+06 -1.17038e+10            0     -20797.4      4559.53      429.973 -5.09409e+06      10.3947       -54568      13196.7 -4.01352e+09        86333 -6.09017e+07      -173240            0 -3.26471e+12      -2039.6 -4.26462e+06  3.29069e+10            0            0 -1.27037e+07       136791      2358.77 -5.63001e+07     -56715.5  1.49347e+08
 1.24712e+11  -7.7977e+07      -56.542  1.10881e+08 -3.58574e+07      3427.03       308568 -6.53736e+15       613688  2.58136e+12  1.86347e+09  3.05476e+09  -1.9289e+14 -2.22921e+09 -1.71949e+07     -756.055 -6.38446e+10  6.05554e+13   1.6408e+14 -8.29634e+09  1.29291e+12  1.40604e+13  4.59183e+13 -3.53496e+06  5.89786e+06 -2.96704e+07  -7.5489e+10     -77441.9  1.58655e+13 -1.05398e+06 -2.73085e+13 -4.26766e+08 -1.92706e+12  9.97551e+08 -2.29323e+07 -6.67501e+06     -20332.4  7.19776e+08     -18809.8  3.08423e+06       -75509  5.86193e+11 -6.22789e+06  3.10179e+09 -1.37003e+07       756393 -2.13677e+12  1.18609e+06  -1.4473e+08 -3.57161e+12   3.7382e+06  1.40918e+09  3.58051e+09  5.25019e+07       786207 -3.21002e+09  1.64067e+07 -1.25792e+09
 1.21317e+12  4.28332e+08     -922.249  8.35208e+08 -2.69242e+08      25470.1   2.1024e+07 -3.46946e+17 -1.96618e+07  1.40059e+13  2.47194e+10 -2.43526e+09  3.22964e+15 -2.17181e+10 -6.40494e+07      3486.66 -7.49616e+11   1.6408e+14  3.46984e+15 -6.15721e+10  1.83372e+13  1.33452e+14  7.06564e+14 -8.42637e+07  4.69519e+07 -2.95504e+07 -8.81193e+11      -468116  1.01318e+14 -9.77402e+06   -8.731e+13  3.32146e+09 -9.24758e+12  8.91582e+09 -8.12183e+08 -6.23576e+07      -203925  6.79281e+09      -112880  3.55067e+07      -853066  1.81925e+13 -5.81107e+07  2.58007e+10  1.52644e+08  2.16012e+07  3.85882e+13  1.01146e+07 -1.66568e+09 -3.23971e+13  3.31453e+08  3.31413e+09  3.75564e+10  4.23061e+08 -4.24524e+06 -1.66724e+10  1.63348e+08 -1.27134e+10
-5.94652e+07     -31201.6   -0.0162263      54447.5     -20183.1     -1.24043     -325.536  4.23291e+12     -724.639  1.28655e+09  1.67341e+06 -2.02176e+06 -1.01919e+11      -341732      1223.62     0.091546 -2.53282e+07 -8.29634e+09 -6.15721e+10  3.82851e+06   1.0974e+09  2.07405e+09 -4.82742e+08      -3191.1     -7266.26     -10613.3 -3.09334e+07      -22.434  2.05207e+09      1440.17 -1.23906e+10       777990 -1.95645e+09       -58456      22018.4      8460.45     -17.6792       530847    -0.343982       394.09       -72.49 -3.26231e+08     -2195.59       758030      21535.5     -5379.98   3.5901e+09     -136.875        23606  4.76249e+07      27338.1      -401497       156553      6317.66     -171.434       433147      5778.14      -250395
 2.22727e+09            0     -9.87677  4.84079e+08            0        134.5      -116420 -4.04824e+15            0 -2.47716e+12            0 -9.48152e+08 -5.49174e+13 -6.50397e+07 -4.03927e+06     -8.41301 -6.27258e+09  1.29291e+12  1.83372e+13   1.0974e+09  2.28034e+13  6.93684e+11   2.0837e+13            0            0            0 -4.62175e+11     -21276.8 -5.27862e+12            0 -1.65441e+13            0  7.14979e+11  5.66431e+07       733148      -262439      -131500  2.81071e+08     -1137.98  2.94231e+06     -16168.2  1.31451e+11 -8.93191e+06  8.55797e+08            0            0  6.58181e+13        23891  9.65185e+07 -9.25518e+11            0            0  5.00564e+08            0            0  1.58502e+09  1.09796e+08 -4.00494e+08
-2.51498e+11   5.9557e+07      342.384  1.83873e+08  5.59441e+07     -8722.72  1.37219e+06  -3.4211e+16 -2.47956e+06 -1.92521e+12 -2.47689e+09  -7.4142e+09 -1.59514e+14 -2.79463e+10 -8.32457e+07     -378.918 -9.06868e+11  1.40604e+13  1.33452e+14  2.07405e+09  6.93684e+11  1.89773e+14   1.3629e+14  1.27381e+06  6.10007e+06 -3.06201e+07 -3.63125e+11      -362220 -2.17683e+13 -1.61829e+06  -1.0042e+14   8.2113e+08 -9.20167e+12 -1.73643e+09  3.56407e+07 -9.23861e+06     -67826.1 -1.14586e+09      50449.1  2.48782e+07 -1.70974e+06  9.71556e+11 -2.03646e+07  1.65834e+10 -2.61686e+07  1.08882e+07  4.60315e+14 -2.21776e+06   2.2691e+08 -5.64684e+12  1.95009e+08  8.64811e+08  4.02225e+09    1.446e+07       670755  6.50327e+09  1.49323e+06 -1.35991e+10
 -2.5184e+12 -5.89894e+08     -2312.31  1.07796e+09  1.79815e+08      75686.5  1.64387e+07 -2.68978e+17 -2.05899e+07  3.77075e+13  2.15947e+10 -1.45762e+10  1.32511e+15 -2.16473e+10 -1.53231e+08      -649.21  -6.9584e+11  4.59183e+13  7.06564e+14 -4.82742e+08   2.0837e+13   1.3629e+14  2.19455e+15 -8.25119e+07  6.48712e+07 -4.80412e+06 -1.11422e+12      -814242  5.22963e+13 -1.32155e+07 -2.37325e+14  5.14364e+09 -1.02404e+14  1.46311e+10  7.43792e+08 -9.91352e+07      -336432  7.05004e+09       702431  3.33126e+07      -916282  5.75628e+12 -8.24461e+07  3.42954e+10  2.65817e+08  7.74946e+07  1.73096e+15  1.75574e+07 -2.43032e+09 -2.54772e+13  2.70665e+08  3.14999e+09  9.34449e+10  3.63375e+08 -3.26142e+06  1.68511e+10  1.99802e+08 -1.46977e+10
           0      1583.26   0.00012758            0      1852.47 -0.000356089      -469.04  2.94051e+10      286.004  -1.5962e+07      -727021       873970  1.67892e+07            0            0  -0.00031576      50937.1 -3.53496e+06 -8.42637e+07      -3191.1            0  1.27381e+06 -8.25119e+07      3568.28     -21.0583     -1266.49            0   0.00424857  2.54821e+07            0  4.90159e+07      -150093  1.51762e+07            0      66.2201            0            0            0  -0.00552581            0     0.115298      -718220            0     -154.113       -11522      3294.18   1.1256e+07     -2.96858     -488.721  4.08221e+06     -21140.4      94754.9     -587.103     -6634.26       135.48      -7843.7            0            0
           0     -511.465 -7.13896e-06            0      1976.55    -0.001843      61.0181 -4.76415e+09     -32.6764  2.47987e+06     -38552.3       112871  1.24451e+08     -5075.54            0  -7.3143e-05            0  5.89786e+06  4.69519e+07     -7266.26            0  6.10007e+06  6.48712e+07     -21.0583      687.738     -217.384            0            0  -8.8511e+06     -110.127 -2.16973e+07     -11403.1  1.03079e+07            0     -2.74678     -657.525     -0.17167            0            0            0   -0.0196342       466394            0            0        162.4      234.336  6.65419e+07    0.0405457     -25.6774  -1.7758e+06     -1614.16     -7905.54       1762.6     -17.5719     -4.93632      1907.76            0            0
     67971.2       137107  0.000236041            0      321.235   -0.0131751      1123.56 -2.66725e+09      1807.41 -4.84241e+07      -716996  7.23934e+06 -1.92303e+09      2178.71            0 -0.000177947      -195235 -2.96704e+07 -2.95504e+07     -10613.3            0 -3.06201e+07 -4.80412e+06     -1266.49     -217.384       317821            0    0.0500253 -4.87789e+07      30.2708  9.92189e+07      -144256  3.62565e+07            0     -248.857      82.3517            0            0   -0.0354393            0    -0.423686 -1.92008e+06            0            0     -43263.8      2836.14  4.36795e+08            0      195.203       240987     -63733.3 -1.04706e+06     -418.753     -26351.5      -402.28      1648.65      42.0572       8440.1
           0            0      4.94435 -1.65888e+07            0     -17.3643       3939.5  2.53275e+14            0  1.37134e+11            0            0   1.1732e+12  6.09202e+07            0            0  4.38393e+09  -7.5489e+10 -8.81193e+11 -3.09334e+07 -4.62175e+11 -3.63125e+11 -1.11422e+12            0            0            0   1.0653e+12      1445.93  1.82667e+11            0     7.11e+11            0  -1.1766e+11 -1.18588e+07            0       665352      5088.36  5.36398e+06            0 -7.38361e+06      2984.87 -7.31693e+09   1.6102e+06 -5.99558e+07            0            0 -1.45442e+12            0 -2.78198e+06  3.82035e+10            0 -7.63552e+06 -3.41477e+07            0            0 -7.82153e+07 -2.42405e+06  2.16184e+07
           0      1.17031   1.0829e-06     -2.65185     0.281689 -8.04929e-06   0.00811905  1.66915e+08            0       108138            0            0  5.88941e+06      196.578            0  8.55998e-07      599.204     -77441.9      -468116      -22.434     -21276.8      -362220      -814242   0.00424857            0    0.0500253      1445.93    0.0781993       206914            0       713093     -19.8936      63205.4      -3.7815    -0.133254            0 -3.04984e-05            0            0   -0.0187695   0.00160807     -1640.16            0     -1896.04    0.0591193            0 -5.60954e+06  -0.00806568     -3.59097        36353            0     -4.44855     -19.5448            0            0     -61.8503    -0.298654      78.9875
 7.68816e+10 -2.72164e+08      820.434 -2.07109e+08 -3.89713e+07     -29438.6 -5.12435e+06 -2.70444e+16   7.2424e+06 -1.56645e+13 -5.13889e+09  6.66019e+09 -9.19787e+13  5.94544e+09  1.83132e+07     -221.805  1.92926e+11  1.58655e+13  1.01318e+14  2.05207e+09 -5.27862e+12 -2.17683e+13  5.22963e+13  2.54821e+07  -8.8511e+06 -4.87789e+07  1.82667e+11       206914  1.46787e+14  2.26818e+06 -7.62658e+13 -6.48829e+07  2.48178e+13  4.60683e+09 -4.81209e+07   1.6701e+07        46339  4.66732e+07     -31202.2 -6.13863e+06       255771  4.91998e+11  -3.0934e+06 -7.38496e+09 -9.76557e+07 -1.98264e+07 -2.03606e+14  6.62259e+06 -9.55123e+08 -7.67993e+12 -4.81393e+06  4.40369e+08  8.07435e+09 -8.30725e+07  2.32517e+06 -1.68383e+10 -3.81393e+07   4.0031e+09
           0      107.429            0            0     -420.788            0     -11.7883  1.41685e+09      3.65851      -313790       4107.9       -20616 -1.61069e+07      577.951            0            0            0 -1.05398e+06 -9.77402e+06      1440.17            0 -1.61829e+06 -1.32155e+07            0     -110.127      30.2708            0            0  2.26818e+06      60.5644  5.07871e+06      4879.05  -1.7301e+06            0            0      191.694            0            0            0            0   0.00183722     -62764.4            0            0     -16.2103     -12.1031 -7.79515e+06            0      10.6085       381187     -36.0185      1747.37     -342.836            0      1.24064     -387.216            0            0
 2.63846e+11   7.9806e+08      640.972 -9.37867e+08 -8.25331e+07     -15059.2 -9.98604e+06  6.84547e+16   9.2528e+06 -2.50226e+13 -1.82461e+10  3.40078e+09  1.13319e+15  1.83856e+10  5.75623e+07       319.69  6.57971e+11 -2.73085e+13   -8.731e+13 -1.23906e+10 -1.65441e+13  -1.0042e+14 -2.37325e+14  4.90159e+07 -2.16973e+07  9.92189e+07     7.11e+11       713093 -7.62658e+13  5.07871e+06  3.77773e+14 -4.32604e+09  3.64549e+13 -3.90883e+09 -1.53153e+08  3.96924e+07       267327 -6.66452e+09     -29390.3 -2.21888e+07  1.16462e+06  6.81234e+11  5.46689e+07 -2.96726e+10 -3.66109e+08  3.08332e+07 -2.90083e+14  -3.6537e+06   1.7844e+08  1.66197e+13  1.00331e+08  3.33707e+09 -1.53469e+10 -2.34036e+08   3.7036e+06  7.41296e+09 -1.24088e+08  1.11989e+10
           0 -4.98044e+06   -0.0280321            0      -393360     0.502854      31506.3 -3.96783e+12     -88907.7  2.44967e+09  5.07008e+06  3.38693e+08 -8.97231e+10     -89259.1            0  -0.00396134  -2.4962e+06 -4.26766e+08  3.32146e+09       777990            0   8.2113e+08  5.14364e+09      -150093     -11403.1      -144256            0     -19.8936 -6.48829e+07      4879.05 -4.32604e+09  3.94784e+08 -4.16628e+09            0      12367.5        14687      6.98971            0    -0.643358            0     -5.41712  1.15031e+08            0       343202 -2.60759e+06      71751.1  2.86114e+10      330.027      48837.3 -4.71221e+08  1.19194e+07 -3.79548e+07       269905      -677022       1774.3       817410            0      -345759
 1.96091e+11  2.05143e+08      1248.34  4.15488e+07  5.19258e+07     -29712.5  6.54959e+06  1.35907e+16  4.29119e+06 -4.79557e+13 -5.00654e+09 -5.57655e+09   2.5014e+14 -5.12582e+08 -1.28768e+08      349.884 -1.17038e+10 -1.92706e+12 -9.24758e+12 -1.95645e+09  7.14979e+11 -9.20167e+12 -1.02404e+14  1.51762e+07  1.03079e+07  3.62565e+07  -1.1766e+11      63205.4  2.48178e+13  -1.7301e+06  3.64549e+13 -4.16628e+09  7.77109e+13  5.54121e+08  -2.5423e+07 -4.31301e+06     -9819.29 -4.59262e+09     -40572.7      -956466      5954.33  1.01201e+12      -322642  -1.8642e+09 -8.87165e+07  1.60564e+07 -2.39105e+14       999735 -4.41986e+07  3.59138e+12 -5.73566e+07  2.19514e+09 -4.11211e+09 -5.26764e+07  1.52028e+06 -5.72653e+09  1.07992e+07  -1.6387e+08
           0            0   -0.0106426      4446.36            0     0.377813     -43.4485 -3.08796e+12            0 -6.05834e+08            0            0   1.2256e+10     -39987.6            0   0.00505675            0  9.97551e+08  8.91582e+09       -58456  5.66431e+07 -1.73643e+09  1.46311e+10            0            0            0 -1.18588e+07      -3.7815  4.60683e+09            0 -3.90883e+09            0  5.54121e+08  9.44936e+06      411.632            0     -11.4554       254217            0            0            0  8.53399e+07     -8565.42       149102            0            0   3.6562e+09      2234.02        47331 -4.69513e+08            0            0       273784            0            0       403403      608.495            0
 -3.2977e+06     -3144.87 -0.000111287            0      178.918 -0.000189504     -9.32202 -7.55875e+10      10.5223  1.36318e+07      5875.65            0 -8.72107e+08     -4899.99            0   -0.0005871     -20797.4 -2.29323e+07 -8.12183e+08      22018.4       733148  3.56407e+07  7.43792e+08      66.2201     -2.74678     -248.857            0    -0.133254 -4.81209e+07            0 -1.53153e+08      12367.5  -2.5423e+07      411.632      6608.65            0  -0.00456965      -1711.9     0.965535            0   -0.0655985  -6.0032e+06      3.46973      2491.97            0      28.9837  1.30817e+08    0.0691319     -178.731  5.77151e+06      909.702      7605.77      29242.4            0       8.8584      19778.1      8.82583      703.723
           0      386.936  2.69577e-06     -32.8437     -3233.12 -0.000252244     -88.5362  6.51676e+09       16.012 -9.35644e+06       6774.4      -195116 -1.90706e+07        11398            0  0.000105442      4559.53 -6.67501e+06 -6.23576e+07      8460.45      -262439 -9.23861e+06 -9.91352e+07            0     -657.525      82.3517       665352            0   1.6701e+07      191.694  3.96924e+07        14687 -4.31301e+06            0            0      2301.62            0      -244.58            0     -4.95434     0.161485      -443463      1.18532     -665.831     -1768.47     -70.4633 -3.23046e+07    0.0904334      183.327  3.34658e+06     -2421.91      11613.8     -2868.73            0      9.82639     -3647.51     -12.0436      118.015
           0            0  4.43666e-07     -20.4414    -0.525331  1.19674e-06  -0.00783763  6.76723e+07    0.0100751      41556.6       15.647            0       937080      3.93172            0 -1.93308e-08      429.973     -20332.4      -203925     -17.6792      -131500     -67826.1      -336432            0     -0.17167            0      5088.36 -3.04984e-05        46339            0       267327      6.98971     -9819.29     -11.4554  -0.00456965            0    0.0167667            0            0   0.00162874  0.000127603     -2757.16  0.000708076       2.5467            0   -0.0785892 -1.09832e+06  -0.00170453    -0.249826      14539.8      1.36658            0       -10.71            0            0     -17.6588    -0.342079      6.00092
 4.25236e+06            0   -0.0617749      3035.93            0       1.3387     -620.534 -1.49156e+12            0   2.5086e+09            0            0 -2.81743e+10      -192132            0  -0.00339678 -5.09409e+06  7.19776e+08  6.79281e+09       530847  2.81071e+08 -1.14586e+09  7.05004e+09            0            0            0  5.36398e+06            0  4.66732e+07            0 -6.66452e+09            0 -4.59262e+09       254217      -1711.9      -244.58            0  5.86902e+07    -0.394953            0     -6.16566  3.84973e+07            0      24313.8            0            0  3.46713e+10      72.8028      41102.8 -4.02835e+08            0            0       293574            0            0       393065    -0.475484      -197876
    -1972.51    -0.391344  6.78079e-08    0.0247926   -0.0215323            0  0.000839972 -4.03694e+07            0      12993.1     -1.21273      7.75415       959764            0   -0.0182787  -2.3966e-07      10.3947     -18809.8      -112880    -0.343982     -1137.98      50449.1       702431  -0.00552581            0   -0.0354393            0            0     -31202.2            0     -29390.3    -0.643358     -40572.7            0     0.965535            0            0    -0.394953   0.00316684            0  5.34265e-05      545.148            0    -0.573461            0   -0.0224168       691569            0    -0.658913      1971.34            0      3.54496      26.2724            0 -0.000409303      14.4391   -0.0139572     0.405906
           0            0 -0.000164204      -17.163            0  -0.00122741    -0.585255 -6.72142e+09            0  -1.9333e+06            0            0  9.57368e+07     -3469.22            0 -1.29946e-05       -54568  3.08423e+06  3.55067e+07       394.09  2.94231e+06  2.48782e+07  3.33126e+07            0            0            0 -7.38361e+06   -0.0187695 -6.13863e+06            0 -2.21888e+07            0      -956466            0            0     -4.95434   0.00162874            0            0       1021.7    -0.050959       278443     -11.9894      1204.26            0            0  8.62189e+07            0      10.4881 -1.06916e+06            0            0      556.126            0            0      1734.86      36.0452      -3798.6
           0            0  7.88513e-07      1.33738    -0.543983 -2.85951e-06   -0.0128542  2.40291e+08    0.0203921       174986      33.2991      91.2627  7.76857e+06      320.701     0.158842  1.90591e-06      13196.7       -75509      -853066       -72.49     -16168.2 -1.70974e+06      -916282     0.115298   -0.0196342    -0.423686      2984.87   0.00160807       255771   0.00183722  1.16462e+06     -5.41712      5954.33            0   -0.0655985     0.161485  0.000127603     -6.16566  5.34265e-05    -0.050959    0.0881565       -12286     0.159957     -75.4172    -0.536112            0 -5.84137e+06  -0.00272199     -7.57878      56163.8    -0.355903     -2.92571     -21.0655     0.296862   0.00568594     -96.2057    -0.133748      220.802
  6.7604e+09 -1.02834e+08      1.54998  6.30021e+06      -967476      54.1945       354902 -3.76178e+15      -110245  5.95083e+09  3.60922e+08 -3.17709e+08  6.60855e+13 -2.65092e+08 -1.40874e+06      74.3842 -4.01352e+09  5.86193e+11  1.81925e+13 -3.26231e+08  1.31451e+11  9.71556e+11  5.75628e+12      -718220       466394 -1.92008e+06 -7.31693e+09     -1640.16  4.91998e+11     -62764.4  6.81234e+11  1.15031e+08  1.01201e+12  8.53399e+07  -6.0032e+06      -443463     -2757.16  3.84973e+07      545.148       278443       -12286  6.73273e+11      -746028  6.01019e+07 -2.10765e+06 -1.43544e+06 -2.55917e+13      58703.2 -3.16681e+06  -9.7683e+10  2.30719e+06 -2.65102e+08  2.42222e+08  1.07203e+07       102941 -3.26145e+07       556029 -4.94577e+07
           0            0  0.000807852     -20.7266            0            0      4.66382   1.8804e+10            0 -1.24841e+07            0            0 -8.22825e+07      29891.1            0 -0.000207787        86333 -6.22789e+06 -5.81107e+07     -2195.59 -8.93191e+06 -2.03646e+07 -8.24461e+07            0            0            0   1.6102e+06            0  -3.0934e+06            0  5.46689e+07            0      -322642     -8565.42      3.46973      1.18532  0.000708076            0            0     -11.9894     0.159957      -746028      3275.25     -15051.2            0            0 -2.07435e+08            0     -560.976  3.03186e+06            0            0     -3525.96            0            0     -1219.58     -50.5844      12631.3
      576489     -22509.9   -0.0388932      62666.6      -5417.9     0.443874     -438.018 -7.82642e+12            0 -4.03948e+09            0            0 -1.82644e+11 -9.75316e+06     -8847.04   -0.0391349 -6.09017e+07  3.10179e+09  2.58007e+10       758030  8.55797e+08  1.65834e+10  3.42954e+10     -154.113            0            0 -5.99558e+07     -1896.04 -7.38496e+09            0 -2.96726e+10       343202  -1.8642e+09       149102      2491.97     -665.831       2.5467      24313.8    -0.573461      1204.26     -75.4172  6.01019e+07     -15051.2  8.40306e+07            0            0  2.07935e+11      222.418       160049 -1.53788e+09            0       331074       858620            0            0  2.46757e+06      10595.6  -6.0029e+06
           0      -143217  0.000569092            0      27736.8   -0.0123219      1097.37 -8.53866e+10     -365.892  6.19463e+07  4.47758e+06 -1.11902e+07 -3.44064e+09      2574.88            0 -0.000121122      -173240 -1.37003e+07  1.52644e+08      21535.5            0 -2.61686e+07  2.65817e+08       -11522        162.4     -43263.8            0    0.0591193 -9.76557e+07     -16.2103 -3.66109e+08 -2.60759e+06 -8.87165e+07            0            0     -1768.47            0            0            0            0    -0.536112 -2.10765e+06            0            0       647143     -21706.6  8.16793e+08     -9.17235       1394.8 -1.27843e+07       359259  -1.9363e+06     -1283.59     -3542.34     -1020.64      28478.7            0      9974.97
     15908.5      13807.2  0.000200659            0      3927.62 -0.000843728       152.36 -4.65508e+09     -1560.51 -5.65343e+06      -673534      -121513  8.06843e+07            0            0  -0.00020542            0       756393  2.16012e+07     -5379.98            0  1.08882e+07  7.74946e+07      3294.18      234.336      2836.14            0            0 -1.98264e+07     -12.1031  3.08332e+07      71751.1  1.60564e+07            0      28.9837     -70.4633   -0.0785892            0   -0.0224168            0            0 -1.43544e+06            0            0     -21706.6      43595.4  -4.4208e+07            0     -377.568      -531464      6373.22     -70406.6      3711.25      29345.4      92.5966       3866.4      13.3533            0
-2.99174e+12  1.10939e+10     -1994.53  3.33912e+09  7.56534e+08      -143956  4.29136e+07 -8.33673e+16 -6.15279e+07 -1.05064e+14  3.75829e+10 -5.30066e+10 -3.92113e+15 -1.02701e+11 -6.43252e+08     -7227.45 -3.26471e+12 -2.13677e+12  3.85882e+13   3.5901e+09  6.58181e+13  4.60315e+14  1.73096e+15   1.1256e+07  6.65419e+07  4.36795e+08 -1.45442e+12 -5.60954e+06 -2.03606e+14 -7.79515e+06 -2.90083e+14  2.86114e+10 -2.39105e+14   3.6562e+09  1.30817e+08 -3.23046e+07 -1.09832e+06  3.46713e+10       691569  8.62189e+07 -5.84137e+06 -2.55917e+13 -2.07435e+08  2.07935e+11  8.16793e+08  -4.4208e+07  1.14979e+16  3.07132e+06  4.26854e+07 -1.14413e+13 -4.44672e+09  1.31055e+10  4.53376e+10 -3.10373e+08 -1.93657e+07  4.11583e+10  5.17972e+08 -6.37124e+10
     1248.47     -61.6107 -1.86753e-05      8.99434     -8.33793   7.7927e-05     0.210557 -3.53388e+09    -0.362276 -1.04877e+06            0            0  1.58375e+07      1.56869      -1.0131 -3.56802e-06      -2039.6  1.18609e+06  1.01146e+07     -136.875        23891 -2.21776e+06  1.75574e+07     -2.96858    0.0405457            0            0  -0.00806568  6.62259e+06            0  -3.6537e+06      330.027       999735      2234.02    0.0691319    0.0904334  -0.00170453      72.8028            0            0  -0.00272199      58703.2            0      222.418     -9.17235            0  3.07132e+06      4.84764     -77.7229      -532595            0     -27.1279     -87.0665            0    -0.042029     -118.125     0.474465      3.18078
 2.89368e+06     -912.924  -0.00386981      3313.98     -403.991     0.121106      54.6008  3.49478e+11     -63.5078  4.95942e+07      79807.3     -28134.3  -2.0656e+09     -87661.5      51.5776   0.00568357 -4.26462e+06  -1.4473e+08 -1.66568e+09        23606  9.65185e+07   2.2691e+08 -2.43032e+09     -488.721     -25.6774      195.203 -2.78198e+06     -3.59097 -9.55123e+08      10.6085   1.7844e+08      48837.3 -4.41986e+07        47331     -178.731      183.327    -0.249826      41102.8    -0.658913      10.4881     -7.57878 -3.16681e+06     -560.976       160049       1394.8     -377.568  4.26854e+07     -77.7229      77132.2  7.50745e+07      1898.24     -21167.2     -57910.8       114.65     -37.3132      91794.7      370.873     -52303.2
-8.66035e+09  1.90147e+07      94.1591 -4.73229e+07 -3.09326e+06     -2990.86      -654201  8.48144e+15  1.08584e+06 -2.87876e+12 -8.16498e+08 -8.09865e+07  3.05768e+13  8.96268e+08  4.41348e+06      66.2488  3.29069e+10 -3.57161e+12 -3.23971e+13  4.76249e+07 -9.25518e+11 -5.64684e+12 -2.54772e+13  4.08221e+06  -1.7758e+06       240987  3.82035e+10        36353 -7.67993e+12       381187  1.66197e+13 -4.71221e+08  3.59138e+12 -4.69513e+08  5.77151e+06  3.34658e+06      14539.8 -4.02835e+08      1971.34 -1.06916e+06      56163.8  -9.7683e+10  3.03186e+06 -1.53788e+09 -1.27843e+07      -531464 -1.14413e+13      -532595  7.50745e+07  1.92202e+12 -1.25399e+07  2.13758e+08 -1.76973e+09 -1.58863e+07       283528  8.40416e+08 -7.60675e+06  6.16836e+08
           0      -716808  0.000902108            0     -73422.4  -0.00872939     -2318.15 -2.99734e+11      2403.72  1.71886e+08  5.61978e+06  2.03623e+07  -1.2602e+09            0     -92.5316  0.000143695            0   3.7382e+06  3.31453e+08      27338.1            0  1.95009e+08  2.70665e+08     -21140.4     -1614.16     -63733.3            0            0 -4.81393e+06     -36.0185  1.00331e+08  1.19194e+07 -5.73566e+07            0      909.702     -2421.91      1.36658            0            0            0    -0.355903  2.30719e+06            0            0       359259      6373.22 -4.44672e+09            0      1898.24 -1.25399e+07  7.17387e+06  -1.6349e+06      15371.2      -236884      -892.07     -438.739      6.89249            0
-4.95082e+06  3.40851e+06    0.0286166            0     -6417.12    -0.886763     -19124.7  7.10963e+11     -6633.69  -2.5226e+09 -3.03019e+07   1.6301e+08   5.4363e+10            0            0    0.0417457            0  1.40918e+09  3.31413e+09      -401497            0  8.64811e+08  3.14999e+09      94754.9     -7905.54 -1.04706e+06 -7.63552e+06     -4.44855  4.40369e+08      1747.37  3.33707e+09 -3.79548e+07  2.19514e+09            0      7605.77      11613.8            0            0      3.54496            0     -2.92571 -2.65102e+08            0       331074  -1.9363e+06     -70406.6  1.31055e+10     -27.1279     -21167.2  2.13758e+08  -1.6349e+06  1.91557e+08       174753 -1.36152e+06     -4904.52      -174960     -3474.19      -169667
-1.05208e+08     -12353.8   -0.0946516      25554.4      5963.41      3.29633     -78.9452 -1.16968e+13     -272.264  2.15011e+09      95179.5      -573478  2.24774e+10      -403338        -4998   -0.0784636 -1.27037e+07  3.58051e+09  3.75564e+10       156553  5.00564e+08  4.02225e+09  9.34449e+10     -587.103       1762.6     -418.753 -3.41477e+07     -19.5448  8.07435e+09     -342.836 -1.53469e+10       269905 -4.11211e+09       273784      29242.4     -2868.73       -10.71       293574      26.2724      556.126     -21.0655  2.42222e+08     -3525.96       858620     -1283.59      3711.25  4.53376e+10     -87.0665     -57910.8 -1.76973e+09      15371.2       174753  5.96832e+06      5646.85      76.8483      22965.9      6839.29      -353462
