 1.54751e+20 -4.10661e+22 -4.55206e+21  9.84044e+09 -1.68621e+21  2.66534e+18            0            0 -5.04161e+14  4.80009e+14            0            0  4.74024e+17  3.44616e+12            0 -9.86991e+19 -1.82879e+13            0 -6.80812e+14 -2.57911e+18  2.91556e+22            0            0 -1.49258e+12     -93888.8            0            0 -3.75306e+21            0            0            0     -857.726  -3.1663e+17  1.32317e+11 -2.00843e+10            0 -2.43924e+15            0 -8.61792e+16            0 -3.72678e+15  3.48309e+12  5.80282e+21  5.03396e+14            0 -3.25949e+20  2.44036e+17 -4.18451e+12 -8.78705e+13            0            0            0            0            0            0 -5.19789e+10      106.271            0            0  2.06832e+18  1.45279e+20     -4768.19  5.19841e+14 -1.84648e+16      45963.1  7.52423e+18      4335.09 -7.37134e+15      -4163.1  7.24187e+09            0            0  3.24907e+07 -2.08038e+09  2.42487e+09            0            0       147212            0            0            0            0            0            0  -5.1988e+12            0     -22306.5  2.10461e+23  3.20326e+07 -5.69822e+06            0  2.56358e+11 -2.66365e+14  5.18177e+14
-4.10661e+22  2.78378e+28  2.75026e+25  9.78734e+15  2.78812e+26  2.83227e+22 -1.13623e+17  -3.2104e+13  2.92291e+19 -5.59934e+18 -2.77084e+18 -7.50997e+17 -2.25534e+22  1.74474e+18 -3.11159e+15  6.11392e+25  6.45748e+19 -1.16408e+15 -1.80817e+19  1.31188e+23 -1.33383e+28  5.09051e+18 -1.68239e+17 -5.20692e+15  2.62852e+10 -1.76752e+16 -1.65563e+16  1.41199e+28  -5.8609e+16 -1.10155e+15  1.05332e+17  1.77051e+09 -2.86868e+23 -5.31385e+14 -3.79587e+14 -1.08189e+20 -5.61047e+20 -2.31577e+14 -2.01851e+21 -7.33098e+16  2.37072e+19 -2.27373e+17 -1.32323e+28  1.95397e+20 -1.80475e+18    6.893e+26 -2.41218e+22  1.44585e+17 -1.36902e+18  2.98656e+15  3.04454e+17 -2.78989e+17  2.58474e+19 -3.21287e+16  3.64404e+11 -4.70586e+16  3.06198e+09 -2.26428e+14  1.27057e+15 -8.41898e+23 -2.40308e+23  4.40131e+09 -2.66238e+19  5.71776e+20 -6.26994e+09 -4.79394e+22 -1.74542e+09 -3.25298e+21 -1.30747e+09  -4.7714e+15 -8.51328e+19  6.58219e+19 -8.54519e+12 -8.26173e+13  -4.8245e+14 -8.68473e+18 -1.16654e+17 -9.90063e+07  1.25269e+14  3.53561e+16 -1.31697e+14 -4.25764e+19  3.45472e+14  3.53757e+17 -2.50474e+18 -1.74459e+17 -2.61332e+10  3.78723e+27 -8.97657e+12  4.31803e+12  1.01305e+19 -2.17622e+17   1.0031e+20 -1.00842e+20
-4.55206e+21  2.75026e+25  2.28699e+26            0  1.16566e+24  5.27113e+21            0            0  8.16734e+17 -5.20116e+16  -2.4755e+16            0            0 -3.17279e+15            0  4.71295e+22            0            0 -2.14332e+17  1.53079e+22 -2.04743e+25            0            0  4.67162e+14  2.57453e+07            0            0  1.59374e+25            0            0 -1.13639e+14 -2.57281e+06            0   9.2289e+12  8.87842e+11            0 -1.08463e+18            0  -1.3995e+19            0 -4.36996e+17            0 -8.92792e+25            0            0 -1.29554e+24 -1.72319e+20            0  8.73573e+16            0            0            0            0            0            0            0 -2.11666e+06            0            0 -1.79124e+21            0  6.70792e+06  1.42225e+17            0 -8.16041e+06 -1.14101e+22            0  4.74193e+18            0 -1.37767e+12            0            0            0  1.33806e+13            0  2.52857e+16            0            0            0            0            0            0            0            0  8.84411e+15            0            0  2.07489e+25  6.37984e+10 -6.10901e+09            0            0  1.43793e+17 -4.39242e+18
 9.84044e+09  9.78734e+15            0  1.66274e+06 -1.05229e+14            0            0    -0.368572            0      -196575 -7.24563e+06 -7.37347e+07            0      -140168      42086.4  3.32616e+13            0     -16134.3            0  8.05743e+10 -9.92007e+15            0 -8.18529e+06     -8780.74            0       296470 -1.39419e+06  5.55135e+15  4.32062e+06     -278.537     -5155.61  9.68483e-05 -1.21705e+10            0     -1094.11            0 -3.45262e+08      1308.92 -2.81698e+08  1.35396e+06            0            0 -5.06553e+15  5.13976e+07   1.5283e+06  8.07385e+14  3.72258e+10            0   -3.948e+06      -289280 -9.25547e+06  1.02512e+07            0       526298            0     -13463.6 -9.87982e-05            0     -57005.1 -4.36035e+11            0   0.00251374            0            0 -0.000223199            0  -0.00216792  9.43379e+07            0            0  9.60608e+06 -2.49305e+06    -0.214113     -506.521            0 -7.67012e+07      -576339  -0.00657272      297.799       350997     -41644.8            0            0  5.59416e+06 -3.49046e+08      73901.1 -0.000412333  1.44251e+16     -2.69675      181.659            0      -380300  7.99885e+07  5.07336e+07
-1.68621e+21  2.78812e+26  1.16566e+24 -1.05229e+14  6.40388e+25  1.38012e+20 -1.38456e+15 -1.33171e+12  1.75629e+17  1.17626e+16  6.63992e+16  1.62727e+16 -2.20779e+20  2.90543e+16  2.52402e+12  8.81117e+23 -8.84522e+16 -2.18887e+13 -3.61831e+15  3.02905e+21  3.55626e+26  2.34901e+16 -2.95098e+16 -5.06057e+13  7.89435e+07 -1.19603e+15  3.58779e+14  4.00672e+25 -1.12482e+15 -1.79145e+13  2.71589e+15  3.48043e+07 -2.77885e+21 -2.38494e+12 -4.04487e+12  3.75806e+17  3.68607e+16 -6.99792e+12  -2.9495e+18  4.82739e+15  2.49079e+17 -6.68256e+15 -1.03668e+26 -1.67296e+18 -6.21623e+16 -2.67137e+25 -1.90399e+21  3.19223e+15 -2.41621e+16  2.26734e+15 -2.61498e+16 -7.84952e+15  3.21925e+17 -1.87874e+15 -3.06918e+09 -2.35487e+15  1.66788e+08  1.72115e+12  3.76544e+13 -3.44333e+22 -6.20518e+21  5.00368e+07 -1.83895e+17  4.03898e+20 -1.47429e+08 -4.93751e+20  2.32581e+07  -5.6782e+19  2.82066e+07 -3.41634e+13  2.70996e+18 -2.89923e+18  7.45062e+10 -2.66053e+12 -1.54941e+13   -4.403e+16 -6.07998e+15  4.38755e+08  -3.3329e+12  1.69421e+15 -1.61396e+12  7.81791e+17  5.31972e+11  1.40929e+16 -1.01104e+17 -8.69737e+15 -2.12908e+08  -4.2069e+24  5.01127e+09   4.6476e+10 -1.96902e+17  5.54472e+15  1.90947e+18  9.89459e+16
 2.66534e+18  2.83227e+22  5.27113e+21            0  1.38012e+20  8.56328e+19            0            0  5.75367e+14 -5.43485e+13            0            0            0 -2.23974e+12            0  5.68329e+19            0            0 -3.32338e+14  3.86894e+18 -3.28956e+22   3.1208e+15            0 -2.69146e+11     -98449.3            0            0  2.45775e+22            0            0            0            0            0 -8.16556e+10 -1.23928e+09            0 -2.33606e+15            0 -3.80917e+16  5.85576e+11   3.0246e+15            0 -9.17869e+22            0            0   4.8577e+20 -1.08273e+17            0  2.94959e+12            0            0            0            0            0            0            0            0            0            0 -1.54264e+18 -6.73398e+18      6978.82 -2.55211e+14            0        41286            0            0  2.88644e+15            0            0            0            0            0  1.78383e+09            0            0            0            0            0            0            0            0            0            0            0            0            0 -3.07863e+22  1.34925e+06            0            0            0   2.0795e+14 -6.88312e+15
           0 -1.13623e+17            0            0 -1.38456e+15            0  5.88528e+08     -40.6812            0            0            0            0            0 -5.52623e+06      -502984  6.39703e+14  2.41261e+08      36688.5            0 -5.18175e+12  6.96717e+17            0 -5.16116e+08            0     0.127437 -2.34559e+06            0  -4.8336e+16            0            0            0            0            0            0            0            0   5.4888e+09            0            0            0            0            0  3.05356e+16            0            0  9.35983e+15  7.63837e+11            0            0 -8.53981e+06            0            0            0 -1.14988e+07            0 -1.53809e+07    -0.047151            0      -158879 -1.26956e+12            0    0.0349115            0  1.62222e+11    0.0292243            0            0  2.16872e+10            0            0            0 -1.15164e+08            0            0            0            0            0    0.0266404            0  6.63525e+06            0            0            0  1.31385e+08            0            0            0  5.98065e+16     -122.906            0            0            0 -1.96459e+09   1.5691e+09
           0  -3.2104e+13            0    -0.368572 -1.33171e+12            0     -40.6812     0.506295      -4414.5      1592.31      3835.55      1303.83  3.28213e+06      -2633.3            0  -8.4226e+10     -18034.8     0.597272            0  5.65878e+08  1.44178e+13            0     -347.406       1.0624 -8.71618e-06         1.16      1.40549 -2.28667e+13      178.254            0     -29.5979  2.93414e-07  1.42324e+09            0     0.180849            0      -949773   -0.0552822     -82706.9      228.703     -44801.6      239.715 -1.83036e+13       -50625     -133.575  3.77831e+11  6.81181e+07     -124.744      297.164      62.2837     -717.916            0            0       45.814  4.95824e-05      13.6416 -8.54875e-07            0     -1.40521   1.2109e+09   4.3709e+08 -4.46144e-06            0 -1.42884e+06 -4.70075e-05  3.21146e+06   5.0617e-07  4.97156e+06  8.85833e-07   -0.0493679     -3043.18      2641.55   0.00300025    0.0774254            0      2864.83            0  2.43364e-06   -0.0296445      34.2461            0            0   -0.0151519      447.883            0     -155.884  8.19531e-05 -9.96975e+12   0.00553546            0            0      8.91895     -99298.7      -374584
-5.04161e+14  2.92291e+19  8.16734e+17            0  1.75629e+17  5.75367e+14            0      -4414.5  3.27479e+12 -1.43211e+11 -1.32607e+09            0 -5.77237e+12 -5.43632e+08            0  8.27882e+16  5.79515e+10            0 -4.38515e+11  3.04235e+15    -2.73e+19  3.34382e+10            0 -1.45046e+08      5.57237            0            0  2.10096e+19            0            0 -6.08681e+06      1.44795 -2.09048e+14 -8.52278e+06  -5.0945e+06            0   2.2469e+10            0 -7.02316e+13            0  8.18723e+11            0  -2.0404e+19  2.52983e+11            0  1.38393e+18 -8.46396e+13  3.01499e+08 -1.20462e+10            0            0            0 -1.42213e+11            0            0 -8.32486e+06    -0.493942 -2.33584e+06            0 -1.32884e+15 -1.23784e+15      6.19657 -1.68482e+12 -7.75851e+11      18.3479   -6.921e+14            0  1.20759e+12     -4.54788       189353            0            0     -16756.4  3.01554e+06            0  1.35437e+09  2.87268e+07     -15.6954            0            0            0 -1.61278e+09  2.97296e+06            0 -3.53517e+09            0     -10.9673  1.28233e+19     -4590.32      2442.03  2.56108e+08 -4.03853e+07  1.61821e+11    -1.07e+12
 4.80009e+14 -5.59934e+18 -5.20116e+16      -196575  1.17626e+16 -5.43485e+13            0      1592.31 -1.43211e+11  5.46738e+10  3.26068e+08            0  -8.2327e+12  1.75521e+08            0 -1.41956e+16 -2.60089e+09     -42798.9   1.8389e+10  -4.1835e+14  6.17169e+18  -1.1306e+10            0       987346     -5.38177            0            0 -4.05974e+18            0     -52434.1  1.49675e+06    -0.127686  1.49059e+13  2.33626e+06       408827            0 -5.04573e+10            0  1.87903e+13            0 -1.27122e+11  6.07389e+07  2.72656e+18 -7.72822e+10            0 -2.87313e+17  1.72974e+13 -9.86564e+07 -8.70414e+08            0            0            0  3.27232e+10            0      18.2729  3.65477e+06    -0.090139       148877            0  2.75901e+14  2.43984e+15      -1.2395  6.73431e+10 -1.16139e+11     -1.84452  4.09139e+14            0 -4.14073e+11    0.0979912       192626 -2.07969e+09            0      3134.74      -407868  3.10173e+06 -3.33043e+08  5.10618e+07      9.17416            0            0            0 -2.86385e+09      -150159            0  3.99529e+08            0      0.94727  2.60349e+18       395.26     -90.4425  4.54846e+08  2.17327e+07 -3.37349e+10  3.09298e+10
           0 -2.77084e+18  -2.4755e+16 -7.24563e+06  6.63992e+16            0            0      3835.55 -1.32607e+09  3.26068e+08  4.17282e+11  1.17742e+10            0  5.54971e+07  2.60863e+08 -4.29896e+15            0   2.2794e+07            0  8.86995e+13  6.94729e+18            0  -8.3778e+08      -269740            0  2.13125e+08 -1.34012e+07 -3.47798e+18  2.88181e+09  1.18529e+07  -5.0224e+08   -0.0597268            0            0            0 -3.19089e+11  2.05527e+11 -8.26755e+06            0  -4.4767e+07            0            0  2.71426e+18 -6.59696e+10  1.79867e+09 -8.81317e+16  5.11863e+12            0 -1.19853e+08 -1.33059e+09 -2.46737e+10 -1.01726e+10            0  4.06697e+08            0  1.46259e+09    0.0647441            0 -3.25319e+07  1.06787e+14            0    -0.506863            0 -1.95259e+11     -4.53478  1.03587e+14            0  3.93479e+10    0.0214467            0            0            0            0  2.78367e+06            0  1.51574e+11  1.13197e+10            0 -3.39933e+06 -1.99697e+07      -660950            0            0 -6.93539e+09 -2.13828e+09  3.50902e+08            0  5.89196e+18      489.497      74314.1            0            0 -2.22804e+10 -4.70306e+09
           0 -7.50997e+17            0 -7.37347e+07  1.62727e+16            0            0      1303.83            0            0  1.17742e+10  9.39499e+10            0   5.4442e+06  1.51534e+08 -5.77583e+15            0  4.05564e+06            0  2.08997e+13  9.21683e+17            0  1.40077e+09      -196220   -0.0774951  1.08302e+08  6.20465e+07 -1.07967e+18  1.57752e+09   5.4158e+06 -3.09131e+08    0.0764486  4.30537e+13            0     -24450.3  1.80402e+12  7.54593e+09      -338910            0  9.45665e+08            0            0  2.02471e+17  4.02254e+09  6.45946e+09 -1.13722e+17 -8.07147e+11            0 -8.82244e+07 -8.75094e+08 -5.69546e+09  8.14941e+09            0 -3.65615e+08            0 -1.67929e+08     0.382877     -54140.1 -5.58629e+07  3.54637e+13            0    -0.175873            0 -1.46055e+12     -1.34155 -5.79299e+12            0  6.00659e+10            0            0            0            0     -169.628       819902            0  1.19576e+10  4.11436e+09      1.70862            0 -2.97313e+07  3.17532e+06            0            0 -1.97146e+09 -2.24832e+10 -9.60378e+08      3.03126  3.96565e+18      635.744     -67562.3            0  1.01001e+08 -6.68602e+09 -1.38668e+10
 4.74024e+17 -2.25534e+22            0            0 -2.20779e+20            0            0  3.28213e+06 -5.77237e+12  -8.2327e+12            0            0  1.24852e+19  1.58155e+12 -2.44045e+09 -4.36224e+19  1.84069e+14  4.92235e+08            0  4.73626e+17  2.38127e+22   -6.562e+12            0            0      88970.2  4.51377e+10            0 -1.14811e+22  2.62642e+11            0  8.33819e+10     -726.617            0  -3.1109e+09 -4.06514e+08            0  -8.4012e+14            0  1.75914e+14            0  1.63089e+13            0  -1.4791e+21 -4.78125e+15  1.70906e+12 -6.61121e+20  7.92669e+16  6.70359e+10            0            0            0            0  2.45738e+14 -1.78051e+09       417364  3.93329e+11            0  3.35092e+10            0   1.3288e+18            0     -4902.18            0 -7.58602e+15     -12624.3  2.05772e+17     -23087.6 -2.00377e+15     -2485.41  1.00696e+09            0            0  8.89531e+08 -8.32273e+07            0            0  1.20569e+12      2130.44            0  4.28181e+10            0 -4.43778e+12 -1.65395e+10 -2.31573e+11            0            0            0  6.05247e+22 -8.77894e+06            0  5.29184e+11  1.71351e+12 -1.71615e+14 -5.83124e+14
 3.44616e+12  1.74474e+18 -3.17279e+15      -140168  2.90543e+16 -2.23974e+12 -5.52623e+06      -2633.3 -5.43632e+08  1.75521e+08  5.54971e+07   5.4442e+06  1.58155e+12  2.57748e+08  1.01135e+06   3.7522e+15 -3.54373e+09       121248  8.93301e+08 -2.06791e+12  -6.4729e+17 -1.73534e+08  1.76509e+07       231132     -1.33872  1.74798e+06      19871.1  1.42136e+18  1.20483e+07       106591 -8.53684e+06      0.11684 -4.63653e+12      8272.89      8985.01  9.14147e+09  4.11826e+09      2500.02  9.51136e+10  1.05281e+07 -3.31757e+08  7.67029e+06  4.82346e+17 -9.97909e+09  1.46931e+08   2.8416e+16 -9.59411e+11  1.20547e+06  1.57377e+07 -4.93898e+06 -2.75891e+07  -1.0151e+07 -1.76101e+09  2.92354e+06      18.4631  5.11127e+06     0.204654      19896.1      -213581 -5.33497e+13  2.02442e+13     0.288757  1.86926e+09  3.35969e+11      2.68773   3.2872e+12     0.111922 -3.05555e+11   0.00663818       157254 -6.00354e+09  4.16692e+09      433.667      15771.5      16093.3  1.40526e+08  1.73025e+07     0.397001     -1421.53 -2.34194e+06      787.682 -2.51101e+09     -3289.16 -3.74648e+07  5.55854e+07  1.07434e+07    -0.185692  9.11787e+17      564.983     -26.3409  6.22671e+08   1.2619e+07  4.68534e+09 -3.45114e+09
           0 -3.11159e+15            0      42086.4  2.52402e+12            0      -502984            0            0            0  2.60863e+08  1.51534e+08 -2.44045e+09  1.01135e+06  6.86194e+06 -5.52829e+13            0       260131            0  1.57201e+10  5.64812e+15            0  3.72321e+07     -541.292  -0.00324451  1.59812e+06     -82350.4 -5.97411e+15  2.14347e+07       199664 -2.09624e+07            0            0            0     -67.4896 -3.26187e+10 -4.07839e+07      2825.37            0   2.8172e+06            0            0  -2.2992e+15 -4.72176e+07  2.37203e+08 -1.64239e+15  3.80692e+10            0      -243359 -1.21702e+07 -1.61239e+08   1.8082e+08            0    1.888e+06  -0.00888614 -1.86582e+06    0.0080142            0      -534139   4.6472e+11            0 -0.000388574            0  2.39682e+10   -0.0218755 -7.07781e+10            0 -1.77657e+09   0.00113846            0            0            0     0.931117      23546.8            0 -9.46731e+07  1.98701e+07    0.0542429            0  -3.8332e+06      2362.32            0            0 -5.08451e+07 -3.85802e+07  5.05791e+07            0  6.72225e+16      2.00263      51.6591            0            0 -1.39578e+07 -2.63947e+08
-9.86991e+19  6.11392e+25  4.71295e+22  3.32616e+13  8.81117e+23  5.68329e+19  6.39703e+14  -8.4226e+10  8.27882e+16 -1.41956e+16 -4.29896e+15 -5.77583e+15 -4.36224e+19   3.7522e+15 -5.52829e+13  1.22707e+24  1.73217e+17 -8.52471e+12 -4.83188e+16  2.54336e+20  1.33502e+25  2.13252e+16  1.70349e+15 -9.45658e+12  5.54616e+07 -6.79237e+13 -6.46733e+13  3.67552e+25 -8.28322e+14 -6.94596e+12  4.52414e+14  4.14117e+06  -1.0089e+21 -8.44351e+11 -9.09468e+11 -4.92789e+17 -1.03605e+18 -4.22365e+11 -7.70915e+18 -5.46436e+14  7.51912e+16 -5.24785e+14 -2.80051e+25  4.86518e+17 -7.77118e+15  8.33832e+24 -9.24421e+19  4.49708e+14  -3.4087e+15  3.90605e+14  3.20552e+15 -1.17909e+14  1.37105e+17 -1.28901e+14  2.08764e+09 -1.88803e+14 -3.03539e+07  9.16878e+10  1.30217e+13  4.47729e+20  1.80782e+20  7.36966e+06 -7.63281e+16 -1.07901e+20 -3.19278e+07 -1.72724e+20  -3.5495e+06 -7.46183e+18 -1.32705e+06 -1.66118e+13 -5.89216e+16  -2.8261e+16 -9.72521e+09 -1.00529e+12 -1.67332e+12 -1.79331e+16 -1.05983e+15  1.70428e+08  1.06403e+11  1.26377e+14 -9.54703e+11    8.848e+16   1.3976e+12  1.38524e+15 -9.76338e+15 -8.99981e+14 -9.34789e+07   7.3293e+25 -2.01071e+10   1.9691e+10 -3.04352e+16  -5.5263e+14  4.26617e+17 -1.27821e+17
-1.82879e+13  6.45748e+19            0            0 -8.84522e+16            0  2.41261e+08     -18034.8  5.79515e+10 -2.60089e+09            0            0  1.84069e+14 -3.54373e+09            0  1.73217e+17  8.73123e+12            0  -5.4151e+10 -1.17137e+15 -6.35115e+19  7.76354e+10            0 -2.60628e+07      536.236            0            0   3.5286e+19            0            0            0    -0.067807  -9.6002e+13            0      -792358            0 -9.67794e+12            0 -2.89904e+11            0            0            0 -2.92257e+20  2.58009e+12            0  2.31651e+18 -1.57078e+14  8.07784e+07 -9.47943e+09            0            0            0 -1.54801e+11            0     -315.203 -4.05523e+07     -2.06113            0            0 -2.68796e+15 -8.98047e+14      13.9998 -4.23182e+10   2.2152e+13      51.0855  3.24919e+13     -51.3792  5.65512e+12     -1.63488 -3.70628e+06            0            0        13024      63834.1      -274694            0            0     -100.637            0            0            0  5.26897e+09            0            0            0            0     -14.4493 -3.20837e+19      -298480            0 -4.06828e+09  1.45268e+08  4.17501e+11  3.19231e+11
           0 -1.16408e+15            0     -16134.3 -2.18887e+13            0      36688.5     0.597272            0     -42798.9   2.2794e+07  4.05564e+06  4.92235e+08       121248       260131 -8.52471e+12            0      45288.1            0  5.82226e+09   6.1056e+14            0  -3.1938e+06            0 -0.000198936     -31972.9      13057.5 -1.46581e+15  3.07388e+06      24527.3 -1.27468e+06  1.25919e-05   1.5753e+10            0            0 -4.54973e+08  8.38622e+06      96.3971            0  1.19209e+06            0            0  5.71316e+13      -353449  2.04258e+07 -1.49893e+14   3.0681e+09            0            0 -1.00311e+06 -1.06282e+07 -1.13492e+07            0       342566            0  1.18142e+06  0.000132076            0     -39145.3  5.87192e+10            0 -0.000266019            0  1.50505e+09   0.00067399  -5.4442e+09            0 -1.59422e+08  6.36005e-07            0            0            0    0.0367896      3071.46     -195.049  7.26774e+06      -375317   0.00162333            0      -330905      1389.72            0            0 -1.05293e+07       735903  3.02491e+06   0.00110911  -1.2259e+14     0.705689     -5.30822            0      13300.3 -5.80255e+06  -2.7506e+07
-6.80812e+14 -1.80817e+19 -2.14332e+17            0 -3.61831e+15 -3.32338e+14            0            0 -4.38515e+11   1.8389e+10            0            0            0  8.93301e+08            0 -4.83188e+16  -5.4151e+10            0   1.3819e+13 -6.61589e+14  2.05038e+19            0            0  2.64849e+08      5.77308            0            0 -1.13885e+19            0            0            0    0.0570045  2.03723e+14            0  1.26704e+07            0 -1.34555e+11            0  4.62256e+13            0 -1.50791e+10            0  2.85278e+19 -1.66771e+11            0 -7.82981e+17  2.54818e+13            0  1.02681e+11            0            0            0            0            0      271.816            0     0.353064            0            0    6.455e+14  1.00108e+15     -4.39331            0  5.15094e+12      2.16093  9.70379e+14            0 -1.95635e+12            0  1.34456e+07            0            0       990.95      -212367            0            0            0       9.7089            0            0            0            0            0            0            0            0      3.93407 -1.72728e+19            0            0            0            0 -1.13544e+11  1.23021e+12
-2.57911e+18  1.31188e+23  1.53079e+22  8.05743e+10  3.02905e+21  3.86894e+18 -5.18175e+12  5.65878e+08  3.04235e+15  -4.1835e+14  8.86995e+13  2.08997e+13  4.73626e+17 -2.06791e+12  1.57201e+10  2.54336e+20 -1.17137e+15  5.82226e+09 -6.61589e+14  4.55543e+19  2.28935e+22 -3.45436e+13  2.19619e+13 -6.70736e+11      -449660 -1.05448e+10  1.91569e+11  7.34519e+22  1.52039e+12  2.51703e+10  2.56895e+12     -26965.1  6.52347e+18 -4.71682e+10 -1.64051e+10   1.3578e+15 -1.40001e+16 -1.29754e+09 -1.47655e+17 -1.51949e+12  1.25744e+15  3.05034e+12 -2.78801e+23 -3.63097e+15  6.17756e+12  5.07888e+20 -3.98013e+17 -6.81967e+11  9.16641e+12   2.4019e+12  -2.8369e+13 -2.08474e+13 -5.10681e+14 -1.05648e+10  8.80867e+06  7.43103e+11      82422.8  1.03365e+10 -1.65283e+10 -5.31901e+18  4.63888e+18      18496.3 -9.23245e+14  8.46471e+16       212042 -6.98197e+18      36655.6 -3.80312e+15      29775.6  9.63628e+10 -2.22241e+15  1.62069e+15  2.21337e+08  3.05654e+10 -3.74074e+10  1.19051e+14  1.47033e+13       414767 -1.88744e+09 -3.59585e+11 -4.28845e+09 -9.56019e+14  -6.4165e+09 -3.24336e+12 -4.69563e+13 -1.95335e+12       568469  -1.6814e+22  1.70774e+08  2.75596e+07  2.43004e+14  4.37403e+12   5.5739e+14  -9.5855e+15
 2.91556e+22 -1.33383e+28 -2.04743e+25 -9.92007e+15  3.55626e+26 -3.28956e+22  6.96717e+17  1.44178e+13    -2.73e+19  6.17169e+18  6.94729e+18  9.21683e+17  2.38127e+22  -6.4729e+17  5.64812e+15  1.33502e+25 -6.35115e+19   6.1056e+14  2.05038e+19  2.28935e+22  7.28828e+28 -5.79304e+18  2.90747e+17   4.6785e+15 -2.23213e+10 -5.97551e+14  2.02441e+16 -8.60188e+27 -4.96451e+15  3.44978e+14  -7.4375e+16 -9.47523e+08  2.46802e+23  2.99073e+14  3.17768e+14  5.33354e+19  2.41946e+20  1.37508e+14  1.95048e+21  9.93972e+16 -2.26199e+19   9.1149e+16  8.51451e+27  -1.7584e+20  1.08085e+18 -3.52501e+26  3.18949e+22 -1.15643e+17  1.03057e+18  2.45689e+16  1.14929e+18 -6.39521e+17 -3.85141e+18  9.80524e+15  7.10265e+10  1.95254e+16   6.5798e+08  2.84654e+14 -5.92394e+14   -2.274e+23  2.90731e+23  8.74962e+08  9.07449e+18  3.62737e+22  1.63884e+09  5.29745e+22  1.74589e+09  1.10972e+21   1.0595e+09  2.77583e+15  2.99873e+20 -2.22006e+20  8.27337e+12 -3.54233e+13  4.77148e+14  7.31243e+18  1.88653e+17  1.83027e+10 -1.65306e+14 -1.22962e+16  8.34239e+13  1.59327e+20 -3.19191e+14  -2.4991e+17  1.63367e+18  3.01147e+16  1.78787e+10  1.96717e+28  7.85463e+12 -3.09213e+12 -4.34509e+19  2.31796e+17 -6.82786e+19  8.82493e+17
           0  5.09051e+18            0            0  2.34901e+16   3.1208e+15            0            0  3.34382e+10  -1.1306e+10            0            0   -6.562e+12 -1.73534e+08            0  2.13252e+16  7.76354e+10            0            0 -3.45436e+13 -5.79304e+18  7.65939e+11            0 -9.02339e+06      10.7958            0            0  3.53409e+18            0            0            0            0            0 -3.10793e+06            0            0 -5.45262e+11            0            0  2.22351e+07  1.11397e+11            0 -1.58897e+19  1.45109e+11            0  3.41826e+17 -7.26262e+12            0            0            0            0            0  3.53782e+12            0            0 -3.22247e+06            0            0            0 -1.74483e+14  -3.7425e+14      0.97761 -1.51746e+11 -4.45635e+12      3.10032            0     -4.67266  1.03699e+11     -1.56638       209044            0            0     -3146.27            0            0            0            0     -5.35519            0            0            0            0            0            0            0            0            0   3.5519e+18     -8088.11            0            0 -1.96492e+08  2.79531e+10 -1.97364e+11
           0 -1.68239e+17            0 -8.18529e+06 -2.95098e+16            0 -5.16116e+08     -347.406            0            0  -8.3778e+08  1.40077e+09            0  1.76509e+07  3.72321e+07  1.70349e+15            0  -3.1938e+06            0  2.19619e+13  2.90747e+17            0  3.16423e+10            0            0  1.26822e+08  4.21363e+06  6.08329e+17 -1.63588e+08 -1.26202e+06  2.38818e+08   -0.0178484 -1.14718e+13            0            0 -3.33188e+11 -6.48046e+09      49037.2            0 -1.08151e+08            0            0  7.27247e+17  1.46587e+09 -4.90047e+08  4.99415e+16  1.72936e+12            0            0   3.0223e+08 -2.20386e+08 -3.94555e+09            0  4.53153e+08            0  5.91188e+08    0.0681068            0   7.7639e+06  2.91148e+13            0   -0.0206879            0 -7.00803e+10    -0.445543            0    0.0334264 -5.50508e+10   -0.0199701            0            0            0            0      -143111            0 -1.03999e+10  7.66288e+08            0       108670 -3.08664e+08       692382            0            0 -7.18089e+09  1.35521e+09 -2.60625e+08    -0.807683   4.2935e+18            0      2002.23            0            0 -4.45516e+09 -4.61573e+09
-1.49258e+12 -5.20692e+15  4.67162e+14     -8780.74 -5.06057e+13 -2.69146e+11            0       1.0624 -1.45046e+08       987346      -269740      -196220            0       231132     -541.292 -9.45658e+12 -2.60628e+07            0  2.64849e+08 -6.70736e+11   4.6785e+15 -9.02339e+06            0       277310  0.000278369            0      1302.18  -2.9217e+15       -25741            0     -1238.59 -5.23976e-05  6.32326e+10      1227.98      6794.13            0  9.76694e+07     -20.2493  7.68099e+09     -1316.16 -3.67382e+07            0  6.84996e+15 -1.21604e+08            0 -1.27139e+14  2.18079e+10            0  3.23138e+07     -3149.73     -48515.6            0  7.80573e+06            0   0.00195001            0 -0.000797934            0            0   2.8084e+11  4.52828e+10  -0.00102074  6.85835e+07 -1.08106e+09  -0.00209036  2.30322e+10  0.000673337 -2.48284e+08   0.00110859      67.1381            0            0   -0.0784661     -531.931            0  1.03367e+06            0 -0.000377897            0      1755.35     -659.345            0            0            0      -975139            0   0.00303878  3.67292e+15     0.826087     -4.40227            0      13640.8 -3.67088e+07  5.37012e+08
    -93888.8  2.62852e+10  2.57453e+07            0  7.89435e+07     -98449.3     0.127437 -8.71618e-06      5.57237     -5.38177            0   -0.0774951      88970.2     -1.33872  -0.00324451  5.54616e+07      536.236 -0.000198936      5.77308      -449660 -2.23213e+10      10.7958            0  0.000278369  7.75016e-07     0.013093  0.000626338   1.0446e+10   -0.0145583            0      0.01585  9.08916e-11     -4777.45  -0.00150709 -0.000409569            0     -2897.31            0      588.575 -0.000610326     -1.42584    -0.185178 -1.30819e+11      875.295      0.14287  7.26913e+08     -73909.7            0    -0.773658            0     0.283789            0      330.711  -0.00568983 -7.05833e-08   -0.0262648  9.46043e-11  6.49917e-05            0 -1.17186e+06      38535.4  5.64348e-09     -10.5122      8830.98  1.65797e-08     -46416.3 -4.55464e-08      2140.84 -9.95257e-10 -0.000565004            0     -2.80077 -8.68877e-06  2.90424e-05 -0.000311835            0   -0.0744139 -2.75001e-08            0   0.00813932            0      4.55281 -0.000122517   -0.0928206     -1.16304            0  -4.4708e-09 -2.14288e+10 -0.000140816  8.42985e-07     0.124856    -0.845405      161.305      227.614
           0 -1.76752e+16            0       296470 -1.19603e+15            0 -2.34559e+06         1.16            0            0  2.13125e+08  1.08302e+08  4.51377e+10  1.74798e+06  1.59812e+06 -6.79237e+13            0     -31972.9            0 -1.05448e+10 -5.97551e+14            0  1.26822e+08            0     0.013093  3.60393e+07      -309407 -1.40313e+16 -1.30411e+07       135828  4.92625e+06            0            0            0            0 -1.19498e+10  1.05868e+09     -2789.29            0  5.03773e+06            0            0  1.05267e+16  2.36744e+08  5.00903e+08 -3.50466e+14  5.62359e+10            0            0 -2.01123e+06 -1.73217e+08 -1.98614e+08            0      -438280            0 -2.16257e+07  -0.00793897            0      -374207   9.4792e+11            0  -0.00347412            0  5.61062e+10    0.0245327            0  -0.00556203 -2.28111e+09   -0.0012237            0            0            0    -0.962191      43614.4            0  9.78594e+07  1.83478e+08  -0.00984347            0 -2.20577e+07     -1286.32            0            0  6.39465e+07 -3.63634e+07    9.576e+07            0  -7.1225e+15       45.474     -229.815            0            0 -1.40275e+08 -4.82618e+08
           0 -1.65563e+16            0 -1.39419e+06  3.58779e+14            0            0      1.40549            0            0 -1.34012e+07  6.20465e+07            0      19871.1     -82350.4 -6.46733e+13            0      13057.5            0  1.91569e+11  2.02441e+16            0  4.21363e+06      1302.18  0.000626338      -309407  4.68382e+06 -8.97012e+15 -1.30816e+06     -7739.56      -575537 -7.81894e-05            0            0      162.262   8.0658e+08  6.15338e+08     -3190.37            0  1.59154e+06            0            0  3.13839e+15 -5.39826e+07  2.01854e+06 -1.56513e+15 -7.99491e+10            0       585486       337011  9.61404e+06  2.11388e+07            0      -596210            0      -362305            0       437.56     -24639.7  6.71749e+11            0  -0.00384369            0            0     0.009098            0   0.00274375  5.85262e+08            0            0            0            0      1.37093      1264.93            0  1.09101e+08   7.3568e+06   0.00578916            0      -194907        23406            0            0       984768  1.90678e+08 -5.09173e+06            0 -1.34335e+16      9.44764     -514.249            0  1.50092e+06 -1.25566e+08 -1.51176e+08
-3.75306e+21  1.41199e+28  1.59374e+25  5.55135e+15  4.00672e+25  2.45775e+22  -4.8336e+16 -2.28667e+13  2.10096e+19 -4.05974e+18 -3.47798e+18 -1.07967e+18 -1.14811e+22  1.42136e+18 -5.97411e+15  3.67552e+25   3.5286e+19 -1.46581e+15 -1.13885e+19  7.34519e+22 -8.60188e+27  3.53409e+18  6.08329e+17  -2.9217e+15   1.0446e+10 -1.40313e+16 -8.97012e+15  2.19948e+28 -6.55499e+16 -9.52855e+14  7.14101e+16  1.55767e+09 -2.72015e+23 -3.34649e+14 -1.98024e+14 -7.14914e+19 -2.54166e+20 -8.82162e+13 -1.42906e+21 -1.22004e+17  2.07979e+19  2.79975e+17 -6.32876e+27  6.04368e+19 -1.16492e+18  4.98091e+26 -3.81122e+21  1.85221e+16 -8.75148e+17 -2.09466e+16  5.44617e+17  3.12035e+17  1.00896e+19 -8.69353e+15  2.19437e+11 -3.94791e+15  1.95724e+09 -1.28896e+14  1.50692e+15 -3.51864e+23 -2.32591e+23  2.41341e+09 -1.57103e+19 -3.85923e+21  3.70594e+10 -3.75415e+22 -1.12909e+09  -2.6106e+21  8.15982e+08 -4.32225e+13 -5.02562e+19  4.09205e+19  -2.2233e+12  -9.9107e+13 -4.24811e+14 -6.65916e+18 -1.10743e+17  4.29774e+09  1.21196e+14  1.37256e+16  3.19302e+13 -2.16119e+19  1.74453e+14   1.6068e+17  -4.0815e+17  -1.7845e+17 -2.60862e+10  6.53051e+27 -3.84314e+12  2.38524e+12  5.61121e+18 -1.02246e+17  5.24124e+19 -6.06306e+19
           0  -5.8609e+16            0  4.32062e+06 -1.12482e+15            0            0      178.254            0            0  2.88181e+09  1.57752e+09  2.62642e+11  1.20483e+07  2.14347e+07 -8.28322e+14            0  3.07388e+06            0  1.52039e+12 -4.96451e+15            0 -1.63588e+08       -25741   -0.0145583 -1.30411e+07 -1.30816e+06 -6.55499e+16  5.32981e+08  2.05982e+06 -9.24981e+07   0.00649438  5.30175e+12            0     -3207.14  1.32868e+10 -5.79299e+09     -1769.69            0  1.73931e+08            0            0 -6.31571e+16  2.93716e+08  1.18508e+09 -9.13591e+15  3.38445e+11            0 -1.15738e+07 -1.23999e+08 -1.52398e+09  2.71249e+08            0  2.76969e+07            0  7.78883e+07   -0.0169248            0 -5.77137e+06   2.7838e+12            0   -0.0217342            0  3.99604e+11      0.12331  -4.4543e+11    -0.013745  -1.2852e+10   -0.0105817      3188.97            0            0      15.6199       275647            0  1.26199e+09  1.24569e+07     0.117035     -11967.8 -3.51884e+07     -79493.4            0            0  -5.9214e+08 -5.00088e+08  1.63722e+08     0.373277  1.71111e+17     -66.8562        840.9            0       486893 -1.74417e+08 -2.88496e+09
           0 -1.10155e+15            0     -278.537 -1.79145e+13            0            0            0            0     -52434.1  1.18529e+07   5.4158e+06            0       106591       199664 -6.94596e+12            0      24527.3            0  2.51703e+10  3.44978e+14            0 -1.26202e+06            0            0       135828     -7739.56 -9.52855e+14  2.05982e+06      39895.4      -309289            0            0            0            0  2.22856e+09  1.68035e+07     -35.7642            0       558220            0            0 -8.16874e+13            0  1.11959e+07 -1.26463e+14  2.63963e+09            0            0      -374588 -9.43158e+06 -3.07673e+06            0       230606            0       580811  8.02994e-05            0     -30146.7  5.09793e+10            0   -0.0002895            0  7.99798e+08   0.00085004  -1.1043e+09            0 -1.51074e+08  9.37015e-06            0            0            0            0      2477.94     -238.996  1.38328e+06  2.25476e+06   0.00080581            0      -541385     -93.4589            0            0 -4.89984e+06       367515  3.06333e+06            0 -1.36565e+14     0.784245      4.21905            0            0 -7.57479e+06 -1.89542e+07
           0  1.05332e+17 -1.13639e+14     -5155.61  2.71589e+15            0            0     -29.5979 -6.08681e+06  1.49675e+06  -5.0224e+08 -3.09131e+08  8.33819e+10 -8.53684e+06 -2.09624e+07  4.52414e+14            0 -1.27468e+06            0  2.56895e+12  -7.4375e+16            0  2.38818e+08     -1238.59      0.01585  4.92625e+06      -575537  7.14101e+16 -9.24981e+07      -309289  5.36545e+08  -0.00152064 -9.77355e+11            0            0  7.72935e+10   2.0245e+09      5960.94            0  2.47613e+07            0            0 -1.04194e+17  1.32111e+08  -4.8803e+09   1.5041e+15 -3.85191e+11            0      -550340  4.26769e+07   7.5772e+08 -3.41338e+09            0 -5.26097e+07            0  4.16588e+07   0.00689331            0  3.16085e+06 -4.78723e+12            0    0.0122951            0 -1.23233e+11   -0.0567063  6.17264e+11  -0.00390044  7.59814e+09            0     -865.275            0            0            0      -160309            0  1.90146e+08  4.97558e+08   -0.0140297     -3338.34 -1.36795e+07     -11908.4            0            0   2.1639e+08  6.10438e+07 -4.05864e+08   -0.0688121 -1.98464e+17     -8.52457      36.8705            0      -301648  5.80671e+08  2.33606e+09
    -857.726  1.77051e+09 -2.57281e+06  9.68483e-05  3.48043e+07            0            0  2.93414e-07      1.44795    -0.127686   -0.0597268    0.0764486     -726.617      0.11684            0  4.14117e+06    -0.067807  1.25919e-05    0.0570045     -26965.1 -9.47523e+08            0   -0.0178484 -5.23976e-05  9.08916e-11            0 -7.81894e-05  1.55767e+09   0.00649438            0  -0.00152064  1.85742e-09      69726.8            0  1.46166e-07            0      34.3057            0     -66.7084    0.0117499      2.17786   0.00166787 -3.72848e+08      6.89319   0.00861088  3.09878e+07     -574.031    0.0119408    0.0311428  -0.00099209   0.00592289            0            0   0.00257929   -1.679e-09            0  -1.2695e-11 -8.97858e-06 -7.21943e-05     -53238.8            0  3.08486e-10            0     -20.3512  2.93882e-09            0  -1.4031e-11      -377.48 -5.30086e-11 -5.02464e-06     0.275988    -0.169301 -1.01829e-07  7.38562e-06 -6.02203e-05   -0.0422041   -0.0210072 -6.72468e-10  4.55982e-06   0.00113855  8.27501e-06            0  2.46742e-05    0.0284529    -0.177544  -0.00800876  4.79532e-10  1.11377e+09 -6.26564e-08 -1.14758e-08   -0.0483585  -0.00298039      6.41289      13.5605
