 2.22901e+13 -8.75162e+10  -4.3507e+11      67337.6 -1.39419e+14   1.4683e+09            0            0 -2.86392e+07   1.1859e+07            0            0  2.19494e+11       651134            0 -1.65538e+11  1.68692e+06            0 -1.10452e+08  -2.6735e+09  3.39965e+12            0            0 -3.89272e+07     -40.6427            0            0   2.0032e+12            0            0            0    -0.424613 -9.28068e+09  5.33952e+06 -1.12331e+06            0 -4.41732e+07            0 -1.80441e+11            0 -5.34839e+08       363632  5.43599e+11  2.24397e+10            0 -2.55552e+12  8.67479e+07 -6.25062e+06 -5.14765e+07            0            0            0            0            0  1.99756e+12      -664913    -0.612404            0            0  3.05975e+07  1.76568e+11  -1.7607e+07  1.39314e+07 -3.17017e+13      96.7596  4.10824e+11      1.38406  -1.2083e+08     -2.78711       106990            0            0      14456.6      -238520       180516            0            0      15.6632            0            0            0            0            0            0      -105222            0     -166.804  5.12298e+12      3748.28     -6135.38            0      18341.7 -4.42322e+07   6.1094e+07
-8.75162e+10  1.28544e+12  2.50296e+10       975451  2.27613e+15  2.67176e+08      -400047       -25893  2.43326e+07 -1.91615e+06 -1.55809e+07  -4.7229e+06 -1.36883e+11  5.46194e+06       177520  4.72322e+11  2.50347e+07      -563178  -4.4229e+07  1.78953e+09 -5.89649e+13  6.87496e+06 -4.59401e+06  -2.0023e+06      141.378      -685375      -707131  6.42165e+13      -453229      -350876  3.64868e+06      11.0197 -1.38138e+11      -304045      -330195 -6.40109e+06 -7.66628e+07      -752896  -6.1338e+10 -2.11381e+06  4.97179e+07      -706536 -4.25805e+12  1.29987e+11 -2.35083e+06  5.44355e+13 -2.34857e+08  3.85383e+06 -1.26275e+07      -955346  3.88215e+06 -1.25227e+06  8.84886e+06 -2.50788e+06  2.70555e+14  -4.5826e+06      2.89125     -75653.3       243661 -2.32117e+08 -3.83576e+09  2.95291e+08 -1.05151e+07  1.71879e+14     -33.1947  -3.4084e+10     -8.81209 -6.77155e+08     -14.0568 -1.49328e+06  -1.0073e+08  2.21008e+10     -57814.4     -75221.2      -519116 -1.87697e+07     -14219.8      16.4364       277219  3.06809e+06     -50189.5 -4.94213e+07  1.47882e+06  1.13494e+07 -1.01783e+06 -6.35235e+06      -3511.9 -3.76413e+11     -16317.5      58851.4       622806      -242253   1.5876e+08 -2.81178e+08
 -4.3507e+11  2.50296e+10  1.46154e+13            0  1.48505e+14  1.85536e+09            0            0  2.55565e+07      -723642 -6.70307e+06            0            0      -391239            0  1.58431e+10            0            0  -2.4093e+07  9.98644e+09 -2.70296e+12            0            0  8.39282e+06      4.50293            0            0  4.95822e+11            0            0      -836086    -0.734926            0  1.01102e+06      71840.7            0 -7.72391e+06            0 -1.69015e+10            0 -4.16141e+07      15600.4 -4.16804e+11            0            0 -1.85529e+12 -5.86192e+07            0  3.48715e+07            0            0            0            0            0  3.14459e+10            0    -0.637858            0            0 -2.23461e+07            0  1.73288e+07  2.40197e+06  -1.4073e+13     -17.8055 -4.21761e+11            0  4.54936e+07            0       -17775            0            0            0       910675            0  2.37611e+06            0            0            0            0            0            0            0            0       125639            0            0 -7.74106e+11      11000.6     -4075.52            0            0   4.6968e+07 -5.14761e+08
     67337.6       975451            0      466.394 -4.10018e+09            0            0  -0.00115856            0     -0.22239     -112.101     -2044.11            0     -1.42201      15.5083       533778     -13.4977     -34.1659            0      2980.04 -1.20663e+08            0     -469.787     -10.2743            0      30.1374     -169.852  1.72294e+07      172.541    -0.694684      1.47858  2.16244e-06     -15862.5            0     -2.74937            0     -101.975      14.0864     -27306.7      112.798            0            0  -5.8249e+06      90399.7      5.82764  1.73779e+08      899.653            0     -104.608     -86.7285     -298.044      89.1033            0      95.4156  5.28341e+08     -4.44168 -1.74436e-06            0     -75.0067     -469.205            0      472.783            0  1.43599e+08  4.42084e-05            0 -3.72781e-05      98.2924            0            0      31.2755     -1949.53  -0.00461451     -2.13058            0     -496.192     -1.45476 -0.000186566      1.83984      89.8739     -50.1292            0            0      633.928     -360.808     0.260941 -0.000178952  1.80945e+07   -0.0126269      8.74484            0     -1.13033      2463.03      419.871
-1.39419e+14  2.27613e+15  1.48505e+14 -4.10018e+09  5.38237e+19 -7.74054e+11 -3.39151e+09 -1.73436e+08 -7.14752e+10  9.93975e+09  8.59196e+10  1.01008e+11  7.53171e+14  1.38846e+10  9.81555e+09  4.58912e+15 -2.51518e+10  4.43466e+09  2.06407e+11  3.15536e+12  1.09933e+17 -7.09963e+09 -4.62726e+10  7.11123e+09     -53433.4 -3.35753e+09  3.80715e+09  2.28679e+17  5.56935e+09   2.3644e+09  6.81615e+09      36637.4 -1.09348e+14  9.71432e+08  5.69994e+08  8.66326e+10   8.5803e+10 -4.33712e+08  2.55657e+14  4.52694e+10  -1.4774e+11 -5.36462e+09 -1.14849e+15 -4.45336e+14 -3.42588e+09 -3.03802e+17 -2.51725e+12  9.47146e+09  1.92707e+10 -3.16274e+08 -8.84047e+10  -1.4327e+10 -2.00879e+10 -1.64128e+10 -3.31209e+17 -9.65287e+09       180979  1.54088e+09 -4.98072e+09 -8.83618e+11  3.60144e+13  1.29237e+11  2.22414e+10   3.9685e+17      -627826  1.78974e+14      49367.9 -1.81092e+12      62998.1 -1.00622e+09  1.18533e+11 -6.68579e+13  3.36694e+08   7.8506e+08  5.17725e+08  4.46405e+10  9.71162e+08       778838 -1.61834e+09   6.4939e+09 -1.88212e+08 -4.74599e+10 -3.36608e+09 -1.01356e+10 -5.14085e+09 -3.00237e+10  -2.9001e+06 -1.81601e+16  2.82842e+07  4.00111e+07  8.86882e+08  1.06535e+09   1.3354e+12  4.15309e+11
  1.4683e+09  2.67176e+08  1.85536e+09            0 -7.74054e+11  1.83961e+08            0            0       124457     -5137.46            0            0            0     -1626.03            0  1.28231e+08            0            0      -212304  1.32344e+07 -2.71897e+10       974506            0     -27409.3    -0.294981            0            0  1.01723e+10            0            0            0            0            0     -12677.7     -272.258            0     -85126.1            0 -3.11762e+08      19283.8  1.62079e+06            0 -4.67512e+09            0            0  5.91893e+09      -215448            0      6445.77            0            0            0            0            0  2.72817e+10            0            0            0            0      -110166 -3.16782e+07       108729     -26230.3  7.17457e+09     0.463119            0            0       192990            0            0            0            0            0      712.108            0            0            0            0            0            0            0            0            0            0            0            0            0 -4.00189e+09      1.27599            0            0            0       241749 -4.78997e+06
           0      -400047            0            0 -3.39151e+09            0      213.985  -0.00310549            0            0            0            0            0     -1.54407     -8.21227  1.45761e+06      9.26949      3.17964            0     -7710.72  3.46865e+08            0     -1025.93            0  5.89207e-05     -10.6283            0 -2.62633e+07            0            0            0            0            0            0            0            0      108.591            0            0            0            0            0  1.27132e+06            0            0   8.6213e+07      489.367            0            0     -66.9039            0            0            0     -87.4339 -3.28808e+08     -142.787 -2.90591e-05            0     -7.93921     -11.6427            0      251.347            0   2.9658e+08  0.000170576            0            0      525.112            0            0            0     -2704.02            0            0            0            0            0  0.000170523            0      64.0903            0            0            0      485.554            0            0            0  1.62498e+07   -0.0256469            0     0.793608            0     -1680.52       476.48
           0       -25893            0  -0.00115856 -1.73436e+08            0  -0.00310549   0.00701479    -0.080366    0.0129264      0.33731     0.330695      492.239    -0.134874            0       -24434    -0.120963   0.00948656            0      163.722  1.16888e+06            0    -0.161844   0.00921157 -7.87387e-07   0.00062592   0.00114708 -2.32307e+06    0.0585105            0   -0.0365799  3.48414e-07      13291.1            0   0.00281466            0     -3.18632  -0.00302843     -62.2998     0.190717     -2.14534    0.0122797     -98192.7     -790.679  -0.00482939       953779      12.0624   -0.0475743    0.0432462    0.0591702    -0.218749            0            0    0.0754436 -3.32549e+06    0.0647881 -1.94568e-07            0   -0.0139748      4.38763      169.006     -3.72181            0 -3.81342e+06  -5.9287e-05      79.4717  7.11558e-08      18.3647  2.21227e-07  -0.00025114   -0.0926676      15.3707  0.000555264   0.00292743            0     0.108101            0 -8.07741e-07  -0.00129311    0.0723791            0            0   -0.0010338     0.499665            0    -0.189521  0.000220552      67164.6  0.000238748            0            0  0.000204137      2.00469     -20.4507
-2.86392e+07  2.43326e+07  2.55565e+07            0 -7.14752e+10       124457            0    -0.080366      72455.4     -1369.05     -210.097            0 -1.22649e+06     -45.9054            0  1.27473e+07      538.663            0     -28979.4  1.16232e+06 -3.13116e+09      1063.89            0     -1506.17 -0.000786076            0            0  5.77517e+08            0            0     -26.2057   0.00022932 -2.50012e+06     -130.268     -115.532            0      2059.44            0 -5.74716e+07            0      46252.1     -4.05618 -1.49379e+08  4.22408e+06            0  3.02256e+09     -21672.5      183.153     -2968.98            0            0            0     -1105.75            0  6.24135e+09     -39.5301 -5.73468e-05      -32.318            0     -11370.5      -601762      10299.8     -17561.4  1.22423e+09    0.0242465 -1.48212e+07            0      9930.03  -0.00123368      2.04437            0            0       -3.009      120.781            0      74.4689     0.899365  -0.00362878            0            0            0     -63.8433      313.247            0     -32.6635            0    -0.035626 -1.04918e+07   -0.0120621      1.05961      0.56731      -1.2485      25404.9     -74538.5
  1.1859e+07 -1.91615e+06      -723642     -0.22239  9.93975e+09     -5137.46            0    0.0129264     -1369.05      224.928      22.5406            0      -607539      5.94907            0      -658586     -8.12041    -0.323188      518.609     -68788.9  2.69513e+08     -155.024            0      4.49741 -0.000224884            0            0 -2.03211e+07            0    -0.211912      2.81152 -7.75809e-06      76245.9      15.9597      3.92824            0     -262.741            0  6.64289e+06            0     -3107.39      1.29501  8.89167e+06      -558302            0 -2.70769e+08      1722.66     -25.4096     -87.4158            0            0            0      109.692            0 -5.94479e+08      7.53362 -9.17382e-06     0.880908            0      996.983       503211     -915.165      302.371 -1.99037e+08  -0.00110742  3.80744e+06            0     -1251.65   1.1244e-05     0.533619     -27.8769            0     0.245891     -7.08023      40.0316     -7.98994     0.634329  0.000654612            0            0            0     -44.9837     -6.80126            0      1.48466            0    0.0012689  1.48482e+07   0.00599828   -0.0166301     0.399766     0.218571     -2444.16      797.926
           0 -1.55809e+07 -6.70307e+06     -112.101  8.59196e+10            0            0      0.33731     -210.097      22.5406       327936      21442.6            0      22.5226      4590.88  2.26751e+06            0      2191.41            0       229873  3.82965e+09            0     -7224.92     -19.5083            0      1612.83     -91.3616 -5.22581e+08       5635.3      680.512     -3082.19 -6.02777e-05            0            0            0     -4578.63      5512.11     -4145.31            0      373.478            0            0  1.35092e+08 -6.04497e+06      955.926 -1.50295e+09      4167.41            0     -196.771     -9518.29     -49702.9     -3987.31            0      4226.23 -7.15068e+09      11583.7  6.98983e-05            0     -2148.33         5045            0     -5222.01            0 -2.89564e+09   -0.0307563  1.60198e+07            0      1775.67  8.12609e-05            0            0            0            0      612.356            0      52502.5      1868.34   -0.0199398     -1178.11      444.026      -42.315      -679.78            0     -35403.1     -114.345      6448.63            0  2.24122e+08     0.156887      138.053            0            0     -22714.6     -1040.13
           0  -4.7229e+06            0     -2044.11  1.01008e+11            0            0     0.330695            0            0      21442.6       281919            0      9.37126      5841.07 -1.91197e+07      343.209      1417.89            0       113728  5.34023e+08            0      8644.85     -25.2886 -0.000193812      1121.85      519.972 -3.32968e+08      6692.88      747.522     -3528.09  0.000184341  6.13693e+06            0     -6.76723      42762.4      1122.33     -357.807            0      10782.1            0            0 -9.43905e+06       799203      3677.22 -3.26032e+09     -5237.25            0     -257.476     -15790.3     -24072.4      5138.51            0     -6699.48 -7.09341e+09      421.044  0.000687874     -8.81263     -6957.71      3491.89            0     -4020.99            0 -3.76061e+09    -0.012998 -1.63409e+06            0      4584.62            0            0            0            0    -0.363036      408.262            0      8009.05      1265.83   -0.0039784            0     -777.666      384.389            0            0     -52019.1     -2369.04     -9579.99     0.122561  2.75669e+08      0.28157     -269.862            0      28.7413     -16936.5     -10711.9
 2.19494e+11 -1.36883e+11            0            0  7.53171e+14            0            0      492.239 -1.22649e+06      -607539            0            0  1.78657e+13       997646     -54511.2 -2.42748e+09  1.08558e+07      71692.7            0  1.34161e+09  2.02156e+13 -1.75384e+06            0            0      94.7828       292504            0  3.09312e+12       658017            0       727739     -1.12739            0      -391595     -69468.9            0 -2.79505e+07            0  1.56884e+09            0  7.57432e+06            0 -7.88441e+11 -6.53155e+11       558851 -2.25131e+13  1.01813e+08       469919            0            0            0            0  1.56067e+07     -4452.01 -1.22848e+13  1.48335e+07            0  3.71678e+06            0  8.06007e+07            0 -6.72994e+07            0 -3.51868e+13     -116.045  3.45704e+10     -29.8616 -8.07751e+07     -5.52774      72470.1            0            0  1.35667e+06     -28109.1            0            0       295281     -157.307            0       683095            0      -937968 -1.38183e+07 -3.39436e+06            0            0            0  4.30912e+12     -243.662            0      9907.71       336251 -2.76432e+08 -3.30918e+08
      651134  5.46194e+06      -391239     -1.42201  1.38846e+10     -1626.03     -1.54407    -0.134874     -45.9054      5.94907      22.5226      9.37126       997646      61.7983      10.1143  2.68763e+06     -99.7179      7.46954      206.652     -4335.28 -3.00579e+08     -18.1148      29.0002      8.37809 -0.000468049      6.07691      0.18112  4.59209e+08       14.385      3.73193     -28.1698  2.50736e-05      -190345     0.480166     0.724555      73.6454      5.96359     0.807242       272880      30.7223     -76.8053      1.15874  1.38435e+07      -556285      20.7644   2.2296e+08     -966.596      2.70184      14.1293     -22.8683     -28.2157     -3.62186     -46.6907      18.6623  1.14552e+09      36.8909  2.32178e-05     0.897977      -7.6596     -961.139      33721.2      1277.25      69.7856   7.3548e+08    0.0109486       240143  4.34972e-05     -2905.55  7.00631e-06      3.73804     -597.657       115624     0.276979      1.92538      1.65298      30.1085      1.60908 -4.91992e-05    -0.332169     -19.5056    0.0168753      -243.77     -1.84753     -129.299      2.18664       44.379   0.00116235  1.86256e+07     0.072582   -0.0704758       3.4103     0.959622     -32.3909     -662.704
           0       177520            0      15.5083  9.81555e+09            0     -8.21227            0            0            0      4590.88      5841.07     -54511.2      10.1143      2904.22 -1.63389e+06      3.93434      633.516            0     -710.841 -6.93562e+06            0      3124.53    -0.872479 -6.84888e-05      234.032     -14.4171  6.87338e+07      1017.78      276.897     -2723.55            0            0            0    -0.233584       -10503     -9.15654      31.5623            0      323.485            0            0       290938      -110457      1292.08 -5.14478e+08      337.682            0     -8.88268     -2306.33     -7488.44      1755.09            0      538.551 -8.13745e+08      44.9648  0.000169871            0     -799.014      561.473            0     -221.311            0  -4.8737e+08  -0.00301625      -244497            0     -1269.85  4.77563e-05            0            0            0    0.0271311      119.668            0     -669.785      78.6264  0.000420939            0     -1266.99      4.07138     -62.6977            0     -7668.28     -49.4328      8205.11            0  7.22263e+07    0.0109457      2.83775            0            0     -195.318     -2613.85
-1.65538e+11  4.72322e+11  1.58431e+10       533778  4.58912e+15  1.28231e+08  1.45761e+06       -24434  1.27473e+07      -658586  2.26751e+06 -1.91197e+07 -2.42748e+09  2.68763e+06 -1.63389e+06  8.81503e+12  1.30331e+07 -1.51512e+06 -1.72307e+07  1.46684e+09  3.84711e+13  5.52531e+06  1.31682e+07       -88129      34.9624      -767787      -533091  3.89375e+13  -3.8991e+06      -548193  6.57497e+06      4.57413 -1.27319e+11      48053.4      -135929 -5.87974e+06 -2.94315e+07     -72717.5 -6.19191e+10 -6.19538e+06  3.46624e+07      -384590 -1.38305e+12   3.4899e+10 -3.73952e+06  2.60878e+14  -7.5216e+08  3.38047e+06 -7.90203e+06  1.11051e+07   7.7374e+06     -98942.8  1.43415e+07 -3.12854e+06  2.99256e+14  -2.3066e+06     -169.625       193364  1.98634e+06 -4.87457e+07  1.37549e+09  4.39888e+07 -5.54527e+06 -7.68549e+13     -347.099   -3.952e+10    -0.107521 -3.98189e+08      10.8678 -1.32543e+06  2.55998e+07 -1.56242e+10      32140.6      -473876      -501792 -3.32018e+06      -203712      808.537      -143869  2.12846e+06      -109692  6.63016e+07  1.50648e+06  1.15904e+07 -1.55208e+06 -9.89054e+06     -2922.81  1.19312e+13     -10093.3      70933.9  -1.2908e+06     -87532.8 -2.07767e+06 -4.38219e+06
 1.68692e+06  2.50347e+07            0     -13.4977 -2.51518e+10            0      9.26949    -0.120963      538.663     -8.12041            0      343.209  1.08558e+07     -99.7179      3.93434  1.30331e+07      45967.4      3.03426     -1517.17      -199482 -2.41968e+09      922.719            0     -128.178    0.0157721            0      22.4467  7.02239e+08      2.32055            0     -11.7906 -6.53173e-06      -640204            0     -9.31203            0     -6787.54            0       383355            0      182.068     -4.08415 -8.99653e+08  1.54217e+07      -5.7783  1.47211e+09     -12869.3     -135.437     -1098.59            0     -68.2909       29.937     -737.529      3.68037   5.6117e+09     -76.3661 -0.000163121     -1.77762      2.39155     -7392.84      -160697      8461.71     -209.084  3.16891e+09    0.0326447       696892  -0.00274348      14500.7  6.90122e-05     -9.25404            0            0      2.52798     0.565963       -3.661            0            0  -0.00697168            0            0            0       58.535            0      53.1401      13.4195            0   -0.0280844 -2.60077e+08     -3.88592       1.4118     -4.83779      64.7678      21139.1      12842.4
           0      -563178            0     -34.1659  4.43466e+09            0      3.17964   0.00948656            0    -0.323188      2191.41      1417.89      71692.7      7.46954      633.516 -1.51512e+06      3.03426       666.64            0      2689.48  6.84851e+07            0     -1147.68            0 -1.69313e-05      -37.822      11.5052       628747      901.594       203.59     -980.076  2.34187e-06       150246            0            0     -890.754      2.37318       3.7716            0      876.903            0            0  2.63869e+06      529.662      656.548 -2.74795e+08      663.155            0            0     -1115.42     -2882.49      -716.41            0      508.546 -4.61373e+08      1379.62    1.689e-05            0     -349.804      465.964            0     -405.404            0 -2.88683e+07  0.000542874      -101475            0      -661.67 -2.03677e-06            0            0            0   0.00596697      93.0677     -4.45425      349.041     -8.06253  5.63114e-05            0     -645.949      12.6534            0            0     -8811.97      7.06899      2816.96   0.00300056      -305532    0.0210165     -1.43541            0     0.298507     -1015.07     -1575.02
-1.10452e+08  -4.4229e+07  -2.4093e+07            0  2.06407e+11      -212304            0            0     -28979.4      518.609            0            0            0      206.652            0 -1.72307e+07     -1517.17            0  2.77234e+06      -653677  7.12074e+09            0            0      8220.99   0.00562806            0            0 -3.03684e+08            0            0            0  4.64554e-05  7.06339e+06            0       863.35            0     -6161.55            0  1.11326e+08            0     -2646.51            0  2.75663e+08 -7.69013e+06            0 -4.72098e+09      22107.3            0      72593.4            0            0            0            0            0 -5.01433e+09            0  0.000176471            0            0      18297.3  1.40842e+06     -21950.8            0  4.71747e+09 -0.000105262  6.39922e+07            0     -38612.1            0      291.761            0            0     0.416986     -24.5477            0            0            0   0.00736919            0     -35.3893            0            0            0            0            0            0    0.0375421 -2.26731e+08    -0.148148            0            0            0     -68018.2       262713
 -2.6735e+09  1.78953e+09  9.98644e+09      2980.04  3.15536e+12  1.32344e+07     -7710.72      163.722  1.16232e+06     -68788.9       229873       113728  1.34161e+09     -4335.28     -710.841  1.46684e+09      -199482      2689.48      -653677  3.00718e+08  1.81888e+10     -26210.6       167484      -117993     -1.06747       2633.6      3682.99  7.58522e+10       7943.4      5064.61      35332.5   -0.0627671  1.25064e+09     -11591.1     -5862.14        46195      -851199     -4326.51 -2.03262e+09     -4469.49  1.23355e+06         3644 -2.54901e+10 -9.94377e+08      7249.48  6.28086e+10 -1.37156e+06        -8812      77606.2        64241      -195800     -27026.6     -69839.7       5151.8  1.81356e+11      31654.9    0.0673604      2251.95     -3357.29      -550598  3.78481e+07       434529      -158610  1.71339e+11       1.6766 -2.48272e+09     0.086414      -136624     0.120777      11387.2 -1.10031e+06  2.21268e+08      671.038      22337.6     -16318.3       103213      7523.02      1.28898     -589.875     -18102.2      -652.88      -482894     -11240.9     -44985.8     -7156.65     -25071.5      29.2718 -1.84125e+10      141.176      155.324      6697.33       1911.5       814720 -1.08902e+07
 3.39965e+12 -5.89649e+13 -2.70296e+12 -1.20663e+08  1.09933e+17 -2.71897e+10  3.46865e+08  1.16888e+06 -3.13116e+09  2.69513e+08  3.82965e+09  5.34023e+08  2.02156e+13 -3.00579e+08 -6.93562e+06  3.84711e+13 -2.41968e+09  6.84851e+07  7.12074e+09  1.81888e+10  3.75912e+16 -8.66928e+08  1.20619e+08  2.66422e+08     -11980.5  3.06738e+06  9.71834e+07 -3.03724e+15  1.72734e+07  3.53707e+07 -6.89787e+07      -600.75  1.44113e+13   2.4086e+07  3.39833e+07  1.66701e+09   4.2355e+09  8.25955e+07  8.28023e+12  4.01254e+08 -7.11089e+09  2.05675e+07   2.6521e+14 -1.38587e+13  2.75831e+08 -3.63935e+15  6.20402e+09 -3.37507e+08  1.12655e+09  3.02892e+08  8.67433e+08 -4.26955e+08  -4.9867e+08  1.24481e+08 -3.13492e+16  2.63507e+08     -20.5997  1.05836e+07  2.11892e+07 -4.31069e+09  7.49579e+11  6.08568e+08  9.84442e+08  2.60174e+16      -4787.6  5.57676e+12      994.693  2.98762e+10      1612.42  1.17162e+08  4.26495e+10 -8.91315e+12  6.75972e+06 -2.18214e+06  5.84947e+07  2.20425e+09  1.38212e+07      12872.6  -4.4298e+07 -1.68423e+08  4.11171e+06  2.38912e+10 -1.81023e+08 -5.71585e+08  4.99387e+07   4.9207e+08       357041  1.34189e+15  1.34412e+06 -6.16159e+06 -3.15402e+08  3.09651e+07 -4.62059e+08  1.08838e+10
           0  6.87496e+06            0            0 -7.09963e+09       974506            0            0      1063.89     -155.024            0            0 -1.75384e+06     -18.1148            0  5.52531e+06      922.719            0            0     -26210.6 -8.66928e+08      34826.9            0      -133.64  0.000322247            0            0  2.55718e+08            0            0            0            0            0     -70.5885            0            0     -2877.86            0            0       106.39      8664.04            0 -1.33854e+08  3.49063e+06            0  8.30526e+08     -2744.64            0            0            0            0            0      39776.6            0  1.95662e+09     -21.4326            0            0            0     -2053.98      -244827      2348.77     -2267.72 -6.29028e+08   0.00715626            0 -0.000746268      1349.61  -0.00057934      2.63809            0            0    -0.731183            0            0            0            0  -0.00243454            0            0            0            0            0            0            0            0            0  1.93337e+07    -0.489776            0            0      -5.2543      5937.08       -19817
           0 -4.59401e+06            0     -469.787 -4.62726e+10            0     -1025.93    -0.161844            0            0     -7224.92      8644.85            0      29.0002      3124.53  1.31682e+07            0     -1147.68            0       167484  1.20619e+08            0       329495            0            0      2701.14      136.907  7.52161e+08     -1148.74     -180.489      5047.65 -6.88732e-05 -2.59209e+06            0            0     -10948.5     -1977.84      41.8679            0     -1716.29            0            0   5.5642e+07       871363      96.9094  4.89224e+08     -730.004            0            0      12913.2     -3956.35     -6734.08            0      17776.6 -3.48135e+09      31849.6  0.000231575            0      1878.15      2449.01            0     -344.353            0 -4.17849e+09   -0.0106605            0  0.000176134     -5819.25 -0.000113331            0            0            0            0     -86.9194            0     -18617.1      423.566  -0.00211954      262.608     -15727.3      152.469            0            0      -137673      156.326     -6540.29   -0.0517663  6.89328e+08            0      29.4341            0            0     -18335.5     -7757.68
-3.89272e+07  -2.0023e+06  8.39282e+06     -10.2743  7.11123e+09     -27409.3            0   0.00921157     -1506.17      4.49741     -19.5083     -25.2886            0      8.37809    -0.872479       -88129     -128.178            0      8220.99      -117993  2.66422e+08      -133.64            0       1352.8  0.000251422            0     0.633076 -2.23528e+07     -4.28129            0     -2.43304 -2.49391e-06       355755      9.58132       72.045            0      110.465    -0.859587  2.88736e+06     -2.05453      -964.02            0  1.47408e+07      -954883            0 -1.50873e+08      2330.92            0      3637.89     -3.11424     -10.8138            0      28.8686            0 -6.31659e+08            0 -8.71775e-05            0            0      1036.08       9660.7     -831.129      335.386 -4.70282e+08  -0.00145439       343932  4.52237e-05      -648.39  0.000139294     0.244664            0            0  -0.00846946     -10.0369            0      27.4365            0 -0.000484024            0      6.84411     -3.22242            0            0            0     -4.61565            0   0.00432217  2.28779e+07   0.00570313    -0.831087            0     0.110606     -2961.02      17534.6
    -40.6427      141.378      4.50293            0     -53433.4    -0.294981  5.89207e-05 -7.87387e-07 -0.000786076 -0.000224884            0 -0.000193812      94.7828 -0.000468049 -6.84888e-05      34.9624    0.0157721 -1.69313e-05   0.00562806     -1.06747     -11980.5  0.000322247            0  0.000251422  5.88775e-07  6.75815e-05  6.24096e-06      3862.36 -3.72946e-05            0  9.74432e-05 -2.06841e-11     0.339494 -0.000101653 -3.13434e-05            0  -0.00558871            0      7.91496 -2.86121e-05  -0.00172852 -3.98288e-05     -5434.69      59.3026  3.98221e-05      6770.86   -0.0775998            0  0.000298903            0  0.000342812            0    0.0105367 -6.08146e-05      37257.5 -0.000620038  4.65888e-10  2.52349e-05            0   -0.0424469     0.218279    0.0441844 -0.000419608      23457.6   1.4451e-07     -5.54235 -3.21744e-08    0.0718678 -1.19321e-09 -9.73184e-06            0    -0.173579 -5.21614e-06  1.55327e-06 -5.97184e-05            0 -1.20777e-05  2.51122e-09            0  9.14669e-05            0  0.000889694 -0.000181073 -0.000941045 -7.08956e-05            0 -1.05304e-07     -1444.05 -3.19691e-05  2.40393e-06  5.17232e-06 -8.08229e-05    0.0802737     0.119023
           0      -685375            0      30.1374 -3.35753e+09            0     -10.6283   0.00062592            0            0      1612.83      1121.85       292504      6.07691      234.032      -767787            0      -37.822            0       2633.6  3.06738e+06            0      2701.14            0  6.75815e-05      1703.51     -7.43714 -1.54576e+06     -254.837      58.6537      294.829            0            0            0            0     -1187.07      167.973     -12.7206            0      155.725            0            0   7.6748e+06       160762      969.279 -5.92537e+07      594.629            0            0     -82.0127      -2905.7     -831.648            0      43.9951  -7.6491e+07     -1230.23 -5.35559e-05            0     -202.187      391.597            0     -249.986            0  1.26357e+08   0.00104205            0 -3.94197e-05     -562.261 -1.55443e-05            0            0            0  -0.00198387      75.6616            0      282.363      251.057 -0.000347229            0     -2439.53      1.03183            0            0      2821.45     -20.3992       5321.4            0  3.25565e+06    0.0790442     -5.17764            0            0     -1252.21     -1581.94
           0      -707131            0     -169.852  3.80715e+09            0            0   0.00114708            0            0     -91.3616      519.972            0      0.18112     -14.4171      -533091      22.4467      11.5052            0      3682.99  9.71834e+07            0      136.907     0.633076  6.24096e-06     -7.43714      242.288  -9.7818e+06     -26.9903     -3.28319     -26.9646 -5.32254e-07            0            0     0.169415      85.1222      117.524     -14.0994            0      84.9806            0            0  2.73736e+06     -43526.7      4.92147  -1.5998e+08     -867.675            0      6.44569       28.958      137.765      74.8233            0     -42.3707 -4.11659e+08     -26.3561            0      0.28377     -7.28453      333.845            0     -310.534            0 -9.43084e+07  0.000282621            0   2.0111e-05      182.788            0            0            0            0    0.0116899      2.24695            0      305.689      9.32482  7.07414e-05            0     -16.0371      11.9568            0            0     -20.6259      88.5264     -247.381            0 -1.06907e+07    0.0184155     -8.68742            0      1.87973     -1449.32     -513.359
  2.0032e+12  6.42165e+13  4.95822e+11  1.72294e+07  2.28679e+17  1.01723e+10 -2.62633e+07 -2.32307e+06  5.77517e+08 -2.03211e+07 -5.22581e+08 -3.32968e+08  3.09312e+12  4.59209e+08  6.87338e+07  3.89375e+13  7.02239e+08       628747 -3.03684e+08  7.58522e+10 -3.03724e+15  2.55718e+08  7.52161e+08 -2.23528e+07      3862.36 -1.54576e+06  -9.7818e+06  6.15648e+15  5.12188e+07  3.65277e+06  2.47048e+07      1090.85  -1.2195e+13 -3.99149e+06 -6.66124e+06  4.43104e+08 -2.36125e+09 -7.07331e+06 -5.74968e+11  4.06098e+07  1.93873e+09  1.86545e+07 -1.59754e+14  5.98273e+11  1.63614e+07   2.0626e+15 -1.72649e+10    8.726e+07 -4.18582e+08 -2.17229e+08  1.19583e+07       128013  1.68661e+08   1.9901e+07  1.18134e+16  1.20732e+08      913.224  5.27867e+06  -2.2829e+07 -1.38957e+10  2.34503e+10  1.53041e+10  6.03348e+07  6.56025e+15       139138 -1.11775e+11     -205.223  -5.7623e+10      831.962   2.3936e+07 -5.71673e+09  1.07752e+12  1.21119e+06  7.21542e+06 -1.60255e+07 -4.99876e+08  3.43729e+06      5077.03  8.23523e+06 -6.66531e+07      -469396 -2.71284e+09  2.13016e+07 -3.67695e+08 -2.44885e+07 -2.32007e+08      -338627   1.4096e+14      -283866  1.88571e+06  3.97023e+07 -4.88988e+06  1.40513e+10 -1.04454e+10
           0      -453229            0      172.541  5.56935e+09            0            0    0.0585105            0            0       5635.3      6692.88       658017       14.385      1017.78  -3.8991e+06      2.32055      901.594            0       7943.4  1.72734e+07            0     -1148.74     -4.28129 -3.72946e-05     -254.837     -26.9903  5.12188e+07         2974      328.787     -1452.83  2.27015e-05  1.01789e+06            0     -1.14561       212.23     -398.256       -5.385            0      2528.12            0            0 -7.26027e+06      78588.3      802.915 -3.65314e+08      1280.84            0     -43.5905     -2733.48      -8498.4      111.261            0      885.534 -6.51885e+08      2352.77 -3.91989e-05            0      -976.62      380.417            0     -602.808            0  9.44232e+07   0.00183438      -154369 -3.63433e-05     -804.166 -5.22955e-05      0.29727            0            0    0.0553041       164.68            0      1098.38      3.84038 -0.000125107     -10.0321     -1180.18     -13.8657     -80.4228            0     -11600.4     -66.1391      2947.73    0.0203282  1.48711e+07   -0.0393603      5.18814            0     0.230834     -357.289     -3269.32
           0      -350876            0    -0.694684   2.3644e+09            0            0            0            0    -0.211912      680.512      747.522            0      3.73193      276.897      -548193            0       203.59            0      5064.61  3.53707e+07            0     -180.489            0            0      58.6537     -3.28319  3.65277e+06      328.787      185.494     -133.602            0            0            0            0      2302.15      27.0857     -1.85754            0      224.787            0            0  1.32586e+06            0       204.22 -1.35692e+08      351.973            0            0     -236.163     -1442.53     -149.056            0      216.607 -2.28887e+08      552.137  6.82482e-06            0     -150.205      231.671            0     -235.557            0 -5.93822e+07  0.000386168       -10305            0     -363.061  1.04895e-06            0            0            0            0      42.6387     -2.92085      44.0149      28.0438  4.46962e-05            0     -591.262    -0.382799            0            0     -2350.65      1.34801      1631.33            0   -2.034e+06    0.0138621     0.590436            0            0     -862.051     -618.996
           0  3.64868e+06      -836086      1.47858  6.81615e+09            0            0   -0.0365799     -26.2057      2.81152     -3082.19     -3528.09       727739     -28.1698     -2723.55  6.57497e+06     -11.7906     -980.076            0      35332.5 -6.89787e+07            0      5047.65     -2.43304  9.74432e-05      294.829     -26.9646  2.47048e+07     -1452.83     -133.602      23536.5 -1.80376e-05      -678838            0            0      7543.77      641.976      24.3074            0      477.197            0            0 -1.44917e+07       145028     -8351.82  3.53371e+08     -2643.44            0     -24.5407      3112.03      11607.4     -11076.2            0     -4120.16  7.99565e+08       1598.3  3.41654e-05            0      1469.29     -1383.46            0      767.404            0 -1.37226e+08  -0.00224877  2.13155e+06 -3.54346e-05      1410.98  6.59134e-06    -0.384405            0            0    0.0128412     -259.948            0       336.84      646.572   0.00212264     -7.51337     -2192.23     -4.71069            0            0      8998.47      16.1582     -20923.1    -0.013557 -1.16135e+08   -0.0233381     0.309628            0    -0.987394       2597.5      7029.12
   -0.424613      11.0197    -0.734926  2.16244e-06      36637.4            0            0  3.48414e-07   0.00022932 -7.75809e-06 -6.02777e-05  0.000184341     -1.12739  2.50736e-05            0      4.57413 -6.53173e-06  2.34187e-06  4.64554e-05   -0.0627671      -600.75            0 -6.88732e-05 -2.49391e-06 -2.06841e-11            0 -5.32254e-07      1090.85  2.27015e-05            0 -1.80376e-05  2.43387e-09      8.84798            0  4.26127e-07            0   0.00115866            0     -0.39264   9.4042e-05  0.000649294 -6.46888e-06       9.4319     0.889725  1.74642e-06      412.453 -0.000216463  5.55354e-05  6.74334e-05 -1.09754e-05 -5.61766e-06            0            0  3.99344e-05      1888.13            0 -1.70701e-11 -8.85445e-07 -6.89093e-06  -0.00220807            0   0.00276857            0     -350.846  2.65166e-08            0  -1.9634e-11   -0.0144734 -1.08878e-10 -1.15566e-08  8.69101e-05  -0.00536875 -1.40485e-07  2.32613e-06 -1.26843e-05 -1.75344e-05 -3.79865e-06 -1.65618e-09  1.46726e-06  2.48675e-05  7.86737e-07            0  2.41508e-05  0.000291603  -1.4755e-05 -9.34517e-05  5.39686e-08      3.71371 -1.02276e-08  6.42521e-08 -1.97336e-07 -1.03192e-06   0.00195517   0.00597262
