 7.13874e+21 -1.32546e+24 -8.02676e+22  1.65063e+11  -5.7242e+19  2.45164e+20            0            0 -3.88245e+15  1.59693e+16            0            0  1.57123e+19  1.82933e+14            0 -1.44668e+22 -1.56249e+14            0 -5.79321e+15  -3.0039e+20  2.34302e+23            0            0 -1.71363e+13      -721382            0            0  6.62547e+20            0            0            0     -7670.73 -1.57562e+19  1.57591e+12 -2.22638e+11            0 -3.73918e+16            0 -2.10456e+18            0 -3.29086e+16  7.02179e+13  4.60608e+22    3.707e+15            0 -3.89519e+20  7.71856e+18 -1.00549e+14 -1.88087e+15            0            0            0            0            0            0 -7.20686e+11      3784.09            0            0  1.10138e+20  1.72441e+22     -8800.97  4.30757e+15     -446.903       412175  4.07526e+20      29184.6  -9.1217e+16     -28736.4  1.09989e+11            0            0  2.29966e+08 -1.99831e+10   2.4368e+10            0            0  1.03564e+06            0            0            0            0            0            0 -9.95918e+13            0      -167832  9.21531e+23  2.28748e+09 -3.10551e+07            0  1.77378e+13 -8.52437e+15  3.93747e+15
-1.32546e+24  3.74149e+29  1.16716e+27  8.92784e+16 -8.79742e+25  1.94835e+24 -1.71267e+18  -3.2549e+14  1.38392e+20 -1.28347e+20 -2.46487e+19  -6.4608e+18  -5.1538e+23  5.28034e+19 -5.95468e+16  3.70058e+27  3.09695e+20 -8.51058e+15 -9.12388e+19  9.18129e+24 -6.81339e+28  4.57421e+19 -9.45533e+17 -4.24212e+16  1.27113e+11 -2.68442e+17 -2.07259e+17 -1.58501e+26 -1.23294e+18 -9.98754e+15  1.53871e+18  8.13864e+09 -7.52479e+24   -3.683e+15 -2.84485e+15 -2.75969e+21 -5.35723e+21 -1.24525e+15 -2.70649e+22  -8.4274e+17   1.2801e+20 -2.44523e+18 -5.77746e+28  8.08595e+20 -2.14709e+19  2.78081e+26 -6.60901e+23  1.94281e+18 -2.01987e+19  4.34676e+17  2.74618e+18 -3.24549e+18  3.14264e+20 -3.06592e+17  4.16886e+10  -5.1216e+17   1.3623e+10  -1.7681e+15  1.29569e+16 -2.72708e+25 -2.36295e+25   4.0439e+09 -1.85611e+20 -3.41767e+06 -6.28856e+10 -1.97549e+24 -7.61747e+09 -1.90552e+22 -5.64645e+09 -3.93021e+16 -3.63108e+20  2.67522e+20 -3.89175e+13 -7.52444e+14 -3.29489e+15 -8.35442e+19 -1.59396e+18 -2.38448e+10  7.19525e+14  4.10152e+17 -7.98579e+14 -1.89759e+20  1.43637e+15  3.67971e+18 -2.23683e+19  -1.2778e+18 -9.76053e+10  1.74937e+28 -4.05242e+14  1.41588e+13  7.03881e+19 -8.63815e+18  2.52288e+21 -4.37366e+20
-8.02676e+22  1.16716e+27  7.84428e+27            0 -5.85126e+22    6.357e+23            0            0  9.64084e+18   -3.534e+18 -2.68078e+17            0            0 -1.86187e+17            0  1.54526e+25            0            0  -1.4995e+18  1.73149e+24 -2.57231e+26            0            0  1.30766e+15  2.10752e+08            0            0  1.47152e+23            0            0            0 -1.22412e+07            0            0 -5.76944e+13            0  -7.0432e+18            0 -8.62078e+20            0 -1.86014e+18            0 -6.93795e+26            0            0   1.4918e+21 -6.76679e+21            0  9.76459e+17            0            0            0            0            0            0            0            0            0            0 -1.24234e+23            0  1.75744e+07            0            0 -1.00185e+07 -5.96875e+23            0  6.12659e+19            0 -1.23093e+13            0            0            0  1.29687e+14            0  2.72016e+17            0            0            0            0            0            0            0            0            0            0            0   2.3698e+26            0            0            0            0  6.40645e+18 -2.78006e+19
 1.65063e+11  8.92784e+16            0  1.02202e+07 -3.62649e+13            0            0     -2.54423            0 -2.46805e+06 -3.11627e+07 -3.11563e+08            0 -1.76393e+06       232628  1.66432e+15            0     -56009.6            0  3.79697e+12 -2.49036e+16            0 -4.22723e+07     -36780.6            0  2.92101e+06 -1.20491e+07  5.39289e+11  3.49008e+07     -1127.05     -81017.1  0.000330983 -2.15856e+11            0     -4565.79            0 -2.14485e+09      4098.57 -2.29062e+09  6.34544e+06            0            0 -1.37413e+16  1.23801e+08  9.71304e+06  1.70746e+14  3.67382e+11            0 -3.09496e+07 -1.95714e+06  -4.5534e+07  6.28286e+07            0  2.71093e+06            0     -77397.3 -0.000306198            0      -230070 -9.35666e+12            0   0.00169118            0            0  -0.00277994            0  -0.00564523  6.40757e+08            0            0  2.78754e+07 -5.94292e+06    -0.543662     -1897.12            0 -4.78123e+08 -3.98672e+06   -0.0161829      972.748  2.35314e+06      -206050            0            0  2.90159e+07 -2.28198e+09       289127  -0.00112676  3.14671e+16     -70.8326       377.58            0 -9.78615e+06  9.64977e+08  1.15281e+08
 -5.7242e+19 -8.79742e+25 -5.85126e+22 -3.62649e+13  9.56492e+22 -5.13182e+20  4.61865e+14 -8.71888e+09  -3.2549e+16  3.54378e+16  9.68869e+15  1.88837e+15  9.89758e+19 -1.18705e+16  6.67387e+12 -7.57954e+23 -1.00217e+17  5.66986e+11  2.97426e+16  -1.0587e+21  2.66472e+25 -1.08544e+16 -1.55385e+15  7.12359e+12 -3.27396e+07  -7.6519e+13  1.08056e+14  1.53416e+22  4.32415e+13  1.09309e+12 -7.08199e+13 -1.54128e+06  1.84326e+21   1.0611e+12  5.14686e+11  6.91032e+17   1.7298e+18  3.32542e+10  7.96878e+18  4.58007e+14 -2.48606e+16  2.26833e+14  1.34393e+25 -2.92021e+17  1.55955e+15 -1.49183e+23 -1.41944e+20 -2.85206e+14   2.2903e+15  2.14592e+14 -2.73899e+15  9.86398e+13 -5.50078e+16 -5.45737e+13 -1.24281e+07 -8.28029e+13       755818  6.37467e+11  7.78324e+10  8.56546e+20  1.75197e+21 -1.22937e+06  2.61657e+16      28990.5  9.21461e+06  3.42287e+20  2.93298e+06  3.85697e+18   2.7975e+06  1.00501e+13  1.99132e+17 -1.50671e+17  1.31139e+10 -1.71722e+10  1.06081e+11  1.95572e+16 -3.28599e+14  1.52667e+07 -2.94386e+11  4.36066e+13  7.20694e+10  7.69399e+16 -4.16067e+11  2.25313e+14 -9.29614e+14 -1.00291e+14  2.73778e+07 -1.31734e+25  1.21174e+11 -2.09835e+09 -2.70242e+16  4.78174e+15 -4.68017e+17  1.44128e+17
 2.45164e+20  1.94835e+24    6.357e+23            0 -5.13182e+20   1.5288e+22            0            0  9.05203e+15 -3.81828e+15            0            0            0 -2.51719e+14            0  1.76276e+22            0            0 -5.53319e+15  9.26639e+20 -4.70077e+23   8.7423e+16            0  -6.2611e+12 -1.44157e+06            0            0  9.14012e+20            0            0            0            0            0 -1.93726e+12 -2.82815e+10            0 -7.40668e+16            0 -1.68926e+18  1.56557e+13  5.25536e+16            0 -1.18326e+24            0            0  5.32657e+20 -7.13009e+18            0  1.06665e+14            0            0            0            0            0            0            0            0            0            0  -1.7217e+20 -1.58657e+21      26457.1 -4.50299e+15            0       353172            0            0  7.44183e+16            0            0            0            0            0  3.69271e+10            0            0            0            0            0            0            0            0            0            0            0            0            0 -1.42202e+23            0            0            0            0  1.47132e+16 -9.60883e+16
           0 -1.71267e+18            0            0  4.61865e+14            0  1.86978e+10     -681.693            0            0            0            0            0 -3.02319e+08 -5.90037e+06  4.76072e+16  1.63947e+09       292957            0 -5.26756e+14  3.45919e+18            0 -6.10956e+09            0     0.832827 -5.33771e+07            0  2.02565e+15            0            0            0            0            0            0            0            0  7.59354e+10            0            0            0            0            0   2.1312e+17            0            0  2.77233e+15  2.08899e+13            0            0 -1.35355e+08            0            0            0 -1.37744e+08            0 -1.85663e+08    -0.369011            0 -1.46712e+06 -2.77478e+13            0     0.044751            0   0.00439121     0.135551            0            0  2.12113e+11            0            0            0 -6.15401e+08            0            0            0            0            0     0.153986            0   9.9632e+07            0            0            0  1.51676e+09            0            0            0  1.89213e+17     -7389.27            0            0            0 -4.44763e+10   9.6266e+09
           0  -3.2549e+14            0     -2.54423 -8.71888e+09            0     -681.693      4.23265     -16689.9      25253.1      20517.2      6418.83   5.1115e+07     -70437.4            0 -5.06751e+12       -64928      2.40484            0  2.93971e+10  5.38119e+13            0     -2139.34      5.44867 -3.00963e-05      15.0149      14.7497  1.18208e+10      1679.36            0       -241.1 -1.00109e-06   2.9421e+10            0     0.940966            0 -6.21715e+06    -0.203579      -369510      1284.79      -163898      1975.22 -4.17714e+13      -152752     -1179.16 -7.99671e+10  1.04819e+09     -1325.71      3037.73       499.39     -4181.28            0            0      278.252  3.48528e-06      76.1468 -2.39872e-06            0     -6.50532  2.98786e+10  2.28727e+10 -3.98381e-06            0 -1.95748e-08 -8.95019e-05  8.89603e+07  1.47703e-06  2.68336e+07  2.96104e-06    -0.284149     -8972.28      6984.58   0.00943954      0.33383            0      20971.9            0  5.52401e-06    -0.107439      255.854            0            0   -0.0487563      2564.76            0     -911.367  0.000264232 -4.63612e+13      0.17018            0            0      302.412 -2.19253e+06  -1.0815e+06
-3.88245e+15  1.38392e+20  9.64084e+18            0  -3.2549e+16  9.05203e+15            0     -16689.9  4.16666e+12 -8.11375e+11 -2.77502e+09            0 -3.97203e+13 -4.09889e+09            0  2.00755e+18  7.85112e+10            0 -6.20016e+11   5.7534e+16 -3.16627e+19  7.97715e+10            0 -2.83229e+08      7.40342            0            0  1.48783e+16            0            0            0      2.31121 -1.74209e+15 -1.74061e+07 -9.69305e+06            0 -5.85486e+10            0 -2.59986e+14            0  1.21896e+12            0 -2.37315e+19  2.85967e+11            0  1.38228e+17 -4.80088e+14   1.2097e+09 -4.62848e+10            0            0            0 -4.89717e+11            0            0  -1.8685e+07    -0.696833  -4.6924e+06            0 -1.23532e+16 -2.43907e+16      1.95051 -2.47157e+12  -0.00398048      8.38828 -6.42035e+15            0  2.63713e+12     -5.43938       470455            0            0     -19816.3  4.88228e+06            0  2.81553e+09  7.32054e+07     -18.2703            0            0            0 -1.58433e+09  3.65187e+06            0 -1.00328e+10            0     -13.3089  2.04066e+19     -62094.1      2194.19  3.63916e+08 -4.79785e+08  9.91265e+11 -1.28795e+12
 1.59693e+16 -1.28347e+20   -3.534e+18 -2.46805e+06  3.54378e+16 -3.81828e+15            0      25253.1 -8.11375e+11  1.38526e+12  3.05079e+09            0  -1.9352e+14  6.70699e+09            0 -1.57651e+18 -1.57671e+10      -315652  1.13628e+11 -3.64717e+16  3.18092e+19 -1.19879e+11            0   8.9208e+06     -31.4267            0            0 -1.87259e+16            0      -484440            0    -0.940287  5.59244e+14  2.07455e+07  3.45832e+06            0 -4.92303e+11            0  3.10555e+14            0 -8.44625e+11  9.18401e+08  1.34847e+19 -3.96616e+11            0  -1.2382e+17  4.34764e+14 -1.78194e+09 -1.37951e+10            0            0            0  5.00464e+11            0      2.47086  3.68704e+07     -0.47328  1.34023e+06            0  1.13072e+16  2.15235e+17     -1.73215   4.3862e+11  -0.00409174     -1.90205  1.65974e+16            0  -3.8214e+12     0.568942  2.23143e+06 -1.16954e+10            0      16575.8 -3.04435e+06  2.27681e+07 -3.09544e+09   7.3129e+08       47.501            0            0            0 -1.58106e+10      -822297            0  5.37791e+09            0      5.26544 -1.38204e+18      21438.7     -386.245  3.63222e+09  1.14999e+09 -8.96132e+11  2.00867e+11
           0 -2.46487e+19 -2.68078e+17 -3.11627e+07  9.68869e+15            0            0      20517.2 -2.77502e+09  3.05079e+09  1.42115e+12  3.95616e+10            0  7.17593e+08  1.12362e+09 -2.00136e+17            0  6.10371e+07            0  2.85336e+15  1.21372e+19            0 -2.52398e+09      -791323            0  1.69603e+09 -9.12171e+07 -1.42889e+16  1.77949e+10    4.217e+07 -2.59006e+09    -0.152152            0            0            0 -3.20484e+12   8.6422e+11 -1.91367e+07            0 -4.10402e+08            0            0  4.67701e+18 -1.11591e+11  7.15017e+09 -1.42011e+16  5.23876e+13            0 -6.56528e+08 -9.52937e+09 -9.76209e+10 -4.91874e+10            0  1.69753e+09            0  6.19538e+09            0            0 -1.02511e+08  1.68083e+15            0    -0.259784            0  0.000135485     -8.91795  1.52895e+15            0  8.47612e+10    0.0544238            0            0            0            0  8.15234e+06            0     6.68e+11  6.18218e+10            0 -7.64768e+06  -6.6912e+08 -2.49547e+06            0            0 -2.77232e+10 -1.01217e+10  1.37335e+09            0  6.62777e+18      11193.3       118274            0            0 -2.09679e+11 -9.18308e+09
           0  -6.4608e+18            0 -3.11563e+08  1.88837e+15            0            0      6418.83            0            0  3.95616e+10  2.75809e+11            0  2.06036e+07  5.70164e+08 -1.86278e+17            0  9.09655e+06            0  5.95303e+14   1.7148e+18            0   5.1513e+09      -584668    -0.150914  7.23325e+08  3.56739e+08  -6.2418e+15  8.63834e+09  1.67772e+07 -1.42503e+09      0.15923  5.44588e+14            0     -72580.3   1.5441e+13    3.681e+10      -745453            0  3.27742e+09            0            0  3.30233e+17   7.2719e+09  3.12999e+10 -1.47912e+16 -3.94407e+12            0 -4.91979e+08 -4.12856e+09 -1.96132e+10  3.27798e+10            0  -1.3407e+09            0 -6.83024e+08     0.791694      -167154 -1.54201e+08  5.10097e+14            0   -0.0807835            0   -0.0111173     -3.24969 -7.75742e+13            0  1.80569e+11            0            0            0            0     -308.008  2.09473e+06            0  5.08538e+10  2.02366e+10      3.04056            0   -1.271e+08  1.07813e+07            0            0 -6.96375e+09 -1.00219e+11 -3.24174e+09      5.54681  4.22542e+18      11660.8       -95688            0  1.80978e+09 -5.24136e+10  -2.3977e+10
 1.57123e+19  -5.1538e+23            0            0  9.89758e+19            0            0   5.1115e+07 -3.97203e+13  -1.9352e+14            0            0  2.88936e+20  6.25782e+13 -2.19926e+10 -5.20147e+21  1.01723e+15  3.29356e+09            0   4.1277e+19   1.3445e+23 -7.24663e+13            0            0       463931  8.32308e+11            0 -8.51891e+19  4.09884e+12            0  1.04079e+12     -4913.04            0 -2.59453e+10 -3.29926e+09            0 -8.03418e+15            0  5.52174e+15            0  1.03917e+14            0   1.0603e+22 -2.36553e+16  2.27621e+13 -3.12029e+20  1.91202e+18  5.71703e+11            0            0            0            0  3.48548e+15  -1.2913e+10      53673.5  3.83241e+12            0  2.87514e+11            0  5.19951e+19            0     -6854.63            0     -216.495     -50986.3  7.94845e+18      -111550 -1.91388e+16     -12284.8  1.00999e+10            0            0  4.48323e+09 -5.91887e+08            0            0  1.63394e+13      19288.1            0  5.34998e+11            0 -2.37047e+13 -8.74393e+10 -2.18643e+12            0            0            0  1.62539e+23 -2.77006e+08            0  4.24594e+12  8.61741e+13 -4.15877e+15 -2.82228e+15
 1.82933e+14  5.28034e+19 -1.86187e+17 -1.76393e+06 -1.18705e+16 -2.51719e+14 -3.02319e+08     -70437.4 -4.09889e+09  6.70699e+09  7.17593e+08  2.06036e+07  6.25782e+13  2.02806e+10  1.94889e+07   7.0434e+17 -3.39767e+10  1.40805e+06  8.55995e+09 -7.76773e+13 -8.15868e+18 -2.76486e+09  2.95665e+08  3.10705e+06     -12.2513  5.76159e+07 -2.35315e+06 -5.60171e+15  3.36717e+08  1.63987e+06 -1.90687e+08      1.57404 -3.64779e+14      94575.7       104024  3.86968e+11 -5.25975e+10      18685.4  2.49095e+12  1.78059e+08 -2.55412e+09  1.70178e+08   2.0759e+18 -8.02188e+10  3.33444e+09  4.37391e+16 -6.86303e+13  5.32435e+07  2.74091e+08  -1.2232e+08 -4.73808e+08  -3.2041e+08   -4.243e+10  4.99162e+07      4.92952  8.41126e+07      3.00882       284966 -2.96129e+06 -4.39435e+15  3.01151e+15     0.758482  1.97075e+10    0.0146397      19.6572  2.14759e+14     0.941844 -5.04716e+12   -0.0120471  2.62988e+06 -6.24674e+10  3.74166e+10      3572.45       206580       170615  2.23959e+09  4.48076e+08      3.79998     -8964.56 -4.86262e+07      1552.67 -2.57333e+10     -12616.8 -6.27923e+08   9.9552e+08  1.76639e+08     -3.32196  9.62787e+18        48464     -55.9203  9.33424e+09  1.05191e+09  3.58817e+11 -4.59562e+10
           0 -5.95468e+16            0       232628  6.67387e+12            0 -5.90037e+06            0            0            0  1.12362e+09  5.70164e+08 -2.19926e+10  1.94889e+07  3.37855e+07 -2.39782e+15            0       803645            0  7.36945e+11  1.44874e+16            0  1.69259e+08     -2051.54  -0.00826382  1.41255e+07      -660428 -5.02064e+13   1.5469e+08       818817 -1.27725e+08            0            0            0     -254.831 -3.59203e+11 -1.42211e+08      7997.38            0  1.25053e+07            0            0 -7.91011e+15 -1.08553e+08   1.4419e+09 -2.59699e+14  3.87955e+11            0 -1.72618e+06 -7.41162e+07 -7.06253e+08  9.57371e+08            0  8.44499e+06 -0.000483909 -1.13547e+07    0.0232389            0 -1.91869e+06  7.68771e+12            0 -0.000265103            0  0.000229438   -0.0588131  -1.2279e+12            0 -7.08027e+09   0.00249381            0            0            0      2.16282      79672.2            0 -5.28146e+08  1.22209e+08     0.123495            0 -2.17524e+07      10028.7            0            0 -2.26419e+08 -2.16819e+08  2.25315e+08            0  9.70419e+16      47.3864      99.3418            0            0 -1.50369e+08 -6.01928e+08
-1.44668e+22  3.70058e+27  1.54526e+25  1.66432e+15 -7.57954e+23  1.76276e+22  4.76072e+16 -5.06751e+12  2.00755e+18 -1.57651e+18 -2.00136e+17 -1.86278e+17 -5.20147e+21   7.0434e+17 -2.39782e+15  4.07848e+26  4.54213e+18 -2.24691e+14 -1.27246e+18  9.81313e+22  -2.0684e+26  8.87325e+17  4.89919e+16  -3.7585e+14  1.45406e+09 -5.96047e+15 -4.47906e+15 -1.65373e+24  -4.9114e+16  -2.4097e+14  2.47923e+16  1.20114e+08 -1.47852e+23 -3.68618e+13 -3.30154e+13 -4.99027e+19 -5.91755e+19 -1.15374e+13 -5.20369e+20 -2.18374e+16   2.0395e+18 -3.38827e+16 -7.04315e+26  1.10851e+19 -4.29828e+17  1.24333e+25 -1.17039e+22  3.15693e+16 -2.29033e+17  2.09064e+16  1.10584e+17  2.58813e+15  8.21242e+18 -5.43914e+15  1.12465e+09 -8.06567e+15 -5.34617e+08 -3.85905e+12  4.01641e+14 -5.52408e+22   1.0641e+22  4.39576e+07 -2.13445e+18 -9.73577e+06 -1.21029e+09 -2.90269e+22 -8.45934e+07 -2.63336e+20 -4.65937e+07  -7.3011e+14 -1.07317e+18 -2.07217e+17 -2.87417e+11 -2.88169e+13 -5.09787e+13 -8.75291e+17 -6.68208e+16  3.04588e+09  3.20093e+12    7.018e+15 -3.66361e+13  1.24564e+18  3.13056e+13  5.95729e+16 -4.96554e+17 -3.34774e+16 -1.96064e+09  1.10393e+27 -4.93192e+12  3.24521e+11 -7.14839e+17 -1.24699e+17  4.34087e+19 -3.68478e+18
-1.56249e+14  3.09695e+20            0            0 -1.00217e+17            0  1.63947e+09       -64928  7.85112e+10 -1.57671e+10            0            0  1.01723e+15 -3.39767e+10            0  4.54213e+18  1.26003e+13            0 -8.00374e+10 -2.50051e+16 -7.99882e+19   1.9631e+11            0 -5.32677e+07      742.916            0            0  3.12732e+16            0            0            0     0.130976 -8.40185e+14            0 -1.61182e+06            0 -2.80738e+13            0 -1.17443e+12            0            0            0 -3.42343e+20  3.15061e+12            0  2.60656e+17 -9.71529e+14  3.74292e+08  -3.6136e+10            0            0            0 -5.66152e+11            0     -10.6671 -9.57646e+07     -3.19495            0            0 -2.75196e+16 -1.88781e+16      4.70991 -6.58236e+10     0.102487      9.35726  3.02609e+14     -64.1992  1.30428e+13     -2.55199 -9.83569e+06            0            0      16035.8       112541      -487062            0            0     -123.623            0            0            0  6.81652e+09            0            0            0            0     -18.1974 -8.29086e+16 -3.81218e+06            0 -7.80581e+09  1.42132e+09  2.54971e+12  3.61419e+11
           0 -8.51058e+15            0     -56009.6  5.66986e+11            0       292957      2.40484            0      -315652  6.10371e+07  9.09655e+06  3.29356e+09  1.40805e+06       803645 -2.24691e+14            0      87439.3            0  1.11605e+11  1.14886e+15            0 -9.59757e+06            0 -0.000317331      -188320      63005.8 -5.61645e+12  1.38316e+07      62474.2 -4.78856e+06  1.71303e-05  1.60056e+11            0            0 -3.13489e+09  3.23863e+07      203.288            0  3.28328e+06            0            0  8.22026e+13      -478668  7.71575e+07 -1.54113e+13  2.13305e+10            0            0 -3.81183e+06 -2.88757e+07 -3.93238e+07            0       997189            0   3.3086e+06  0.000254977            0       -87158  6.62416e+11            0 -0.000102453            0   9.1753e-06   0.00137441  -5.9516e+10            0 -4.04846e+08  8.98931e-06            0            0            0    0.0529394      6431.87      -430.12  2.51612e+07 -1.51548e+06   0.00227358            0  -1.2282e+06      3879.96            0            0 -2.97291e+07  3.19648e+06  8.33883e+06   0.00163022 -7.98118e+14      10.2449     -6.34097            0       181575 -4.38437e+07 -3.88628e+07
-5.79321e+15 -9.12388e+19  -1.4995e+18            0  2.97426e+16 -5.53319e+15            0            0 -6.20016e+11  1.13628e+11            0            0            0  8.55995e+09            0 -1.27246e+18 -8.00374e+10            0  2.16159e+13 -1.40821e+16  2.64881e+19            0            0  5.62927e+08      8.10682            0            0 -2.02534e+16            0            0            0    0.0713756  1.90154e+15            0  2.67129e+07            0 -2.67338e+11            0  1.86496e+14            0 -2.47504e+10            0  3.59201e+19 -2.11751e+11            0  -8.7424e+16  1.80787e+14            0  4.07035e+11            0            0            0            0            0      9.25781            0     0.498762            0            0  6.96283e+15  2.17482e+16     -1.50136            0    0.0309191      18.7231  9.45385e+15            0 -4.71004e+12            0  3.64063e+07            0            0      1302.29      -372977            0            0            0      12.5456            0            0            0            0            0            0            0            0      5.36062 -2.26128e+19            0            0            0            0 -6.82052e+11  1.58607e+12
 -3.0039e+20  9.18129e+24  1.73149e+24  3.79697e+12  -1.0587e+21  9.26639e+20 -5.26756e+14  2.93971e+10   5.7534e+16 -3.64717e+16  2.85336e+15  5.95303e+14   4.1277e+19 -7.76773e+13  7.36945e+11  9.81313e+22 -2.50051e+16  1.11605e+11 -1.40821e+16  1.32168e+22 -1.39116e+23 -1.33487e+15  8.22968e+14 -1.99267e+13 -9.02838e+06  -3.0343e+12  1.08264e+13 -7.02399e+21  9.04418e+13  7.44786e+11  1.38308e+14      -666399  8.60042e+20 -1.52968e+12 -4.54256e+11  1.22481e+17 -6.06715e+17 -3.35387e+10 -8.39142e+18 -5.71101e+13  2.89491e+16  1.63288e+14  -4.9138e+24  -6.5899e+16  2.00967e+14  3.04045e+21 -3.47836e+19 -3.56968e+13 -2.21284e+14  1.13543e+14 -9.53607e+14 -9.19362e+14 -2.74637e+16 -3.39516e+12  4.41788e+06  2.80312e+13  2.26961e+06  3.26092e+11 -4.05609e+11 -7.73018e+20  1.41229e+21      88016.5 -2.14444e+16      7700.57  6.48471e+06 -9.53715e+20       666049 -1.47812e+17       614828  3.80173e+12 -4.48439e+16  2.79632e+16  4.09846e+09  7.20254e+11 -1.02013e+12  5.03271e+15  7.35459e+14  7.70112e+06 -4.21738e+10 -1.25473e+13 -1.53929e+11 -1.88512e+16 -1.22843e+11 -9.39783e+13 -2.36068e+15 -9.24348e+13  1.08634e+07  3.79242e+23  3.02803e+10  4.83116e+08  7.01499e+15  7.99125e+14  6.01295e+16 -1.75467e+17
 2.34302e+23 -6.81339e+28 -2.57231e+26 -2.49036e+16  2.66472e+25 -4.70077e+23  3.45919e+18  5.38119e+13 -3.16627e+19  3.18092e+19  1.21372e+19   1.7148e+18   1.3445e+23 -8.15868e+18  1.44874e+16  -2.0684e+26 -7.99882e+19  1.14886e+15  2.64881e+19 -1.39116e+23  5.80399e+28 -1.26025e+19  8.51243e+17  8.69953e+15 -2.84216e+10  1.69893e+16  6.87494e+16  1.32913e+25  4.67761e+16  1.04474e+15 -2.60944e+17  -1.5541e+09  1.93104e+24   6.4718e+14  5.81363e+14  3.95656e+20  8.18161e+20  2.12495e+14  6.59149e+21  1.78292e+17  -3.0549e+19  3.96026e+17  1.05325e+28 -1.95279e+20  4.01335e+18 -5.01367e+25  1.71846e+23 -4.58865e+17  3.67842e+18  3.18382e+16  1.80536e+18 -1.21593e+18 -2.65232e+19  3.97968e+16 -1.10025e+08  6.46941e+16  3.12637e+08  5.36724e+14 -1.59025e+15  4.14875e+23   5.2325e+24 -1.27344e+08   1.8083e+19   1.3274e+08  9.63284e+09  4.45325e+23  1.91002e+09  2.68775e+21  1.37566e+09   7.2264e+15  3.03757e+20  -1.9013e+20  9.55556e+12  3.33504e+12  7.73409e+14  1.89729e+19  5.57013e+17  1.59419e+10 -2.09096e+14 -5.29579e+16  1.91209e+14  1.52555e+20 -3.63761e+14 -7.00186e+17  4.87587e+18  1.32743e+17  2.09458e+10  6.44387e+27  9.40691e+13 -2.82309e+12 -6.12059e+19  2.55659e+18 -4.37654e+20  2.69438e+19
           0  4.57421e+19            0            0 -1.08544e+16   8.7423e+16            0            0  7.97715e+10 -1.19879e+11            0            0 -7.24663e+13 -2.76486e+09            0  8.87325e+17   1.9631e+11            0            0 -1.33487e+15 -1.26025e+19  3.36933e+12            0 -3.26604e+07      26.5264            0            0  5.77626e+15            0            0            0            0            0 -1.15791e+07            0            0 -2.74205e+12            0            0  9.35763e+07  3.04841e+11            0 -3.20154e+19  3.11676e+11            0  5.93125e+16 -8.50763e+13            0            0            0            0            0  2.25013e+13            0            0 -1.34135e+07            0            0            0 -3.24365e+15 -1.37654e+16     0.565413 -4.10324e+11   -0.0480258    -0.140904            0     -10.2206  4.99862e+11      -3.5126       940669            0            0      -6901.9            0            0            0            0     -10.5817            0            0            0            0            0            0            0            0            0  8.69733e+18      -180170            0            0 -4.29866e+09  3.24296e+11 -4.28379e+11
           0 -9.45533e+17            0 -4.22723e+07 -1.55385e+15            0 -6.10956e+09     -2139.34            0            0 -2.52398e+09   5.1513e+09            0  2.95665e+08  1.69259e+08  4.89919e+16            0 -9.59757e+06            0  8.22968e+14  8.51243e+17            0  1.39688e+11            0            0  1.07811e+09  3.10038e+07  8.13119e+15 -1.15701e+09 -5.15825e+06  1.43537e+09   -0.0454035 -1.81508e+14            0            0 -3.99545e+12 -3.29024e+10       144604            0 -4.69999e+08            0            0  1.42545e+18  3.13765e+09 -3.35141e+09  7.31469e+15  1.69416e+13            0            0  1.72146e+09 -1.29818e+09 -2.04353e+10            0  1.99868e+09            0  2.66042e+09     0.154332            0  2.66999e+07  4.35598e+14            0   -0.0174388            0 -0.000543603     -1.12829            0    0.0738166 -1.96392e+11    -0.058666            0            0            0            0      -475927            0 -5.89149e+10  4.95372e+09            0       320857  -1.7168e+09  2.87032e+06            0            0 -3.06903e+10   7.4719e+09 -1.13036e+09     -1.84871  6.27624e+18            0      3420.98            0            0 -3.56924e+10 -1.01341e+10
-1.71363e+13 -4.24212e+16  1.30766e+15     -36780.6  7.12359e+12  -6.2611e+12            0      5.44867 -2.83229e+08   8.9208e+06      -791323      -584668            0  3.10705e+06     -2051.54  -3.7585e+14 -5.32677e+07            0  5.62927e+08 -1.99267e+13  8.69953e+15 -3.26604e+07            0       815315  0.000465753            0      7876.79 -4.86159e+11      -143566            0            0 -0.000143307  7.99363e+11      3717.29      19417.4            0  4.37958e+08     -44.9309  4.40549e+10     -4546.08 -8.11494e+07            0  1.17618e+16  -2.1168e+08            0 -2.04819e+13  1.81851e+11            0  1.72145e+08     -15319.8      -169113            0  4.09539e+07            0  9.56936e-05            0  -0.00129947            0            0  3.82888e+12  1.36557e+12 -0.000495221  1.52684e+08 -8.79154e-06 -0.000425274  3.61514e+11   0.00120863 -8.66499e+08   0.00203161      287.195            0            0    -0.141618     -1359.63            0  4.08525e+06            0 -0.000795333            0      7925.18     -2222.59            0            0            0 -4.22206e+06            0    0.0056521  1.30866e+15       13.212     -6.26412            0       244594  -3.2362e+08  9.77852e+08
     -721382  1.27113e+11  2.10752e+08            0 -3.27396e+07 -1.44157e+06     0.832827 -3.00963e-05      7.40342     -31.4267            0    -0.150914       463931     -12.2513  -0.00826382  1.45406e+09      742.916 -0.000317331      8.10682 -9.02838e+06 -2.84216e+10      26.5264            0  0.000465753  1.02807e-06    0.0591295   0.00246061 -2.24379e+07   -0.0523545            0    0.0484569  1.89878e-10     -40221.5  -0.00310218  -0.00078669            0     -8022.11            0       2040.7   -0.0013424     -1.85495    -0.644762 -1.45674e+11      1031.95      0.46653  8.54084e+07      -430895            0     -2.86173            0     0.645912            0      1156.26   -0.0133643 -2.17047e-09   -0.0599412 -5.11094e-12  0.000130979            0 -1.11826e+07       737113  1.82566e-09      -15.817  4.04336e-11  1.42164e-09      -424214 -5.46172e-08      4756.94 -1.26609e-09  -0.00179209            0     -3.15535 -1.06947e-05  5.34497e-05 -0.000535167            0     -0.24169 -3.29496e-08            0    0.0249084            0      5.63005 -0.000150906    -0.217687     -3.45508            0 -5.41215e-09 -6.74365e+09  -0.00172251  7.92303e-07     0.225935     -10.1603      967.902      259.602
           0 -2.68442e+17            0  2.92101e+06  -7.6519e+13            0 -5.33771e+07      15.0149            0            0  1.69603e+09  7.23325e+08  8.32308e+11  5.76159e+07  1.41255e+07 -5.96047e+15            0      -188320            0  -3.0343e+12  1.69893e+16            0  1.07811e+09            0    0.0591295  5.68618e+08 -4.27902e+06  4.34775e+12 -1.63898e+08       967477   5.4677e+07            0            0            0            0 -2.36191e+11  1.02592e+10     -13836.4            0  4.13072e+07            0            0  4.81985e+16  9.52118e+08  5.83029e+09 -1.72337e+14  1.13241e+12            0            0 -2.29135e+07 -1.34759e+09 -1.98544e+09            0 -7.05494e+06            0 -1.58883e+08   -0.0347486            0 -2.44825e+06  3.15515e+13            0  -0.00395037            0  0.000987169     0.138934            0   -0.0229617 -1.67071e+10  -0.00413954            0            0            0     -3.89388       261602            0   9.5269e+08  2.10328e+09    -0.033219            0 -2.31036e+08     -11763.1            0            0  5.11607e+08 -3.61887e+08  7.67046e+08            0 -3.98853e+16      1917.22     -765.898            0            0 -2.15632e+09  -1.9657e+09
           0 -2.07259e+17            0 -1.20491e+07  1.08056e+14            0            0      14.7497            0            0 -9.12171e+07  3.56739e+08            0 -2.35315e+06      -660428 -4.47906e+15            0      63005.8            0  1.08264e+13  6.87494e+16            0  3.10038e+07      7876.79   0.00246061 -4.27902e+06   5.6878e+07  2.11847e+13 -1.52033e+07     -49390.5 -5.46071e+06 -0.000435723            0            0      977.829  1.39641e+10  5.32901e+09     -14222.1            0  1.15897e+07            0            0  1.55777e+16 -1.91253e+08  2.30419e+07 -4.55238e+14 -1.14057e+12            0  6.62806e+06  3.15248e+06  6.47162e+07  1.80588e+08            0 -4.38675e+06            0 -2.97117e+06            0       2725.3      -134968  2.05519e+13            0  -0.00365436            0            0     0.051254            0   0.00996888  3.10912e+09            0            0            0            0       5.0218       6612.8            0  9.55672e+08   7.3352e+07    0.0202594            0 -1.81969e+06       162103            0            0  6.06015e+06  1.73753e+09 -3.53916e+07            0 -4.75681e+16      351.351     -1505.82            0  5.45295e+07 -2.18246e+09 -5.14478e+08
 6.62547e+20 -1.58501e+26  1.47152e+23  5.39289e+11  1.53416e+22  9.14012e+20  2.02565e+15  1.18208e+10  1.48783e+16 -1.87259e+16 -1.42889e+16  -6.2418e+15 -8.51891e+19 -5.60171e+15 -5.02064e+13 -1.65373e+24  3.12732e+16 -5.61645e+12 -2.02534e+16 -7.02399e+21  1.32913e+25  5.77626e+15  8.13119e+15 -4.86159e+11 -2.24379e+07  4.34775e+12  2.11847e+13  5.86537e+23 -6.23043e+14  -2.4856e+12   1.7117e+14  1.61077e+06  -2.3375e+21 -2.14407e+11  3.93027e+11 -7.69755e+14   2.5886e+18  4.43663e+11 -3.54036e+18 -4.62784e+14  3.75352e+16   7.7383e+15  1.93009e+25 -1.00707e+17  1.22304e+15 -6.77597e+22  4.62416e+20 -1.41124e+15  4.01359e+14 -7.93097e+13  3.96658e+15  7.14672e+15 -1.36159e+17  1.72736e+14 -1.74523e+07  2.79749e+14 -8.17609e+06 -8.04043e+11  6.40279e+12  1.52391e+22 -1.32018e+22 -1.77503e+06 -1.52587e+16      -131710  2.62182e+08 -5.79231e+20 -2.49729e+06  1.78307e+18  1.29079e+07  3.41572e+13  1.67947e+17 -7.89478e+16  7.28671e+09 -3.44467e+11 -1.27572e+12 -7.11446e+15 -2.16337e+14  8.30047e+06  2.42498e+11 -2.15927e+14  1.45274e+12  9.63056e+16 -2.42373e+11 -6.06698e+14  1.95873e+16 -5.81196e+14 -4.40336e+07  -1.6159e+24 -2.92165e+09 -3.04049e+09 -2.56206e+16 -3.39607e+14 -1.02201e+18  2.90166e+17
           0 -1.23294e+18            0  3.49008e+07  4.32415e+13            0            0      1679.36            0            0  1.77949e+10  8.63834e+09  4.09884e+12  3.36717e+08   1.5469e+08  -4.9114e+16            0  1.38316e+07            0  9.04418e+13  4.67761e+16            0 -1.15701e+09      -143566   -0.0523545 -1.63898e+08 -1.52033e+07 -6.23043e+14  5.63237e+09  1.22688e+07 -8.06011e+08    0.0241466  1.27573e+14            0     -17820.1  2.05932e+11 -4.52568e+10     -9471.82            0  1.12595e+09            0            0 -2.10112e+17  1.06117e+09  1.07347e+10 -2.15788e+15  5.19515e+12            0 -1.20808e+08  -1.1073e+09 -9.75371e+09  1.85336e+09            0  1.92743e+08            0  5.43089e+08   -0.0428631            0 -3.01303e+07  7.43248e+13            0   -0.0186986            0   0.00559564     0.515637 -1.07622e+13   -0.0457574 -7.63931e+10   -0.0356114      24063.3            0            0      52.7451  1.35981e+06            0  1.03725e+10  1.78038e+08      0.34871     -51890.9 -3.19834e+08      -505140            0            0 -3.96788e+09 -4.25402e+09  1.05554e+09      1.29937  2.92911e+17     -2421.47      2342.47            0  1.69002e+07 -3.06609e+09 -9.60931e+09
           0 -9.98754e+15            0     -1127.05  1.09309e+12            0            0            0            0      -484440    4.217e+07  1.67772e+07            0  1.63987e+06       818817  -2.4097e+14            0      62474.2            0  7.44786e+11  1.04474e+15            0 -5.15825e+06            0            0       967477     -49390.5  -2.4856e+12  1.22688e+07       134044 -1.59108e+06            0            0            0            0  2.05782e+10  7.56535e+07     -86.1276            0  2.05415e+06            0            0 -1.67824e+14            0  5.75949e+07 -1.78993e+13   2.4972e+10            0            0 -1.91907e+06 -3.39734e+07  -1.4179e+07            0       881646            0  2.30481e+06  0.000209353            0     -89613.6  7.80127e+11            0 -0.000144299            0  6.45619e-06   0.00209404 -1.61447e+10            0 -5.09494e+08  2.12423e-05            0            0            0            0      6860.98     -660.198  6.02936e+06  1.19095e+07    0.0015056            0  -2.5964e+06     -345.752            0            0 -1.82569e+07  1.75124e+06  1.12676e+07            0 -9.28781e+14      15.3768      6.51658            0            0 -6.80264e+07 -3.57863e+07
           0  1.53871e+18            0     -81017.1 -7.08199e+13            0            0       -241.1            0            0 -2.59006e+09 -1.42503e+09  1.04079e+12 -1.90687e+08 -1.27725e+08  2.47923e+16            0 -4.78856e+06            0  1.38308e+14 -2.60944e+17            0  1.43537e+09            0    0.0484569   5.4677e+07 -5.46071e+06   1.7117e+14 -8.06011e+08 -1.59108e+06  4.19074e+09  -0.00511692 -2.04555e+13            0            0  1.05748e+12  1.23987e+10      20208.4            0  1.22061e+08            0            0 -3.02277e+17  2.76465e+08 -3.82747e+10  4.77644e+14 -5.30491e+12            0            0  3.44049e+08  4.24439e+09 -2.33901e+10            0 -3.17035e+08            0  3.79587e+08    0.0206384            0  1.40775e+07 -1.04533e+14            0    0.0106147            0   -0.0015184    -0.259219  3.30942e+12   -0.0106817  4.14233e+10            0      -5698.5            0            0            0      -666874            0  1.96962e+09  4.17452e+09   -0.0423561     -14732.6 -9.95826e+07       -66707            0            0  1.19061e+09  4.52169e+08 -2.27353e+09    -0.208346 -2.85453e+17     -216.883      95.8897            0 -4.64008e+06  8.41372e+09  6.62661e+09
    -7670.73  8.13864e+09 -1.22412e+07  0.000330983 -1.54128e+06            0            0 -1.00109e-06      2.31121    -0.940287    -0.152152      0.15923     -4913.04      1.57404            0  1.20114e+08     0.130976  1.71303e-05    0.0713756      -666399  -1.5541e+09            0   -0.0454035 -0.000143307  1.89878e-10            0 -0.000435723  1.61077e+06    0.0241466            0  -0.00511692  3.32841e-09       602152            0 -1.78711e-06            0      104.382            0     -317.244    0.0272674      4.14902   0.00599967 -6.93663e+08      9.45125    0.0356691  6.83577e+06     -8402.24    0.0572313     0.123802  -0.00378843    0.0243887            0            0   0.00653478  -6.0381e-11            0 -1.54184e-11 -2.13086e-05 -0.000138063      -670804            0  1.24107e-10            0 -5.18721e-14  2.88996e-09            0 -1.72606e-11     -939.267 -8.17686e-11 -2.59781e-05     0.380498    -0.247154 -1.66724e-07  1.41862e-05  -0.00012144    -0.143085   -0.0808974 -9.06864e-10  8.38929e-06   0.00364696  2.19985e-05            0  3.83661e-05    0.0714208    -0.668249   -0.0193421 -3.95083e-10  1.73756e+09 -1.06783e-06 -6.93442e-09    -0.104585      -0.0428      60.0837      18.3157
