 4.22788e+13 -3.07387e+11 -1.04964e+12       107105 -8.74405e+14   6.9953e+09            0            0 -7.47952e+07  2.16875e+07            0            0  4.20051e+11  1.09434e+06            0 -4.34242e+11  4.74805e+06            0   -3.004e+08  -1.0377e+10  1.52187e+13            0            0 -5.87257e+07     -47.7056            0            0  7.02425e+12            0            0            0    -0.536731 -2.83457e+10  7.91282e+06  -1.6076e+06            0 -1.67057e+08            0 -3.66685e+11            0 -1.48047e+09       638928  1.62955e+12   5.2663e+10            0 -1.13757e+13  3.03266e+08 -1.04256e+07 -8.88826e+07            0            0            0            0            0  1.07256e+13 -1.03694e+06    -0.851296            0            0  1.25778e+08  5.70322e+11 -5.11664e+07  4.15308e+07 -1.48311e+14      67.4016    9.815e+11      1.69069 -3.51152e+08     -3.24429       187313            0            0      18715.9      -362355       262991            0            0      15.6731            0            0            0            0            0            0      -206716            0      -155.09  1.60235e+13      4866.84     -8108.04            0      32606.4 -1.55287e+08  2.03691e+08
-3.07387e+11  8.40461e+12  1.11581e+11   2.8825e+06  2.68014e+16  2.37114e+09 -1.31155e+06     -64629.1  1.17966e+08 -6.49354e+06 -5.47103e+07 -1.61047e+07 -4.81813e+11  1.70175e+07       544197  2.30903e+12  1.30598e+08 -1.53098e+06 -2.23971e+08  1.28688e+10 -4.89679e+14  2.32422e+07 -1.74784e+07 -5.60623e+06      307.487 -2.05421e+06 -2.13368e+06   4.1516e+14 -1.45709e+06      -973875   1.1195e+07      25.8977 -7.86378e+11      -836714      -878328 -3.08951e+07 -5.35194e+08 -1.93838e+06 -2.33609e+11 -6.66284e+06  2.55502e+08 -2.29858e+06 -2.36643e+13  5.70282e+11 -8.07768e+06  4.43938e+14 -1.51651e+09  1.19501e+07 -4.04436e+07 -2.78367e+06  1.27093e+07 -4.26516e+06  4.01811e+07 -7.38882e+06  2.56628e+15 -1.32844e+07      7.75711      -209667       666126 -1.76397e+09 -2.27701e+10  1.58759e+09 -5.80344e+07  1.49034e+15     -19.7517  -1.5087e+11     -20.0229 -3.67107e+09     -30.0747 -4.85929e+06 -6.88025e+08  1.57759e+11      -138776      -211645 -1.40231e+06   -6.875e+07     -47726.4      30.3815       731189   8.8702e+06      -139186 -3.16023e+08   3.8236e+06  3.55989e+07 -3.67239e+06 -1.96647e+07      -6075.9 -2.71841e+12     -39419.2       145991  2.08658e+06      -802345  1.03091e+09 -1.76919e+09
-1.04964e+12  1.11581e+11  4.47381e+13            0  1.19441e+15  1.12417e+10            0            0  8.46786e+07 -1.67012e+06 -1.59106e+07            0            0      -833699            0  5.22102e+10            0            0 -8.36323e+07  4.91955e+10 -1.52768e+13            0            0  1.61187e+07      6.69604            0            0  2.21524e+12            0            0 -1.72003e+06     -1.18231            0  1.91263e+06       132159            0 -3.68912e+07            0 -4.42883e+10            0 -1.46443e+08      34918.9 -1.58222e+12            0            0 -1.04416e+13 -2.59993e+08            0   7.6516e+07            0            0            0            0            0 -5.38617e+11            0     -1.13329            0            0 -1.16187e+08            0  6.36055e+07  9.10464e+06 -8.41671e+13     -16.1754 -1.28009e+12            0  1.67761e+08            0       -39616            0            0            0  1.75223e+06            0  5.94191e+06            0            0            0            0            0            0            0            0       310697            0            0  -3.0844e+12      18173.1     -6859.86            0            0  2.06905e+08 -2.21917e+09
      107105   2.8825e+06            0      624.035 -2.18616e+10            0            0  -0.00130336            0    -0.340821     -178.301     -3144.44            0     -2.01241      21.5433   1.1765e+06     -31.7286     -41.8429            0      9636.23 -4.54986e+08            0     -822.388     -13.0375            0      41.3653     -232.246  4.99151e+07      249.044    -0.846284      1.87431  2.28529e-06     -40856.8            0     -3.31196            0     -320.556      16.4233     -47032.1      163.138            0            0   -1.465e+07       180274      9.70565  6.42935e+08      2648.47            0       -151.8     -114.227     -444.722      139.105            0      125.457  2.26723e+09     -5.92424 -2.01192e-06            0     -92.6935     -1617.17            0       1150.7            0   5.6074e+08  2.41094e-05            0 -3.83105e-05      235.969            0            0      97.3275      -6360.5  -0.00500173     -2.70269            0     -824.654     -2.33722  -0.00015969      2.20659      118.594     -63.1681            0            0      896.081      -589.76      2.65694   -0.0001399  4.73291e+07   -0.0137681      9.70912            0     -1.68602      7177.93      1198.03
-8.74405e+14  2.68014e+16  1.19441e+15 -2.18616e+10  1.13537e+21  -1.2043e+13 -2.00554e+10 -7.77478e+08 -6.18502e+11  6.04094e+10  5.45331e+11  6.15706e+11  4.77922e+15    7.771e+10   5.2731e+10  4.01603e+16 -2.27675e+11  2.16496e+10  1.86123e+12  4.03718e+13  1.64665e+18 -4.13198e+10 -3.16841e+11  3.55664e+10      -194636 -1.81226e+10  2.08185e+10  2.65773e+18   3.2319e+10  1.18206e+10  3.79914e+10       154724 -1.13332e+15  4.76887e+09  2.70301e+09  7.53825e+11  1.08468e+12 -1.97392e+09  1.74523e+15  2.54524e+11 -1.35511e+12 -3.12667e+10 -1.16942e+16 -3.49745e+15 -2.12862e+10 -4.47468e+18 -2.93815e+13   5.2702e+10  1.09097e+11 -9.88188e+08 -5.18428e+11 -8.65679e+10 -1.64176e+11 -8.77065e+10 -5.69598e+18 -4.95948e+10       839920  7.67325e+09 -2.45128e+10 -1.20639e+13   3.8755e+14  1.19661e+12  2.18025e+11  6.14823e+18 -1.31682e+06   1.4226e+15       199525 -1.76415e+13       247342 -5.78617e+09  1.47359e+12 -8.59639e+14  1.45395e+09  3.98843e+09  2.49083e+09  2.93419e+11  5.87085e+09  2.64443e+06  -7.6651e+09  3.41052e+10  -9.2969e+08 -5.42447e+11 -1.56849e+10 -5.41314e+10 -3.32302e+10 -1.66314e+11 -9.17636e+06 -1.92525e+17  1.20682e+08  1.71378e+08  5.33073e+09  6.28584e+09  1.55377e+13  4.75193e+12
  6.9953e+09  2.37114e+09  1.12417e+10            0  -1.2043e+13  2.20381e+09            0            0       816391     -23577.4            0            0            0     -6862.43            0  8.49017e+08            0            0 -1.45357e+06  1.29755e+08 -3.06417e+11  4.44922e+06            0      -103862    -0.871783            0            0  9.03505e+10            0            0            0            0            0     -47219.5     -980.068            0      -808394            0 -1.60755e+09      77972.1  1.13275e+07            0 -3.52311e+10            0            0  6.37738e+10 -1.89003e+06            0      28060.9            0            0            0            0            0  3.44013e+11            0            0            0            0 -1.13147e+06 -2.57374e+08       790470      -196043  8.27527e+10     0.850426            0            0  1.40833e+06            0            0            0            0            0       2717.5            0            0            0            0            0            0            0            0            0            0            0            0            0  -3.1648e+10      4.17647            0            0            0  2.09401e+06 -4.08689e+07
           0 -1.31155e+06            0            0 -2.00554e+10            0       352.88  -0.00388919            0            0            0            0            0     -2.41167     -11.9459  3.57214e+06      24.2362      4.41124            0       -28054  1.45471e+09            0     -1980.45            0  6.41718e-05     -16.1451            0  -8.5282e+07            0            0            0            0            0            0            0            0      382.104            0            0            0            0            0  3.53598e+06            0            0  3.53672e+08      1592.96            0            0     -96.1841            0            0            0     -131.377  -1.5715e+09      -203.64 -3.76091e-05            0     -10.8379     -46.8345            0      680.087            0  1.29624e+09   0.00011357            0            0      1425.53            0            0            0      -9717.6            0            0            0            0            0  0.000161026            0      94.4998            0            0            0      779.222            0            0            0  4.75125e+07    -0.031086            0      1.33754            0     -5423.65      1506.07
           0     -64629.1            0  -0.00130336 -7.77478e+08            0  -0.00388919    0.0066556    -0.148271    0.0166705     0.452176     0.423557      663.343    -0.159979            0     -45394.2    -0.240148    0.0098472            0      450.559  3.70188e+06            0    -0.236771   0.00982148 -6.54396e-07   0.00071858   0.00132278 -5.72506e+06    0.0712751            0   -0.0412937  3.11671e-07      28732.3            0   0.00285461            0      -8.5155  -0.00297254     -91.1319     0.227137     -4.19374    0.0152723      -208209      -1319.5  -0.00618499  2.98927e+06      29.7356   -0.0564602    0.0527958     0.068572    -0.271364            0            0    0.0849836 -1.19856e+07    0.0713524 -1.90957e-07            0   -0.0145786      12.6409      382.943     -7.58722            0 -1.26065e+07 -2.98517e-05      133.953   6.1506e-08      37.9743  1.81459e-07 -0.000311442    -0.241413      42.1409  0.000507647   0.00314164            0     0.150595            0 -5.66633e-07  -0.00130414    0.0803032            0            0  -0.00102553     0.589167            0    -0.221456   0.00014465       154088  0.000219198            0            0  0.000256974      5.01462     -49.1244
-7.47952e+07  1.17966e+08  8.46786e+07            0 -6.18502e+11       816391            0    -0.148271       260391      -3442.4     -540.827            0 -3.08402e+06     -106.283            0  4.61353e+07      2077.31            0      -108670  6.22222e+06  -1.9345e+10       2661.8            0     -3125.67  -0.00129211            0            0  2.78648e+09            0            0     -58.4661   0.00039902 -1.05218e+07     -265.698     -227.813            0      10771.8            0 -1.62316e+08            0       176138     -9.81652 -6.17476e+08  1.37418e+07            0  1.82892e+10      -104271      420.339     -7036.41            0            0            0     -3725.96            0  4.37037e+10     -84.8623 -0.000108149     -66.4904            0     -64163.4 -2.67713e+06      41058.9     -71999.6  7.73236e+09    0.0242416 -4.87586e+07            0      39608.9  -0.00197247      4.99165            0            0     -5.36038      252.526            0      201.957      2.26551  -0.00507065            0            0            0     -303.191      601.089            0      -87.336            0   -0.0455266 -5.55163e+07   -0.0204595      1.92839      1.41084     -3.05531       121363      -348278
 2.16875e+07 -6.49354e+06 -1.67012e+06    -0.340821  6.04094e+10     -23577.4            0    0.0166705      -3442.4      395.825      40.5714            0 -1.13148e+06      9.63008            0 -1.66801e+06     -21.9173    -0.455562      1367.21      -257435  1.16533e+09     -271.369            0      6.51879 -0.000252271            0            0 -6.90534e+07            0    -0.305952      4.38597 -9.44364e-06       224508      22.7832      5.42306            0     -960.126            0  1.31343e+07            0     -8282.69      2.19128  2.57468e+07 -1.27026e+06            0 -1.14777e+09      5799.68     -40.8095     -145.411            0            0            0      258.636            0 -2.91521e+09      11.3209 -1.23292e-05      1.26836            0      3939.84  1.55913e+06     -2554.34      867.422 -8.87226e+08 -0.000782769  8.76107e+06            0     -3499.97  1.25615e-05     0.899231     -98.8616            0     0.306524     -10.3542      56.1489     -15.1511      1.11793  0.000642777            0            0            0     -149.461     -9.13123            0      2.78568            0   0.00113573  4.52169e+07   0.00749384   -0.0211879     0.695561     0.374557     -8178.71      2594.56
           0 -5.47103e+07 -1.59106e+07     -178.301  5.45331e+11            0            0     0.452176     -540.827      40.5714       625507      38915.9            0      38.6611      7439.83  6.12991e+06            0      3230.81            0       881808  1.72244e+10            0     -14181.1     -29.0342            0      2561.55     -149.559 -1.82892e+09      9817.28      1017.47     -5094.22 -7.56829e-05            0            0            0     -11911.9      20781.3     -5781.32            0      578.491            0            0  4.04285e+08 -1.43933e+07      1670.05 -6.63636e+09        14425            0     -334.871     -15090.8     -87835.2     -7201.82            0      6610.58 -3.65094e+10      18806.1   9.6843e-05            0     -3169.03      20660.7            0     -15083.4            0 -1.35377e+10   -0.0219549  3.76725e+07            0      5299.47  9.26346e-05            0            0            0            0      930.829            0       103964       3419.4   -0.0202578     -1679.55      901.691     -63.5135     -2355.41            0     -60696.6     -222.762      10412.7            0    7.075e+08     0.198693      187.248            0            0     -78799.4     -3836.91
           0 -1.61047e+07            0     -3144.44  6.15706e+11            0            0     0.423557            0            0      38915.9       494550            0      15.0249       9031.3  -4.8393e+07      929.138      1955.82            0       421523  2.28828e+09            0      18806.7     -36.4952 -0.000217244      1752.03      847.903 -1.11681e+09        11124       1065.5     -5557.14  0.000222947  1.79509e+07            0     -9.27114       107703       4067.1     -477.487            0      17486.2            0            0 -2.74202e+07  1.79697e+06      6445.53 -1.38526e+10     -18092.9            0     -424.927     -24895.4     -40793.2      9026.57            0     -10629.6 -3.49705e+10      342.778  0.000911002     -12.5547      -9896.1      13827.4            0     -11192.9            0 -1.70237e+10  -0.00909264 -3.71885e+06            0      12827.3            0            0            0            0    -0.447687      593.806            0      15224.2      2256.23   -0.0038837            0     -1054.79      556.462            0            0     -81251.8     -4425.75     -15797.5     0.108879  8.33156e+08     0.353684     -346.399            0      49.3737     -56816.6     -35168.1
 4.20051e+11 -4.81813e+11            0            0  4.77922e+15            0            0      663.343 -3.08402e+06 -1.13148e+06            0            0  3.44692e+13  1.68078e+06       -95691 -6.34194e+09  3.13134e+07       106336            0  5.24325e+09  9.09708e+13 -3.13047e+06            0            0      113.369       488746            0  1.08782e+13  1.15705e+06            0  1.21905e+06      -1.4325            0      -589097      -100682            0 -1.09507e+08            0  2.95007e+09            0  2.11068e+07            0 -2.43157e+12 -1.54955e+12   1.0499e+06  -9.9469e+13  3.56713e+08       824296            0            0            0            0  3.86821e+07      3707.54 -6.01334e+13   2.3273e+07            0  5.59727e+06            0  3.31899e+08            0 -1.95548e+08            0 -1.64848e+14     -83.8134  8.30597e+10     -37.0362 -2.34973e+08     -6.52662       129290            0            0  1.76939e+06     -42957.6            0            0       544807     -160.224            0  1.09306e+06            0 -3.25653e+06 -1.94034e+07 -5.82931e+06            0            0            0  1.35685e+13     -630.289            0      17997.2       602221 -9.62915e+08 -1.13259e+09
 1.09434e+06  1.70175e+07      -833699     -2.01241    7.771e+10     -6862.43     -2.41167    -0.159979     -106.283      9.63008      38.6611      15.0249  1.68078e+06      91.6808      14.3628  6.23794e+06     -247.323      9.68441      498.575     -14957.2 -1.18976e+09     -29.1517      53.7001      11.1825 -0.000483538      8.68128     0.272724  1.41344e+09      21.9882       4.9416     -41.3863  2.78411e-05      -521737     0.629377       0.9199      170.272      21.5004     0.998038       495949      45.8345     -188.892      1.80629   3.6747e+07 -1.16286e+06      34.0563  8.64854e+08     -2963.15      3.99385      21.5712     -33.2896     -44.2297     -5.76496     -101.088      26.2743  5.17749e+09      51.8839  2.87879e-05      1.18774     -9.99997     -3467.08      95963.8         3264      184.006  3.03385e+09   0.00689206       507958  4.69422e-05     -7484.94  7.21018e-06      5.81053     -1946.48       393737     0.317384      2.59042      2.13255      52.5081      2.60442 -4.84007e-05    -0.419056     -26.8097    0.0235389     -743.831     -2.28911     -194.111      3.77687      65.5164  0.000943278  5.01029e+07    0.0834732   -0.0837531      5.44806      1.51107     -89.3371     -1985.17
           0       544197            0      21.5433   5.2731e+10            0     -11.9459            0            0            0      7439.83       9031.3       -95691      14.3628      3957.64 -3.64992e+06      9.36986       788.45            0     -2372.32 -2.92894e+07            0      5297.09     -1.15464 -6.78122e-05      319.076     -20.1611  2.01729e+08      1501.75      352.689     -3824.75            0            0            0    -0.293453     -23211.8     -31.0734      37.3409            0      459.817            0            0       773567      -220561      2018.83 -1.92095e+09      998.351            0     -13.4431     -3240.39     -11256.7       2725.5            0      715.688 -3.52158e+09      12.3447  0.000199512            0      -999.13      1954.54            0     -543.493            0 -1.93007e+09  -0.00180672      -489523            0     -3135.02  4.77094e-05            0            0            0    0.0296139      154.184            0     -1127.68      123.915  0.000366043            0     -1667.83      5.26804     -183.113            0     -10945.9     -81.7174      11569.4            0  1.90841e+08     0.011999      3.23497            0            0     -580.561     -7516.96
-4.34242e+11  2.30903e+12  5.22102e+10   1.1765e+06  4.01603e+16  8.49017e+08  3.57214e+06     -45394.2  4.61353e+07 -1.66801e+06  6.12991e+06  -4.8393e+07 -6.34194e+09  6.23794e+06 -3.64992e+06  3.20405e+13  5.06422e+07 -3.08012e+06 -6.51379e+07  7.84415e+09  2.40376e+14  1.39504e+07  3.81528e+07      -186679      56.6465 -1.71511e+06 -1.19869e+06  1.87576e+14  -9.3337e+06 -1.13689e+06  1.50541e+07      8.01237 -5.39608e+11      98598.5      -270062 -2.13555e+07 -1.53259e+08      -145986 -1.76051e+11 -1.43862e+07  1.32881e+08      -930369 -5.70422e+12  1.13742e+11 -9.59794e+06  1.58783e+15 -3.64506e+09  7.80908e+06    -1.89e+07  2.51352e+07  1.90156e+07      -263850  4.85225e+07 -6.82592e+06  2.11774e+15 -5.31216e+06     -326.513       399801  4.06089e+06  -2.7426e+08   6.1387e+09  1.75012e+08 -2.28181e+07 -4.99103e+14     -329.687 -1.30651e+11    -0.203657 -1.60769e+09      17.6038 -3.21861e+06  1.30785e+08 -8.44746e+10      57621.7      -998266 -1.01114e+06  -8.9834e+06      -517638       1137.8      -281137  4.54314e+06      -227761  3.17811e+08  2.90597e+06  2.67752e+07 -4.17663e+06 -2.29811e+07     -3769.61  5.15534e+13     -18162.8       130764 -3.23446e+06      -216514  1.17367e+07 -1.74042e+07
 4.74805e+06  1.30598e+08            0     -31.7286 -2.27675e+11            0      24.2362    -0.240148      2077.31     -21.9173            0      929.138  3.13134e+07     -247.323      9.36986  5.06422e+07       190482      6.62738      -6122.9 -1.14648e+06 -1.60328e+10      2477.18            0     -285.643    0.0271799            0      53.9864  3.64542e+09      5.96297            0     -27.9375 -1.22454e-05 -2.90535e+06            0     -19.7105            0     -37767.1            0  1.16347e+06            0      745.675     -10.6158 -3.97857e+09  5.38116e+07     -15.8352  9.51941e+09     -66313.2     -334.031     -2799.19            0     -176.205      80.6215     -2665.72      8.71814  4.22112e+10     -177.261 -0.000334544     -3.97473      5.26013     -44639.5      -765272      36172.3     -919.746  2.18926e+10    0.0351493   2.4592e+06  -0.00494967      62098.4  0.000121154      -23.962            0            0      4.83731      1.26741     -7.87898            0            0    -0.010324            0            0            0      298.705            0      133.602      38.6314            0   -0.0385678 -1.21256e+09     -7.46374      2.76851     -12.9076      170.424       107812      64520.4
           0 -1.53098e+06            0     -41.8429  2.16496e+10            0      4.41124    0.0098472            0    -0.455562      3230.81      1955.82       106336      9.68441       788.45 -3.08012e+06      6.62738      756.663            0      7958.43  2.37959e+08            0      -1969.2            0 -1.53736e-05     -50.8805      14.3446       931298      1205.97       235.82     -1265.88  2.30782e-06       356294            0            0     -1783.93       6.4079      4.29073            0      1139.38            0            0  6.17341e+06      530.027      939.264 -9.34306e+08      1794.36            0            0     -1420.88     -3938.73     -1010.24            0      617.829 -1.82181e+09      1742.91  1.83179e-05            0     -398.553      1477.75            0     -909.459            0 -1.00229e+08  0.000297682      -185879            0     -1486.74 -1.82509e-06            0            0            0    0.0059924      109.339     -5.00455      524.292     -12.2646  4.57062e-05            0     -772.142      14.6049            0            0     -11441.5      10.3981      3633.02   0.00216106      -755346    0.0211562     -1.47873            0     0.412567      -2722.2     -4135.29
  -3.004e+08 -2.23971e+08 -8.36323e+07            0  1.86123e+12 -1.45357e+06            0            0      -108670      1367.21            0            0            0      498.575            0 -6.51379e+07      -6122.9            0  1.08549e+07 -3.65078e+06  4.59264e+10            0            0      17806.2    0.0095244            0            0 -1.61335e+09            0            0            0  8.38662e-05  3.08263e+07            0      1775.93            0     -34005.2            0  3.30462e+08            0     -10985.3            0  1.19358e+09 -2.58052e+07            0 -2.97418e+10       110763            0       179805            0            0            0            0            0 -3.62777e+10            0  0.000351641            0            0       107542  6.53895e+06     -91362.7            0  3.20633e+10  -0.00139886  2.19413e+08            0      -161147            0      735.749            0            0     0.739519     -53.6099            0            0            0    0.0107622            0     -74.4847            0            0            0            0            0            0     0.049782 -9.98823e+08     -0.26406            0            0            0      -338286  1.28088e+06
 -1.0377e+10  1.28688e+10  4.91955e+10      9636.23  4.03718e+13  1.29755e+08       -28054      450.559  6.22222e+06      -257435       881808       421523  5.24325e+09     -14957.2     -2372.32  7.84415e+09 -1.14648e+06      7958.43 -3.65078e+06  2.39683e+09   1.8047e+11     -96882.5       737453      -364713        -2.56      8897.27      12484.4  5.41346e+11      28247.2      15574.9       120952    -0.162668  7.84247e+09     -35181.3     -17204.1       249937 -6.58303e+06     -11774.5  -8.5451e+09       -18799  6.98431e+06      13128.2 -1.56351e+11 -4.82323e+09      27882.4  5.68555e+11 -9.81552e+06     -30131.9       279115       212967      -703909     -99555.8      -350479      18819.3  1.90812e+12       105094     0.192844      6910.23     -10145.9 -4.62673e+06  2.50056e+08  2.57448e+06      -966350  1.61914e+12      2.32627 -1.21223e+10     0.216281      -809515      0.28697      40963.8 -8.30973e+06  1.74799e+09      1783.66      69531.9     -48598.9       415708      28358.5      2.67784     -1586.47     -60578.3     -2120.42 -3.41764e+06     -32130.9      -179943     -28767.9     -88563.1      55.8236 -1.18789e+11      376.575       407.25      24809.2      6986.49  5.85179e+06 -7.58275e+07
 1.52187e+13 -4.89679e+14 -1.52768e+13 -4.54986e+08  1.64665e+18 -3.06417e+11  1.45471e+09  3.70188e+06  -1.9345e+10  1.16533e+09  1.72244e+10  2.28828e+09  9.09708e+13 -1.18976e+09 -2.92894e+07  2.40376e+14 -1.60328e+10  2.37959e+08  4.59264e+10   1.8047e+11  3.99742e+17 -3.72477e+09  5.46514e+08  9.50943e+08     -33104.9   1.2364e+07  3.74868e+08 -2.49258e+16  7.07012e+07  1.25224e+08 -2.60154e+08     -1793.92  1.04473e+14  8.45944e+07  1.15221e+08  1.03081e+10   3.7497e+10  2.70853e+08   4.0218e+13  1.61097e+09 -4.65762e+10  8.51669e+07   1.8692e+15 -7.73968e+13   1.2116e+09 -3.78206e+16  5.00241e+10 -1.33231e+09  4.59012e+09  1.17153e+09  3.64551e+09 -1.83819e+09 -2.87777e+09   4.6259e+08  -3.8036e+17  9.69681e+08     -54.8683  3.73231e+07   7.4992e+07 -4.26449e+10  5.74923e+12  4.61191e+09  6.94255e+09  2.89227e+17     -9580.66  3.15273e+13      2868.32  2.05441e+11       4431.7  4.86294e+08  3.71425e+11 -8.08018e+13  2.07005e+07 -7.96405e+06  2.01598e+08  1.03049e+10  6.03144e+07      31090.5 -1.49208e+08 -6.15901e+08  1.45607e+07  1.94954e+11 -5.97583e+08 -2.37048e+09  2.29315e+08    1.931e+09       786168  9.95173e+15  4.12517e+06  -1.9503e+07 -1.34817e+09  1.30319e+08 -4.06334e+09  8.64405e+10
           0  2.32422e+07            0            0 -4.13198e+10  4.44922e+06            0            0       2661.8     -271.369            0            0 -3.13047e+06     -29.1517            0  1.39504e+07      2477.18            0            0     -96882.5 -3.72477e+09      60616.6            0     -193.037  0.000361103            0            0  8.59904e+08            0            0            0            0            0     -100.205            0            0     -10383.9            0            0      163.943      23077.3            0 -3.83775e+08   7.8921e+06            0  3.49153e+09      -9153.3            0            0            0            0            0      93195.8            0  9.55221e+09     -32.0386            0            0            0     -8039.33      -755274      6508.77     -6471.76  -2.8414e+09   0.00505879            0 -0.000873029      3725.29 -0.000644364      4.44106            0            0     -0.90652            0            0            0            0  -0.00245062            0            0            0            0            0            0            0            0            0  5.55414e+07    -0.609614            0            0     -8.95324      19624.7     -64392.9
           0 -1.74784e+07            0     -822.388 -3.16841e+11            0     -1980.45    -0.236771            0            0     -14181.1      18806.7            0      53.7001      5297.09  3.81528e+07            0      -1969.2            0       737453  5.46514e+08            0       744264            0            0      4947.02      241.822  2.88031e+09     -2226.82     -333.254      9276.46 -9.65204e-05 -8.78211e+06            0            0     -30066.2     -8013.01      82.2337            0     -3186.08            0            0    1.838e+08  2.13364e+06      106.018   2.3995e+09     -2999.41            0            0      21059.8     -7014.48     -13531.7            0      31207.4 -1.92486e+10      51843.8  0.000336336            0      2981.69      11016.5            0     -918.005            0  -2.1072e+10  -0.00811489            0  0.000229094     -18562.9   -0.0001409            0            0            0            0     -155.909            0     -38400.4       899.93  -0.00236727      373.128     -26996.9      255.147            0            0      -258789      360.366     -12033.2   -0.0532668  2.36696e+09            0      40.9785            0            0     -69212.9     -27859.6
-5.87257e+07 -5.60623e+06  1.61187e+07     -13.0375  3.55664e+10      -103862            0   0.00982148     -3125.67      6.51879     -29.0342     -36.4952            0      11.1825     -1.15464      -186679     -285.643            0      17806.2      -364713  9.50943e+08     -193.037            0      1622.15  0.000236845            0     0.825358 -6.27992e+07     -5.88906            0     -3.13846 -2.51232e-06       863892      11.2862      82.0587            0      327.351    -0.945134  4.70093e+06     -2.62843     -2115.91            0  3.52263e+07 -1.79232e+06            0 -5.27006e+08      6478.34            0      4987.16     -4.05196     -14.6086            0      56.0937            0 -2.55743e+09            0 -9.66109e-05            0            0      3376.14      24750.5     -1913.22      793.664 -1.74571e+09 -0.000846767       650155  4.39162e-05     -1493.71  0.000128809     0.341156            0            0  -0.00871813     -12.1186            0      42.9627            0 -0.000390024            0      8.15726     -3.85605            0            0            0     -7.12249            0   0.00319429  5.73082e+07   0.00588046    -0.877061            0     0.156497     -8163.27      47333.4
    -47.7056      307.487      6.69604            0      -194636    -0.871783  6.41718e-05 -6.54396e-07  -0.00129211 -0.000252271            0 -0.000217244      113.369 -0.000483538 -6.78122e-05      56.6465    0.0271799 -1.53736e-05    0.0095244        -2.56     -33104.9  0.000361103            0  0.000236845  4.24171e-07  6.80476e-05  6.28659e-06      8340.27 -4.00632e-05            0  9.92854e-05 -1.64513e-11     0.650312  -9.2792e-05 -2.75173e-05            0   -0.0125803            0       10.112 -2.85251e-05  -0.00299518 -4.31652e-05     -10014.5      85.9823  4.56051e-05      18232.2      -0.1667            0  0.000333786            0  0.000375296            0    0.0159544 -6.11754e-05       117087 -0.000591702  3.97683e-10  2.36266e-05            0    -0.106904     0.439299    0.0787477 -0.000769554      67581.2   6.5273e-08     -8.17608 -2.41851e-08     0.128037 -8.53479e-10 -1.07992e-05            0    -0.414922 -4.06143e-06  1.43115e-06 -5.35827e-05            0 -1.36031e-05  1.57487e-09            0  8.90252e-05            0   0.00189246 -0.000156155  -0.00096474 -8.46991e-05            0 -6.06231e-08     -2804.59 -2.55812e-05  1.95515e-06  5.76499e-06 -8.87215e-05     0.170441     0.249533
           0 -2.05421e+06            0      41.3653 -1.81226e+10            0     -16.1451   0.00071858            0            0      2561.55      1752.03       488746      8.68128      319.076 -1.71511e+06            0     -50.8805            0      8897.27   1.2364e+07            0      4947.02            0  6.80476e-05      2364.58     -10.7208 -4.68685e+06     -379.046      75.2727      425.462            0            0            0            0     -2623.51       543.76     -14.7978            0      239.598            0            0  1.96666e+07       326855      1520.09 -2.21317e+08      1765.73            0            0     -126.038     -4394.58     -1265.95            0      50.6722 -3.27548e+08     -1796.27 -6.36208e-05            0     -252.239       1366.3            0     -615.598            0  5.13572e+08  0.000635574            0 -4.14159e-05     -1394.13 -1.56198e-05            0            0            0   -0.0020917      97.9472            0      467.616      392.728 -0.000298888            0     -3259.71      1.28705            0            0      4181.56      -33.789      7574.46            0  8.97399e+06    0.0876619     -5.87863            0            0     -3702.52     -4573.35
           0 -2.13368e+06            0     -232.246  2.08185e+10            0            0   0.00132278            0            0     -149.559      847.903            0     0.272724     -20.1611 -1.19869e+06      53.9864      14.3446            0      12484.4  3.74868e+08            0      241.822     0.825358  6.28659e-06     -10.7208      338.871 -2.87298e+07     -39.0451     -4.26459     -38.3771 -5.75362e-07            0            0     0.209676      191.302      379.671     -16.8527            0      121.445            0            0  7.03472e+06     -88062.8      7.23839 -6.05263e+08     -2613.76            0      9.60996      39.3882      211.191      116.904            0     -57.4917 -1.80786e+09     -35.0402            0     0.363297      -9.5788      1178.04            0     -773.199            0 -3.75768e+08  0.000181544            0  2.11839e-05      458.868            0            0            0            0    0.0129548      2.93184            0      519.996      14.7793  6.23474e-05            0     -22.2476       15.396            0            0       -24.56      147.248     -357.988            0 -2.85592e+07    0.0205506     -9.90281            0      2.86877     -4329.99     -1493.59
 7.02425e+12   4.1516e+14  2.21524e+12  4.99151e+07  2.65773e+18  9.03505e+10  -8.5282e+07 -5.72506e+06  2.78648e+09 -6.90534e+07 -1.82892e+09 -1.11681e+09  1.08782e+13  1.41344e+09  2.01729e+08  1.87576e+14  3.64542e+09       931298 -1.61335e+09  5.41346e+11 -2.49258e+16  8.59904e+08  2.88031e+09 -6.27992e+07      8340.27 -4.68685e+06 -2.87298e+07   3.9404e+16  1.61929e+08  9.86732e+06  7.43771e+07      2529.92 -6.85473e+13 -1.09725e+07 -1.76136e+07  2.11687e+09 -1.63131e+10 -1.77711e+07 -2.19456e+12  1.19637e+08   9.8997e+09  6.10108e+07 -8.77798e+14  2.56926e+12   5.4592e+07  1.65517e+16 -1.10189e+11  2.64503e+08 -1.33314e+09 -6.62526e+08  5.03985e+07  1.74759e+06  7.57575e+08  6.16559e+07  1.10562e+17  3.49609e+08       2341.9  1.44915e+07 -6.13998e+07 -1.04125e+11  1.41496e+11  8.11242e+10   3.2246e+08  5.59632e+16       182581 -5.13784e+11     -463.717 -3.08145e+11      1796.04  7.83734e+07 -3.85631e+10  7.61149e+12  2.89914e+06  2.00724e+07 -4.29336e+07 -1.81087e+09  1.09971e+07      9412.81  2.15435e+07 -1.92125e+08 -1.26205e+06 -1.71557e+10  5.42139e+07 -1.15823e+09 -8.70471e+07 -7.11452e+08      -578611  7.77419e+14      -683182  4.56859e+06  1.31495e+08 -1.60774e+07  8.94932e+10 -6.50589e+10
           0 -1.45709e+06            0      249.044   3.2319e+10            0            0    0.0712751            0            0      9817.28        11124  1.15705e+06      21.9882      1501.75  -9.3337e+06      5.96297      1205.97            0      28247.2  7.07012e+07            0     -2226.82     -5.88906 -4.00632e-05     -379.046     -39.0451  1.61929e+08      4693.83      450.093     -2215.13  2.60539e-05  2.82932e+06            0     -1.49596      581.373     -1370.52     -6.06838            0      3880.44            0            0 -1.96549e+07       169553      1353.17 -1.47095e+09      4070.14            0     -68.5694     -4108.56     -13678.2      220.818            0      1253.34 -3.04399e+09      3419.46 -4.93073e-05            0     -1315.68      1431.07            0     -1600.78            0  4.09311e+08   0.00119572      -332837 -4.02512e-05     -2136.64 -5.57055e-05     0.477215            0            0    0.0655901      228.014            0      1948.54      4.97556 -0.000109719     -12.9272      -1675.8     -18.6102     -251.825            0     -17486.2     -117.526      4514.84    0.0171609  4.26499e+07   -0.0467134      6.30105            0     0.377537     -1190.46       -10124
           0      -973875            0    -0.846284  1.18206e+10            0            0            0            0    -0.305952      1017.47       1065.5            0       4.9416      352.689 -1.13689e+06            0       235.82            0      15574.9  1.25224e+08            0     -333.254            0            0      75.2727     -4.26459  9.86732e+06      450.093      219.414     -176.961            0            0            0            0       4741.7      80.6458     -1.96138            0      299.745            0            0  3.16543e+06            0      298.696 -4.71555e+08      970.756            0            0     -308.892     -2021.24     -207.308            0      267.498 -9.23081e+08      688.709  7.49961e-06            0     -174.966      750.275            0     -539.746            0 -2.18682e+08  0.000217478     -19468.6            0     -833.706  9.67492e-07            0            0            0            0      51.1425     -3.36129      66.5561      40.7628  3.64722e-05            0     -726.816    -0.458179            0            0     -3095.09      2.09327      2151.95            0 -4.98433e+06    0.0141713     0.626291            0            0      -2358.6     -1656.98
           0   1.1195e+07 -1.72003e+06      1.87431  3.79914e+10            0            0   -0.0412937     -58.4661      4.38597     -5094.22     -5557.14  1.21905e+06     -41.3863     -3824.75  1.50541e+07     -27.9375     -1265.88            0       120952 -2.60154e+08            0      9276.46     -3.13846  9.92854e-05      425.462     -38.3771  7.43771e+07     -2215.13     -176.961      34023.2 -1.92349e-05 -1.75008e+06            0            0      17233.1      2147.16      28.6598            0      774.987            0            0   -3.807e+07       296476     -13571.8  1.36104e+09     -8079.05            0     -36.1976         4400      17861.4     -17634.8            0     -5754.78  3.53349e+09      2263.12  4.26089e-05            0      1894.87      -4974.2            0      1954.18            0 -6.13834e+08  -0.00140243  4.34747e+06 -3.76568e-05      3605.46  6.32107e-06    -0.579338            0            0    0.0144726     -345.688            0      638.988      1035.18   0.00185971     -9.73541      -2960.2     -6.29342            0            0        13826      28.0897     -30388.2   -0.0106149 -3.16084e+08   -0.0260989     0.382097            0     -1.48461      7886.53      20896.8
   -0.536731      25.8977     -1.18231  2.28529e-06       154724            0            0  3.11671e-07   0.00039902 -9.44364e-06 -7.56829e-05  0.000222947      -1.4325  2.78411e-05            0      8.01237 -1.22454e-05  2.30782e-06  8.38662e-05    -0.162668     -1793.92            0 -9.65204e-05 -2.51232e-06 -1.64513e-11            0 -5.75362e-07      2529.92  2.60539e-05            0 -1.92349e-05  2.05087e-09      18.0488            0  4.06488e-07            0   0.00291832            0    -0.537224  0.000105801   0.00119829 -7.57723e-06      18.8585      1.39857  2.22653e-06      1205.31  -0.00045414  6.17042e-05   7.7526e-05 -1.18861e-05 -6.14293e-06            0            0  4.25111e-05      6418.66            0 -1.57913e-11 -8.81633e-07 -6.79077e-06  -0.00600595            0     0.005334            0     -1117.06  1.26087e-08            0 -1.59995e-11   -0.0280715  -8.4177e-11 -1.03073e-08  0.000212469   -0.0139897 -1.20718e-07  2.35689e-06 -1.23131e-05 -2.30094e-05 -4.66611e-06 -1.11831e-09  1.38877e-06  2.61624e-05  7.85283e-07            0  2.24194e-05  0.000323634 -1.91231e-05 -0.000103154  3.33988e-08      5.67499 -8.81778e-09  5.58543e-08 -2.37313e-07 -1.22249e-06   0.00450351    0.0135136
