 2.65909e+20 -7.70172e+22 -6.12403e+21  1.49137e+10 -1.45914e+21  5.09515e+18            0            0 -6.83835e+14  8.36582e+14            0            0  7.90482e+17  6.09839e+12            0 -2.24958e+20 -2.66524e+13            0  -9.4234e+14 -4.78603e+18  3.87862e+22            0            0 -2.11391e+12      -126236            0            0 -4.24853e+21            0            0            0     -1165.85  -5.5828e+17  1.85652e+11 -2.80619e+10            0 -3.59141e+15            0 -1.37538e+17            0 -5.03467e+15  5.33836e+12  7.27767e+21  6.87477e+14            0 -2.05668e+20  4.00001e+17 -6.60911e+12 -1.37971e+14            0            0            0            0            0            0 -7.71687e+10      401.956            0            0  3.83047e+18  2.87591e+20     -4869.47  6.99841e+14 -1.82783e+12      63023.4  1.31882e+19      5619.26 -1.02236e+16     -5417.03  1.07074e+10            0            0  4.30852e+07 -2.68145e+09  3.38988e+09            0            0       200566            0            0            0            0            0            0 -8.71916e+12            0     -30150.7  2.83138e+23  5.82543e+07 -7.08485e+06            0  4.82077e+11  -4.3872e+14  4.83564e+14
-7.70172e+22  5.10861e+28  1.05189e+26   1.4932e+16  2.05786e+26  5.64019e+22 -1.98964e+17 -4.97505e+13  4.07679e+19 -1.03581e+19 -4.23936e+18 -1.20664e+18 -3.97519e+22  3.24181e+18 -5.85518e+15  1.34354e+26   9.1578e+19 -1.73864e+15 -2.64586e+19  2.65416e+23 -2.01184e+28  7.78395e+18 -2.63293e+17 -7.93673e+15  3.70268e+10 -2.84481e+16  -2.6551e+16  1.24687e+28 -1.04047e+17 -1.71732e+15   1.7014e+17  2.55589e+09 -5.27345e+23 -7.85391e+14 -5.65685e+14 -2.02342e+20 -9.04807e+20 -3.10068e+14 -3.16742e+21 -1.22249e+17  3.38938e+19 -3.55109e+17 -1.85302e+28  2.70862e+20 -3.01135e+18  5.84067e+26 -4.29665e+22  2.37699e+17 -2.34051e+18   1.6505e+16  4.26822e+17 -4.03933e+17   3.8898e+19  -4.9057e+16   1.4464e+11 -7.60882e+16  4.59708e+09 -3.54479e+14  2.06937e+15 -1.67672e+24 -5.15526e+23  4.80746e+09 -3.91014e+19  4.50407e+16 -1.13369e+10 -9.09193e+22 -2.39038e+09 -4.85814e+21 -1.97373e+09 -7.14739e+15 -1.22308e+20  9.21508e+19 -1.19482e+13 -1.27014e+14 -7.37476e+14 -1.30501e+19 -1.98152e+17 -1.09942e+09  1.73094e+14  5.59515e+16 -2.15379e+14 -6.17131e+19  4.79795e+14  5.80827e+17 -3.74821e+18 -2.61005e+17  -3.5499e+10  3.26587e+27 -1.69458e+13  5.47623e+12  1.66145e+19 -4.22846e+17  2.17635e+20 -1.44397e+20
-6.12403e+21  1.05189e+26  7.00225e+26            0  1.66272e+24  1.46963e+22            0            0  2.42077e+18 -2.67846e+17 -4.49926e+16            0            0 -8.59486e+15            0  2.87292e+23            0            0 -3.09987e+17  3.94283e+22 -6.00029e+25            0            0  5.84029e+14  4.44934e+07            0            0  3.54477e+25            0            0 -1.40488e+14 -3.02462e+06            0  1.29485e+13 -4.64106e+12            0 -8.71387e+17            0 -4.58275e+19            0 -4.70223e+17            0 -1.77174e+26            0            0  -8.0172e+23 -4.71473e+20            0  1.50368e+17            0            0            0            0            0            0            0 -2.20564e+06            0            0 -6.01402e+21            0  1.34371e+07            0            0 -2.99348e+06 -2.88516e+22            0  9.29297e+18            0 -2.52335e+12            0            0            0  2.47587e+13            0  4.56325e+16            0            0            0            0            0            0            0            0            0            0            0  5.92282e+25            0            0            0            0  4.71984e+17  -9.5345e+18
 1.49137e+10   1.4932e+16            0  2.16797e+06 -8.73003e+13            0            0    -0.481217            0      -304395 -9.12934e+06 -9.23839e+07            0      -198650      53683.5  6.19905e+13            0     -19424.8            0  1.43979e+11 -1.15607e+16            0 -1.04607e+07     -10861.3            0       412902 -1.90099e+06  4.19939e+15  5.85791e+06     -342.511     -8199.57  0.000116941 -1.87153e+10            0     -1351.18            0 -4.67985e+08      1553.62 -3.79635e+08  1.71459e+06            0            0 -5.81525e+15  5.98372e+07  2.06142e+06  5.60118e+14  5.31411e+10            0 -5.43089e+06      -384364 -1.18616e+07  1.36585e+07            0       673468            0     -17421.3 -0.000127592            0     -70113.5 -7.27476e+11            0   0.00232753            0            0 -0.000484151            0  -0.00250165  9.39873e+07            0            0  1.13671e+07 -2.85347e+06     -0.24466     -609.595            0 -1.01272e+08      -804577   -0.0075725      354.563       463424     -52502.6            0            0  7.17047e+06 -4.73167e+08      90241.7 -0.000490071  1.63104e+16     -4.27917      202.294            0      -621937  1.24735e+08  5.65488e+07
-1.45914e+21  2.05786e+26  1.66272e+24 -8.73003e+13  2.64619e+25  1.12823e+20 -1.06026e+15 -9.39224e+11  1.04581e+17  1.30424e+16    4.834e+16  1.06481e+16 -1.78888e+20  2.27363e+16 -1.46514e+13  8.31671e+23 -9.01755e+16 -1.56095e+13 -6.25868e+15  2.69863e+21  2.14276e+26  1.12383e+16 -2.10461e+16 -3.74464e+13  3.99552e+07 -9.07795e+14  2.92732e+14  4.20854e+24 -9.90125e+14 -1.33152e+13  1.99202e+15  2.21381e+07 -2.11688e+21 -1.40487e+12 -2.67421e+12  6.30975e+16  3.38949e+17 -4.19379e+12 -6.49553e+16  3.33861e+15  1.57153e+17 -4.70477e+15 -6.50896e+25 -1.18368e+18 -4.73308e+16 -1.08193e+25 -1.54618e+21  2.36051e+15 -1.91684e+16  1.88381e+15 -1.99666e+16 -4.91477e+15  1.98049e+17  -1.3312e+15 -6.42832e+08 -1.76762e+15  1.08404e+08  9.72122e+11  2.88792e+13 -3.01414e+22 -6.14834e+21  2.16919e+07 -1.30658e+17  1.89708e+16 -1.12899e+08 -4.52723e+20  1.60358e+07 -3.59663e+19  1.68763e+07 -1.90157e+13  1.87942e+18 -1.91829e+18  4.86635e+10 -1.91669e+12 -1.09083e+13 -1.55482e+16 -4.60483e+15  2.73188e+08 -2.36621e+12  1.23678e+15 -1.40978e+12  5.51835e+17   2.3848e+11  1.06591e+16  -7.0518e+16 -6.01235e+15 -1.09942e+08 -3.28887e+25  1.20203e+10  2.23145e+10 -1.51169e+17  5.27985e+15   1.5579e+18  9.66497e+16
 5.09515e+18  5.64019e+22  1.46963e+22            0  1.12823e+20  1.78803e+20            0            0  8.56133e+14 -1.06256e+14            0            0            0 -4.40193e+12            0   1.4139e+20            0            0  -4.9743e+14  7.99631e+18 -4.81138e+22  5.15904e+15            0 -4.26392e+11      -143757            0            0  2.47053e+22            0            0            0            0            0 -1.27814e+11 -1.94503e+09            0 -3.85833e+15            0 -6.48344e+16  9.38236e+11  4.52926e+15            0 -1.30914e+23            0            0  4.15878e+20 -1.97801e+17            0  4.09122e+12            0            0            0            0            0            0            0            0            0            0 -3.21451e+18 -1.45827e+19      8191.55 -3.84818e+14            0      54914.9            0            0  4.44237e+15            0            0            0            0            0  2.54961e+09            0            0            0            0            0            0            0            0            0            0            0            0            0 -4.62865e+22            0            0            0            0  4.20923e+14  -1.0045e+16
           0 -1.98964e+17            0            0 -1.06026e+15            0  9.79525e+08     -60.2657            0            0            0            0            0 -9.94179e+06      -714335   1.1461e+15  3.25086e+08      49935.9            0 -9.91212e+12  8.77302e+17            0 -7.46319e+08            0     0.170635 -3.69008e+06            0 -3.91389e+16            0            0            0            0            0            0            0            0  8.23194e+09            0            0            0            0            0  4.71388e+16            0            0  7.36554e+15   1.2374e+12            0            0 -1.27877e+07            0            0            0 -1.66634e+07            0  -2.2334e+07   -0.0663935            0      -220462 -2.10891e+12            0    0.0351948            0  1.67153e+07    0.0351188            0            0  3.06034e+10            0            0            0  -1.4789e+08            0            0            0            0            0    0.0339766            0  9.87212e+06            0            0            0  1.89584e+08            0            0            0   9.2642e+16     -220.261            0            0            0 -3.25652e+09  2.06017e+09
           0 -4.97505e+13            0    -0.481217 -9.39224e+11            0     -60.2657     0.672324     -5217.62      2474.34      4878.14      1633.89  4.87633e+06      -4176.5            0 -1.60474e+11     -21543.8     0.720128            0  9.62322e+08  1.79125e+13            0     -448.211      1.33865 -1.04242e-05      1.62464      1.96224 -1.74138e+13      243.043            0     -39.3827   1.4053e-07  2.20115e+09            0     0.228313            0  -1.2245e+06   -0.0662408      -112210      292.571     -53866.8      321.426 -2.04204e+13     -59799.8     -185.402  2.17324e+11  9.96187e+07     -171.692      423.023      83.0593     -925.766            0            0      59.0582   1.6293e-05      17.3487 -1.04933e-06            0     -1.72864  2.03373e+09  7.60211e+08 -4.26231e-06            0     -133.848 -4.79775e-05  5.17205e+06  5.83553e-07  6.44594e+06  1.04701e-06   -0.0631081     -3542.38       3032.6   0.00351592    0.0935999            0      3799.57            0  2.79001e-06   -0.0350566      45.2991            0            0   -0.0174967      574.111            0     -199.861  9.59923e-05 -1.16815e+13   0.00888885            0            0      14.8153      -192224      -427648
-6.83835e+14  4.07679e+19  2.42077e+18            0  1.04581e+17  8.56133e+14            0     -5217.62  3.36937e+12 -1.94335e+11 -1.42389e+09            0  -7.6997e+12  -7.2265e+08            0  1.39729e+17  6.12854e+10            0 -4.61649e+11  4.43233e+15 -2.78739e+19  3.91164e+10            0  -1.6074e+08      5.85143            0            0  1.44753e+19            0            0   -4.446e+06      1.56417 -2.85721e+14 -9.43779e+06 -5.56463e+06            0  -3.0047e+08            0  -8.3766e+13            0   8.6787e+11            0  -2.0826e+19  2.59775e+11            0  8.44448e+17 -1.08067e+14  3.67174e+08 -1.52925e+10            0            0            0 -1.69983e+11            0            0 -9.38772e+06    -0.489358  -2.5745e+06            0 -1.93866e+15 -1.87917e+15      5.10288 -1.77787e+12  -6.4751e+07      15.8396  -9.4579e+14            0  1.24218e+12     -4.67322       194412            0            0     -17100.6  3.14416e+06            0  1.44405e+09  3.31948e+07     -16.3771            0            0            0 -1.58016e+09  3.05155e+06            0 -4.14501e+09            0     -11.2389  1.26419e+19     -7265.72      2347.43  2.84067e+08 -5.87588e+07  2.37664e+11 -1.11938e+12
 8.36582e+14 -1.03581e+19 -2.67846e+17      -304395  1.30424e+16 -1.06256e+14            0      2474.34 -1.94335e+11  9.82868e+10  4.60171e+08            0 -1.38312e+13   3.1139e+08            0  -3.2309e+16 -3.62777e+09     -61767.9  2.50196e+10 -8.15188e+14  8.35402e+18 -1.74014e+10            0  1.46633e+06     -7.46807            0            0 -3.72284e+18            0     -77000.1  1.43688e+06    -0.185273  2.70204e+13  3.38386e+06       592409            0 -6.92615e+10            0   2.9547e+13            0 -1.78119e+11  9.52255e+07  3.61535e+18 -1.05475e+11            0 -2.30938e+17  2.91714e+13 -1.59645e+08 -1.39751e+09            0            0            0  5.14332e+10            0      7.09196  5.45487e+06    -0.134711       218065            0  5.31526e+14  4.90264e+15     -1.34903   9.3611e+10 -2.42532e+07     -1.99728  7.32463e+14            0 -5.75908e+11     0.133481       290100 -2.86568e+09            0      4243.79      -568858  4.36444e+06 -4.66705e+08  8.33425e+07      12.6934            0            0            0 -3.96335e+09      -203352            0  6.48148e+08            0      1.29886   3.5483e+18      738.274     -121.705  7.12604e+08  4.18554e+07 -6.43027e+10  4.49756e+10
           0 -4.23936e+18 -4.49926e+16 -9.12934e+06    4.834e+16            0            0      4878.14 -1.42389e+09  4.60171e+08  5.09247e+11  1.42491e+10            0  7.75753e+07   3.2319e+08 -8.54026e+15            0  2.66244e+07            0  1.41719e+14  7.62577e+18            0 -1.06891e+09      -298642            0  2.86258e+08 -1.77351e+07 -2.58301e+18  3.80382e+09  1.43358e+07 -6.44588e+08   -0.0693096            0            0            0 -4.49162e+11  2.62744e+11 -9.49036e+06            0 -6.22008e+07            0            0  3.01096e+18 -7.32453e+10  2.25342e+09 -5.59468e+16  7.15811e+12            0  -1.4743e+08 -1.76281e+09 -3.07375e+10 -1.31425e+10            0  5.11717e+08            0  1.83186e+09    0.0736368            0  -3.8743e+07  1.70492e+14            0    -0.454303            0 -1.55145e+07     -4.88757  1.45011e+14            0  5.18393e+10    0.0259775            0            0            0            0  3.24734e+06            0  1.92798e+11  1.53199e+10            0 -3.87616e+06 -3.89421e+07      -809585            0            0 -8.61626e+09 -2.81448e+09  4.32982e+08            0  6.78652e+18      762.839        80510            0            0 -3.37582e+10 -5.12955e+09
           0 -1.20664e+18            0 -9.23839e+07  1.06481e+16            0            0      1633.89            0            0  1.42491e+10  1.12743e+11            0  5.96555e+06  1.84817e+08 -9.92348e+15            0  4.61946e+06            0  3.31295e+13     1.07e+18            0  1.71904e+09      -233241   -0.0869951  1.44603e+08  8.09479e+07  -8.3573e+17  2.04275e+09  6.42892e+06 -3.92592e+08    0.0855207  6.35451e+13            0     -29016.7  2.48024e+12  9.84255e+09      -386957            0  1.15951e+09            0            0  2.13854e+17  4.47016e+09  8.42553e+09 -7.38791e+16 -1.12553e+12            0 -1.16626e+08  -1.1099e+09 -6.98315e+09  1.03914e+10            0 -4.51184e+08            0 -2.11438e+08     0.460272     -64581.4 -6.56784e+07  5.66253e+13            0    -0.151359            0 -1.34516e+08     -1.55839 -8.30549e+12            0   7.2026e+10            0            0            0            0     -187.227       940748            0  1.51239e+10  5.51239e+09      1.92195            0 -3.77711e+07  3.83408e+06            0            0 -2.41515e+09 -2.91876e+10 -1.17258e+09      3.35518  4.32722e+18      970.642     -72102.8            0  1.58846e+08 -9.45134e+09 -1.51255e+10
 7.90482e+17 -3.97519e+22            0            0 -1.78888e+20            0            0  4.87633e+06  -7.6997e+12 -1.38312e+13            0            0  1.95527e+19  2.66736e+12 -3.33143e+09 -9.73989e+19  2.38164e+14   6.4719e+08            0  8.83664e+17  3.08768e+22 -9.57246e+12            0            0       113407  6.81643e+10            0 -1.03208e+22  3.90545e+11            0  1.19717e+11     -959.997            0 -4.19453e+09 -5.51176e+08            0 -1.16365e+15            0  3.47926e+14            0  2.13921e+13            0 -1.58828e+21 -6.09991e+15  2.53811e+12 -4.88442e+20  1.25382e+17   8.5689e+10            0            0            0            0  3.57764e+14 -2.45368e+09       150328  5.47503e+11            0  4.55715e+10            0  2.37607e+18            0     -5025.77            0 -7.93149e+11     -14746.6  3.41545e+17     -29012.8 -2.70886e+15     -3150.92  1.37619e+09            0            0   1.1189e+09  -1.0741e+08            0            0  1.84198e+12      4424.59            0   6.1406e+10            0 -5.74355e+12 -2.09735e+10 -3.21267e+11            0            0            0  7.64909e+22 -1.38915e+07            0  7.77199e+11  3.07125e+12 -2.92633e+14 -7.23199e+14
 6.09839e+12  3.24181e+18 -8.59486e+15      -198650  2.27363e+16 -4.40193e+12 -9.94179e+06      -4176.5  -7.2265e+08   3.1139e+08  7.75753e+07  5.96555e+06  2.66736e+12  4.82118e+08  1.53433e+06  8.56381e+15 -4.99606e+09       171965  1.24704e+09 -3.14055e+12 -9.81919e+17 -2.65595e+08  2.59785e+07       339105     -1.86558  2.85624e+06      2807.78  1.28226e+18  1.94174e+07       156515 -1.33596e+07     0.174486 -9.09578e+12      11674.7      12778.6  1.55191e+10  3.53524e+09      3402.85  1.48838e+11  1.59411e+07 -4.36679e+08  1.19111e+07  5.99416e+17 -1.35779e+10  2.35938e+08  2.61704e+16 -1.71946e+12  2.09076e+06  2.55034e+07 -7.80909e+06 -4.11253e+07 -1.69184e+07 -2.76596e+09  4.40211e+06      7.44142  7.65673e+06     0.324776      29109.4      -310853 -1.08471e+14  4.14068e+13     0.325445  2.63317e+09  4.07477e+07      3.41866  5.92052e+12     0.152723 -4.70264e+11    0.0102488       232216 -8.51691e+09  5.76706e+09      585.079        22633      22887.9   2.1114e+08    2.845e+07     0.579827     -1838.98 -3.60363e+06      970.602 -3.60365e+09     -4007.03 -5.62076e+07  8.50298e+07  1.60673e+07    -0.331293  1.22196e+18      1062.27      -29.445  9.95462e+08  2.44635e+07  1.15379e+10 -5.24673e+09
           0 -5.85518e+15            0      53683.5 -1.46514e+13            0      -714335            0            0            0   3.2319e+08  1.84817e+08 -3.33143e+09  1.53433e+06  8.56995e+06 -9.46929e+13            0       306515            0  1.94159e+10  6.50355e+15            0  4.61188e+07     -658.369  -0.00374009   2.1686e+06      -110240 -4.77538e+15  2.85062e+07       243711 -2.72061e+07            0            0            0     -81.9549 -4.56554e+10 -4.51958e+07      3291.95            0  3.51593e+06            0            0 -2.97008e+15 -5.35416e+07  3.15073e+08 -1.09481e+15  5.34492e+10            0      -329177 -1.57694e+07 -2.01623e+08  2.35074e+08            0  2.36719e+06  -0.00287265 -2.40694e+06    0.0103717            0      -641879  7.19671e+11            0 -0.000353448            0  2.23139e+06   -0.0246983 -1.03353e+11            0 -2.16786e+09   0.00122302            0            0            0      1.04045      27782.6            0 -1.22316e+08  2.69312e+07    0.0619783            0 -4.92461e+06      2891.04            0            0 -6.34761e+07 -5.09755e+07  6.32124e+07            0  7.48734e+16      3.09579       56.471            0            0 -1.82941e+07 -2.96988e+08
-2.24958e+20  1.34354e+26  2.87292e+23  6.19905e+13  8.31671e+23   1.4139e+20   1.1461e+15 -1.60474e+11  1.39729e+17  -3.2309e+16 -8.54026e+15 -9.92348e+15 -9.73989e+19  8.56381e+15 -9.46929e+13  2.88006e+24  3.04374e+17 -1.40043e+13 -8.37514e+16  6.34258e+20   7.7991e+24  3.92913e+16  2.80552e+15 -1.76176e+13   9.8915e+07 -1.40141e+14 -1.24571e+14  3.83738e+25 -1.50273e+15 -1.16163e+13  8.50915e+14  7.33385e+06  -2.1955e+21  -1.6344e+12 -1.65819e+12 -1.01671e+18 -2.12476e+18 -7.49054e+11 -1.47819e+19 -9.57695e+14  1.28439e+17 -1.02495e+15 -4.89037e+25  8.38214e+17 -1.48115e+16  7.81222e+24 -1.97651e+20  8.72466e+14 -6.89461e+15   6.9702e+14  5.50755e+15 -2.16875e+14  2.57022e+17 -2.34269e+14  9.61139e+08 -3.40332e+14 -4.83112e+07  1.03187e+10  2.18527e+13  2.58849e+20  2.11715e+20  1.02197e+07 -1.33399e+17 -1.38409e+16 -5.92907e+07 -3.84017e+20 -6.24778e+06 -1.35914e+19 -2.92939e+06 -2.97431e+13 -1.02209e+17 -2.28376e+16 -1.89536e+10 -1.64791e+12 -2.94224e+12 -3.47314e+16 -2.09618e+15  2.61998e+08   2.1402e+11  2.33913e+14 -1.67329e+12  1.17357e+17  2.28542e+12  2.48414e+15 -1.86435e+16 -1.57849e+15 -1.53026e+08  1.02921e+26 -4.83128e+10  3.09423e+10 -4.80092e+16 -1.32532e+15  9.64236e+17 -2.41525e+17
-2.66524e+13   9.1578e+19            0            0 -9.01755e+16            0  3.25086e+08     -21543.8  6.12854e+10 -3.62777e+09            0            0  2.38164e+14 -4.99606e+09            0  3.04374e+17    9.506e+12            0 -5.75579e+10 -1.80367e+15 -6.72479e+19  9.27661e+10            0 -2.95123e+07      579.127            0            0  2.51408e+19            0            0            0   -0.0184584 -1.35029e+14            0      -898090            0 -1.16215e+13            0 -3.53651e+11            0            0            0 -3.03895e+20  2.73552e+12            0  1.46788e+18 -2.06796e+14  1.00192e+08 -1.19262e+10            0            0            0  -1.8862e+11            0     -94.7698 -4.68618e+07     -2.35083            0            0  -4.0684e+15 -1.41025e+15      11.8866  -4.5895e+10  1.93939e+09      42.2799  4.49558e+13     -54.2179  6.20481e+12     -1.95102 -4.30917e+06            0            0      13787.1      68911.2      -304537            0            0      -107.35            0            0            0  5.67622e+09            0            0            0            0     -15.1794 -3.45354e+19      -433191            0 -4.90694e+09  2.08194e+08  6.01644e+11  3.17916e+11
           0 -1.73864e+15            0     -19424.8 -1.56095e+13            0      49935.9     0.720128            0     -61767.9  2.66244e+07  4.61946e+06   6.4719e+08       171965       306515 -1.40043e+13            0        50191            0  7.46139e+09  6.93042e+14            0 -3.77663e+06            0 -0.000216458     -43165.8      16402.6 -1.05677e+15  3.85052e+06        28097 -1.55148e+06  1.28626e-05  2.23288e+10            0            0 -6.04061e+08  1.19782e+07      108.395            0  1.40329e+06            0            0  3.35077e+13      -379933  2.55025e+07 -9.45927e+13  4.04858e+09            0            0 -1.22133e+06 -1.25233e+07 -1.39656e+07            0       405503            0  1.38937e+06  0.000170211            0     -44215.3  8.88835e+10            0  -0.00022698            0       133091  0.000755046 -7.54001e+09            0 -1.81847e+08  1.98612e-06            0            0            0    0.0386416      3401.57     -224.382  8.83131e+06      -485701   0.00174556            0      -402728      1616.93            0            0  -1.2396e+07       944595  3.55158e+06   0.00117896 -1.53944e+14      1.02692     -5.47285            0      19914.6 -8.80653e+06 -2.90457e+07
 -9.4234e+14 -2.64586e+19 -3.09987e+17            0 -6.25868e+15  -4.9743e+14            0            0 -4.61649e+11  2.50196e+10            0            0            0  1.24704e+09            0 -8.37514e+16 -5.75579e+10            0  1.49024e+13 -9.91451e+14  2.15655e+19            0            0  2.98818e+08      6.16146            0            0 -8.39463e+18            0            0            0    0.0581607  2.86508e+14            0  1.42502e+07            0 -1.27017e+11            0  5.49879e+13            0 -1.52784e+10            0  2.94771e+19  -1.7658e+11            0 -4.83814e+17  3.29165e+13            0  1.28553e+11            0            0            0            0            0      81.9722            0     0.368584            0            0  9.71328e+14  1.55327e+15     -3.65139            0  4.37337e+08      4.89197  1.32991e+15            0 -2.17103e+12            0  1.56614e+07            0            0      1037.75      -222154            0            0            0      10.3431            0            0            0            0            0            0            0            0      4.10334 -1.81776e+19            0            0            0            0 -1.59833e+11  1.28367e+12
-4.78603e+18  2.65416e+23  3.94283e+22  1.43979e+11  2.69863e+21  7.99631e+18 -9.91212e+12  9.62322e+08  4.43233e+15 -8.15188e+14  1.41719e+14  3.31295e+13  8.83664e+17 -3.14055e+12  1.94159e+10  6.34258e+20 -1.80367e+15  7.46139e+09 -9.91451e+14  9.44079e+19   2.5933e+22  -5.8701e+13  3.69461e+13 -1.07732e+12      -678808 -5.77704e+10  3.27908e+11  6.73783e+22  2.61297e+12  3.89695e+10  4.65561e+12     -42285.8   1.2991e+19 -7.64735e+10 -2.52571e+10  2.64566e+15 -2.39585e+16  -2.1589e+09 -2.55503e+17 -2.60982e+12  1.93915e+15  5.27391e+12 -4.12904e+23 -5.46504e+15   9.3914e+12  5.72747e+20 -7.30671e+17 -1.11609e+12  1.64555e+12  4.07936e+12 -4.54346e+13 -3.72256e+13 -8.80373e+14 -9.50319e+10  3.80552e+06   1.1569e+12       139358  1.66373e+10 -2.41097e+10 -1.12404e+19  1.00259e+19      21982.7 -1.42574e+15  1.15839e+13       357314 -1.34687e+19      54221.8 -7.40667e+15      46498.3  1.58387e+11  -3.3911e+15  2.41281e+15  3.29032e+08  4.40524e+10  -5.9809e+10  1.91807e+14  2.61269e+13       635072 -2.81755e+09 -5.10057e+11  -7.0801e+09 -1.47534e+15 -9.54714e+09 -4.90604e+12 -8.66631e+13 -3.65292e+12       849472 -3.08249e+22  3.31215e+08  4.44897e+07  4.17603e+14   9.1979e+12  1.22611e+15 -1.42464e+16
 3.87862e+22 -2.01184e+28 -6.00029e+25 -1.15607e+16  2.14276e+26 -4.81138e+22  8.77302e+17  1.79125e+13 -2.78739e+19  8.35402e+18  7.62577e+18     1.07e+18  3.08768e+22 -9.81919e+17  6.50355e+15   7.7991e+24 -6.72479e+19  6.93042e+14  2.15655e+19   2.5933e+22  6.95868e+28 -6.65789e+18  3.45538e+17  5.16249e+15 -2.35139e+10  3.56493e+14  2.43599e+16 -6.25026e+27  -5.4491e+14  4.33195e+14 -9.04218e+16 -1.07128e+09   3.3941e+23  3.31476e+14  3.50849e+14  7.26488e+19    3.066e+20  1.49101e+14  2.31273e+21  1.12374e+17 -2.39905e+19  1.16966e+17  8.88809e+27  -1.8107e+20  1.37784e+18 -2.20211e+26  3.96837e+22 -1.42875e+17  1.28562e+18  2.35153e+16  1.23251e+18 -7.14981e+17 -5.83878e+18  1.26597e+16  1.69286e+10  2.41607e+16  5.82197e+08   3.0845e+14 -7.34847e+14 -2.37359e+23  4.42061e+23  4.45169e+08  1.01112e+19  2.76006e+18  3.09022e+09  7.22012e+22  1.78365e+09  1.37177e+21   1.1155e+09  3.25065e+15  3.02223e+20 -2.16456e+20  8.42956e+12  -2.7934e+13  5.19757e+14  8.52199e+18  2.28155e+17  1.78369e+10 -1.69825e+14 -1.63787e+16  9.94922e+13  1.60568e+20 -3.29918e+14 -2.96431e+17  2.01375e+18  4.07134e+16  1.88577e+10    1.887e+28  1.11558e+13 -3.15011e+12 -4.89725e+19  3.35959e+17 -9.80603e+19  7.22166e+18
           0  7.78395e+18            0            0  1.12383e+16  5.15904e+15            0            0  3.91164e+10 -1.74014e+10            0            0 -9.57246e+12 -2.65595e+08            0  3.92913e+16  9.27661e+10            0            0  -5.8701e+13 -6.65789e+18  1.00267e+12            0  -1.1232e+07      12.8717            0            0  2.70043e+18            0            0            0            0            0 -3.85216e+06            0            0 -7.22465e+11            0            0  2.82251e+07  1.32327e+11            0 -1.79419e+19  1.68537e+11            0  2.40058e+17 -1.05083e+13            0            0            0            0            0  4.73279e+12            0            0 -4.08761e+06            0            0            0 -2.93339e+14 -6.43461e+14     0.911445 -1.80284e+11 -4.21184e+08      2.93829            0     -5.41065  1.22896e+11     -1.83466       262679            0            0     -3600.49            0            0            0            0     -6.14205            0            0            0            0            0            0            0            0            0  4.04746e+18     -12816.2            0            0 -3.22069e+08  4.85849e+10 -2.26337e+11
           0 -2.63293e+17            0 -1.04607e+07 -2.10461e+16            0 -7.46319e+08     -448.211            0            0 -1.06891e+09  1.71904e+09            0  2.59785e+07  4.61188e+07  2.80552e+15            0 -3.77663e+06            0  3.69461e+13  3.45538e+17            0  3.97307e+10            0            0  1.73273e+08  5.65733e+06  4.68213e+17 -2.19106e+08 -1.54922e+06  3.11584e+08   -0.0204679  -1.7432e+13            0            0 -4.77794e+11 -7.86612e+09        57548            0 -1.36586e+08            0            0  8.07959e+17  1.67652e+09 -6.70494e+08  3.44314e+16  2.46708e+12            0            0  3.90326e+08 -2.88951e+08 -5.14118e+09            0  5.69119e+08            0  7.46072e+08    0.0784791            0  9.35409e+06  4.51505e+13            0   -0.0210735            0 -7.04766e+06    -0.506546            0    0.0379193  -6.6141e+10   -0.0236164            0            0            0            0      -169470            0 -1.35967e+10  1.05882e+09            0       127737 -3.98903e+08       854796            0            0 -8.99267e+09  1.79689e+09 -3.28054e+08    -0.920404  4.92339e+18            0      2188.68            0            0 -5.55263e+09 -5.13775e+09
-2.11391e+12 -7.93673e+15  5.84029e+14     -10861.3 -3.74464e+13 -4.26392e+11            0      1.33865  -1.6074e+08  1.46633e+06      -298642      -233241            0       339105     -658.369 -1.76176e+13 -2.95123e+07            0  2.98818e+08 -1.07732e+12  5.16249e+15  -1.1232e+07            0       327673  0.000262668            0      1687.08 -2.22879e+15     -33211.5            0     -932.991 -6.30909e-05  9.30127e+10      1439.47      7987.95            0  1.29278e+08     -22.9117  9.77617e+09      -1588.2 -4.12524e+07            0  7.48055e+15 -1.33984e+08            0 -7.95393e+13  2.98557e+10            0  4.22027e+07     -3974.65     -59541.5            0  9.90486e+06            0  0.000614826            0 -0.000830656            0            0  4.36256e+11  7.40541e+10 -0.000903161  7.72045e+07       -99726  -0.00184833  3.51684e+10  0.000740126 -2.84648e+08   0.00121428      83.2653            0            0    -0.087001      -612.62            0  1.25238e+06            0  -0.00040649            0      2194.68     -788.791            0            0            0 -1.24775e+06            0   0.00334894  4.08577e+15      1.08912      -4.6502            0      21262.7 -5.69437e+07  5.95656e+08
     -126236  3.70268e+10  4.44934e+07            0  3.99552e+07      -143757     0.170635 -1.04242e-05      5.85143     -7.46807            0   -0.0869951       113407     -1.86558  -0.00374009   9.8915e+07      579.127 -0.000216458      6.16146      -678808 -2.35139e+10      12.8717            0  0.000262668  8.28075e-07    0.0164594  0.000765914  7.30073e+09   -0.0178374            0    0.0189063  1.10888e-10     -6735.13  -0.00168963 -0.000457495            0     -3464.32            0      682.058 -0.000683727      -1.4172    -0.224564 -1.34594e+11      922.452     0.176465  4.60201e+08     -96360.6            0    -0.971709            0     0.330486            0      399.882   -0.0065658 -2.10177e-08    -0.030125  7.45251e-11  6.51833e-05            0 -1.74842e+06      58684.5  4.75869e-09     -11.3513     0.725232  1.29258e-08     -63582.3 -4.76176e-08       2337.7 -1.09659e-09 -0.000649728            0     -2.89597 -9.16439e-06   3.3292e-05 -0.000341268            0   -0.0937489 -2.92428e-08            0   0.00969754            0      4.83635 -0.000125708    -0.107078     -1.42125            0 -4.67749e-09 -2.24381e+10 -0.000202263  8.43572e-07     0.147438     -1.25245      234.239      231.247
           0 -2.84481e+16            0       412902 -9.07795e+14            0 -3.69008e+06      1.62464            0            0  2.86258e+08  1.44603e+08  6.81643e+10  2.85624e+06   2.1686e+06 -1.40141e+14            0     -43165.8            0 -5.77704e+10  3.56493e+14            0  1.73273e+08            0    0.0164594  5.33513e+07      -450844 -1.07657e+16 -1.86669e+07       178070  6.98189e+06            0            0            0            0 -1.82958e+10  1.49768e+09     -3528.66            0   6.8163e+06            0            0  1.28944e+16  2.92388e+08  7.31035e+08 -2.65077e+14  8.69017e+10            0            0 -2.84572e+06 -2.35371e+08 -2.81563e+08            0      -663880            0 -2.91897e+07   -0.0100491            0      -489979  1.65959e+12            0   -0.0034679            0  5.71062e+06    0.0316289            0  -0.00684645 -2.98395e+09  -0.00139367            0            0            0     -1.17356      55717.8            0  1.37149e+08  2.72569e+08   -0.0117931            0 -3.08855e+07     -1794.68            0            0  8.73924e+07 -5.19735e+07  1.30358e+08            0  -8.5122e+15      76.6266     -273.301            0            0 -2.08871e+08 -5.88374e+08
           0  -2.6551e+16            0 -1.90099e+06  2.92732e+14            0            0      1.96224            0            0 -1.77351e+07  8.09479e+07            0      2807.78      -110240 -1.24571e+14            0      16402.6            0  3.27908e+11  2.43599e+16            0  5.65733e+06      1687.08  0.000765914      -450844  6.67989e+06 -7.07896e+15   -1.856e+06     -10057.7      -796687 -0.000102292            0            0      209.886   1.2117e+09  8.70278e+08     -3967.99            0  2.13819e+06            0            0  3.96091e+15 -6.55523e+07  2.93835e+06 -1.13133e+15  -1.1945e+11            0       843579       468709  1.28422e+07  2.94659e+07            0      -801870            0      -495172            0      568.561     -31558.6  1.16698e+12            0  -0.00373663            0            0     0.012094            0   0.00330653  7.99213e+08            0            0            0            0      1.64831      1589.83            0  1.50478e+08  1.07579e+07   0.00699984            0      -269112      30815.4            0            0  1.29811e+06  2.69994e+08 -6.79246e+06            0 -1.52675e+16      15.6999     -598.355            0  2.56926e+06 -2.04549e+08 -1.77184e+08
-4.24853e+21  1.24687e+28  3.54477e+25  4.19939e+15  4.20854e+24  2.47053e+22 -3.91389e+16 -1.74138e+13  1.44753e+19 -3.72284e+18 -2.58301e+18  -8.3573e+17 -1.03208e+22  1.28226e+18 -4.77538e+15  3.83738e+25  2.51408e+19 -1.05677e+15 -8.39463e+18  6.73783e+22 -6.25026e+27  2.70043e+18  4.68213e+17 -2.22879e+15  7.30073e+09 -1.07657e+16 -7.07896e+15  1.00021e+28 -5.54445e+16 -7.18749e+14  5.73985e+16   1.1111e+09 -2.46422e+23 -2.45748e+14 -1.46002e+14 -6.55154e+19 -1.94171e+20 -5.53701e+13 -1.11897e+21 -9.25761e+16  1.47192e+19  2.30841e+17 -4.26893e+27  4.24237e+19 -9.47427e+17   2.0402e+26  -3.2022e+21   1.4757e+16 -7.35358e+17 -1.18084e+16  4.00364e+17  2.58494e+17  7.45486e+18 -6.05964e+15  4.14854e+10 -3.65701e+15  1.39185e+09 -1.04599e+14  1.15213e+15 -3.37203e+23 -2.48454e+23  1.26726e+09  -1.1422e+19 -2.31692e+17  2.43934e+10  -3.5707e+22 -7.78811e+08 -1.88531e+21  6.05181e+08  1.36911e+13 -3.44081e+19  2.75415e+19 -1.62434e+12 -7.19668e+13 -3.19456e+14 -4.94701e+18 -8.99413e+16   2.5967e+09  8.32376e+13  9.88181e+15   1.8917e+13 -1.50529e+19  1.20074e+14  1.30242e+17 -1.88671e+17  -1.3209e+17 -1.76383e+10   3.8412e+27  -3.6517e+12  1.47155e+12  4.44399e+18 -9.94898e+16   5.5118e+19 -4.00436e+19
           0 -1.04047e+17            0  5.85791e+06 -9.90125e+14            0            0      243.043            0            0  3.80382e+09  2.04275e+09  3.90545e+11  1.94174e+07  2.85062e+07 -1.50273e+15            0  3.85052e+06            0  2.61297e+12  -5.4491e+14            0 -2.19106e+08     -33211.5   -0.0178374 -1.86669e+07   -1.856e+06 -5.54445e+16   7.5424e+08  2.67059e+06 -1.26561e+08    0.0077787  8.51086e+12            0     -4131.27  1.96039e+10 -7.83159e+09     -2188.77            0  2.30487e+08            0            0 -7.77054e+16   3.5416e+08  1.67805e+09 -6.52124e+15  5.05066e+11            0 -1.66068e+07 -1.70652e+08 -2.03013e+09  3.62156e+08            0  3.71806e+07            0   1.0441e+08   -0.0202581            0 -7.36708e+06   4.8329e+12            0   -0.0206859            0  4.00326e+07     0.150986 -6.85118e+11   -0.0164175  -1.6832e+10   -0.0123081      4236.69            0            0      18.5979       345903            0  1.74206e+09  2.10575e+07     0.139841     -14872.6 -4.90058e+07      -103600            0            0 -7.88355e+08 -7.04911e+08  2.17459e+08     0.449372  2.06738e+17     -111.274       976.54            0       843404 -2.95576e+08 -3.44659e+09
           0 -1.71732e+15            0     -342.511 -1.33152e+13            0            0            0            0     -77000.1  1.43358e+07  6.42892e+06            0       156515       243711 -1.16163e+13            0        28097            0  3.89695e+10  4.33195e+14            0 -1.54922e+06            0            0       178070     -10057.7 -7.18749e+14  2.67059e+06      47230.4      -389894            0            0            0            0  3.04777e+09   2.2159e+07      -40.446            0       679279            0            0 -1.09133e+14            0  1.45198e+07 -8.26053e+13  3.60488e+09            0            0      -472255   -1.149e+07  -3.9418e+06            0       282358            0       712328  0.000108849            0     -35267.1  8.03639e+10            0 -0.000253856            0      72744.7  0.000969924 -1.62149e+09            0 -1.76925e+08  1.09919e-05            0            0            0            0       2838.5     -279.757  1.72678e+06  2.99005e+06  0.000895417            0      -678966     -112.338            0            0 -5.96608e+06       473794  3.72459e+06            0 -1.59578e+14      1.18286      4.47537            0            0 -1.11706e+07 -2.07304e+07
           0   1.7014e+17 -1.40488e+14     -8199.57  1.99202e+15            0            0     -39.3827   -4.446e+06  1.43688e+06 -6.44588e+08 -3.92592e+08  1.19717e+11 -1.33596e+07 -2.72061e+07  8.50915e+14            0 -1.55148e+06            0  4.65561e+12 -9.04218e+16            0  3.11584e+08     -932.991    0.0189063  6.98189e+06      -796687  5.73985e+16 -1.26561e+08      -389894  7.26377e+08  -0.00179846 -1.53168e+12            0            0  1.13013e+11  2.47627e+09      7162.75            0  3.16543e+07            0            0 -1.20946e+17  1.49367e+08 -6.76461e+09  1.05023e+15 -5.66994e+11            0      -460592  5.78829e+07  9.88866e+08 -4.63159e+09            0 -6.89303e+07            0  5.77522e+07    0.0080829            0  3.94569e+06 -7.90109e+12            0    0.0118765            0 -1.20156e+07   -0.0721066  6.69484e+11  -0.00454315  9.56798e+09            0     -1114.09            0            0            0      -195467            0  2.73002e+08  7.11796e+08   -0.0171048     -4143.34 -1.83706e+07     -15276.4            0            0   2.8033e+08  8.48416e+07 -5.27449e+08   -0.0808724 -2.30672e+17     -13.5133      42.7911            0      -463577  9.21875e+08   2.7323e+09
    -1165.85  2.55589e+09 -3.02462e+06  0.000116941  2.21381e+07            0            0   1.4053e-07      1.56417    -0.185273   -0.0693096    0.0855207     -959.997     0.174486            0  7.33385e+06   -0.0184584  1.28626e-05    0.0581607     -42285.8 -1.07128e+09            0   -0.0204679 -6.30909e-05  1.10888e-10            0 -0.000102292   1.1111e+09    0.0077787            0  -0.00179846  2.04728e-09      94380.8            0 -1.62322e-07            0      40.2534            0     -84.3109    0.0133605      2.43595   0.00200952 -4.14828e+08       7.3596    0.0110654  2.15862e+07     -828.818    0.0151585    0.0387305  -0.00120729   0.00817742            0            0    0.0029637   -4.964e-10            0  -1.1141e-11 -1.03155e-05 -7.89397e-05     -83603.8            0  2.68887e-10            0 -0.000826514  2.81736e-09            0 -1.42926e-11     -440.639 -5.86761e-11 -7.00463e-06     0.285988    -0.175564 -1.11834e-07  8.05934e-06  -6.7855e-05   -0.0508313   -0.0270522 -7.17981e-10   4.9905e-06   0.00133973  9.59741e-06            0  2.63085e-05    0.0326954    -0.223408  -0.00912684  1.94362e-10  1.17436e+09 -9.96657e-08  -1.1345e-08    -0.059418  -0.00452803      10.8799      14.1492
