 7.63361e+13 -8.35502e+11 -2.38734e+12       166380 -5.32893e+15  2.96691e+10            0            0 -1.90933e+08   3.8948e+07            0            0  7.54608e+11  1.80984e+06            0 -9.69637e+11  1.31714e+07            0 -7.85985e+08  -3.6331e+10  6.81691e+13            0            0 -8.64871e+07     -58.3147            0            0  2.29552e+13            0            0            0    -0.675312 -6.69133e+10  1.14436e+07 -2.25158e+06            0 -6.31794e+08            0 -6.62076e+11            0 -3.99694e+09  1.09703e+06  4.57177e+12  9.90958e+10            0 -5.01452e+13   1.0482e+09 -1.69621e+07  -1.5011e+08            0            0            0            0            0  5.45545e+13 -1.57624e+06     -1.14698            0            0  5.44633e+08  1.45006e+12 -1.48924e+08   1.2078e+08  -6.6686e+14      58.3922  2.03424e+12      2.12481 -9.98508e+08     -3.89353       305032            0            0      24037.5      -530776       373717            0            0      18.7265            0            0            0            0            0            0      -396135            0      -144.66  4.77041e+13      6184.05     -10464.9            0      56734.3 -5.28599e+08  6.68211e+08
-8.35502e+11  3.45597e+13  3.79062e+11  6.75615e+06  2.49478e+17  1.51988e+10 -3.40978e+06      -130625  4.56018e+08  -1.7591e+07 -1.51672e+08 -4.33802e+07 -1.30162e+12   4.2452e+07   1.3113e+06  7.79998e+12   5.4369e+08 -3.30682e+06 -8.83833e+08  6.80785e+10 -3.31209e+15  6.24381e+07  -5.0922e+07 -1.24486e+07      566.651 -4.92202e+06 -5.11548e+06  2.04033e+15 -3.75362e+06 -2.15244e+06  2.72045e+07      49.2277 -2.80565e+12  -1.8274e+06 -1.85666e+06 -1.19832e+08 -3.04542e+09 -3.96419e+06 -6.41157e+11 -1.67087e+07  1.04182e+09  -5.9463e+06 -1.00224e+14  1.62239e+12 -2.20568e+07  2.93643e+15 -7.88309e+09  2.93581e+07 -1.02688e+08 -5.74628e+06  3.30096e+07   -1.232e+07  1.44592e+08  -1.7414e+07  1.92224e+16 -3.07429e+07      16.1285      -461984  1.45873e+06 -1.15001e+10 -8.69929e+10  6.96599e+09 -2.54811e+08  1.01195e+16   0.00400733 -4.71182e+11     -38.0373 -1.57947e+10     -53.9227 -1.19436e+07 -3.78914e+09  5.71794e+11      -268950      -469862 -3.00494e+06 -1.99377e+08      -138848      54.9137  1.53098e+06  2.04437e+07      -306319 -1.63687e+09  7.84276e+06  8.81379e+07 -1.05195e+07 -4.83559e+07     -8555.02  -1.3321e+13     -75696.8       288261  5.61309e+06 -2.11257e+06  5.25843e+09 -8.86251e+09
-2.38734e+12  3.79062e+11   1.2753e+14            0  9.21818e+15  5.99081e+10            0            0  2.70959e+08 -3.71994e+06 -3.67292e+07            0            0 -1.72755e+06            0  1.44626e+11            0            0  -2.7469e+08  2.15902e+11 -8.53397e+13            0            0  2.99341e+07      10.2624            0            0  8.96196e+12            0            0 -3.39562e+06     -1.87257            0  3.50075e+06       237453            0 -1.75043e+08            0 -1.01587e+11            0 -4.98028e+08      75322.6 -5.55216e+12            0            0 -5.80061e+13 -1.12629e+09            0  1.62388e+08            0            0            0            0            0 -6.23194e+12            0     -1.93873            0            0 -6.29807e+08            0  2.31559e+08  3.33613e+07 -4.76276e+14     -18.0107 -3.32879e+12            0  5.97768e+08            0     -81179.6            0            0            0  3.21629e+06            0  1.42579e+07            0            0            0            0            0            0            0            0       739995            0            0 -1.15432e+13      29080.4     -11125.7            0            0  8.78654e+08 -9.25495e+09
      166380  6.75615e+06            0       834.43 -1.15926e+11            0            0  -0.00150552            0    -0.526659     -283.633      -4843.3            0     -2.86447      29.8116  2.26371e+06     -75.1037     -51.5074            0      29238.1 -1.75729e+09            0     -1372.17     -16.5447            0      56.5358     -317.676  1.39739e+08      358.722     -1.01635      2.32186  2.46173e-06     -83475.4            0     -3.99643            0     -1036.82      19.2805     -73660.2      238.561            0            0   -3.539e+07       293256      17.1684  2.42995e+09      7892.39            0     -220.307     -142.026     -664.812      220.022            0      165.415   9.6744e+09      -7.8746 -2.30475e-06            0     -115.284     -6024.81            0      2880.27            0  2.16565e+09  1.78037e-05            0 -4.15903e-05      572.789            0            0      308.171     -13293.7  -0.00551088     -3.40596            0     -1373.91      -3.8968 -0.000165656      2.65314      157.214     -79.5775            0            0      1259.74     -964.897      6.43738  -0.00011288  1.21068e+08   -0.0150482      10.8384            0     -2.52464      20933.8      3438.85
-5.32893e+15  2.49478e+17  9.21818e+15 -1.15926e+11    2.382e+22 -1.72363e+14 -1.18016e+11 -3.55169e+09 -5.38094e+12  3.69345e+11  3.46079e+12  3.76416e+12   2.9187e+16  4.38671e+11  2.83655e+11  3.05921e+17 -2.09722e+12    1.056e+11  1.65466e+13  4.77361e+14  2.51401e+19 -2.44577e+11 -2.09873e+12  1.77905e+11      -774526 -9.72908e+10  1.13106e+11  2.95383e+19  1.85861e+11  5.90322e+10  2.08813e+11       665759 -9.20912e+15  2.34417e+10  1.28603e+10  6.57439e+12  1.40058e+13 -9.17958e+09  1.08121e+16  1.42327e+12 -1.24378e+13 -1.82477e+11 -1.13707e+17 -2.24107e+16 -1.33312e+11  -6.7044e+19 -3.46501e+14  2.92719e+11  6.19908e+11  1.54307e+09 -3.02956e+12 -5.22524e+11 -1.33944e+12 -4.70471e+11 -9.65223e+19  -2.5782e+11  3.87324e+06  3.81309e+10 -1.21046e+11 -1.77909e+14  3.36433e+15  1.17034e+13  2.14375e+12  9.39923e+19 -3.51248e+06  1.00492e+16       850031 -1.71659e+14  1.01753e+06 -3.17955e+10  1.84416e+13 -7.04534e+15  6.36491e+09   2.0023e+10  1.20447e+10   1.9188e+12  3.59444e+10  1.08756e+07 -3.61926e+10  1.81372e+11 -4.56169e+09 -6.32433e+12 -7.28321e+10  -2.8216e+11 -2.14938e+11 -9.23139e+11 -2.96345e+07 -1.96364e+18  5.18265e+08   7.4904e+08  3.23609e+10  3.71868e+10  1.79862e+14  5.42815e+13
 2.96691e+10  1.51988e+10  5.99081e+10            0 -1.72363e+14  2.19412e+10            0            0  4.91063e+06     -99402.1            0            0            0     -26630.6            0  4.46999e+09            0            0 -8.92865e+06  1.07317e+09 -3.23149e+12   1.8584e+07            0      -358760     -2.50399            0            0  6.95288e+11            0            0            0            0            0      -160411     -3221.41            0  -7.1812e+06            0 -6.87322e+09       286072  7.24264e+07            0 -2.32252e+11            0            0  6.46525e+11 -1.53394e+07            0       111765            0            0            0            0            0  3.98195e+12            0            0            0            0   -1.148e+07 -1.53985e+09  5.39262e+06 -1.33496e+06  8.79265e+11      1.78366            0            0  9.39808e+06            0            0            0            0            0      9367.01            0            0            0            0            0            0            0            0            0            0            0            0            0 -2.21647e+11      12.5084            0            0            0  1.65874e+07 -3.19081e+08
           0 -3.40978e+06            0            0 -1.18016e+11            0      581.823  -0.00497796            0            0            0            0            0     -3.80594     -17.0366  7.63245e+06      63.7999      6.19104            0     -94625.9  6.24673e+09            0     -3654.08            0   7.4747e-05     -25.0022            0 -2.65187e+08            0            0            0            0            0            0            0            0      1378.21            0            0            0            0            0  9.45619e+06            0            0  1.48369e+09         5260            0            0     -118.622            0            0            0     -197.235 -7.46232e+09     -290.534 -4.85326e-05            0     -14.7095     -199.254            0      1891.62            0  5.57191e+09  9.58313e-05            0            0      3878.16            0            0            0     -22346.7            0            0            0            0            0  0.000185323            0      141.284            0            0            0      1236.22            0            0            0  1.35354e+08   -0.0377758            0       2.2813            0     -17553.1       4768.8
           0      -130625            0  -0.00150552 -3.55169e+09            0  -0.00497796   0.00660121    -0.280766    0.0221515     0.616601     0.555147      880.165    -0.195925            0     -75216.9    -0.490382    0.0104415            0      1173.94   1.2306e+07            0    -0.344463    0.0107037 -5.92711e-07   0.00083786   0.00155421 -1.38092e+07    0.0881461            0   -0.0457143  2.90542e-07      50275.5            0   0.00296258            0     -23.8574  -0.00297097     -123.791     0.275176     -8.39575    0.0194446      -432995     -1841.07  -0.00849399  9.77313e+06      76.0771   -0.0682145    0.0657873    0.0806394    -0.338753            0            0    0.0973276 -4.40512e+07    0.0803317 -1.91134e-07            0   -0.0157276      40.3649      719.648     -16.3067            0 -4.20477e+07 -1.94949e-05      205.131  5.72956e-08      80.1404  1.60576e-07 -0.000375758    -0.652977      75.4003  0.000482677   0.00343486            0     0.214297            0 -5.02592e-07  -0.00134024    0.0928955            0            0  -0.00103539      0.70951            0     -0.26598  9.97699e-05       345730  0.000206465            0            0  0.000331282      12.8416     -121.029
-1.90933e+08  4.56018e+08  2.70959e+08            0 -5.38094e+12  4.91063e+06            0    -0.280766       945745      -8761.8     -1410.69            0 -7.64194e+06     -249.305            0  1.46368e+08      8111.59            0      -402818  3.10124e+07 -1.23154e+11      6714.01            0     -6519.26   -0.0022578            0            0  1.29129e+10            0            0     -130.417  0.000711805 -3.52378e+07     -544.876     -452.414            0      57858.5            0 -4.18441e+08            0       674665     -23.9196 -2.45927e+09  3.67303e+07            0  1.13751e+11      -511212      969.954     -16732.1            0            0            0     -12625.8            0  3.06839e+11     -182.992 -0.000205716     -137.572            0      -393679 -9.65964e+06       169320      -296817  4.91631e+10    0.0306621 -1.43087e+08            0       159424  -0.00334487      11.6371            0            0     -9.76376      526.249            0      547.564      5.77006  -0.00866861            0            0            0     -1482.22      1159.57            0     -234.972            0   -0.0600942 -2.54315e+08   -0.0354211      3.53298      3.58209     -7.54261       582906 -1.64117e+06
  3.8948e+07  -1.7591e+07 -3.71994e+06    -0.526659  3.69345e+11     -99402.1            0    0.0221515      -8761.8      706.549      74.1597            0  -2.0326e+06        15.83            0 -3.71051e+06     -60.0412    -0.645784      3551.72      -898681  5.20172e+09     -479.818            0       9.5016 -0.000305316            0            0 -2.25081e+08            0    -0.446813      6.85601   -1.181e-05       527169      32.7695        7.555            0     -3617.69            0  2.37591e+07            0     -22243.8      3.74178  7.19316e+07 -2.38022e+06            0 -5.00823e+09      19935.1     -66.0427     -243.915            0            0            0      614.498            0 -1.43527e+10      17.1209 -1.65951e-05      1.84026            0      16955.8  3.93491e+06      -7387.5      2506.57 -3.95739e+09 -0.000698745  1.80419e+07            0     -9887.18  1.48997e-05      1.45503     -359.079            0     0.391489     -15.1172      79.3083     -28.7869      1.98958  0.000771497            0            0            0     -510.573     -12.3475            0      5.26875            0   0.00105193  1.34526e+08   0.00947342   -0.0272462      1.23403     0.649009     -27564.6      8483.12
           0 -1.51672e+08 -3.67292e+07     -283.633  3.46079e+12            0            0     0.616601     -1410.69      74.1597  1.18705e+06        70974            0      67.0265      12048.8  1.40066e+07            0      4770.12            0  3.13407e+06  7.89982e+10            0     -25553.6     -43.6817            0      4064.23     -246.895 -6.05788e+09      17343.6      1534.19     -7983.98 -9.64856e-05            0            0            0     -30908.7      79775.1     -8079.98            0       1240.9            0            0  1.15606e+09 -2.76103e+07      2162.74 -3.00042e+10      50789.7            0     -576.152     -25613.2      -158077     -12825.7            0      10557.4 -1.85002e+11      30929.8  0.000134262            0     -4689.93      91331.8            0     -44739.6            0 -6.25433e+10   -0.0199063  7.94812e+07            0      15460.6  0.000108734            0            0            0            0      1416.05            0       204017      6406.65   -0.0250684     -2383.89      1529.33     -95.5798     -8332.84            0      -104033     -437.167        16749            0  2.16961e+09     0.251093      255.227            0            0      -273526       -14109
           0 -4.33802e+07            0      -4843.3  3.76416e+12            0            0     0.555147            0            0        70974       870741            0      24.0942      14139.7 -1.06801e+08      2538.09      2683.95            0  1.41872e+06  1.00092e+10            0      40554.4     -52.8354 -0.000260677      2759.35      1372.16 -3.56416e+09      18436.1      1518.42     -8496.21  0.000274667  4.15163e+07            0     -12.7628       272360      14859.7     -645.372            0      28101.3            0            0 -7.80539e+07  3.32311e+06      10873.9 -6.03367e+10     -63529.7            0     -703.552     -39988.7       -69553      16132.9            0     -17309.4 -1.71806e+11     -659.125   0.00120873     -17.9633     -14195.4        59389            0     -32002.9            0 -7.62856e+10  -0.00789933 -7.54744e+06            0      35954.2            0            0            0            0    -0.563893        861.3            0      29181.1      4113.93   -0.0046748            0     -1131.81      805.537            0            0      -125625     -8283.01     -26431.6    0.0992958  2.47471e+09     0.446235     -444.806            0      85.3196      -191225      -116830
 7.54608e+11 -1.30162e+12            0            0   2.9187e+16            0            0      880.165 -7.64194e+06  -2.0326e+06            0            0   6.1611e+13  2.75788e+06      -158088 -1.45368e+10  8.66021e+07       151936            0  1.83343e+10  4.05128e+14 -5.45266e+06            0            0      138.549       786275            0  3.51502e+13  1.95632e+06            0  1.96705e+06     -1.79032            0      -850500      -140670            0   -4.177e+08            0  5.01454e+09            0  5.67015e+07            0 -6.84692e+12  -2.8996e+12  1.90594e+06 -4.33376e+14  1.22338e+09  1.35446e+06            0            0            0            0  9.20267e+07      39118.4 -2.89014e+14  3.52552e+07            0  8.11906e+06            0  1.42638e+09            0   -5.641e+08            0 -7.35887e+14      -73.702  1.71002e+11     -46.4435 -6.62255e+08     -7.79237       210560            0            0  2.26007e+06     -62725.8            0            0       970962     -191.818            0  1.68738e+06            0 -1.11279e+07 -2.62424e+07 -9.68505e+06            0            0            0  4.01618e+13      -976.83            0      31926.5  1.04304e+06 -3.23806e+09  -3.7432e+09
 1.80984e+06   4.2452e+07 -1.72755e+06     -2.86447  4.38671e+11     -26630.6     -3.80594    -0.195925     -249.305        15.83      67.0265      24.0942  2.75788e+06      138.634      20.6716  1.27617e+07     -623.338       12.677      1193.16     -48116.4 -4.88091e+09     -47.4611      94.8395      15.0548 -0.000539289      12.5828     0.407929  4.20925e+09      33.8511      6.61645      -61.217  3.19476e-05 -1.13173e+06     0.832774         1.18       400.88      75.9305       1.2517       825847      68.6666      -467.82      2.84387  9.44408e+07 -2.00542e+06      56.1702  3.46259e+09     -9328.32      5.95342      33.1242     -50.1365     -69.5066     -7.27957      -220.77      37.4626  2.35192e+10      73.7751  3.57738e-05      1.58591       -13.26     -13675.9       223085      8673.15      489.727   1.2487e+10   0.00555265       963457  5.39265e-05     -19503.6  7.84083e-06      8.67442     -6506.26       866274     0.373228      3.49018      2.77588      91.8409      4.29571 -5.50629e-05    -0.532886     -37.2388    0.0325764     -2339.14     -2.85542     -291.881      6.58829      97.8302   0.00080331  1.34565e+08    0.0971283     -0.10123      8.89704      2.40941     -314.444     -6033.24
           0   1.3113e+06            0      29.8116  2.83655e+11            0     -17.0366            0            0            0      12048.8      14139.7      -158088      20.6716      5419.32 -7.13595e+06      22.5369      983.671            0     -8615.73 -1.32237e+08            0      8348.51     -1.52057 -7.20141e-05      445.057     -28.1574  5.68435e+08      2222.45       450.21     -5364.59            0            0            0    -0.367466     -51372.7      -103.14      44.3152            0      649.592            0            0  1.80765e+06      -361803      3147.96 -7.35999e+09      2996.64            0     -20.2466      -4614.9     -16945.4      4368.71            0      921.506 -1.51728e+10     -89.9235  0.000234271            0     -1266.03      7380.39            0      -1366.7            0 -7.52435e+09  -0.00137115      -879708            0     -7780.59  4.98337e-05            0            0            0    0.0329878      197.845            0     -1898.59      204.128  0.000391635            0     -2180.75      6.84567     -547.195            0     -15570.5     -135.547      16387.8            0  4.93406e+08    0.0132454      3.65453            0            0     -1655.26     -21792.3
-9.69637e+11  7.79998e+12  1.44626e+11  2.26371e+06  3.05921e+17  4.46999e+09  7.63245e+06     -75216.9  1.46368e+08 -3.71051e+06  1.40066e+07 -1.06801e+08 -1.45368e+10  1.27617e+07 -7.13595e+06  8.85899e+13  1.72952e+08 -5.45298e+06 -2.10928e+08  3.39668e+10  1.33805e+15  3.07614e+07  9.20081e+07      -344018      85.7204 -3.37213e+06 -2.35441e+06  7.55829e+14 -1.94484e+07 -2.05979e+06  2.98224e+07      12.5033 -1.57831e+12       175862      -468664 -6.86398e+07 -7.15277e+08      -261268 -3.96548e+11 -2.89007e+07  4.44642e+08 -1.97209e+06 -1.97877e+13  2.65433e+11 -2.12337e+07  8.62177e+15 -1.56038e+10  1.57379e+07 -3.93826e+07  4.93889e+07  4.06914e+07 -1.41132e+06  1.43238e+08 -1.30494e+07  1.30109e+16 -1.07628e+07      -546.09       721391  7.27573e+06 -1.46331e+09  1.93423e+10  6.29446e+08 -8.22116e+07 -2.77435e+15      -347.45   -3.349e+11     -0.35497 -5.67018e+09      26.2333 -6.49228e+06  5.92715e+08 -2.54149e+11      91520.6 -1.81984e+06 -1.77749e+06 -2.11498e+07 -1.18243e+06      1697.66      -478883  8.32861e+06      -411577  1.35425e+09  4.89239e+06  5.39033e+07 -9.82112e+06 -4.66081e+07     -4353.41  1.89966e+14     -28600.9       210362 -7.15142e+06      -468531  8.34539e+07 -6.16247e+07
 1.31714e+07   5.4369e+08            0     -75.1037 -2.09722e+12            0      63.7999    -0.490382      8111.59     -60.0412            0      2538.09  8.66021e+07     -623.338      22.5369  1.72952e+08       800358      14.6574       -24410 -6.14163e+06 -1.09707e+11      6713.52            0     -641.064    0.0504969            0      130.717   1.8191e+10      15.6615            0     -66.6231 -2.35517e-05 -1.04866e+07            0     -42.0905            0      -217382            0  3.22788e+06            0      3077.12     -27.8243 -1.70278e+10   1.5463e+08     -43.9715  6.34883e+10      -349155     -829.322     -7183.14            0     -460.363      217.187     -9692.64      20.4705   3.1885e+11     -414.571 -0.000689209     -8.89207      11.6508      -293964 -2.96829e+06       160301     -4074.27  1.50431e+11    0.0478617  7.76699e+06  -0.00948167       269021  0.000224725     -59.5163            0            0      9.47801       2.8286     -17.0779            0            0   -0.0188819            0            0            0      1566.96            0      340.371      112.306            0   -0.0547868 -5.53031e+09     -14.4763      5.45168     -35.1174      453.019       555007       327179
           0 -3.30682e+06            0     -51.5074    1.056e+11            0      6.19104    0.0104415            0    -0.645784      4770.12      2683.95       151936       12.677      983.671 -5.45298e+06      14.6574      862.306            0      20788.1  8.47291e+08            0     -3450.75            0 -1.49084e-05     -71.9475      17.7599       309868      1614.79      274.408     -1631.62  2.30354e-06       666868            0            0     -3516.16      32.6537      4.92476            0      1462.95            0            0  1.38553e+07      104.595      1324.21 -3.25121e+09      4921.51            0            0     -1808.46     -5350.69     -1381.31            0      759.036 -7.15473e+09      2214.68  1.96773e-05            0     -455.607       5071.9            0     -2097.97            0 -3.33101e+08  0.000208622      -304227            0     -3355.59 -1.76353e-06            0            0            0   0.00612183      127.466     -5.61576      788.821     -17.2861  4.74237e-05            0     -927.705      16.9514            0            0     -14739.3      15.7979      4697.84   0.00159497 -2.36703e+06    0.0213012     -1.53148            0     0.575214     -7294.17     -10922.6
-7.85985e+08 -8.83833e+08  -2.7469e+08            0  1.65466e+13 -8.92865e+06            0            0      -402818      3551.72            0            0            0      1193.16            0 -2.10928e+08       -24410            0  4.10763e+07 -1.86369e+07  2.98512e+11            0            0      37921.9    0.0168807            0            0  -7.6736e+09            0            0            0  0.000152673  1.05354e+08            0      3600.09            0      -186440            0  8.69276e+08            0     -43705.4            0  4.85546e+09 -7.03234e+07            0 -1.88765e+11       553571            0       437940            0            0            0            0            0 -2.58891e+11            0  0.000687766            0            0       673168  2.40846e+07      -384633            0  2.09052e+11  -0.00306182  6.57402e+08            0      -662794            0      1735.63            0            0      1.37406     -114.173            0            0            0    0.0187816            0     -150.519            0            0            0            0            0            0    0.0670955 -4.25941e+09    -0.485873            0            0            0 -1.65802e+06  6.16022e+06
 -3.6331e+10  6.80785e+10  2.15902e+11      29238.1  4.77361e+14  1.07317e+09     -94625.9      1173.94  3.10124e+07      -898681  3.13407e+06  1.41872e+06  1.83343e+10     -48116.4     -8615.73  3.39668e+10 -6.14163e+06      20788.1 -1.86369e+07  1.63709e+10  1.62699e+12      -331768  2.87047e+06 -1.04425e+06      -6.0763      29458.1      38906.9  3.43087e+12      91736.3      44285.6       382920    -0.398429  3.60411e+10     -98861.1     -46956.2  1.25442e+06 -4.83792e+07       -29030 -3.01986e+10     -73898.1  3.66284e+07      43863.9 -8.53162e+11 -1.77146e+10      98384.9  4.88408e+12 -6.60235e+07     -95212.8       929531       649772 -2.32507e+06      -333678 -1.62835e+06      65329.4  1.85533e+13       328011     0.508524      19652.6     -27976.2  -3.8983e+07  1.23918e+09  1.45626e+07 -5.45014e+06  1.40947e+13      3.80947 -4.87982e+10     0.528473 -4.50403e+06     0.666065       129941 -5.90831e+07  8.18324e+09      4465.75       198389      -134171  1.59585e+06      98458.3      6.28177     -4756.85      -191372     -6534.83 -2.28661e+07     -84970.4      -641791      -106951      -293872      101.235 -6.89532e+11      932.856      1004.74      86164.3      23726.8  3.87976e+07 -4.90504e+08
 6.81691e+13 -3.31209e+15 -8.53397e+13 -1.75729e+09  2.51401e+19 -3.23149e+12  6.24673e+09   1.2306e+07 -1.23154e+11  5.20172e+09  7.89982e+10  1.00092e+10  4.05128e+14 -4.88091e+09 -1.32237e+08  1.33805e+15 -1.09707e+11  8.47291e+08  2.98512e+11  1.62699e+12  4.46215e+18 -1.64537e+10  2.23652e+09  3.47842e+09      -100325  5.65434e+07  1.48202e+09 -2.01379e+17  3.02988e+08  4.55186e+08  -1.0153e+09     -5606.86  6.13823e+14   3.0458e+08  4.01304e+08  6.57475e+10  3.50524e+11   9.1073e+08  1.81861e+14  6.70844e+09  -3.1281e+11  3.63155e+08  1.30084e+16 -3.62311e+14   5.4845e+09   -4.117e+17  4.24608e+11 -5.39226e+09  1.91743e+10  4.53749e+09  1.57092e+10 -7.92507e+09   -1.704e+10  1.78461e+09 -4.69943e+18  3.69631e+09     -162.192  1.35076e+08  2.75121e+08 -4.64317e+11   3.6417e+13   3.4832e+10  5.01992e+10  3.23496e+18     -23671.8  1.62382e+14      8946.15  1.45236e+12      13160.2   1.9704e+09  3.37026e+12 -4.81217e+14  6.60782e+07 -2.95677e+07  7.12412e+08  4.92797e+10  2.71751e+08      93279.2  -5.1489e+08 -2.32725e+09  5.31293e+07  1.66456e+12 -2.02096e+09 -1.00458e+10  1.08181e+09  7.76653e+09  1.82113e+06  7.37164e+16  1.30246e+07 -6.34661e+07 -5.97938e+09  5.64231e+08 -3.31852e+10  7.10037e+11
           0  6.24381e+07            0            0 -2.44577e+11   1.8584e+07            0            0      6714.01     -479.818            0            0 -5.45266e+06     -47.4611            0  3.07614e+07      6713.52            0            0      -331768 -1.64537e+10       106098            0     -279.785  0.000434462            0            0  2.76702e+09            0            0            0            0            0      -142.83            0            0     -38575.4            0            0      252.357      61904.8            0 -1.06003e+09  1.46312e+07            0  1.50547e+10     -31082.9            0            0            0            0            0       218839            0  4.65961e+10     -47.9965            0            0            0     -34175.2 -1.88872e+06        18623       -18526 -1.25699e+10    0.0044779            0  -0.00107907      10370.7 -0.000758525      7.13763            0            0     -1.14522            0            0            0            0  -0.00294311            0            0            0            0            0            0            0            0            0   1.5902e+08    -0.762644            0            0     -15.3535      65223.4      -210670
           0  -5.0922e+07            0     -1372.17 -2.09873e+12            0     -3654.08    -0.344463            0            0     -25553.6      40554.4            0      94.8395      8348.51  9.20081e+07            0     -3450.75            0  2.87047e+06  2.23652e+09            0  1.53786e+06            0            0      9014.99      405.138  1.00407e+10     -4395.65     -662.092      16182.6 -0.000134706 -2.30163e+07            0            0     -82530.3     -31334.5      154.379            0     -5985.89            0            0  5.55649e+08   3.9872e+06      -348.66  1.21939e+10     -12129.8            0            0      24790.7     -11826.6     -25739.1            0      52017.6 -1.00103e+11      80047.8  0.000462942            0       4503.7      50774.9            0     -1727.92            0  -1.0032e+11  -0.00734304            0   0.00029869     -56381.5 -0.000169994            0            0            0            0     -281.656            0     -74236.4      1909.83  -0.00315306      484.864     -45119.5      406.956            0            0      -458792       798.66     -21415.4   -0.0550487  7.60993e+09            0       53.799            0            0      -246700     -94618.7
-8.64871e+07 -1.24486e+07  2.99341e+07     -16.5447  1.77905e+11      -358760            0    0.0107037     -6519.26       9.5016     -43.6817     -52.8354            0      15.0548     -1.52057      -344018     -641.064            0      37921.9 -1.04425e+06  3.47842e+09     -279.785            0      1944.94  0.000236767            0      1.07818 -1.67999e+08     -8.11165            0     -4.03803 -2.57765e-06  1.66124e+06      13.2891      93.6236            0      1002.15     -1.04041  6.94115e+06     -3.34766     -4638.02            0   8.0608e+07  -2.7514e+06            0 -1.88238e+09      18246.7            0      6835.74     -5.34936      -19.406            0      108.887            0  -1.0322e+10            0 -0.000106607            0            0      11899.2      51287.1     -4531.43      1877.67 -6.39847e+09 -0.000618682  1.07829e+06  4.49569e-05     -3451.29  0.000125591     0.453229            0            0   -0.0091268     -14.5022            0      67.1153            0  -0.00038298            0      9.60995     -4.61028            0            0            0     -11.0412            0   0.00242492  1.39471e+08   0.00612301    -0.928885            0     0.222243     -22518.1       128170
    -58.3147      566.651      10.2624            0      -774526     -2.50399   7.4747e-05 -5.92711e-07   -0.0022578 -0.000305316            0 -0.000260677      138.549 -0.000539289 -7.20141e-05      85.7204    0.0504969 -1.49084e-05    0.0168807      -6.0763      -100325  0.000434462            0  0.000236767  3.49384e-07  7.31706e-05  6.77828e-06      18423.9 -4.60111e-05            0  0.000108575  -1.4143e-11      1.04237 -9.06512e-05 -2.59834e-05            0    -0.031522            0       12.472 -3.01822e-05  -0.00555382 -5.00997e-05     -18971.3      109.238  5.61728e-05      53803.6    -0.388607            0  0.000387512            0  0.000440117            0    0.0257874 -6.56198e-05       391998 -0.000603024  3.62285e-10  2.34633e-05            0    -0.311828     0.758932     0.154505  -0.00150839       205477  3.94806e-08     -11.4585 -2.05055e-08      0.24535 -6.87363e-10 -1.21037e-05            0    -0.676251 -3.48236e-06  1.42316e-06 -5.14125e-05            0 -1.65922e-05  1.28322e-09            0  9.31397e-05            0   0.00439394  -0.00014372  -0.00106322 -0.000108353            0 -3.82424e-08     -5660.52  -2.1957e-05  1.70325e-06  6.95326e-06 -0.000104464     0.387986      0.56058
           0 -4.92202e+06            0      56.5358 -9.72908e+10            0     -25.0022   0.00083786            0            0      4064.23      2759.35       786275      12.5828      445.057 -3.37213e+06            0     -71.9475            0      29458.1  5.65434e+07            0      9014.99            0  7.31706e-05      3304.62      -15.318 -1.37833e+07     -567.133      97.5883      570.059            0            0            0            0     -5732.97       1829.6     -17.2664            0      361.159            0            0  4.84891e+07       543251      2442.34 -8.54747e+08      5330.42            0            0      -241.26     -6675.69      -1799.5            0      58.5299 -1.47927e+09     -2656.36 -7.50004e-05            0      -318.55       5180.9            0     -1565.47            0  1.97222e+09  0.000496524            0 -4.58764e-05     -3489.72 -1.65514e-05            0            0            0  -0.00212909      126.076            0      774.529      615.822 -0.000313769            0     -4387.36      1.59396            0            0      6225.42     -55.9298      10904.9            0  2.49813e+07    0.0970279     -6.64141            0            0     -10982.2     -13300.8
           0 -5.11548e+06            0     -317.676  1.13106e+11            0            0   0.00155421            0            0     -246.895      1372.16            0     0.407929     -28.1574 -2.35441e+06      130.717      17.7599            0      38906.9  1.48202e+09            0      405.138      1.07818  6.77828e-06      -15.318      474.428 -8.17023e+07      -56.944     -5.53336     -54.3791  -6.3806e-07            0            0     0.260448      431.428       1259.7     -20.3163            0       168.58            0            0  1.73841e+07      -146141      9.47681 -2.33894e+09     -7974.63            0       14.357      51.0222      325.914      181.977            0     -78.4247 -7.89776e+09     -46.7379            0     0.467083     -12.3938      4492.94            0      -1980.5            0 -1.48326e+09  0.000143442            0  2.35611e-05      1152.58            0            0            0            0    0.0146624      3.78679            0      889.294      23.6487  6.66884e-05            0     -31.2659      19.7933            0            0     -24.2919      245.596     -515.129            0 -7.47603e+07    0.0229824     -11.2848            0       4.3941     -12936.4     -4366.99
 2.29552e+13  2.04033e+15  8.96196e+12  1.39739e+08  2.95383e+19  6.95288e+11 -2.65187e+08 -1.38092e+07  1.29129e+10 -2.25081e+08 -6.05788e+09 -3.56416e+09  3.51502e+13  4.20925e+09  5.68435e+08  7.55829e+14   1.8191e+10       309868  -7.6736e+09  3.43087e+12 -2.01379e+17  2.76702e+09  1.00407e+10 -1.67999e+08      18423.9 -1.37833e+07 -8.17023e+07  2.31322e+17  4.90116e+08    2.537e+07   2.1935e+08      5736.83 -2.91774e+14 -2.88159e+07  -4.4609e+07  9.74778e+09 -1.11097e+11 -4.34208e+07  -7.2382e+12   3.3936e+08  4.83171e+10  1.89845e+08 -4.44644e+15  8.78857e+12  1.63382e+08  1.30367e+17  -6.8444e+11  7.75094e+08 -4.05434e+09 -1.97661e+09  1.59276e+08      40794.5  3.25319e+09  1.75976e+08  9.88637e+17   9.6438e+08      5721.32  3.80727e+07 -1.59789e+08 -8.09829e+11   6.5399e+11  4.24624e+11   1.6351e+09  4.53315e+17       290153 -1.93934e+12     -1057.37  -1.5815e+12      3885.12   2.3136e+08 -2.53707e+11  3.30005e+13  6.71145e+06   5.3029e+07 -1.10108e+08 -6.30663e+09   3.4868e+07        20416  5.40768e+07 -5.28174e+08 -3.10868e+06 -1.06213e+11  1.32628e+08 -3.45511e+09 -2.97986e+08 -2.10389e+09      -971921    4.088e+15  -1.5761e+06  1.06815e+07  4.22726e+08 -5.08484e+07  5.43998e+11 -3.89776e+11
           0 -3.75362e+06            0      358.722  1.85861e+11            0            0    0.0881461            0            0      17343.6      18436.1  1.95632e+06      33.8511      2222.45 -1.94484e+07      15.6615      1614.79            0      91736.3  3.02988e+08            0     -4395.65     -8.11165 -4.60111e-05     -567.133      -56.944  4.90116e+08      7389.49        617.5     -3350.24  3.00609e-05  6.16346e+06            0     -1.95931      1631.72     -4842.07     -6.57429            0       5839.2            0            0  -5.1168e+07       303883      2220.34 -6.03379e+09      13083.5            0     -108.015     -6277.25     -22141.5      487.317            0      1767.55 -1.40845e+10      4954.26 -6.18521e-05            0      -1777.2      5824.69            0     -4370.86            0  1.70564e+09  0.000982654      -632935 -4.69515e-05     -5694.76 -6.18915e-05     0.725025            0            0    0.0788412      313.339            0      3400.25      16.8864  -0.00013129      -16.472     -2399.97      -25.016     -804.419            0       -25992     -207.452      6957.91    0.0147413  1.20367e+08   -0.0555674      7.65269            0     0.630772      -3939.6     -31437.7
           0 -2.15244e+06            0     -1.01635  5.90322e+10            0            0            0            0    -0.446813      1534.19      1518.42            0      6.61645       450.21 -2.05979e+06            0      274.408            0      44285.6  4.55186e+08            0     -662.092            0            0      97.5883     -5.53336    2.537e+07        617.5      260.693     -235.102            0            0            0            0      9826.67      257.624     -2.08077            0      396.607            0            0  7.27554e+06            0      434.606 -1.67873e+09      2717.97            0            0      -414.58     -2831.01     -268.725            0      334.038 -3.71507e+09      862.686  8.15483e-06            0     -205.027      2632.42            0     -1275.59            0 -8.03043e+08  0.000156425     -32848.9            0     -1923.88  9.42024e-07            0            0            0            0      60.9691     -3.88581       100.74       59.933  3.54671e-05            0     -902.454    -0.544495            0            0      -4018.1      3.24943      2848.76            0 -1.21219e+07    0.0145133     0.662143            0            0     -6464.41     -4464.89
           0  2.72045e+07 -3.39562e+06      2.32186  2.08813e+11            0            0   -0.0457143     -130.417      6.85601     -7983.98     -8496.21  1.96705e+06      -61.217     -5364.59  2.98224e+07     -66.6231     -1631.62            0       382920  -1.0153e+09            0      16182.6     -4.03803  0.000108575      570.059     -54.3791   2.1935e+08     -3350.24     -235.102        48771  -2.0009e-05 -3.41872e+06            0            0      38839.5      7204.73      33.7813            0      1292.97            0            0 -9.62801e+07       512499     -22078.1  5.37867e+09     -24976.2            0     -53.2604      5919.92      27217.8     -28686.5            0     -7957.68  1.54946e+10       3235.9  5.30568e-05            0      2459.49     -19339.2            0      5114.09            0 -2.73552e+09  -0.00111121  7.85695e+06 -4.23517e-05      9317.68  6.38011e-06    -0.830434            0            0    0.0166311     -453.542            0      1049.51      1627.94   0.00191925     -11.7099     -4054.95     -8.38669            0            0      21511.6      48.7882     -44285.8  -0.00817664 -8.28244e+08   -0.0293231     0.474356            0     -2.23963      23791.7        62128
   -0.675312      49.2277     -1.87257  2.46173e-06       665759            0            0  2.90542e-07  0.000711805   -1.181e-05 -9.64856e-05  0.000274667     -1.79032  3.19476e-05            0      12.5033 -2.35517e-05  2.30354e-06  0.000152673    -0.398429     -5606.86            0 -0.000134706 -2.57765e-06  -1.4143e-11            0  -6.3806e-07      5736.83  3.00609e-05            0  -2.0009e-05  1.79777e-09      29.6955            0  3.96516e-07            0   0.00768751            0    -0.680541  0.000120443   0.00225685 -9.06828e-06      36.9179      1.83459  2.77441e-06      3669.77  -0.00102018  6.99674e-05  9.09107e-05 -1.30106e-05 -3.42167e-06            0            0  4.57072e-05        22178            0 -1.48626e-11 -8.95885e-07 -6.88388e-06   -0.0180422            0    0.0107908            0        -3496  7.74834e-09            0 -1.40051e-11   -0.0556865 -7.00395e-11 -1.05606e-08  0.000539848    -0.023714 -1.07751e-07  2.41777e-06 -1.21902e-05 -3.08627e-05 -5.86971e-06 -9.38158e-10  1.34172e-06   2.8802e-05   7.9838e-07            0  2.12226e-05  0.000364377 -2.53213e-05 -0.000116417  2.16568e-08      9.53437 -7.81187e-09  5.12817e-08 -2.94981e-07 -1.48358e-06    0.0105034    0.0312906
