 1.03165e+19 -7.80752e+20  -8.1576e+19  1.29732e+09 -2.47913e+21  1.10713e+17            0            0 -1.21621e+14  2.38355e+13            0            0  3.99253e+16  1.92812e+11            0 -2.42527e+18 -3.00723e+12            0 -1.40745e+14 -1.09845e+17  7.57555e+21            0            0 -2.45939e+11     -17275.9            0            0 -1.74065e+21            0            0            0     -204.345 -1.79442e+16  2.31305e+10  -3.5221e+09            0 -2.81023e+14            0 -9.83447e+15            0 -7.72538e+14  4.03166e+11  2.15904e+21  1.19494e+14            0 -8.17486e+20  2.07027e+16 -4.12356e+11 -8.14889e+12            0            0            0            0            0            0 -7.96649e+09      128.541            0            0  1.26353e+17   4.9253e+18     -4837.19  1.05044e+14 -2.66419e+21      10835.5  4.64408e+17      894.809 -1.22064e+15     -1071.75  1.03242e+09            0            0  8.28733e+06 -4.60823e+08  4.70253e+08            0            0      37413.5            0            0            0            0            0            0 -4.29017e+11            0     -5385.84  5.07908e+22  1.84989e+06 -1.66802e+06            0  1.06901e+10 -4.29431e+13  1.13725e+14
-7.80752e+20  1.74526e+26  1.03145e+23  4.09269e+14  1.63361e+26  3.94405e+20 -2.34503e+15 -1.23702e+12  2.10198e+18 -8.10125e+16 -1.20629e+17 -3.09748e+16 -5.59211e+20   2.8638e+16 -8.96615e+13  4.81318e+23  3.43425e+18 -6.64331e+13 -1.12003e+18  1.41391e+21 -1.08503e+27  1.62986e+17 -7.55382e+15 -2.55384e+14  1.42796e+09 -5.48403e+14 -5.54982e+14  3.16112e+27 -1.86621e+15 -5.77288e+13   3.4996e+15  1.24163e+08 -4.98115e+21 -2.70571e+13 -1.99947e+13 -2.30589e+18 -1.65559e+19 -1.44793e+13 -7.18803e+19 -3.22312e+15  1.48724e+18 -8.17198e+15 -9.70543e+26  1.33415e+19 -4.66203e+16  4.71783e+26 -5.32256e+20  4.47266e+15 -3.81504e+16  -2.0314e+14  1.15126e+16 -1.02664e+16  9.07888e+17 -1.35955e+15  1.79421e+13 -1.98653e+15  1.98144e+08 -9.65184e+12  5.76826e+13 -1.33423e+22  -2.3705e+21  1.43918e+09 -1.67979e+18  3.20283e+26 -3.00381e+07 -8.45584e+20 -1.15627e+08 -1.57024e+20 -1.02072e+08 -2.16446e+14 -5.72665e+18  4.61733e+18 -6.34501e+11 -4.94851e+12  -2.8909e+13 -3.13105e+17 -1.58096e+15  1.12434e+08  8.18572e+12  1.40825e+15 -6.00787e+12 -2.70965e+18  2.61663e+13  1.44048e+16 -6.57936e+16 -7.54851e+15 -1.96382e+09  2.14152e+26 -1.60334e+11  3.83132e+11  1.70796e+17 -2.86922e+15  2.98783e+18 -7.04672e+18
 -8.1576e+19  1.03145e+23  1.04677e+24            0  3.47628e+23  5.68055e+19            0            0  3.98008e+16 -5.05489e+14 -9.16099e+14            0            0 -4.39445e+13            0  2.35091e+20            0            0 -1.18188e+16  1.56972e+20 -1.46178e+24            0            0  2.10089e+13  1.17271e+06            0            0  1.60902e+24            0            0 -5.36986e+12      -159621            0  1.74343e+12  8.41613e+10            0 -3.11065e+16            0 -3.53404e+17            0  -2.4243e+16            0 -5.37184e+24            0            0 -6.88636e+23 -3.60971e+18            0  2.10142e+15            0            0            0            0            0            0            0      -164336            0            0 -2.82485e+19            0  1.71323e+06  7.80889e+15 -9.60748e+23      -752754 -1.83365e+20            0   1.8866e+17            0 -4.95119e+10            0            0            0  6.86861e+11            0  8.01211e+14            0            0            0            0            0            0            0            0  1.89235e+14            0            0   6.9139e+23  1.19224e+09 -4.72885e+08            0            0  6.21944e+15 -2.71307e+17
 1.29732e+09  4.09269e+14            0       433569 -2.25673e+14            0            0   -0.0948944            0     -18960.6 -2.10852e+06 -2.16257e+07            0     -17245.5      12264.9  1.67069e+12            0     -6159.09            0     5.32e+09 -5.43285e+15            0 -2.20036e+06      -2880.9            0      58809.8      -294878  7.86534e+15       891182     -88.7298     -4.80472  4.44896e-05 -1.38176e+09            0     -377.977            0 -6.24462e+07      566.201  -6.4797e+07       367673            0            0 -3.49559e+15  2.32938e+07       273544  3.46452e+15  6.41719e+09            0      -719140     -67779.3 -2.40922e+06  2.03294e+06            0       141838            0     -3595.88 -4.88663e-05            0     -19817.3 -4.53762e+10            0   0.00525689            0  1.52469e+15  0.000136764            0  -0.00092938  3.38855e+07            0            0  4.41077e+06  -1.2352e+06     -0.10841     -203.145            0 -1.79249e+07     -81919.9  -0.00331252      126.488      86475.1     -13184.7            0            0  1.48745e+06 -5.66912e+07      22101.6 -0.000197656  6.41252e+15    -0.316416      105.681            0     -32110.7  2.69071e+07  2.41144e+07
-2.47913e+21  1.63361e+26  3.47628e+23 -2.25673e+14  2.05578e+27  3.08649e+20 -2.32168e+15 -3.96085e+12  1.19623e+18  7.30386e+15   1.8492e+17   5.1609e+16 -4.73658e+20  4.10108e+16  9.80389e+13  6.55296e+23  6.60162e+17  -9.5042e+13 -1.65269e+17  2.73206e+21  1.83778e+27  1.08487e+17 -9.79242e+16 -1.99121e+14  6.58892e+08 -2.70637e+15  7.22613e+14   1.5888e+27 -3.06021e+15 -7.73791e+13  7.13321e+15  2.06085e+08 -4.39681e+21 -9.03865e+12 -1.81936e+13  1.68526e+18 -2.73657e+18 -3.32115e+13 -1.98995e+19  1.29809e+16  1.23073e+18 -1.86375e+16 -6.49648e+26 -6.01462e+18 -1.23981e+17 -1.17337e+27 -3.43951e+21  8.20501e+15 -5.56821e+16  4.95452e+15 -7.26928e+16 -2.67793e+16  8.92551e+17 -6.06011e+15 -8.09776e+12 -7.29753e+15  1.11066e+09  8.50184e+12   1.3118e+14 -4.97591e+22 -4.67506e+21  1.54352e+09 -1.06188e+18  1.69158e+27  -1.7221e+08  -5.9603e+20  8.54572e+07 -2.33631e+20  1.41962e+08 -1.52209e+14  1.22562e+19 -1.51091e+19   3.4599e+11 -1.19369e+13 -6.86834e+13 -1.73646e+17 -7.38363e+15   2.9976e+09 -1.38604e+13  5.13359e+15 -5.18417e+12  3.57836e+18  7.13951e+12  4.57624e+16 -1.91373e+17 -2.83194e+16 -1.52806e+09  3.49385e+26 -3.61943e+10  3.40343e+11 -2.56688e+17  4.44588e+15  7.23631e+18 -6.61344e+17
 1.10713e+17  3.94405e+20  5.68055e+19            0  3.08649e+20   2.2379e+18            0            0  8.48107e+13 -1.66081e+12            0            0            0 -7.74885e+10            0   8.6066e+17            0            0 -4.28979e+13   9.7729e+16 -5.82668e+21  1.96649e+14            0 -2.77892e+10     -12408.6            0            0  1.10554e+22            0            0            0            0            0 -8.90141e+09 -1.34476e+08            0 -1.55724e+14            0 -2.78045e+15  5.32012e+10  3.91472e+14            0 -1.40825e+22            0            0  4.94093e+20  -5.5914e+15            0  1.75886e+11            0            0            0            0            0            0            0            0            0            0 -5.52858e+16 -1.42811e+17      4483.15 -3.23057e+13 -9.68067e+20       8707.5            0            0  2.94943e+14            0            0            0            0            0  2.34542e+08            0            0            0            0            0            0            0            0            0            0            0            0            0 -5.50651e+21      60394.7            0            0            0  1.62165e+13 -1.02452e+15
           0 -2.34503e+15            0            0 -2.32168e+15            0  4.58354e+07     -5.46599            0            0            0            0            0      -314793     -81043.8  1.96219e+13  4.51734e+07      7617.74            0 -2.26648e+11  2.05972e+17            0 -7.57924e+07            0    0.0247835      -250149            0 -3.58409e+16            0            0            0            0            0            0            0            0  6.22109e+08            0            0            0            0            0  8.55839e+15            0            0  2.01831e+16  7.00132e+10            0            0 -1.08441e+06            0            0            0 -1.68572e+06            0 -2.20234e+06    -0.011898            0     -30109.6 -5.60788e+10            0    0.0433691            0  4.89249e+16    0.0102145            0            0  3.74431e+09            0            0            0 -3.13719e+07            0            0            0            0            0   0.00931955            0       895712            0            0            0  1.91605e+07            0            0            0   3.0821e+16     -7.84052            0            0            0 -3.54924e+08  3.98187e+08
           0 -1.23702e+12            0   -0.0948944 -3.96085e+12            0     -5.46599      0.11751     -1823.25      139.191      1028.59      373.556       481005     -261.864            0 -3.93986e+09     -5733.53     0.221425            0  4.39727e+07  8.14761e+12            0     -89.8245     0.323088  -2.9084e-06      0.20176      0.27682 -3.07528e+13      35.7686            0     -6.64298  2.62715e-07   1.5368e+08            0    0.0581376            0      -208930   -0.0230213     -24083.8      60.4784       -17643      50.6269 -9.21881e+12     -20960.6     -22.3238  1.60998e+12  1.03555e+07      -22.968      49.2735      13.8878     -173.946            0            0      12.0913    0.0167246      3.85405 -4.37497e-07            0    -0.481621  1.23806e+08  2.79814e+07 -8.19217e-06            0  -4.4654e+12 -2.98984e-05       369787  2.12552e-07  1.47837e+06  4.26941e-07   -0.0142554     -1368.64      1280.54   0.00139204    0.0311632            0      637.169            0  1.27861e-06   -0.0116882      8.32246            0            0  -0.00678293      119.802            0     -41.1525  3.78712e-05 -2.56176e+12  0.000603978            0            0     0.666835     -13768.6      -167883
-1.21621e+14  2.10198e+18  3.98008e+16            0  1.19623e+18  8.48107e+13            0     -1823.25  2.74339e+12 -2.48741e+10 -6.76165e+08            0 -1.66204e+12 -1.13963e+08            0   7.3885e+15  3.52356e+10            0 -3.21768e+11  4.44098e+14 -2.77481e+19  1.19879e+10            0 -8.47868e+07      2.61081            0            0  5.17076e+19            0            0 -3.96316e+06      1.17688 -4.26208e+13 -5.13335e+06 -3.15115e+06            0  4.23271e+10            0 -2.88409e+13            0  6.00331e+11            0 -2.10062e+19  2.04801e+11            0  1.11208e+19   -2.487e+13  1.07104e+08 -3.93154e+09            0            0            0 -5.99101e+10            0            0  -4.5011e+06    -0.421469 -1.41853e+06            0 -2.71306e+14 -1.49395e+14      22.8916 -1.21181e+12  5.10365e+17      24.5574 -1.51678e+14            0  7.10916e+11     -4.17616       135136            0            0     -15065.2  2.21792e+06            0  5.91314e+08   7.5642e+06     -14.1006            0            0            0 -1.34003e+09  2.55975e+06            0 -1.02829e+09            0     -9.54257  5.72226e+18      -906.76      2569.77  5.88381e+07 -6.20907e+06  8.14962e+10 -8.86838e+11
 2.38355e+13 -8.10125e+16 -5.05489e+14     -18960.6  7.30386e+15 -1.66081e+12            0      139.191 -2.48741e+10  1.96853e+09  3.42604e+07            0 -5.12705e+11  7.38338e+06            0 -2.52807e+14 -3.31744e+08      -5863.6  2.80564e+09 -1.25712e+13  1.26843e+18  -8.3351e+08            0       116846    -0.652279            0            0 -1.99074e+18            0     -6379.83       200815   -0.0210615  6.25362e+11       301183      52006.2            0 -5.24851e+09            0  1.60649e+12            0 -1.92745e+10   5.1622e+06  5.90656e+17 -1.29015e+10            0 -4.80044e+17  1.05768e+12 -7.22521e+06  -5.9448e+07            0            0            0  2.82866e+09            0      2313.68       408287    -0.017451      18660.2            0  1.17927e+13  6.07535e+13    -0.955149  1.00291e+10 -3.86287e+16    -0.551565  1.85728e+13            0 -5.00718e+10    0.0187951      19928.8 -3.58043e+08            0       582.38       -62095       449287 -2.99625e+07  2.69616e+06      1.69069            0            0            0 -4.77166e+08     -26771.5            0   2.3821e+07            0     0.168731  6.18104e+17      16.5181     -19.4872  2.09547e+07       670072 -3.85267e+09  4.96071e+09
           0 -1.20629e+17 -9.16099e+14 -2.10852e+06   1.8492e+17            0            0      1028.59 -6.76165e+08  3.42604e+07  1.30223e+11  3.69871e+09            0   6.9944e+06  8.29203e+07 -1.87402e+14            0  9.48322e+06            0  8.40177e+12  3.98193e+18            0 -2.35256e+08     -96348.6            0  4.50758e+07 -3.06541e+06 -5.30927e+18   6.4799e+08  4.27598e+06 -1.29382e+08   -0.0293592            0            0            0 -5.47684e+10  4.89184e+10 -3.91446e+06            0 -1.08024e+07            0            0  1.41044e+18 -3.30506e+10  3.57999e+08 -4.40282e+17  8.86686e+11            0 -2.37635e+07 -2.97314e+08 -6.73531e+09 -2.12812e+09            0  1.14887e+08            0  4.16309e+08    0.0454256            0 -1.22398e+07  1.24753e+13            0     -1.12613            0 -3.16266e+17     -2.68391  1.37535e+13            0  1.16414e+10    0.0117209            0            0            0            0  1.21462e+06            0  3.98929e+10  1.73814e+09      -1.8636 -1.61915e+06  6.72338e+06      -228269            0            0 -1.97902e+09 -3.90329e+08  1.02926e+08            0  3.02214e+18      59.1801      47165.9            0            0 -7.38292e+09 -2.42217e+09
           0 -3.09748e+16            0 -2.16257e+07   5.1609e+16            0            0      373.556            0            0  3.69871e+09  3.05948e+10            0       841657  4.99773e+07  -3.3617e+14            0  1.80438e+06            0  2.05354e+12  5.52184e+17            0  4.10376e+08     -71205.6   -0.0315363  2.43689e+07  1.51535e+07 -1.50658e+18  3.69611e+08  2.04155e+06 -8.16076e+07    0.0396705  5.43943e+12            0     -9342.48  3.24808e+11  1.16073e+09      -164743            0  2.82271e+08            0            0  8.57712e+16  2.00542e+09  1.24338e+09 -5.84821e+17 -1.63355e+11            0 -1.77746e+07 -2.31173e+08 -1.60745e+09  1.86484e+09            0 -1.09632e+08            0 -4.74073e+07     0.223401     -20177.5 -2.18825e+07  4.27704e+12            0    -0.415742            0 -1.93805e+17    -0.660204 -7.76232e+11            0  2.09251e+10            0            0            0            0     -93.4394       373646            0  3.15066e+09   6.5089e+08     0.539893            0 -7.97104e+06  1.12768e+06            0            0 -5.88209e+08 -4.05411e+09 -2.93086e+08       1.6627  2.04796e+18      83.2514     -44398.1            0  9.53111e+06 -3.02317e+09   -7.313e+09
 3.99253e+16 -5.59211e+20            0            0 -4.73658e+20            0            0       481005 -1.66204e+12 -5.12705e+11            0            0   1.3363e+18  1.12544e+11 -4.80891e+08 -1.08065e+18  3.93451e+13  1.22065e+08            0  2.50294e+16   8.5376e+21  -8.4564e+11            0            0      20752.7  5.76226e+09            0    -9.21e+21  3.42957e+10            0  1.29252e+10     -207.785            0 -6.92056e+08 -8.91964e+07            0 -1.30153e+14            0  2.25532e+13            0  4.30543e+12            0 -1.78006e+20 -1.37836e+15   1.8975e+11 -2.06767e+21   8.3906e+15  1.24291e+10            0            0            0            0  3.71822e+13 -2.34422e+08  9.17607e+07   7.6174e+10            0  7.28573e+09            0  1.01967e+17            0     -6443.02            0  3.26995e+20     -4790.51  1.59995e+16     -6358.15 -4.06089e+14     -852.639  1.99264e+08            0            0  2.86797e+08 -2.18344e+07            0            0  1.10634e+11     -1552.28            0  6.78396e+09            0 -1.30843e+12 -5.06472e+09 -4.25328e+10            0            0            0  1.91615e+22      -709112            0  4.17845e+10  9.15459e+10 -3.73116e+13 -1.77357e+14
 1.92812e+11   2.8638e+16 -4.39445e+13     -17245.5  4.10108e+16 -7.74885e+10      -314793     -261.864 -1.13963e+08  7.38338e+06   6.9944e+06       841657  1.12544e+11  1.13662e+07       121400   7.4746e+13 -5.07132e+08      19628.1  1.55384e+08 -1.03353e+11 -1.55726e+17 -1.49277e+07  2.02056e+06      32193.6    -0.196377       144786       4292.8  8.22755e+17  1.04686e+06      15062.1      -833003    0.0198892 -2.00166e+11       1201.4      1362.81  6.29817e+08  7.73347e+08      496.396  9.39865e+09  1.17345e+06 -6.31944e+07       766136  1.19721e+17 -1.94131e+09   1.0801e+07  4.95431e+16 -5.70048e+10      91531.2  1.32231e+06      -473901 -2.91134e+06      -770868 -1.75908e+08       334587      2420.36       599180    0.0324169      2810.16     -30893.3  -2.1783e+12   5.7978e+11     0.239141  3.20855e+08  7.37223e+16     0.667815   1.6999e+11    0.0201145 -3.79406e+10   0.00210806      19954.1 -1.13589e+09  8.44892e+08      92.6355      2636.74      2727.56  1.47685e+07  1.00154e+06     0.061507     -288.939      -248052      116.846 -4.59096e+08     -817.406 -4.23058e+06  4.05822e+06  1.23875e+06   -0.0183814   1.3203e+17        27.56     -7.74807  3.12233e+07       447118  2.25619e+08 -5.94337e+08
           0 -8.96615e+13            0      12264.9  9.80389e+13            0     -81043.8            0            0            0  8.29203e+07  4.99773e+07 -4.80891e+08       121400  2.24162e+06 -3.28586e+12            0       111631            0  8.77478e+08  3.12097e+15            0  1.12083e+07     -196.415  -0.00127154       350047     -19283.8 -8.33764e+15  4.98864e+06      74584.7 -5.45828e+06            0            0            0      -25.786 -5.89794e+09 -9.15262e+06      1372.63            0       837150            0            0 -4.75565e+14 -2.40561e+07  4.57497e+07 -8.28013e+15  7.13502e+09            0     -49026.4 -3.20963e+06 -4.58902e+07  4.07275e+07            0       571586     -3.61491      -473542   0.00424882            0      -208297  6.25437e+10            0 -0.000829519            0 -1.63927e+15   -0.0122232 -9.58404e+09            0 -6.30956e+08  0.000654836            0            0            0     0.533479      10595.1            0 -2.48978e+07  3.17948e+06    0.0255932            0 -1.07766e+06      854.108            0            0 -1.52642e+07 -7.04507e+06  1.52757e+07            0  3.35156e+16     0.260067      33.4153            0            0 -1.09644e+07 -1.41091e+08
-2.42527e+18  4.81318e+23  2.35091e+20  1.67069e+12  6.55296e+23   8.6066e+17  1.96219e+13 -3.93986e+09   7.3885e+15 -2.52807e+14 -1.87402e+14  -3.3617e+14 -1.08065e+18   7.4746e+13 -3.28586e+12   1.4335e+22  1.10102e+16 -6.70759e+11 -3.68835e+15   3.4427e+18  1.39534e+24  8.46152e+14   1.0535e+14 -5.02217e+11  3.46416e+06 -2.68732e+12  -2.7012e+12  1.04445e+25 -3.53618e+13 -4.65941e+11  2.07071e+13       352322 -2.22347e+19 -4.88459e+10 -5.68058e+10  -1.5337e+16 -3.40085e+16 -3.33904e+10 -3.43662e+17 -2.90242e+13  5.98147e+15 -2.32007e+13 -2.36243e+24  3.91271e+16 -2.68432e+14  7.81557e+24 -2.96374e+18  1.76295e+13 -1.13724e+14  1.78477e+13  1.56289e+14 -3.01722e+12  6.45155e+15 -6.97116e+12  1.41182e+11 -1.02092e+13 -3.90461e+06  1.67358e+10   9.1147e+11  2.98566e+19  4.65384e+18  2.40937e+06 -5.67348e+15 -3.63594e+24 -1.80275e+06 -3.95631e+18      -266397 -4.41978e+17      -106768 -9.61146e+11 -6.96699e+15 -2.20356e+15 -6.34504e+08 -8.21141e+10 -1.24662e+11 -7.89835e+14 -2.86284e+13  1.82919e+07   6.5913e+09  6.22188e+12 -6.54133e+10  8.39225e+15  1.32738e+11  7.30368e+13 -3.16853e+14 -5.09138e+13 -8.79272e+06  7.18914e+24 -4.14903e+08  2.31965e+09 -7.84949e+14 -8.60888e+12  2.79873e+16 -9.42565e+15
-3.00723e+12  3.43425e+18            0            0  6.60162e+17            0  4.51734e+07     -5733.53  3.52356e+10 -3.31744e+08            0            0  3.93451e+13 -5.07132e+08            0  1.10102e+16  3.88835e+12            0 -2.84973e+10 -1.28922e+14 -4.63264e+19  1.99116e+10            0 -1.10759e+07       242.47            0            0  6.40324e+19            0            0            0   -0.0549273 -1.39928e+13            0      -354559            0 -2.61582e+12            0 -9.16991e+10            0            0            0 -1.92786e+20  1.52238e+12            0  1.28363e+19 -3.35373e+13  1.42028e+07 -2.23925e+09            0            0            0 -4.68912e+10            0      -143157 -1.61818e+07     -1.34561            0            0 -3.89867e+14 -7.70089e+13      37.3267 -2.23068e+10  2.00942e+18      50.6783  5.69721e+12     -28.5567  2.36602e+12    -0.849231  -1.3936e+06            0            0      9431.24      34033.1      -136970            0            0     -66.9009            0            0            0  3.22658e+09            0            0            0            0     -8.98207 -2.57915e+19     -44531.7            0 -6.82335e+08  2.39038e+07  1.59968e+11  2.17362e+11
           0 -6.64331e+13            0     -6159.09  -9.5042e+13            0      7617.74     0.221425            0      -5863.6  9.48322e+06  1.80438e+06  1.22065e+08      19628.1       111631 -6.70759e+11            0      25528.7            0  9.25091e+08  5.03567e+14            0 -1.24462e+06            0 -0.000103804     -10256.6      4123.58 -2.92584e+15       938162      12031.2      -439890  8.82451e-06  2.61489e+09            0            0 -1.08179e+08  1.90317e+06       56.404            0       469938            0            0  1.82123e+14      -215679  5.21405e+06 -9.91776e+14  7.43191e+08            0            0      -347029 -3.99938e+06 -3.30722e+06            0       136246            0       476636     8.13e-05            0     -20068.1  9.62093e+09            0 -0.000817906            0  1.52505e+13  0.000419436 -9.63206e+08            0 -7.39196e+07  4.22581e-07            0            0            0     0.028105      1820.68     -105.414  2.44263e+06     -76655.4   0.00096739            0      -120841      642.648            0            0 -4.14335e+06       164902  1.20973e+06  0.000799307  2.09151e+13     0.121313     -4.51073            0      1722.82 -2.59404e+06  -1.9315e+07
-1.40745e+14 -1.12003e+18 -1.18188e+16            0 -1.65269e+17 -4.28979e+13            0            0 -3.21768e+11  2.80564e+09            0            0            0  1.55384e+08            0 -3.68835e+15 -2.84973e+10            0  8.92745e+12 -8.03348e+13  1.75977e+19            0            0    1.367e+08       4.0184            0            0 -2.33679e+19            0            0            0    0.0433614  3.63135e+13            0  6.89605e+06            0 -6.92617e+10            0  1.66398e+13            0 -9.47044e+09            0   2.1982e+19 -1.16074e+11            0 -5.64901e+18  6.61827e+12            0   2.9506e+10            0            0            0            0            0       145484            0      0.27941            0            0  1.13005e+14  1.05092e+14     -14.3934            0  2.30684e+18     -3.28968  1.84645e+14            0  -9.7745e+11            0  6.16093e+06            0            0      747.262      -136311            0            0            0      7.37853            0            0            0            0            0            0            0            0      3.02446 -9.99708e+18            0            0            0            0 -5.55221e+10  9.10598e+11
-1.09845e+17  1.41391e+21  1.56972e+20     5.32e+09  2.73206e+21   9.7729e+16 -2.26648e+11  4.39727e+07  4.44098e+14 -1.25712e+13  8.40177e+12  2.05354e+12  2.50294e+16 -1.03353e+11  8.77478e+08   3.4427e+18 -1.28922e+14  9.25091e+08 -8.03348e+13  1.16941e+18  3.34293e+21 -2.51997e+12  1.92851e+12 -6.78149e+10     -52199.1  3.23076e+09  1.40355e+10  3.11782e+22  9.77274e+10   2.8769e+09  1.70113e+11     -3818.16  2.32396e+17  -4.5913e+09  -1.7135e+09     7.33e+13 -8.85281e+14 -1.35815e+08 -1.04536e+16 -1.15699e+11  1.58315e+14  2.25314e+11  -3.9829e+22 -5.22918e+14  4.96232e+11  7.01096e+20 -1.97804e+16 -4.85977e+10  8.89735e+11  1.84865e+11 -2.32793e+12 -1.24173e+12 -3.90167e+13   6.9115e+09  8.85883e+08  6.88775e+10      10416.5  1.08516e+09 -2.02862e+09 -1.78892e+17  1.01817e+17      11071.7 -1.11792e+14  2.16379e+21      20249.1 -2.60669e+17      5122.65  -1.8108e+14      4798.46  8.81853e+09 -3.13574e+14  2.44589e+14  3.50451e+07  4.03676e+09 -4.21342e+09  9.81691e+12  6.54276e+11      61707.8 -2.62363e+08 -3.58713e+10 -4.08184e+08  -1.3028e+14 -9.83928e+08 -3.38823e+11 -2.22151e+12 -1.26372e+11      86205.6 -6.87443e+21  6.53379e+06  3.83098e+06  9.07109e+12  1.20037e+11  4.27491e+13 -1.37735e+15
 7.57555e+21 -1.08503e+27 -1.46178e+24 -5.43285e+15  1.83778e+27 -5.82668e+21  2.05972e+17  8.14761e+12 -2.77481e+19  1.26843e+18  3.98193e+18  5.52184e+17   8.5376e+21 -1.55726e+17  3.12097e+15  1.39534e+24 -4.63264e+19  5.03567e+14  1.75977e+19  3.34293e+21  7.98954e+28 -2.48141e+18  1.20005e+17  3.43873e+15 -1.67801e+10  -1.7699e+14  9.03999e+15 -2.39773e+28  -1.6143e+15  2.53256e+14 -3.82667e+16 -9.26758e+08  5.96554e+22  2.21015e+14   2.3847e+14  1.51329e+19  1.03995e+20  1.32383e+14   9.6443e+20  5.30696e+16 -2.01922e+19  4.49757e+16  8.57964e+27 -1.69012e+20  4.05531e+17 -3.96566e+27  1.14413e+22 -4.85338e+16  4.00283e+17   1.2999e+16  6.07664e+17 -2.40112e+17 -2.53419e+18  5.58814e+15  4.22703e+13   1.2416e+16  2.13989e+07   2.0746e+14 -4.13212e+14 -5.90922e+22  4.71557e+22  3.76493e+09  9.87618e+18  1.62389e+28 -2.19207e+09  1.38958e+22  1.61539e+09  7.94581e+20  1.10433e+09  1.70894e+15  2.84156e+20 -2.30707e+20  8.81304e+12 -3.03228e+13  4.07192e+14  3.72197e+18   5.3999e+16  1.88905e+10 -1.47241e+14 -6.15255e+15  5.11781e+13  1.46258e+20 -3.25971e+14 -1.30765e+17  5.43551e+17  1.69707e+16  1.91445e+10  2.35085e+28  1.95222e+12 -3.88909e+12 -1.10249e+19   4.1347e+16 -3.44029e+19  4.31587e+18
           0  1.62986e+17            0            0  1.08487e+17  1.96649e+14            0            0  1.19879e+10  -8.3351e+08            0            0  -8.4564e+11 -1.49277e+07            0  8.46152e+14  1.99116e+10            0            0 -2.51997e+12 -2.48141e+18  1.16375e+11            0 -2.25345e+06      2.66838            0            0  3.82598e+18            0            0            0            0            0      -822820            0            0 -8.77033e+10            0            0  4.86954e+06  3.47634e+10            0 -5.69023e+18  5.00303e+10            0  1.12977e+18 -8.82649e+11            0            0            0            0            0  6.35079e+11            0            0      -737496            0            0            0 -1.39695e+13 -1.89972e+13      1.53917  -4.6449e+10  -8.6384e+17      1.85191            0     -1.48252  2.77439e+10    -0.596041      48732.8            0            0     -1190.13            0            0            0            0     -2.40433            0            0            0            0            0            0            0            0            0  8.37699e+17     -720.091            0            0 -1.24712e+07  4.98127e+09  -7.1131e+10
           0 -7.55382e+15            0 -2.20036e+06 -9.79242e+16            0 -7.57924e+07     -89.8245            0            0 -2.35256e+08  4.10376e+08            0  2.02056e+06  1.12083e+07   1.0535e+14            0 -1.24462e+06            0  1.92851e+12  1.20005e+17            0  8.73282e+09            0            0  2.54943e+07       894061  7.88265e+17 -3.42382e+07      -426814  5.64879e+07  -0.00836145 -1.30797e+12            0            0 -5.47842e+10  -1.5328e+09      21469.6            0 -2.88226e+07            0            0  3.26454e+17  6.16572e+08 -8.36598e+07  2.17045e+17  2.94244e+11            0            0  7.47789e+07 -3.97771e+07 -7.96573e+08            0   1.2571e+08            0  1.57726e+08    0.0403601            0  2.77534e+06  3.73664e+12            0   -0.0303027            0  1.13017e+15    -0.224297            0    0.0143012 -1.85236e+10   -0.0103193            0            0            0            0     -58936.1            0 -2.38813e+09  1.07557e+08   -0.0406538      45131.5 -7.84358e+07       227552            0            0 -1.97537e+09   2.3281e+08  -7.1485e+07    -0.399812  1.95817e+18            0      1162.57            0            0 -1.91062e+09  -2.1489e+09
-2.45939e+11 -2.55384e+14  2.10089e+13      -2880.9 -1.99121e+14 -2.77892e+10            0     0.323088 -8.47868e+07       116846     -96348.6     -71205.6            0      32193.6     -196.415 -5.02217e+11 -1.10759e+07            0    1.367e+08 -6.78149e+10  3.43873e+15 -2.25345e+06            0       114160  0.000374427            0      347.201 -4.84872e+15     -6631.47            0     -564.845 -2.85152e-05  8.96507e+09      556.288       2960.1            0  2.33457e+07      -10.891  2.16665e+09     -473.777 -1.87361e+07            0  4.81946e+15 -6.92823e+07            0  -7.4399e+14  4.53382e+09            0  7.46027e+06     -934.759     -15101.7            0  2.29707e+06            0     0.819834            0 -0.000583098            0            0  4.16801e+10   3.7724e+09  -0.00262332  3.46067e+07 -1.08969e+15  -0.00211827  3.52209e+09  0.000366536  -1.0021e+08  0.000710579      22.9766            0            0   -0.0524149     -272.656            0       305648            0 -0.000415034            0      544.252     -262.699            0            0            0      -200544            0   0.00183176  2.59382e+15     0.124873     -3.22751            0      1413.21 -1.45798e+07  3.14115e+08
    -17275.9  1.42796e+09  1.17271e+06            0  6.58892e+08     -12408.6    0.0247835  -2.9084e-06      2.61081    -0.652279            0   -0.0315363      20752.7    -0.196377  -0.00127154  3.46416e+06       242.47 -0.000103804       4.0184     -52199.1 -1.67801e+10      2.66838            0  0.000374427  3.66465e-07    0.0035921  0.000186957   2.0307e+10  -0.00365482            0   0.00532919  4.83117e-11     -728.751 -0.000705767 -0.000170814            0     -785.873            0       223.28 -0.000267312     -1.03792   -0.0551023 -8.88524e+10      527.975    0.0332785  4.13373e+09     -16196.7            0    -0.155508            0    0.0989361            0      102.085  -0.00206641 -3.32612e-05   -0.0106576  8.10944e-11  4.69676e-05            0      -179347      3954.39   1.5401e-08     -5.67574  2.61708e+09  1.79467e-08     -7645.01 -2.64462e-08      917.892 -6.72562e-10 -0.000198813            0     -2.04871 -5.42912e-06  1.40471e-05 -0.000164085            0   -0.0143138 -1.75089e-08            0   0.00279711            0      2.97812 -9.65095e-05    -0.034638     -0.25324            0 -3.08763e-09  -1.5395e+10  -2.1712e-05  6.64066e-07     0.030164   -0.0935974        61.41      149.506
           0 -5.48403e+14            0      58809.8 -2.70637e+15            0      -250149      0.20176            0            0  4.50758e+07  2.43689e+07  5.76226e+09       144786       350047 -2.68732e+12            0     -10256.6            0  3.23076e+09  -1.7699e+14            0  2.54943e+07            0    0.0035921  5.48492e+06     -50040.5 -1.61888e+16   -2.094e+06      34573.4       916450            0            0            0            0 -1.45819e+09  1.74339e+08     -909.701            0  1.02133e+06            0            0  5.11333e+15  8.21129e+07  6.49673e+07 -1.15403e+15  6.92987e+09            0            0      -367027 -3.41273e+07  -2.9632e+07            0     -79373.8            0 -4.72031e+06  -0.00365594            0     -98246.2  8.48062e+10            0  -0.00528083            0  3.48692e+15   0.00815647            0  -0.00184201 -5.50668e+08 -0.000477802            0            0            0    -0.373737        13348            0  1.72934e+07  1.98252e+07  -0.00458744            0 -4.17427e+06     -296.905            0            0  1.36309e+07 -4.52782e+06  1.98119e+07            0 -2.88567e+15      4.02624      -102.34            0            0 -3.38477e+07 -1.72718e+08
           0 -5.54982e+14            0      -294878  7.22613e+14            0            0      0.27682            0            0 -3.06541e+06  1.51535e+07            0       4292.8     -19283.8  -2.7012e+12            0      4123.58            0  1.40355e+10  9.03999e+15            0       894061      347.201  0.000186957     -50040.5       805217 -1.03414e+16      -216311     -2093.68      -111475 -2.85511e-05            0            0      45.5549  1.05507e+08  9.33803e+07     -1116.73            0       350353            0            0  2.41168e+15 -1.98659e+07       267992 -5.45592e+15 -1.10924e+10            0      86669.6      63852.9  2.02249e+06   3.4117e+06            0      -129638            0     -74681.4            0      119.614     -7001.22   5.6961e+10            0  -0.00651937            0 -1.20879e+15   0.00277445            0  0.000960321  1.45997e+08            0            0            0            0     0.553917       415.49            0  2.06697e+07       841556    0.0023987            0     -39544.3      6008.17            0            0       212664  2.51252e+07 -1.11619e+06            0  -4.6116e+15     0.897713     -242.866            0       102774 -3.26097e+07 -5.82031e+07
-1.74065e+21  3.16112e+27  1.60902e+24  7.86534e+15   1.5888e+27  1.10554e+22 -3.58409e+16 -3.07528e+13  5.17076e+19 -1.99074e+18 -5.30927e+18 -1.50658e+18    -9.21e+21  8.22755e+17 -8.33764e+15  1.04445e+25  6.40324e+19 -2.92584e+15 -2.33679e+19  3.11782e+22 -2.39773e+28  3.82598e+18  7.88265e+17 -4.84872e+15   2.0307e+10 -1.61888e+16 -1.03414e+16  1.54656e+29 -7.18825e+16 -1.73434e+15   8.0101e+16  3.72707e+09 -1.60786e+23 -5.80076e+14 -3.60639e+14 -5.32531e+19 -2.78632e+20  -1.8866e+14 -1.72072e+21 -1.85331e+17  4.42083e+19   3.0515e+17 -1.57931e+28  1.37025e+20 -1.05305e+18  1.16823e+28 -2.70018e+21  2.30044e+16 -8.48371e+17 -3.57444e+16  7.25115e+17  2.83066e+17  1.13568e+19 -1.50889e+16  3.91882e+14 -9.57554e+15  4.73599e+09 -1.62431e+14  2.55162e+15 -1.95776e+23 -7.50825e+22  2.85601e+10  -3.4339e+19  8.79312e+26  1.05859e+11 -2.18424e+22 -2.52226e+09 -4.44269e+21  2.03736e+09 -2.56209e+14 -1.22538e+20  1.02278e+20 -5.18227e+12 -2.13498e+14 -8.39755e+14 -8.35389e+18 -6.62845e+16  1.40731e+10  2.72498e+14  2.24454e+16  6.03584e+13 -4.87331e+19  4.54452e+14  2.42532e+17 -5.36417e+17 -2.63638e+17 -6.58818e+10  1.52157e+28 -2.35388e+12  7.24403e+12  3.33214e+18  -4.6626e+16  5.55105e+19 -1.62522e+20
           0 -1.86621e+15            0       891182 -3.06021e+15            0            0      35.7686            0            0   6.4799e+08  3.69611e+08  3.42957e+10  1.04686e+06  4.98864e+06 -3.53618e+13            0       938162            0  9.77274e+10  -1.6143e+15            0 -3.42382e+07     -6631.47  -0.00365482   -2.094e+06      -216311 -7.18825e+16  8.72274e+07       546805 -1.72441e+07   0.00239401  4.72471e+11            0     -869.992  1.71997e+09 -1.00313e+09     -512.118            0  3.69956e+07            0            0  -2.0627e+16  1.08277e+08  1.62183e+08 -3.28063e+16  4.46176e+10            0 -1.65539e+06 -2.31277e+07 -3.08208e+08  4.44254e+07            0  5.86765e+06            0  1.67572e+07  -0.00836601            0 -1.59971e+06  2.25899e+11            0   -0.0353613            0  1.69334e+16    0.0458842 -4.36122e+10  -0.00479273 -3.19163e+09  -0.00421287      720.889            0            0       6.2774      88069.7            0  2.28871e+08  1.31163e+06    0.0241354     -3950.55 -6.87575e+06     -20112.2            0            0 -1.25187e+08  -6.4592e+07  3.51211e+07     0.144423   5.7039e+16     -6.00254      381.986            0      28838.2 -3.67237e+07 -1.09445e+09
           0 -5.77288e+13            0     -88.7298 -7.73791e+13            0            0            0            0     -6379.83  4.27598e+06  2.04155e+06            0      15062.1      74584.7 -4.65941e+11            0      12031.2            0   2.8769e+09  2.53256e+14            0      -426814            0            0      34573.4     -2093.68 -1.73434e+15       546805      17036.7     -92059.2            0            0            0            0   4.6111e+08  4.02353e+06     -19.2577            0       191473            0            0   4.2627e+13            0  2.46962e+06 -7.10018e+14  5.45952e+08            0            0      -111968 -3.09232e+06      -776134            0      79883.9            0       200091  4.26141e-05            0     -13407.5  6.97905e+09            0 -0.000772887            0 -1.19034e+14  0.000496996 -1.68716e+08            0 -6.12441e+07  6.33783e-06            0            0            0            0      1278.49     -114.713       407190       407917  0.000490785            0      -173080     -37.8315            0            0 -1.67226e+06        76580  1.06495e+06            0 -9.49477e+13     0.116055      3.15538            0            0 -3.15476e+06 -1.15717e+07
           0   3.4996e+15 -5.36986e+12     -4.80472  7.13321e+15            0            0     -6.64298 -3.96316e+06       200815 -1.29382e+08 -8.16076e+07  1.29252e+10      -833003 -5.45828e+06  2.07071e+13            0      -439890            0  1.70113e+11 -3.82667e+16            0  5.64879e+07     -564.845   0.00532919       916450      -111475   8.0101e+16 -1.72441e+07     -92059.2  1.10953e+08 -0.000618377 -9.67301e+10            0            0  1.11529e+10  4.44082e+08      2265.44            0  6.13207e+06            0            0 -4.20942e+16  6.33381e+07 -7.49502e+08  8.03229e+15 -5.69293e+10            0      -139314  8.64714e+06  1.71281e+08 -6.05168e+08            0 -1.25064e+07            0  7.64104e+06   0.00361265            0       980866 -5.09747e+11            0    0.0210032            0 -1.01991e+16   -0.0197624  9.53032e+10  -0.00159656  2.19975e+09            0     -237.367            0            0            0     -57724.5            0  3.55716e+07  6.16966e+07     0.014292     -1206.68 -2.95179e+06     -3363.93            0            0  5.26921e+07  8.60253e+06 -9.77536e+07    -0.029568 -9.06718e+16    -0.984127      17.3888            0     -32752.9  1.52292e+08  9.75104e+08
    -204.345  1.24163e+08      -159621  4.44896e-05  2.06085e+08            0            0  2.62715e-07      1.17688   -0.0210615   -0.0293592    0.0396705     -207.785    0.0198892            0       352322   -0.0549273  8.82451e-06    0.0433614     -3818.16 -9.26758e+08            0  -0.00836145 -2.85152e-05  4.83117e-11            0 -2.85511e-05  3.72707e+09   0.00239401            0 -0.000618377  1.50401e-09      14778.4            0  2.59004e-07            0      14.2389            0     -27.0028   0.00562973      1.57737  0.000706406 -1.29972e+08      5.35043     0.002546  2.31685e+08     -125.614   0.00415907     0.010244 -0.000405491   0.00241659            0            0   0.00122597 -1.05322e-06            0 -1.17156e-11 -5.33698e-06 -4.48325e-05     -9487.33            0  1.07585e-09            0 -9.28628e+07  3.29288e-09            0 -1.11906e-11     -208.804 -4.45288e-11 -1.09241e-06     0.236248    -0.147117  -8.5239e-08  5.25773e-06 -4.06345e-05   -0.0173552  -0.00520081 -6.26984e-10  3.29879e-06  0.000500351  4.62146e-06            0  2.10034e-05      0.01341   -0.0512549  -0.00383075  6.02033e-10  6.64164e+08 -1.19496e-08 -9.50949e-09   -0.0108244 -0.000437077      2.05157      11.1025
