 1.13337e+12 -1.67243e+08 -5.87599e+09      9922.08  -3.1838e+11  7.56101e+06            0            0      -954572  1.20695e+06            0            0  7.91351e+09      86736.4            0  -3.9735e+08      54360.2            0 -3.20642e+06 -2.39635e+07  2.15192e+10            0            0 -6.67871e+06     -42.1275            0            0  1.45406e+10            0            0            0    -0.163098 -1.77429e+07       966172      -228311            0      -778320            0 -1.51234e+09            0 -1.50273e+07      40152.4  3.03376e+09  8.12224e+07            0 -1.92237e+10   1.4601e+06      -792066 -5.94263e+06            0            0            0            0            0  5.04973e+09      -106648    -0.140967            0            0       491400  8.04993e+08      -531958       308027 -1.48564e+11      332.824  2.07987e+09      1.58794 -2.95332e+06     -4.54613      11820.1            0            0      4828.79     -39003.3      34188.9            0            0       52.997            0     -17480.7            0            0            0            0     -8062.91            0     -158.645  3.10016e+10      1184.72     -1581.16            0      2096.74      -660749  1.01874e+06
-1.67243e+08  9.27238e+07  1.40813e+07      5385.29  1.87758e+11      51474.4     -1610.67     -303.978      31052.8     -7418.08     -49608.8     -15938.6 -1.95178e+08      27713.9      922.973  4.21319e+07      30915.3     -3934.94     -48345.5       615443 -1.38659e+10      25401.7     -10027.5     -12976.1      5.67839     -3668.93     -3662.38  1.67502e+10     -1831.58     -2323.29      17584.4     0.158954 -9.85513e+06     -2072.12     -2525.61     -8311.99     -51536.8     -6360.72 -1.88046e+07     -8383.17      53149.6     -2960.37 -8.97432e+08  1.69699e+07     -8204.92  1.62763e+10      -152138      18454.9     -54709.6     -5065.34      14702.5     -4475.63      13399.6     -13379.4  4.30945e+10     -26191.4    0.0238928     -510.848      1688.35      -140870      -679501       341750     -8873.11  3.13054e+10     -7.12982 -6.54497e+06    -0.375758      -623984    -0.854453     -6220.52     -50987.1  1.97381e+06      -732.95     -471.131     -3724.01     -52805.2      -59.334      2.02167      2148.14      18254.4      -334.99     -30698.1      12126.6      48124.6     -3102.82     -28585.7     -125.553 -2.75105e+07     -193.122      556.191      2497.54     -1037.38        87244      -161817
-5.87599e+09  1.40813e+07  5.38103e+10            0  8.10143e+10  2.55778e+06            0            0       231098     -20907.7      -144764            0            0     -14193.2            0  1.09079e+07            0            0      -183827  2.39802e+07 -4.76279e+09            0            0       380213      1.27866            0            0  3.61019e+08            0            0     -27395.5   -0.0733754            0        50940      3760.83            0     -36363.1            0 -3.26651e+07            0      -312460      413.926 -6.16434e+08            0            0 -3.95939e+09      -270806            0  1.05198e+06            0            0            0            0            0  8.38745e+08            0   -0.0392385            0            0     -98138.5            0       145465      14157.6 -1.73786e+10     -15.2602 -5.66784e+08            0       295126            0     -525.319            0            0            0      40084.6            0      46497.6            0            0            0            0            0            0            0            0      2442.78            0            0 -1.24372e+09      923.631     -249.741            0            0       187354 -2.09203e+06
     9922.08      5385.29            0      195.425 -2.51511e+07            0            0    -0.001025            0   -0.0659386     -27.3049     -532.932            0    -0.539321      6.04407      3653.58     -1.28788      -17.983            0      78.9914 -2.14555e+06            0     -71.3509     -5.07228            0      11.6544     -66.9807       329745      55.4927    -0.401531     0.836094  2.41472e-06     -84.9107            0     -1.59858            0     -5.38627      9.08146      -640.84      35.7085            0            0     -93004.4      877.349      1.82894  3.97167e+06       43.516            0     -34.5787     -36.5002     -98.4968      22.9477            0      39.4849   6.3348e+06     -1.96458 -1.19855e-06            0     -40.1654     -21.7015            0      41.8006            0  2.02231e+06  0.000489991            0 -0.000111799      7.04849            0            0      1.18886     -13.0702  -0.00444027     -1.02425            0     -106.946    -0.433446  -0.00165726      1.08644      39.8616     -25.1319            0            0      199.796     -83.7939     -2.15311 -0.000470419       318783   -0.0115331      6.41004            0    -0.376397      107.582      18.4462
 -3.1838e+11  1.87758e+11  8.10143e+10 -2.51511e+07  4.93431e+15  -1.7376e+08 -1.52829e+07 -2.30868e+06 -1.02516e+08  4.29912e+07   3.0163e+08  3.97095e+08  1.16968e+12  8.09462e+07  5.70901e+07  4.71082e+11 -3.84194e+07  3.47471e+07  2.53767e+08  1.22565e+09  2.75516e+13 -3.15278e+07 -1.12938e+08  5.19191e+07     -3078.69 -1.94899e+07  2.16172e+07  6.83223e+13  2.52626e+07  1.73931e+07  3.69648e+07      601.409 -9.04292e+09  7.47423e+06  4.86367e+06  1.23304e+08  6.44905e+07 -4.57721e+06  8.72352e+10   2.2161e+08 -1.76093e+08 -2.55572e+07  -2.3553e+11 -6.58039e+10 -1.42018e+07 -1.01886e+14 -1.81419e+09  5.14978e+07  9.36821e+07 -5.00853e+06 -3.96955e+08 -5.91382e+07 -3.46762e+07 -9.78335e+07 -5.39037e+13  -6.1179e+07      1797.33  1.15263e+07 -3.83347e+07 -6.12028e+08  6.98512e+09  1.91246e+08  2.11775e+07  8.26044e+13     -99588.2  3.83004e+10       2413.9 -1.90765e+09      4282.91 -5.00331e+06  6.42656e+07 -6.56001e+09  4.74516e+06  5.43883e+06  4.25525e+06  1.41008e+08  4.23314e+06       101720 -1.40207e+07  4.49025e+07  -1.4476e+06 -3.41945e+07 -3.05169e+07  -4.8224e+07 -1.78106e+07 -1.50056e+08      -120419  -4.3955e+12       394883       482851  4.09938e+06  5.28452e+06  8.37609e+08  2.62443e+08
 7.56101e+06      51474.4  2.55778e+06            0  -1.7376e+08      95547.1            0            0      425.527     -53.2152            0            0            0     -22.0522            0      32043.6            0            0     -620.478      12045.7 -1.71108e+07      9699.37            0     -475.947   -0.0307398            0            0  6.76921e+06            0            0            0            0            0      -231.93     -5.57825            0     -152.082            0      -256116      279.454      4628.44            0  -2.6073e+06            0            0   4.8512e+06     -370.268            0      72.9272            0            0            0            0            0  1.22326e+07            0            0            0            0     -181.147     -14625.3      339.029     -59.3548  3.91849e+06     0.151041            0            0      478.999            0            0            0            0            0        11.78            0            0            0            0            0            0            0            0            0            0            0            0            0 -2.42518e+06    0.0398473            0            0            0      375.917      -7361.1
           0     -1610.67            0            0 -1.52829e+07            0      48.2688  -0.00203788            0            0            0            0            0    -0.439735     -2.49619      7443.82     0.644065      1.21934            0     -145.756  4.51467e+06            0     -119.332            0  0.000133771     -3.04624            0      -382538            0            0            0            0            0            0            0            0       4.0692            0            0            0            0            0      15082.3            0            0  1.45081e+06      17.6377            0            0     -21.2061            0            0            0      -24.814 -2.87139e+06     -44.8979 -1.43577e-05            0     -3.13651    -0.343292            0      16.2404            0   2.9151e+06   0.00118388            0            0      27.0851            0            0            0     -13.2844            0            0            0            0            0   0.00111781            0      20.8975            0            0            0      111.945            0            0            0       202926     -0.01707            0     0.176621            0     -54.2765       15.264
           0     -303.978            0    -0.001025 -2.30868e+06            0  -0.00203788    0.0134288   -0.0167643   0.00815681     0.173025     0.198112      110.391    -0.111613            0     -361.469   -0.0244771    0.0108747            0      9.06588      44997.1            0   -0.0540053   0.00971544 -5.07575e-06  0.000536135  0.000959405     -99511.5    0.0391538            0   -0.0364463  8.18296e-07       155.26            0   0.00350949            0    -0.348851  -0.00413829      -3.1579     0.135192    -0.372395   0.00834526     -3356.52     -16.8467   -0.0030366      46731.2      1.26613   -0.0371848     0.030557    0.0481906    -0.144247            0            0    0.0650512     -87946.8    0.0593503 -2.76379e-07            0    -0.015738     0.436127      4.84204    -0.703689            0      -113002  -0.00120747       2.4706  4.69262e-07      2.75404  2.16919e-06 -0.000172847  -0.00763585     0.222771   0.00114103   0.00294679            0    0.0496196            0 -1.63323e-05  -0.00163201    0.0684001            0            0  -0.00137946     0.387914            0     -0.13779   0.00128976      2215.76  0.000465743            0            0  0.000143477     0.201467     -1.90598
     -954572      31052.8       231098            0 -1.02516e+08      425.527            0   -0.0167643      1633.23      -93.323     -11.4892            0       -36486     -4.07674            0        20255      11.8387            0     -558.043      6966.92 -1.29024e+07       69.784            0     -172.346 -0.000459948            0            0  2.55185e+06            0            0     -2.17426  5.84971e-05     -3171.68     -15.6984      -15.597            0      24.0823            0      -310078            0      871.519    -0.297305      -546425      9724.91            0  1.60162e+07      -245.19      15.5723     -228.384            0            0            0      -29.675            0  1.76417e+07     -4.21091  -9.1419e-06      -3.8117            0      -122.19     -1829.31      210.925     -261.622  4.27496e+06    0.0517918     -50356.9            0      162.673  -0.00134647     0.146317            0            0    -0.671594      13.2226            0      3.68995    0.0563338  -0.00749645            0    -0.991144            0    -0.687741      45.3797            0     -1.75436            0   -0.0226221     -17349.2  -0.00331632      0.17937    0.0394475   -0.0959143      255.656      -757.38
 1.20695e+06     -7418.08     -20907.7   -0.0659386  4.29912e+07     -53.2152            0   0.00815681      -93.323      46.3506      3.73027            0     -41827.4      1.60112            0     -3151.65    -0.542586    -0.161788      29.8795     -1253.58  3.35891e+06     -30.7453       1.2908      1.57668 -0.000499586            0            0      -254228            0   -0.0934452     0.705924 -5.99368e-06      292.453      5.82122       1.6072            0     -9.27804            0       108139            0     -176.705     0.289075      97726.1     -3893.72            0  -4.3267e+06      58.8808     -6.53102      -20.088            0            0            0       8.8977            0 -5.06129e+06      2.42786 -4.28538e-06      0.31407            0      32.3687      4680.48     -56.6124      13.6369 -1.99362e+06   -0.0070629      38889.1            0     -61.8407  3.59861e-05     0.119722    -0.754688            0     0.166098     -2.34835      15.1487     -1.19811     0.122066   0.00406702            0            0            0     -1.48866     -2.98181            0     0.239861            0    0.0024341       176712   0.00387184  -0.00853924    0.0853956    0.0507252     -74.2666      25.8325
           0     -49608.8      -144764     -27.3049   3.0163e+08            0            0     0.173025     -11.4892      3.73027      45669.3      3538.88            0      4.65371      1044.79      8522.35            0      667.492            0      3513.27  3.93933e+07            0     -668.067     -5.23071            0      396.471     -21.1036 -5.84076e+06       1025.6      198.409     -672.416 -3.83161e-05            0            0            0     -258.367      162.129     -1531.54            0       136.64            0            0  1.24832e+06     -33018.2      162.873 -1.94744e+07      117.676            0     -35.3098     -2690.46     -8966.13       -667.8            0       1005.2 -4.93885e+07      2547.23  2.80326e-05            0     -664.275       134.15            0     -269.898            0 -2.32005e+07    -0.168292       131031            0      69.2419  0.000236334            0            0            0            0      168.781            0      6353.19       301.52    -0.103004     -395.202      21.9053     -12.4383     -18.4972            0     -6253.43     -15.4308      1350.97            0  2.23887e+06    0.0929363      56.4263            0            0     -579.688     -22.2991
           0     -15938.6            0     -532.932  3.97095e+08            0            0     0.198112            0            0      3538.88      49341.3            0      2.53261      1516.73     -84492.4      20.2368       553.84            0       1807.7  6.28559e+06            0      720.319     -8.06497 -0.000380662      282.787      92.9687 -4.26854e+06      1356.06       262.47     -832.025  0.000134732      22381.6            0     -2.54178      2717.38      34.9356     -146.586            0      2290.44            0            0      -110786      5391.81      644.754 -4.72214e+07     -142.845            0     -54.9805     -4014.74     -4664.54      884.742            0     -1615.63 -5.39307e+07       158.78  0.000310313     -2.98049     -2334.16      101.838            0     -229.203            0 -3.18132e+07   -0.0777997     -15769.1            0      202.869            0            0            0            0    -0.232788      129.417            0      1099.09      221.629   -0.0215942            0     -304.223      121.613            0            0     -12748.2     -364.713     -1645.69     0.223718   3.0949e+06     0.158959     -120.814            0      5.91447     -464.234      -304.34
 7.91351e+09 -1.95178e+08            0            0  1.16968e+12            0            0      110.391       -36486     -41827.4            0            0  4.58206e+11      97558.2     -3421.79 -1.72647e+06       221781      8954.23            0  8.77278e+06  9.21645e+10      -138501            0            0      66.2482      25366.2            0  1.59644e+10      48597.2            0        62744    -0.308903            0       -48641     -9850.98            0      -329691            0  1.14085e+07            0       155286            0 -2.80074e+09 -1.66449e+09      35326.8 -1.30369e+11  1.25465e+06      34709.2            0            0            0            0       436290     -2706.24 -4.58511e+10  1.72059e+06            0       469864            0       947838            0 -1.51483e+06            0 -1.22767e+11     -269.365  1.25832e+08     -22.8284 -1.46921e+06     -6.16831      5448.72            0            0       324171     -3320.37            0            0      20120.7     -349.564            0      68843.7            0     -11065.1 -2.15267e+06      -278799            0            0            0  1.88392e+10      174.546            0      743.121      27669.6  -3.0545e+06  -3.5743e+06
     86736.4      27713.9     -14193.2    -0.539321  8.09462e+07     -22.0522    -0.439735    -0.111613     -4.07674      1.60112      4.65371      2.53261      97558.2       21.992      3.69523      17103.8     -8.74484      3.63672      15.7424     -101.962 -4.94905e+06     -4.71701      4.22976      3.79458  -0.00135368      2.26305    0.0569434  8.49539e+06      4.19514      1.72322     -9.39857  2.63934e-05     -899.471     0.228718     0.386459      6.54087     0.348492     0.472157         5811      9.49817     -5.62343     0.335673       203728     -5105.35       5.0259  4.66832e+06     -44.2712     0.886923      4.28871     -8.22463     -7.60555    -0.927523     -4.99614      6.97602  1.27987e+07      13.9489  1.41938e-05     0.420269     -3.69854     -41.0637      411.996      104.128       4.1123  9.48847e+06    0.0962373      3198.88  0.000132943     -189.968  3.14968e-05      1.08503     -21.2625      723.471     0.244687     0.837028     0.829731      5.91085     0.422044 -0.000258468    -0.178727     -8.06674   0.00739961     -10.6163     -1.05054     -37.8705     0.464717      13.9032   0.00290589       320431    0.0609253   -0.0467093     0.958519     0.292089     -3.19277     -26.7198
           0      922.973            0      6.04407  5.70901e+07            0     -2.49619            0            0            0      1044.79      1516.73     -3421.79      3.69523      1087.29     -10414.4     0.348831      316.282            0     -25.3841     -58849.6            0      494.904    -0.386679 -0.000199579       88.755     -5.56451  1.32733e+06      296.831      128.705     -923.707            0            0            0    -0.121926     -960.805    -0.520653      19.1788            0      111.417            0            0      2229.71      -1037.3      326.387 -1.10664e+07      15.2961            0     -2.63591     -829.027     -2076.63      446.634            0      198.929   -9.216e+06      45.0498   0.00010892            0     -397.485       24.674            0      -18.057            0 -6.10359e+06   -0.0271799     -3462.82            0     -84.5089  0.000187939            0            0            0    0.0251359       53.584            0     -136.413      19.9332   0.00371364            0     -513.823      1.84088     -2.80567            0     -2306.25     -10.9498      2571.49            0  1.20382e+06   0.00955721      1.93069            0            0     -7.91061     -108.211
 -3.9735e+08  4.21319e+07  1.09079e+07      3653.58  4.71082e+11      32043.6      7443.82     -361.469        20255     -3151.65      8522.35     -84492.4 -1.72647e+06      17103.8     -10414.4  1.00835e+09        20209     -13047.4     -23745.8       632903  1.13725e+10        25645      33869.4     -808.598      1.76761     -5229.19     -3444.99  1.28571e+10     -20100.7     -4456.36      39467.3    0.0831433 -1.15315e+07      427.153      -1303.1     -9405.05     -24745.7     -785.705 -2.37714e+07     -34413.9      46451.3     -2040.42 -3.69721e+08  5.81067e+06     -16187.9  9.84725e+10      -603558      20196.7     -42773.6      71332.9      37922.4     -631.315      27472.5     -21333.8  5.97199e+10     -13123.7     -1.87318      1633.13      17087.3     -37145.1       302052      65220.7     -5970.84 -1.66088e+10     -55.2653 -9.54789e+06  -0.00157627      -461330     0.871311     -6826.29      17901.3  -1.7999e+06      511.044        -3659     -4548.22     -12157.8      -929.74      118.135     -1388.53      14894.6     -903.958      51991.5      15558.7        61668      -5909.6     -55065.4     -131.308  3.48585e+09     -149.801      832.745     -6533.01     -476.623     -20207.8     -3092.32
     54360.2      30915.3            0     -1.28788 -3.84194e+07            0     0.644065   -0.0244771      11.8387    -0.542586            0      20.2368       221781     -8.74484     0.348831        20209      983.256     0.362189     -28.5239      -1166.8 -9.76808e+06      58.9578            0      -14.271    0.0112705            0      1.99557  2.88024e+06     0.188686            0     -1.15576 -1.69649e-06     -772.432            0     -1.22307            0     -79.6802            0      2045.33            0      3.36096    -0.292087 -3.26987e+06        34773    -0.343801  7.73218e+06     -142.932     -11.0828     -81.8669            0      -4.8836      1.85349     -19.2611     0.333919  1.55513e+07     -7.76237 -2.48713e-05    -0.202849     0.269111     -78.3596     -483.713      170.017     -3.04161  9.83664e+06    0.0675842      2312.79  -0.00202985      230.285  5.67356e-05    -0.666654            0            0     0.541955    0.0607855     -0.45194            0            0   -0.0148855            0            0            0      0.62626            0      3.92604     0.700555            0   -0.0172779 -1.00234e+06    -0.802328     0.229287    -0.332779      4.79293      213.612      125.827
           0     -3934.94            0      -17.983  3.47471e+07            0      1.21934    0.0108747            0    -0.161788      667.492       553.84      8954.23      3.63672      316.282     -13047.4     0.362189      443.179            0      90.5417  1.51169e+06            0      -204.69            0 -6.29087e-05     -13.2726      5.46324      39415.7      359.069       128.25     -444.552  3.26751e-06      1048.97            0            0     -110.045     0.313699      2.85002            0      375.213            0            0        49128      19.7155      220.651 -7.92736e+06      40.6605            0            0     -541.723     -1089.31     -242.982            0      262.804 -6.99228e+06      638.471  1.36932e-05            0     -231.564      27.1512            0     -45.0353            0      -589235   0.00652827     -1950.84            0     -58.4205  -1.2508e-05            0            0            0   0.00694249       55.717     -4.20443      97.4618     -1.71436  0.000558852            0     -357.628      8.04555            0            0     -3557.27      1.69095      1187.69    0.0104851      -4386.6     0.023988      -1.3165            0     0.124797     -55.9823     -86.2067
-3.20642e+06     -48345.5      -183827            0  2.53767e+08     -620.478            0            0     -558.043      29.8795            0            0            0      15.7424            0     -23745.8     -28.5239            0      45759.6     -3409.42  2.50998e+07            0            0      803.676   0.00316983            0            0      -961917            0            0            0  9.97739e-06      7678.55            0      99.6935            0     -61.9545            0       502198            0     -36.6428            0       860155     -15227.5            0 -2.13842e+07      214.037            0       4750.7            0            0            0            0            0 -1.24973e+07            0  2.34828e-05            0            0      167.921      3656.31     -384.444            0  1.17819e+07    0.0026643       182875            0     -540.055            0      18.3154            0            0    0.0806429     -2.29931            0            0            0    0.0130699            0     -5.46006            0            0            0            0            0            0    0.0204405      -813454   -0.0269513            0            0            0     -585.803      2281.21
-2.39635e+07       615443  2.39802e+07      78.9914  1.22565e+09      12045.7     -145.756      9.06588      6966.92     -1253.58      3513.27       1807.7  8.77278e+06     -101.962     -25.3841       632903      -1166.8      90.5417     -3409.42       480196  1.66634e+07     -452.364      1435.04      -3619.2     -0.20278      65.2886      84.9186  9.16155e+07      158.818      156.682      799.911  -0.00427424       422170     -371.673     -213.702       269.65     -2703.42     -180.186 -2.91251e+06     -4.65961       6210.3      71.5154 -2.53193e+07      -608909       117.08  9.00091e+07     -4166.94     -196.674      1356.47      1552.35      -3751.8     -473.569     -498.859       82.567    1.451e+08      774.266   0.00271121       70.498     -107.038     -1594.22      30881.8      2390.94     -634.382  1.53034e+08      1.03679 -2.20409e+06    0.0173726     -600.224    0.0342087       221.84     -2627.31      92814.1      39.6654      649.592     -684.794      1416.08      129.367     0.714098     -27.1828     -470.626     -19.8387     -1410.63     -433.211     -597.808     -103.616     -496.056      4.92828 -1.95509e+07      7.85302      6.62232      126.432      38.4823      2187.53       -29340
 2.15192e+10 -1.38659e+10 -4.76279e+09 -2.14555e+06  2.75516e+13 -1.71108e+07  4.51467e+06      44997.1 -1.29024e+07  3.35891e+06  3.93933e+07  6.28559e+06  9.21645e+10 -4.94905e+06     -58849.6  1.13725e+10 -9.76808e+06  1.51169e+06  2.50998e+07  1.66634e+07  2.80435e+13 -1.03893e+07  1.16298e+06   5.5877e+06      -1577.9      85885.4  1.61245e+06 -2.58373e+12       218547       748364 -1.26544e+06     -28.3496  3.31485e+09       533542       842562  6.83195e+06  9.27957e+06  2.24629e+06  8.14937e+09  5.34131e+06 -2.44323e+07       283921  1.83228e+11 -5.88165e+09  3.07316e+06 -3.46533e+12  1.40863e+07   -5.253e+06  1.58918e+07  4.88727e+06  1.13286e+07 -5.01051e+06 -2.44359e+06  2.19666e+06 -1.58622e+13  5.08334e+06    -0.878019       234280       439277 -7.90858e+06   4.1919e+08  1.81986e+06  2.69091e+06  1.45132e+13     -1456.86  3.42681e+09      138.446  8.98445e+07      312.976  1.57545e+06  6.92105e+07 -2.54348e+09       277353     -39810.8  1.35546e+06  1.99771e+07       157544      4791.83 -1.10258e+06  -3.2873e+06      88502.5  4.76621e+07 -4.78832e+06 -6.25852e+06       495585  6.79163e+06      41158.7  9.76886e+11      52386.6      -186740 -4.06627e+06       432492 -2.54692e+06   2.0301e+07
           0      25401.7            0            0 -3.15278e+07      9699.37            0            0       69.784     -30.7453            0            0      -138501     -4.71701            0        25645      58.9578            0            0     -452.364 -1.03893e+07      6641.81            0     -44.4362  0.000648908            0            0  3.29768e+06            0            0            0            0            0     -24.7538            0            0     -100.102            0            0       29.547      474.299            0 -1.45267e+06      23506.3            0  1.28201e+07     -91.2335            0            0            0            0            0      3103.94            0  1.59967e+07      -6.6362            0            0            0     -64.4411     -2199.54       140.35     -98.2856 -5.40512e+06    0.0437145            0  -0.00162897       63.859  -0.00184683     0.560521            0            0    -0.476106            0            0            0            0   -0.0127162            0            0            0            0            0            0            0            0            0       248329    -0.300298            0            0     -1.16696      176.148     -584.718
           0     -10027.5            0     -71.3509 -1.12938e+08            0     -119.332   -0.0540053            0       1.2908     -668.067      720.319            0      4.22976      494.904      33869.4            0      -204.69            0      1435.04  1.16298e+06            0      19735.9            0            0      375.909      19.8189  5.70876e+06     -130.865     -28.3442      654.708 -2.74292e-05     -5144.99            0            0     -450.295     -40.1414      5.68384            0     -200.201            0            0       338505      3416.99      19.5224  4.15633e+06     -8.86914            0            0      2264.02      -552.17     -672.378            0      2609.71 -1.62952e+07      5412.18  6.36792e-05            0      388.241      43.9695            0     -17.0659            0 -2.19842e+07   -0.0402622      2814.52  0.000206756     -154.744 -0.000195386            0            0            0            0     -13.4487      33.5378     -1621.02      38.7327  -0.00686021      66.5779     -2692.02      26.6966            0            0     -16447.5      10.7383     -856.732   -0.0514271  4.48876e+06            0      8.39391            0            0     -307.924     -156.252
-6.67871e+06     -12976.1       380213     -5.07228  5.19191e+07     -475.947            0   0.00971544     -172.346      1.57668     -5.23071     -8.06497            0      3.79458    -0.386679     -808.598      -14.271            0      803.676      -3619.2   5.5877e+06     -44.4362            0      784.493   0.00081892            0     0.280284      -462826     -1.61321            0    -0.989719 -3.24321e-06      2295.44       5.8588      49.3263            0      6.69824    -0.646295        78788     -0.99461     -92.1704            0       272617     -11233.9            0 -4.03601e+06      133.556            0      1413.33     -1.61534     -3.80073            0      3.92952            0 -9.00702e+06            0 -6.85786e-05            0            0      56.6042      151.291     -86.4828      25.3392 -7.60304e+06   -0.0156225      5787.48  0.000170353     -53.9806  0.000769126    0.0912866            0            0   -0.0095315     -5.59156            0       6.8601            0  -0.00508004            0      6.87444     -1.89304            0            0            0     -1.28989            0    0.0138966       462080    0.0059869    -0.711731            0    0.0427871     -151.932      901.223
    -42.1275      5.67839      1.27866            0     -3078.69   -0.0307398  0.000133771 -5.07575e-06 -0.000459948 -0.000499586            0 -0.000380662      66.2482  -0.00135368 -0.000199579      1.76761    0.0112705 -6.29087e-05   0.00316983     -0.20278      -1577.9  0.000648908            0   0.00081892  1.33927e-05  0.000194877  1.74301e-05      516.967 -8.01006e-05            0  0.000260075  -1.6364e-10      0.01132 -0.000391311 -0.000144791            0  -0.00252043            0      1.25845  -8.3663e-05 -0.000958677 -9.26281e-05     -646.816      4.50671  7.60021e-05      1171.85   -0.0281529            0  0.000338926            0   0.00072164            0   0.00866348 -0.000167701      3334.46  -0.00220057  2.37055e-09  8.31773e-05            0   -0.0146932    0.0193067    0.0289598 -0.000197639      2367.86  9.55849e-06    -0.591704 -7.80717e-07    0.0373538 -4.23798e-08 -2.09649e-05            0  -0.00824349 -4.57753e-05  6.13316e-06 -0.000240913            0 -2.59989e-05  2.04432e-07            0  0.000285365            0  0.000309765  -0.00081411  -0.00250848 -0.000122146            0 -2.04872e-06     -182.803 -0.000215321  1.30417e-05  1.15087e-05 -0.000194154    0.0268365    0.0377055
           0     -3668.93            0      11.6544 -1.94899e+07            0     -3.04624  0.000536135            0            0      396.471      282.787      25366.2      2.26305       88.755     -5229.19            0     -13.2726            0      65.2886      85885.4            0      375.909            0  0.000194877      647.673     -2.22384     -15224.8     -71.9695      28.2864      100.584            0            0            0            0     -109.371      8.17451     -8.13193            0      47.5482            0            0       115706      1468.22      251.138 -1.33367e+06      28.0735            0            0     -31.9403     -806.771     -238.849            0      23.4223      -975391     -363.014 -3.38713e-05            0     -105.454      17.6302            0     -21.6294            0  1.51869e+06   0.00928484            0 -0.000113943     -38.0319 -6.16711e-05            0            0            0  -0.00286178      34.5961            0      60.4191      65.8798  -0.00296685            0     -1068.22     0.566224            0            0      775.084     -4.67217      1710.17            0      45757.6    0.0692295     -3.59244            0            0     -53.0692     -66.4679
           0     -3662.38            0     -66.9807  2.16172e+07            0            0  0.000959405            0            0     -21.1036      92.9687            0    0.0569434     -5.56451     -3444.99      1.99557      5.46324            0      84.9186  1.61245e+06            0      19.8189     0.280284  1.74301e-05     -2.22384      89.4679      -179429     -8.55496     -1.47769     -9.28452 -5.40997e-07            0            0     0.088337      7.59323      5.67721     -8.58266            0      26.4199            0            0      41083.8      -408.96     0.978246 -3.42193e+06      -39.156            0      1.91075      10.8845      40.9194      19.5565            0     -15.3945 -4.61103e+06     -11.5569            0      0.13647     -3.09729      14.4091            0     -25.6455            0 -1.24834e+06   0.00229634            0  5.56937e-05      12.0095            0            0            0            0    0.0106589     0.991061            0      62.3816      2.47613  0.000563135            0     -5.00772      5.67778            0            0     -5.39868      19.7445     -70.5054            0      -177560    0.0156753      -5.8709            0     0.583228     -58.8644     -21.1918
 1.45406e+10  1.67502e+10  3.61019e+08       329745  6.83223e+13  6.76921e+06      -382538     -99511.5  2.55185e+06      -254228 -5.84076e+06 -4.26854e+06  1.59644e+10  8.49539e+06  1.32733e+06  1.28571e+10  2.88024e+06      39415.7      -961917  9.16155e+07 -2.58373e+12  3.29768e+06  5.70876e+06      -462826      516.967     -15224.8      -179429    5.881e+12       792719      99448.3       399486       57.538 -3.17672e+09     -91461.1      -174328  2.09375e+06 -5.56937e+06      -190577 -5.61604e+08       814137   7.3539e+06       287069 -1.16999e+11  1.94514e+08       241652  2.23111e+12 -4.04778e+07   1.4943e+06 -6.39393e+06 -3.91584e+06      32094.1      19817.8       856331       387062   6.8243e+12  2.43918e+06      29.2569       132387      -590667 -3.06268e+07  1.57462e+07  6.43075e+07       231550  4.38888e+12        63071 -5.24019e+07     -28.4869 -1.93941e+08      186.295       356392 -1.05204e+07  3.47697e+08      58668.1       165082      -409016 -4.94592e+06        50105      2239.51       227822 -1.45139e+06     -11634.5 -6.11031e+06       605828 -5.76555e+06      -262294  -3.7131e+06     -44213.1   1.3319e+11     -10560.4      63781.4       577171     -67181.3  2.83145e+07 -2.13723e+07
           0     -1831.58            0      55.4927  2.52626e+07            0            0    0.0391538            0            0       1025.6      1356.06      48597.2      4.19514      296.831     -20100.7     0.188686      359.069            0      158.818       218547            0     -130.865     -1.61321 -8.01006e-05     -71.9695     -8.55496       792719      698.706       123.58     -376.905  1.85967e-05      4150.58            0    -0.508398      9.01188      -15.399     -2.85024            0       609.31            0            0     -92881.8      574.012      159.653 -6.22352e+06      47.6548            0     -10.9977     -775.053     -1904.02      5.13342            0      286.894 -5.86839e+06      718.702 -2.02582e-05            0     -379.988      13.1862            0     -39.2874            0       911974    0.0128198     -1693.33  -8.5819e-05     -42.9312 -0.000171921    0.0689381            0            0    0.0385312      59.0225            0      180.173      2.26874  -0.00105088     -4.50701     -406.922      -5.6131     -2.87848            0     -2945.83     -11.5269      716.774    0.0414875       194405   -0.0279246      2.83519            0    0.0614636     -11.1842     -107.242
           0     -2323.29            0    -0.401531  1.73931e+07            0            0            0            0   -0.0934452      198.409       262.47            0      1.72322      128.705     -4456.36            0       128.25            0      156.682       748364            0     -28.3442            0            0      28.2864     -1.47769      99448.3       123.58      111.202     -56.2073            0            0            0            0      267.757      1.72948     -1.51657            0      87.7438            0            0      23514.8            0      64.4807 -3.70522e+06       20.542            0            0     -108.034     -509.785     -51.9603            0      108.464 -3.28776e+06      278.034  5.20845e-06            0     -94.3566      12.8114            0      -24.797            0      -983563   0.00437736     -203.862            0     -30.4831   5.7876e-06            0            0            0            0      24.1781      -2.4286      11.9347      9.38292  0.000429081            0     -314.184     -0.21845            0            0     -904.267     0.354836      648.053            0     -43369.9    0.0152764     0.479527            0            0     -45.1476     -32.1494
           0      17584.4     -27395.5     0.836094  3.69648e+07            0            0   -0.0364463     -2.17426     0.705924     -672.416     -832.025        62744     -9.39857     -923.707      39467.3     -1.15576     -444.552            0      799.911 -1.26544e+06            0      654.708    -0.989719  0.000260075      100.584     -9.28452       399486     -376.905     -56.2073      7409.24 -1.89996e-05     -3563.74            0            0      624.571      27.0937      13.7211            0      80.9377            0            0      -198081      1788.69     -1896.03  7.00402e+06      -111.55            0     -6.68101      1071.17      3030.71     -2663.71            0     -1414.53  8.79085e+06      485.546  1.85161e-05            0      668.609     -55.5381            0       57.454            0  -1.2511e+06   -0.0177026      26578.8 -9.83438e-05      80.5302  3.20683e-05    -0.114035            0            0   -0.0188671     -104.954            0      46.7094      153.323    0.0166752     -3.18813     -938.052     -1.91737            0            0      2323.56      2.93916      -6089.6   -0.0356216 -1.77055e+06    -0.019754     0.149269            0    -0.337788      98.8472      265.189
   -0.163098     0.158954   -0.0733754  2.41472e-06      601.409            0            0  8.18296e-07  5.84971e-05 -5.99368e-06 -3.83161e-05  0.000134732    -0.308903  2.63934e-05            0    0.0831433 -1.69649e-06  3.26751e-06  9.97739e-06  -0.00427424     -28.3496            0 -2.74292e-05 -3.24321e-06  -1.6364e-10            0 -5.40997e-07       57.538  1.85967e-05            0 -1.89996e-05  7.02595e-09     0.125532            0  6.44988e-07            0  0.000155824            0   -0.0240559  8.14272e-05  0.000137071 -5.38996e-06     0.388611      0.02339  1.02006e-06      24.6978 -3.51413e-05  5.33956e-05  5.82008e-05 -1.11254e-05 -5.43868e-06            0            0  4.20596e-05      60.5304            0 -3.00866e-11 -1.18357e-06 -9.47912e-06  -0.00026957            0  0.000643711            0      -10.502  6.61285e-07            0 -1.61387e-10  -0.00266282 -1.27975e-09 -2.53756e-08  8.86788e-06 -9.62354e-05 -3.56507e-07  2.87049e-06 -1.82193e-05 -9.88088e-06 -2.69541e-06 -3.87214e-08  2.28087e-06  2.90273e-05  1.03266e-06            0   3.9451e-05  0.000264294 -8.94112e-06 -8.29914e-05  3.83934e-07      0.29085  -2.3291e-08  1.37249e-07 -1.59501e-07 -8.91133e-07  0.000217085  0.000683375
