 2.39181e+17 -1.01675e+18 -3.17785e+17  7.54986e+07 -1.07327e+21  1.37231e+15            0            0 -1.32903e+13  3.07089e+11            0            0  1.33759e+15  3.46536e+09            0 -2.24397e+16  9.37719e+11            0 -1.29323e+13 -1.40111e+15 -7.82772e+20            0            0 -1.94027e+10     -2649.21            0            0  6.91633e+19            0            0            0     -29.2888 -3.28669e+14  2.03902e+09 -3.14709e+08            0 -2.59966e+13            0 -4.91224e+14            0 -7.40368e+13  3.13402e+09  2.63681e+19  1.67423e+13            0 -4.81646e+20    3.457e+14 -1.67905e+10 -2.57454e+11            0            0            0            0            0            0 -5.55025e+08      27.4749            0            0  1.30017e+15  4.43235e+16 -2.11056e+06  9.54857e+12 -1.26735e+21       1791.9  9.77979e+15       109.81 -7.90447e+13     -155.537    6.707e+07            0            0  1.16525e+06 -5.34564e+07   4.8453e+07            0            0      1495.08            0            0            0            0            0            0 -6.21254e+09            0      -750.18  3.90541e+20       152084      -309456            0   1.9061e+08 -2.99266e+12   1.2979e+13
-1.01675e+18  1.64978e+22  2.34472e+19  1.38585e+12  5.73356e+24  3.02043e+17 -4.02211e+12 -4.94085e+09  1.34899e+16  -5.9609e+13 -3.08396e+14  -6.4736e+13  -9.1687e+17  3.28486e+13  4.43614e+10  1.88909e+20  1.52173e+16 -3.20529e+11 -6.33827e+15  1.10863e+18 -9.52642e+24  1.78285e+14 -2.27839e+13  -1.1816e+12  1.05751e+07  -1.4669e+12 -1.49265e+12   1.9059e+25 -3.01806e+12 -2.50642e+11  9.29127e+12  1.04449e+06 -5.83194e+18 -1.41157e+11 -1.08431e+11 -3.48264e+15  -4.8667e+16 -1.12752e+11 -2.14787e+17 -9.13499e+12  8.37331e+15 -5.57355e+12  -2.1102e+23  1.14231e+17 -5.38725e+13  1.02483e+25 -1.32684e+18  1.16526e+13 -7.24302e+13 -1.68414e+12  2.43267e+13 -1.75012e+13  2.98758e+15 -4.37149e+12  2.33743e+15 -6.42671e+12   1.6008e+06 -3.90892e+10  1.85872e+11 -1.12453e+19 -1.08736e+18  3.88658e+10 -8.87037e+15  4.58947e+24  1.26356e+06 -9.91899e+17      -840433 -5.77181e+17      -782483 -9.86254e+11 -4.62024e+16  4.22405e+16 -5.36189e+09 -2.60482e+10 -1.70273e+11 -6.41382e+14 -1.13424e+12  2.94253e+06  5.80088e+10  4.34567e+12 -3.09484e+10 -2.27925e+16  2.18112e+11   4.0371e+13 -5.62271e+13 -2.26495e+13 -1.72805e+07 -5.07167e+22 -7.40812e+08  4.29928e+09  5.70402e+13 -2.96493e+12  1.92328e+16 -5.15939e+16
-3.17785e+17  2.34472e+19  6.85995e+20            0  3.51498e+22  1.17742e+17            0            0  7.14142e+14   -1.118e+12 -6.91703e+12            0            0 -1.33498e+11            0   3.2308e+17            0            0 -1.85829e+14  3.41784e+17 -1.71829e+22            0            0  2.83546e+11      18712.1            0            0  2.78606e+22            0            0 -6.50276e+10     -3781.38            0    2.623e+10  1.54615e+09            0 -2.63147e+14            0 -3.04062e+15            0 -3.88711e+14            0 -1.16515e+21            0            0  -6.3649e+22 -1.60072e+16            0  1.15076e+13            0            0            0            0            0            0            0     -6064.77            0            0 -5.55997e+16            0  1.33783e+08  1.14872e+14 -4.37984e+22     -22272.4 -6.54491e+17            0  1.98247e+15            0 -6.41489e+08            0            0            0  1.34054e+10            0  4.52434e+12            0            0            0            0            0            0            0            0  4.21322e+11            0            0 -4.28998e+21  2.94136e+07 -1.43011e+07            0            0  1.05418e+14 -5.31187e+15
 7.54986e+07  1.38585e+12            0      61104.8 -8.38412e+14            0            0   -0.0190216            0      -606.78      -227244 -2.31996e+06            0     -825.374      2019.73  2.36491e+10      -765048     -1387.04            0  1.66956e+08 -2.49566e+15            0      -277185     -561.778            0      6613.52     -33187.9  1.46774e+15      80596.5     -16.7112       176.53   1.6945e-05 -6.39369e+07            0     -84.4877            0 -4.89307e+06      176.329 -8.15454e+06      45255.4            0            0 -3.14065e+13  7.49395e+06      14235.8  3.27515e+15  4.22743e+08            0     -56229.7      -8259.8      -232617       127243            0      18192.6            0     -521.943 -1.90233e-05            0     -3939.96 -1.70983e+09            0      5.61691            0  3.80465e+14  0.000102548            0 -0.000307291  7.57153e+06            0            0  1.35389e+06      -437135   -0.0390204       -56.39            0 -1.49292e+06     -3686.92  -0.00129962      37.3646      11583.2     -2607.16            0            0       183832  -1.9345e+06      3159.49 -7.02472e-05  1.16868e+14   -0.0536807      48.6243            0     -1257.97  9.70513e+06  7.44381e+06
-1.07327e+21  5.73356e+24  3.51498e+22 -8.38412e+14  4.57987e+28  5.26628e+19   -3.081e+15 -7.20011e+12  1.14501e+17  2.93608e+16  3.95508e+17  1.36857e+17  1.58847e+20  1.68033e+16  1.51602e+15  1.05684e+23  1.30236e+18 -6.23494e+13  8.36954e+17  8.49546e+20  9.77144e+27  4.31394e+16 -1.22981e+17  -7.2189e+13  1.97817e+09 -3.22593e+15  1.54235e+15  5.61323e+27   2.5909e+14 -5.22624e+13  6.47019e+15  6.61476e+08 -1.39328e+21  2.36966e+13 -2.25469e+13  3.51288e+18  -5.8277e+17 -1.06932e+14   3.8812e+19  2.29698e+16  9.30298e+17 -6.95772e+15 -3.35683e+25 -3.64381e+19 -6.02146e+16 -2.00201e+28 -3.57115e+21  9.82998e+15 -3.24298e+16  3.25443e+15 -1.19101e+17 -2.13582e+16  1.43546e+18  -8.6986e+15  -1.0342e+18 -9.10453e+15  5.95361e+09  7.22361e+13 -2.56372e+12  -1.7205e+22 -2.85512e+20  1.14066e+13 -9.24656e+17   8.5138e+27 -2.61752e+08  1.82241e+20  5.59594e+08 -3.20564e+20  1.01938e+09 -1.29374e+14  4.94668e+19 -7.08788e+19    3.514e+12 -1.18746e+13  -1.5526e+14 -4.61689e+16  -1.5996e+15  1.70929e+10 -6.84605e+13  6.85258e+15 -1.18224e+13  1.42169e+19 -7.53754e+12   4.8435e+16 -6.86487e+16 -3.83002e+16 -2.52418e+09 -1.75152e+26  2.96057e+10  8.07135e+11 -4.04032e+16  2.28835e+15  1.66146e+19  6.08739e+18
 1.37231e+15  3.02043e+17  1.17742e+17            0  5.26628e+19  1.51083e+16            0            0  4.92511e+12 -1.15685e+10            0            0            0 -7.64882e+08            0  3.28911e+15            0            0 -2.15236e+12  6.61224e+14 -3.43429e+20  1.78887e+12            0 -1.18777e+09     -1616.32            0            0  4.38561e+20            0            0            0            0            0  -4.2277e+08 -6.59737e+06            0 -3.98831e+12            0 -7.64595e+13  1.84081e+09  2.01701e+13            0 -1.77704e+19            0            0  9.69946e+19 -7.15067e+13            0  2.97523e+09            0            0            0            0            0            0            0            0            0            0 -3.50073e+14 -6.94643e+14  1.05185e+06 -1.55194e+12 -1.39192e+19      854.301            0            0  1.02709e+13            0            0            0            0            0  1.45288e+07            0            0            0            0            0            0            0            0            0            0            0            0            0 -3.37654e+19      4685.77            0            0            0  8.49913e+11 -6.56198e+13
           0 -4.02211e+12            0            0   -3.081e+15            0  1.29362e+06    -0.418302            0            0            0            0            0     -6124.65     -5884.88  1.13502e+11  3.57246e+06      775.665            0 -3.18828e+09  3.08157e+16            0 -4.33858e+06            0   0.00282876     -12519.9            0 -4.78378e+15            0            0            0            0            0            0            0            0  4.67204e+07            0            0            0            0            0  2.54284e+13            0            0  8.02854e+15   1.5412e+09            0            0     -58995.5            0            0            0     -99180.8            0      -124760  -0.00234148            0      -2714.4 -1.95019e+09            0      20.3821            0  1.09815e+16   0.00210528            0            0  2.62192e+08            0            0            0 -4.87183e+06            0            0            0            0            0   0.00642044            0      54551.9            0            0            0  1.07585e+06            0            0            0  1.08482e+15    -0.768792            0            0            0 -3.52082e+07  5.26265e+07
           0 -4.94085e+09            0   -0.0190216 -7.20011e+12            0    -0.418302    0.0198882     -484.482      4.63325      112.246      44.3077      47549.5     -12.4693            0 -6.54606e+07     -1175.48    0.0558851            0  1.48433e+06  2.74023e+12            0     -12.4678    0.0662591 -9.25882e-07    0.0222194    0.0332729 -7.62366e+12      3.61836            0    -0.829935  3.20631e-07  7.99871e+06            0    0.0133814            0     -28531.4  -0.00745733      -4208.2      8.16685     -4597.06      1.56643 -7.68634e+10     -8573.45     -1.29554  2.74335e+12       937701     -2.47399      3.71485      1.75071     -19.1184            0            0      1.72691      100.019     0.741596 -2.72013e-07            0    -0.106858  4.23477e+06       645598  -0.00888891            0 -2.87609e+12 -1.49834e-05      17398.7  8.95591e-08       227504  1.68676e-07  -0.00317753     -480.607      481.372  0.000641772   0.00982804            0       55.271            0 -6.47968e-07  -0.00399349      1.22892            0            0  -0.00253879      16.7915            0     -5.77837  1.44511e-05   6.7477e+10  0.000159589            0            0    0.0344171     -1909.36     -52581.3
-1.32903e+13  1.34899e+16  7.14142e+14            0  1.14501e+17  4.92511e+12            0     -484.482  1.37855e+12 -1.48576e+09 -1.41829e+08            0 -2.26517e+11 -9.81801e+06            0  2.10323e+14   1.1372e+10            0 -1.39343e+11  2.64915e+13  -1.7889e+19  9.47967e+08            0 -3.12626e+07     -2.31808            0            0  1.58679e+19            0            0 -1.33328e+06     0.757918 -3.76666e+12 -2.09557e+06 -1.33328e+06            0  5.83823e+10            0 -6.81695e+12            0  2.67185e+11            0 -3.03292e+17  1.32191e+11            0  1.67908e+19 -3.84367e+12  2.05228e+07 -5.81175e+08            0            0            0 -1.32323e+10            0            0 -1.39655e+06     -0.19317      -567416            0 -1.66213e+13 -6.30961e+12      46977.8 -5.04659e+11 -6.03862e+17      22.1599 -1.49878e+13            0  2.45296e+11     -2.84749      59089.1            0            0     -10163.8  1.18766e+06            0  9.27605e+07       643662     -8.86586            0            0            0 -8.63018e+08  1.66605e+06            0 -6.63611e+07            0      -6.2935 -3.58965e+17     -13.1296      2252.65  1.50689e+06      -537025  4.74031e+10 -4.91112e+11
 3.07089e+11  -5.9609e+13   -1.118e+12      -606.78  2.93608e+16 -1.15685e+10            0      4.63325 -1.48576e+09  1.40544e+07       854538            0 -9.67106e+09      74926.1            0 -8.92954e+11 -9.85839e+06     -296.712  1.44546e+08 -8.92576e+10  8.58656e+16 -7.82088e+06            0      5101.22   -0.0329075            0            0 -6.48889e+16            0     -283.372      8033.37  -0.00151663  6.57717e+09      14697.7      2615.18            0 -4.16981e+08            0  4.53949e+10            0 -1.02215e+09      26389.2  1.11719e+15 -9.97624e+08            0 -9.70561e+16  1.71635e+10      -163511 -1.05099e+06            0            0            0  7.42431e+07            0  2.68172e+06      15327.6  -0.00234274      889.307            0  8.39198e+10  3.03583e+11     -233.892  4.94856e+08 -3.49157e+15      -0.0587  2.17902e+11            0 -1.91208e+09   0.00154368      770.609 -2.51649e+07            0      47.5829     -3964.48      25758.3      -558920      26849.8    0.0973651            0            0            0 -3.59651e+07     -2065.67            0       183253            0    0.0130374   4.4232e+15     0.584135     -2.03909      62806.2      5445.41 -2.57695e+08  3.06819e+08
           0 -3.08396e+14 -6.91703e+12      -227244  3.95508e+17            0            0      112.246 -1.41829e+08       854538   1.0411e+10   2.9627e+08            0       251165  1.00285e+07 -2.35963e+12            0  1.61174e+06            0  2.02573e+11  9.67817e+17            0 -1.96241e+07     -14752.3            0  3.82273e+06      -262875 -4.83948e+17  4.43171e+07       638450 -1.10457e+07  -0.00753784            0            0            0 -2.89875e+09  4.99058e+09      -908088            0 -2.04285e+06            0            0  9.93379e+15 -7.80079e+09  1.20622e+07  -4.2685e+17  2.12189e+10            0 -1.45874e+06 -2.42845e+07 -4.95387e+08 -9.47851e+07            0  1.07483e+07            0  3.99292e+07    0.0161906            0  -1.8317e+06  2.84779e+11            0     -889.188            0 -2.18242e+17     -0.92362  5.63534e+11            0  1.50942e+09   0.00271943            0            0            0            0       255528            0  2.61983e+09  5.75223e+07       -1.905      -365005  1.18415e+06     -34358.5            0            0 -1.82125e+08 -1.03778e+07  9.87536e+06            0  4.05286e+16       7.1007        16229            0            0 -1.39988e+09 -5.67187e+08
           0  -6.4736e+13            0 -2.31996e+06  1.36857e+17            0            0      44.3077            0            0   2.9627e+08  2.49542e+09            0      34791.9  6.14251e+06 -4.42965e+12  1.70965e+08       323135            0   4.8584e+10  5.91712e+16            0  3.76625e+07     -10401.3   -0.0111978  2.07665e+06  1.27641e+06 -1.65227e+17  2.58801e+07       313264  -7.2394e+06    0.0121723  1.91023e+11            0     -1564.32  1.75937e+10  5.05853e+08     -39307.4            0  2.62559e+07            0            0 -8.77794e+13  5.38757e+08  4.79546e+07   -5.077e+17 -2.57963e+10            0 -1.04109e+06 -2.14849e+07 -1.20253e+08  9.05812e+07            0 -1.08227e+07            0 -4.11686e+06    0.0708645     -3235.94 -3.33908e+06  9.19462e+10            0     -344.905            0 -1.19004e+17     -0.19563 -3.08892e+10            0  2.66921e+09            0            0            0            0      -25.533        80209            0  2.00704e+08  2.18065e+07     -0.17078            0      -762724       169336            0            0  -5.7625e+07 -1.05443e+08 -2.78813e+07     0.440007  1.85758e+16      10.5258     -15609.1            0       281122 -6.63805e+08 -1.62644e+09
 1.33759e+15  -9.1687e+17            0            0  1.58847e+20            0            0      47549.5 -2.26517e+11 -9.67106e+09            0            0  6.13629e+16   2.8685e+09 -5.26196e+07 -1.20748e+16  3.67898e+12  1.59105e+07            0   4.2408e+14  6.55224e+20 -1.73097e+10            0            0      3694.16  3.68364e+08            0 -4.18474e+20   1.7737e+09            0  9.13143e+08     -44.4595            0 -8.76155e+07 -1.12417e+07            0 -1.05962e+13            0  9.58643e+11            0  5.83579e+11            0 -1.76905e+19 -2.65832e+14  5.71306e+09 -1.46732e+21  2.02038e+14  7.78598e+08            0            0            0            0   2.4789e+12  -6.2865e+06  2.72707e+11  7.03948e+09            0  8.72408e+08            0  1.65128e+15            0 -3.92329e+06            0 -1.12903e+20     -1211.11  4.57419e+14     -1365.41 -3.52487e+13     -173.929  2.51486e+07            0            0  6.11581e+07 -3.63198e+06            0            0  2.78697e+09     -4535.46            0  5.21895e+08            0 -2.30658e+11 -9.82032e+08 -3.88006e+09            0            0            0  2.09298e+20     -35471.3            0  3.25316e+08  1.93168e+09 -6.14434e+12 -2.90315e+13
 3.46536e+09  3.28486e+13 -1.33498e+11     -825.374  1.68033e+16 -7.64882e+08     -6124.65     -12.4693 -9.81801e+06      74926.1       251165      34791.9   2.8685e+09       163755      6117.66  3.46284e+11 -2.47687e+07      1428.84  1.15663e+07  -1.0594e+09 -1.94821e+16      -192709      79341.9      2008.27   -0.0143032       5082.4      187.884  5.64431e+16      30589.1       966.76     -30593.6   0.00135865 -3.62323e+09      81.8529      96.7168  1.45426e+07  -6.1925e+06      52.3635  3.80785e+08      45168.3 -4.92811e+06      5690.27  3.30694e+14 -2.01273e+08       176253   1.4337e+16 -2.55966e+09      3584.17      31048.9     -18213.6     -92054.7       -13789 -6.30844e+06      13877.6  3.81484e+06      26054.5   0.00298186      185.263     -1964.42 -2.31692e+10  4.08399e+09      79.1122  2.30524e+07  1.22559e+16    0.0948574  2.80086e+09   0.00164347  -1.5242e+09  0.000175479      1188.18 -1.10421e+08  9.54751e+07      10.8627      234.252      218.719       415710      14081.4   0.00135165     -31.3634     -10734.3      6.19721 -4.64248e+07     -101.477      -170448        48343      51673.2   0.00016208  5.66812e+14      1.42254     -1.58221       125893      4852.37   1.4466e+07  -5.8573e+07
           0  4.43614e+10            0      2019.73  1.51602e+15            0     -5884.88            0            0            0  1.00285e+07  6.14251e+06 -5.26196e+07      6117.66       404146 -6.79801e+10       237308      28485.4            0  3.71536e+07 -1.10983e+15            0  1.64586e+06     -44.4768 -0.000463347      44039.8     -2526.08  2.98173e+14       515761      16730.5      -702427            0            0            0     -6.69297 -4.77811e+08 -3.33438e+06       485.09            0       113249            0            0  9.20953e+12 -9.11658e+06  2.60082e+06 -1.07302e+16  1.58027e+08            0      -4451.5      -440411 -5.13638e+06   2.8889e+06            0      84057.1       -25731     -56724.2   0.00179765            0     -47065.6  1.75398e+09            0     -1.07248            0 -1.65968e+15  -0.00613643 -5.69905e+08            0 -1.08689e+08  0.000302699            0            0            0     0.231215      3347.71            0 -2.35141e+06       164869   0.00332439            0      -164179      194.379            0            0 -2.13539e+06      -271694  2.18325e+06            0  6.02681e+14    0.0467057      17.8247            0            0 -1.92235e+06 -4.67468e+07
-2.24397e+16  1.88909e+20   3.2308e+17  2.36491e+10  1.05684e+23  3.28911e+15  1.13502e+11 -6.54606e+07  2.10323e+14 -8.92954e+11 -2.35963e+12 -4.42965e+12 -1.20748e+16  3.46284e+11 -6.79801e+10  2.40696e+19  1.88866e+14 -1.62674e+10 -8.96271e+13  1.33468e+16 -7.75674e+22  3.61878e+12   8.5636e+11 -1.20189e+10      96938.2 -3.34137e+10 -3.20444e+10  2.40899e+23 -3.51935e+11 -9.70281e+09  2.86666e+11      11633.5 -1.09607e+17  -1.0523e+09 -1.46893e+09 -1.19308e+14 -4.17834e+14 -1.00076e+09 -4.53594e+15 -4.40063e+11  1.46256e+14 -5.92026e+10 -1.98112e+21  1.51454e+15 -1.53685e+12  7.34403e+23 -6.02145e+16  1.93653e+11 -1.07741e+12  2.59033e+11   1.3458e+12 -1.49331e+10  7.97696e+13 -1.02874e+11  7.85969e+13 -1.54024e+11      -231012 -5.27429e+07  2.19659e+10  7.66359e+16  4.21721e+15  1.89103e+08 -1.20521e+14 -2.35206e+23     -73581.8 -2.39412e+16     -7519.53  -6.8316e+15     -2244.09 -1.82899e+10 -4.87114e+14  1.83292e+14 -3.19949e+07 -2.53336e+09  -3.3447e+09 -5.84456e+12 -1.55399e+11       760972  2.44374e+08   9.3147e+10 -1.43261e+09  1.61699e+14  4.96895e+09  1.10182e+12 -1.11965e+12 -6.19919e+11      -315924  1.56781e+22 -8.45119e+06   1.1301e+08 -6.78721e+11 -3.28575e+10   1.0743e+15 -2.45719e+14
 9.37719e+11  1.52173e+16            0      -765048  1.30236e+18            0  3.57246e+06     -1175.48   1.1372e+10 -9.85839e+06            0  1.70965e+08  3.67898e+12 -2.47687e+07       237308  1.88866e+14  1.11655e+12      61434.6 -8.50498e+09 -5.27702e+12 -1.52433e+19  9.12705e+08            0 -2.99873e+06      48.7311            0  1.94785e+06  1.71342e+19       564019            0      -891816   -0.0307199 -8.66271e+11            0      -121383            0 -1.75669e+11            0  5.34986e+10            0  1.23269e+09 -1.81828e+06 -1.85384e+18  5.38477e+11 -5.12186e+06  1.14037e+19 -2.52137e+12 -1.75032e+07 -2.51997e+08            0  -1.7978e+07  1.73601e+07 -9.66048e+09       340898 -9.78926e+08 -3.29162e+06    -0.746851     -23311.4      63670.1 -1.34075e+13 -1.89803e+12      43590.2 -6.64235e+09  5.05055e+18      32.3071  8.00064e+11     -10.1323  4.35654e+11     0.245707      -255205            0            0      10086.9      5607.28     -45835.2            0            0     -21.3022            0            0            0  1.24208e+09            0  6.42274e+06  3.21604e+07            0     -5.49083 -1.14468e+18     -7518.21      4037.92 -1.43059e+07  3.24956e+07  3.85421e+10  9.85355e+10
           0 -3.20529e+11            0     -1387.04 -6.23494e+13            0      775.665    0.0558851            0     -296.712  1.61174e+06       323135  1.59105e+07      1428.84      28485.4 -1.62674e+10      61434.6       9272.5            0  4.89776e+07  2.80811e+14            0      -249781            0 -4.01257e-05        -1992      742.201 -4.64509e+14       137276      3850.22     -80863.4  6.31657e-06  1.93699e+08            0            0 -1.23421e+07      -330093      26.8452            0      92659.7            0            0  6.01524e+12     -90956.9       421315 -1.49358e+15   1.0767e+08            0            0     -67386.4      -637337      -327313            0      28442.6            0      99885.4  4.10006e-05            0     -6434.65   5.2692e+08            0      -1.4364            0  8.63908e+13  0.000316427 -8.07869e+07            0 -1.80451e+07 -1.11303e-06            0            0            0     0.017347      817.192     -42.5485       315997     -4777.93  0.000149193            0     -26181.9      202.963            0            0      -821568      8634.05       246771  0.000446171  7.05128e+12    0.0319185     -3.29416            0       112.13 -1.61557e+06 -9.18756e+06
-1.29323e+13 -6.33827e+15 -1.85829e+14            0  8.36954e+17 -2.15236e+12            0            0 -1.39343e+11  1.44546e+08            0            0            0  1.15663e+07            0 -8.96271e+13 -8.50498e+09            0  3.37341e+12 -4.05941e+12  1.08328e+19            0            0  4.37755e+07      4.14407            0            0 -6.81983e+18            0            0            0    0.0363205  2.78012e+12            0  2.53014e+06            0 -4.16112e+10            0  3.39884e+12            0 -3.66454e+09            0  1.49658e+17 -6.14434e+10            0 -6.79336e+18   8.9455e+11            0  3.79277e+09            0            0            0            0            0  1.27788e+09            0     0.238157            0            0  6.01817e+12  3.79679e+12     -25677.1            0  3.07491e+18     -3.58142  1.57671e+13            0 -2.63392e+11            0   1.8622e+06            0            0       355.51     -62839.3            0            0            0      4.79632            0            0            0            0            0            0            0            0      1.74195 -1.42436e+16     -62.7475            0            0            0 -3.00045e+10  4.35715e+11
-1.40111e+15  1.10863e+18  3.41784e+17  1.66956e+08  8.49546e+20  6.61224e+14 -3.18828e+09  1.48433e+06  2.64915e+13 -8.92576e+10  2.02573e+11   4.8584e+10   4.2408e+14  -1.0594e+09  3.71536e+07  1.33468e+16 -5.27702e+12  4.89776e+07 -4.05941e+12  8.29379e+15  6.01562e+20 -2.53957e+10  5.90307e+10   -2.964e+09     -3512.04  1.57146e+08  3.45141e+08  1.40103e+21  1.79052e+09  1.35865e+08  4.31686e+09     -266.526  2.38145e+15 -2.20393e+08 -8.40082e+07  1.08476e+12 -2.46764e+13 -1.22364e+07   -2.922e+14 -2.77854e+09  8.40223e+12  1.48849e+09   -5.691e+19 -3.98685e+13  5.49168e+09 -1.43325e+19  -2.9589e+14 -1.17873e+09  1.88505e+10   5.1405e+09 -5.29225e+10 -1.68692e+10 -1.01079e+12  3.73457e+08  9.87093e+11  2.21493e+09      757.642  5.08212e+07 -8.83649e+07 -1.17034e+15  4.88788e+14  2.75682e+06 -5.42143e+12  2.43746e+20      1764.93 -3.02712e+15      353.316 -6.12381e+12      350.638   3.6209e+08 -2.12511e+13  1.91163e+13  2.87748e+06  2.60263e+08 -2.32632e+08   1.7392e+11  6.61174e+09      4342.75 -1.53089e+07 -1.22224e+09 -1.81026e+07 -9.15614e+12 -7.48625e+07 -1.03796e+10 -1.73111e+10 -3.49123e+09      6630.32 -7.24957e+19       297881       435956  2.54514e+10  1.04996e+09  2.07175e+12  -8.8679e+13
-7.82772e+20 -9.52642e+24 -1.71829e+22 -2.49566e+15  9.77144e+27 -3.43429e+20  3.08157e+16  2.74023e+12  -1.7889e+19  8.58656e+16  9.67817e+17  5.91712e+16  6.55224e+20 -1.94821e+16 -1.10983e+15 -7.75674e+22 -1.52433e+19  2.80811e+14  1.08328e+19  6.01562e+20  6.60814e+28 -2.82272e+17 -1.00075e+17  1.18157e+15 -7.81034e+09 -5.69803e+14  3.01109e+15    -1.42e+28 -1.76456e+15  1.72776e+14  -3.8881e+15 -7.70399e+08  7.53959e+21  1.11832e+14  1.01462e+14  2.27229e+18  1.93532e+19  1.24076e+14  3.19165e+20  1.27525e+16 -1.38196e+19  3.73831e+14  1.10751e+26  -1.0288e+20  3.47971e+16 -1.30126e+28 -1.33814e+20 -1.17585e+16  4.93905e+16  1.19276e+16  1.35643e+17 -3.89449e+16 -6.45879e+17  7.93879e+14  1.22321e+18  2.31228e+15 -1.48984e+09 -1.56303e+13  3.35324e+14 -9.29898e+21  1.13793e+21  1.86123e+11  7.13989e+18  2.38204e+28  -5.1336e+09  1.30039e+21  8.11264e+08  2.90377e+20  7.80055e+08  9.05735e+14  2.01684e+20 -1.88648e+20  4.52952e+12 -3.57778e+13   2.6365e+14  9.95947e+17 -1.65353e+15  5.28406e+09  -1.1171e+14 -8.04058e+14  3.50306e+13  1.05386e+20 -3.10394e+14  -1.3246e+16  5.18291e+16  2.05219e+16  2.03498e+10  9.71734e+26  3.85308e+11 -5.94459e+12 -3.13394e+17  3.44778e+15  2.62307e+18  7.25768e+18
           0  1.78285e+14            0            0  4.31394e+16  1.78887e+12            0            0  9.47967e+08 -7.82088e+06            0            0 -1.73097e+10      -192709            0  3.61878e+12  9.12705e+08            0            0 -2.53957e+10 -2.82272e+17  1.43093e+09            0      -129430    0.0527751            0            0  2.29991e+17            0            0            0            0            0     -52652.8            0            0 -2.99392e+09            0            0       227019  2.41464e+09            0 -1.14962e+16  5.07859e+09            0   2.8103e+17 -2.30529e+10            0            0            0            0            0  2.15769e+10            0            0     -35804.8            0            0            0 -1.32959e+11 -1.17823e+11      472.094 -3.02396e+09 -1.25463e+17     0.281221            0    -0.112705  1.41182e+09   -0.0606858      3119.71            0            0     -112.685            0            0            0            0    -0.238487            0            0            0            0            0            0            0            0            0  4.04859e+13     -38.7837            0            0      -106053  4.34148e+08 -6.06457e+09
           0 -2.27839e+13            0      -277185 -1.22981e+17            0 -4.33858e+06     -12.4678            0            0 -1.96241e+07  3.76625e+07            0      79341.9  1.64586e+06   8.5636e+11            0      -249781            0  5.90307e+10 -1.00075e+17            0   9.9159e+08            0            0  2.54002e+06      86508.5  1.21928e+17 -2.74736e+06     -78071.8  5.67675e+06  -0.00303504 -5.37528e+10            0            0 -3.94893e+09 -4.87631e+08      5945.59            0 -3.07175e+06            0            0  1.60855e+15  1.47762e+08 -4.20556e+06  9.17601e+16 -5.03262e+09            0            0   8.2682e+06 -2.77112e+06 -4.33675e+07            0  1.48302e+07            0   1.7597e+07    0.0162065            0       499367  7.35881e+10            0     -20.2495            0 -5.55269e+16    -0.089647            0   0.00406422 -2.56586e+09  -0.00299062            0            0            0            0     -14885.6            0 -1.72094e+08  4.18541e+06   -0.0474555      11468.8 -9.53249e+06      40598.9            0            0 -2.21211e+08  7.33172e+06 -7.95705e+06    -0.123815  2.81193e+16            0      455.059            0            0 -3.56629e+08 -5.26207e+08
-1.94027e+10  -1.1816e+12  2.83546e+11     -561.778  -7.2189e+13 -1.18777e+09            0    0.0662591 -3.12626e+07      5101.22     -14752.3     -10401.3            0      2008.27     -44.4768 -1.20189e+10 -2.99873e+06            0  4.37755e+07   -2.964e+09  1.18157e+15      -129430            0      30949.5  0.000781201            0      53.8782 -1.19701e+15     -825.358            0     -138.695 -1.11126e-05  5.80946e+08      167.351      918.883            0  2.39118e+06     -4.68383  3.69116e+08     -103.736 -5.96135e+06            0  3.22667e+13 -3.26458e+07            0 -8.87013e+14  4.33344e+08            0       812258     -156.677     -2084.25            0       367758            0     -38306.2            0 -0.000493682            0            0  1.74058e+09  1.10739e+08        -3.95  1.05047e+07 -8.58847e+14  -0.00142094  2.69495e+08  0.000161521 -2.24082e+07  0.000354547      6.16118            0            0    -0.031824     -107.526            0      35165.6            0  -0.00110255            0      97.9919     -71.8948            0            0            0     -9483.32            0  0.000879992  1.20395e+14    0.0105434     -2.05613            0      52.3677  -5.5389e+06  1.26995e+08
    -2649.21  1.05751e+07      18712.1            0  1.97817e+09     -1616.32   0.00282876 -9.25882e-07     -2.31808   -0.0329075            0   -0.0111978      3694.16   -0.0143032 -0.000463347      96938.2      48.7311 -4.01257e-05      4.14407     -3512.04 -7.81034e+09    0.0527751            0  0.000781201  2.20613e-07  0.000783339  6.99419e-05  1.10444e+10 -0.000846603            0    0.0012301   4.0852e-14     -14.5654 -0.000230481 -5.03478e-05            0     -9.80202            0      140.169 -0.000179655     -1.44652   -0.0018792 -1.38889e+09      250.086   0.00403637  5.25125e+09     -1906.97            0    0.0104651            0     0.013296            0      17.5647 -0.000660633    -0.354629  -0.00280683   1.1061e-10  7.32497e-05            0     -9787.53      353.974  2.92872e-05        -1.73  5.73978e+09  1.81634e-08     -788.431 -1.47258e-08      259.621 -3.75146e-10 -3.86283e-05            0     -1.83506 -1.75762e-06  2.33575e-06 -9.33686e-05            0  -0.00121852 -1.01962e-09            0  0.000703053            0      2.31278 -0.000144347   -0.0110663   -0.0201242            0 -2.66319e-09 -7.87212e+08 -7.61941e-06   7.1675e-07   0.00187771  -0.00491907      19.9248      112.433
           0  -1.4669e+12            0      6613.52 -3.22593e+15            0     -12519.9    0.0222194            0            0  3.82273e+06  2.07665e+06  3.68364e+08       5082.4      44039.8 -3.34137e+10            0        -1992            0  1.57146e+08 -5.69803e+14            0  2.54002e+06            0  0.000783339       488565     -4495.38 -1.27827e+15      -153949      5461.98      89952.6            0            0            0            0 -8.20647e+07   1.4233e+07     -221.534            0       102219            0            0  5.77667e+13  2.20823e+07  2.60399e+06 -3.80488e+14  4.16384e+08            0            0     -36470.5 -2.69439e+06 -1.45869e+06            0     -8380.75            0      -499171  -0.00133733            0     -15412.5  2.17103e+09            0     -4.41412            0  1.79566e+15   0.00296009            0 -0.000529964 -6.52849e+07 -0.000162579            0            0            0  -0.00926806      2953.04            0  1.12543e+06       693289  -0.00305854            0      -449346     -46.9053            0            0  1.39004e+06      -123159  2.00374e+06            0  5.54116e+13     0.513652     -37.6443            0            0 -8.28428e+06 -4.00958e+07
           0 -1.49265e+12            0     -33187.9  1.54235e+15            0            0    0.0332729            0            0      -262875  1.27641e+06            0      187.884     -2526.08 -3.20444e+10  1.94785e+06      742.201            0  3.45141e+08  3.01109e+15            0      86508.5      53.8782  6.99419e-05     -4495.38      72438.8 -1.46747e+15     -15390.6     -331.311     -10565.7 -7.21794e-06            0            0      8.10322  5.98885e+06  9.46083e+06     -277.655            0      34337.1            0            0  2.39527e+13 -5.39441e+06      10327.5 -4.50162e+15 -6.40074e+08            0      5392.81      6062.13       156791       170100            0     -13259.4            0     -7365.81            0      20.2114     -1117.04  1.69857e+09            0     -5.54877            0 -1.49943e+14  0.000800151            0  0.000254523  1.65313e+07            0            0            0            0     0.159477      92.5316            0  1.37196e+06      29601.8  0.000776324            0     -4184.38      948.273            0            0      20823.7       685971      -112027            0 -9.84212e+13     0.119925     -89.0851            0      3202.87 -9.31672e+06 -1.39828e+07
 6.91633e+19   1.9059e+25  2.78606e+22  1.46774e+15  5.61323e+27  4.38561e+20 -4.78378e+15 -7.62366e+12  1.58679e+19 -6.48889e+16 -4.83948e+17 -1.65227e+17 -4.18474e+20  5.64431e+16  2.98173e+14  2.40899e+23  1.71342e+19 -4.64509e+14 -6.81983e+18  1.40103e+21    -1.42e+28  2.29991e+17  1.21928e+17 -1.19701e+15  1.10444e+10 -1.27827e+15 -1.46747e+15  3.90201e+28 -8.82264e+14 -2.59157e+14  6.67875e+15  1.96921e+09 -1.08988e+22 -1.27955e+14  -1.1528e+14 -1.45718e+18 -5.27236e+19 -9.29587e+13 -2.32279e+20 -1.27776e+16  1.17387e+19  7.35922e+15 -2.38054e+26  7.99049e+19 -2.88506e+16  1.35622e+28 -1.39006e+21  6.08241e+15 -9.13259e+16 -7.35994e+15  5.65737e+16  1.35855e+16  3.52346e+18  6.00528e+13  2.99144e+18   1.8367e+15  2.74953e+09  -1.9199e+13  1.70217e+14 -1.23175e+22 -1.03833e+21  4.73525e+13 -7.64649e+18  2.04208e+27  6.29672e+10 -1.13295e+21  -1.0891e+09 -9.83157e+20  7.95861e+08  1.88991e+14 -6.16457e+19  5.65616e+19   -2.178e+12 -1.14427e+13 -1.97945e+14 -7.69735e+17 -1.48007e+15  6.15639e+09  7.58643e+13  1.00368e+15  -3.8863e+12 -2.86721e+19  1.56866e+14  3.46634e+15 -3.25391e+16 -2.95165e+16 -3.37238e+10  2.54062e+26 -6.66031e+11  4.57366e+12  7.47866e+16 -3.32519e+15  2.30718e+19 -6.35723e+19
           0 -3.01806e+12            0      80596.5   2.5909e+14            0            0      3.61836            0            0  4.43171e+07  2.58801e+07   1.7737e+09      30589.1       515761 -3.51935e+11       564019       137276            0  1.79052e+09 -1.76456e+15            0 -2.74736e+06     -825.358 -0.000846603      -153949     -15390.6 -8.82264e+14  5.13416e+06      70534.8 -1.27946e+06  0.000649249  1.40988e+10            0     -124.121  8.11941e+07 -9.20702e+07     -83.1238            0   2.9626e+06            0            0  -9.4392e+13   2.5587e+07  5.28219e+06 -2.19542e+16  2.21693e+09            0     -82613.3 -1.81578e+06 -1.97565e+07  1.92919e+06            0       486987            0  1.42824e+06  -0.00256533            0      -206631  4.88473e+09            0     -24.6317            0  5.27403e+15    0.0133067 -1.45902e+09  -0.00115667 -2.85741e+08  -0.00109584      75.2796            0            0      1.84123      15873.8            0  1.20377e+07      53568.1  -0.00018134     -739.925      -599362     -2594.64            0            0 -9.95951e+06 -1.42543e+06  2.87592e+06    0.0324753  4.77982e+14    -0.631003      111.476            0      891.313   -1.263e+07 -2.08008e+08
           0 -2.50642e+11            0     -16.7112 -5.22624e+13            0            0            0            0     -283.372       638450       313264            0       966.76      16730.5 -9.70281e+09            0      3850.22            0  1.35865e+08  1.72776e+14            0     -78071.8            0            0      5461.98     -331.311 -2.59157e+14      70534.8      4814.64     -14887.3            0            0            0            0  4.68999e+07       532082     -8.23818            0      33327.3            0            0  3.94864e+12            0       177108 -1.00204e+15  7.63535e+07            0            0     -19081.1      -434012     -65291.1            0        14684            0        37811  1.87554e-05            0     -3785.02  3.55399e+08            0     -1.17817            0 -4.87649e+13  0.000318651 -1.24563e+07            0 -1.33806e+07  2.82009e-06            0            0            0            0      506.319     -40.6417      46610.6      25593.8  0.000135503            0     -33172.9     -10.5396            0            0      -289434      3631.61       191629            0 -2.52056e+12    0.0265648      2.05089            0            0 -1.66312e+06 -4.82583e+06
           0  9.29127e+12 -6.50276e+10       176.53  6.47019e+15            0            0    -0.829935 -1.33328e+06      8033.37 -1.10457e+07  -7.2394e+06  9.13143e+08     -30593.6      -702427  2.86666e+11      -891816     -80863.4            0  4.31686e+09  -3.8881e+15            0  5.67675e+06     -138.695    0.0012301      89952.6     -10565.7  6.67875e+15 -1.27946e+06     -14887.3  1.02201e+07 -0.000202034  -3.5781e+09            0            0  6.35536e+08  8.40532e+07      559.029            0       612660            0            0 -1.52804e+14  2.11773e+07 -3.04293e+07  7.25114e+15 -2.33497e+09            0     -13714.4       826223  1.36345e+07 -3.06387e+07            0 -1.31486e+06            0       618248   0.00134093            0       157601 -1.14391e+10            0      18.6788            0 -2.11073e+15  -0.00742186  5.90457e+09 -0.000545425  2.53475e+08  1.78706e-05     -39.7614            0            0     0.208518     -13028.8            0  2.47798e+06  2.16971e+06    0.0202675     -294.929      -305752     -540.538            0            0  5.41384e+06       230304 -9.97688e+06  -0.00824185 -1.61991e+15    -0.161789      5.57424            0     -1466.51  3.21727e+07  2.30137e+08
    -29.2888  1.04449e+06     -3781.38   1.6945e-05  6.61476e+08            0            0  3.20631e-07     0.757918  -0.00151663  -0.00753784    0.0121723     -44.4595   0.00135865            0      11633.5   -0.0307199  6.31657e-06    0.0363205     -266.526 -7.70399e+08            0  -0.00303504 -1.11126e-05   4.0852e-14            0 -7.21794e-06  1.96921e+09  0.000649249            0 -0.000202034  1.36918e-09      2157.99            0  6.21219e-07            0      4.87754            0     -8.18356   0.00198807     0.730352 -0.000304059  5.64882e+06      4.59893  0.000240061  4.60788e+08     -28.0935   0.00106918    0.0023018 -0.000120075  0.000342188            0            0  0.000456206   -0.0151543            0 -1.36585e-11 -2.74941e-06 -2.60127e-05     -698.828            0  2.57503e-06            0 -2.03871e+08  3.47075e-09            0 -1.08938e-11     -75.1525 -4.15171e-11  4.48881e-07     0.199542     -0.10594 -7.32124e-08  4.02729e-06 -2.54615e-05  -0.00355067 -0.000544333  -6.4569e-10  2.12011e-06  0.000199823  2.53249e-06            0  1.97023e-05   0.00481772  -0.00480601  -0.00140664  1.14517e-09  7.06335e+06 -3.52791e-09 -7.34371e-09 -0.000305956 -7.38448e-05      1.10417      7.07637
