 1.23853e+22 -1.95652e+24 -1.10255e+23  2.46544e+11 -8.36201e+19  4.69746e+20            0            0  -5.1969e+15  2.44632e+16            0            0  2.59265e+19  3.28017e+14            0  -3.1025e+22 -2.06001e+14            0 -7.83956e+15 -6.04697e+20  2.84745e+23            0            0 -2.41839e+13      -958014            0            0  3.19818e+20            0            0            0     -10359.7   -2.725e+19  2.25591e+12 -3.15841e+11            0 -5.52984e+16            0 -3.31897e+18            0 -4.50717e+16  1.07757e+14  7.50137e+22  4.85549e+15            0 -4.77534e+20  1.25059e+19  -1.5739e+14 -2.82794e+15            0            0            0            0            0            0  -1.0404e+12      974.556            0            0  1.89429e+20  3.43298e+22     -9757.45  5.85471e+15     -192.948       559553  7.29449e+20      38490.5  -1.3005e+17     -38418.7   1.6295e+11            0            0  3.05127e+08 -2.78083e+10  3.39429e+10            0            0  1.39153e+06            0            0            0            0            0            0 -1.47432e+14            0      -223373  1.10196e+24  4.24103e+09 -3.96551e+07            0  3.00871e+13  -1.2432e+16  5.29298e+15
-1.95652e+24  4.59088e+29  1.27458e+27  1.10192e+17  -7.0738e+25    3.035e+24 -2.30401e+18 -4.20235e+14  1.55836e+20 -1.65013e+20 -2.91703e+19 -7.38835e+18 -7.07381e+23  7.87769e+19 -7.60553e+16  6.44882e+27  3.46958e+20 -9.65005e+15 -1.07705e+20  1.60085e+25 -6.90189e+28  5.45595e+19 -1.31961e+18 -5.02286e+16  1.42304e+11 -3.53568e+17 -2.70784e+17 -6.50034e+25 -1.54442e+18 -1.17176e+16  1.91273e+18  9.21043e+09 -1.06115e+25  -4.5279e+15 -3.38373e+15  -3.6743e+21 -6.90448e+21 -1.43766e+15 -3.62231e+22 -1.03662e+18  1.47147e+20 -3.21137e+18 -6.56631e+28  8.81807e+20 -2.59602e+19  2.42553e+26 -9.03237e+23  2.60095e+18 -2.57359e+19    5.119e+17  3.19217e+18  -3.8361e+18  4.31473e+20 -3.65582e+17   4.4972e+10 -6.08772e+17  1.64635e+10 -2.20051e+15  1.49897e+16 -3.91888e+25 -4.03206e+25   3.7463e+09 -2.09017e+20 -4.60171e+06 -7.25092e+10 -2.93861e+24 -8.34407e+09 -2.25736e+22 -6.33863e+09 -4.81868e+16 -4.09557e+20  3.00181e+20 -4.34065e+13 -8.54539e+14 -3.94451e+15 -1.03606e+20 -1.78133e+18 -3.12797e+10  8.46434e+14   5.1148e+17  -9.5264e+14  -2.1239e+20  1.57849e+15  4.60672e+18   -2.689e+19 -1.62255e+18 -1.06035e+11  1.89055e+28 -6.38076e+14  1.51607e+13  8.07122e+19  -1.2538e+19  3.10048e+21 -4.82138e+20
-1.10255e+23  1.27458e+27  8.58021e+27            0 -4.00575e+22  9.63697e+23            0            0  1.03495e+19 -4.29132e+18 -3.05555e+17            0            0 -2.64523e+17            0  2.62183e+25            0            0 -1.61675e+18  2.77816e+24 -2.39027e+26            0            0  1.47655e+15  2.18721e+08            0            0  5.93177e+22            0            0            0 -1.31452e+07            0            0 -6.47721e+13            0 -8.97542e+18            0 -1.08292e+21            0  -2.0183e+18            0 -7.34662e+26            0            0  4.88371e+22 -8.73246e+21            0  1.18001e+18            0            0            0            0            0            0            0            0            0            0 -1.68141e+23            0  1.55116e+07            0            0  -1.0472e+07 -8.37891e+23            0  6.94402e+19            0 -1.46714e+13            0            0            0   1.4502e+14            0  3.17202e+17            0            0            0            0            0            0            0            0            0            0            0  2.29704e+26            0            0            0            0  7.49945e+18 -2.91217e+19
 2.46544e+11  1.10192e+17            0  1.31503e+07 -3.09867e+13            0            0     -3.42411            0 -3.26107e+06 -3.79003e+07 -3.74765e+08            0 -2.69094e+06       295093  2.99236e+15            0     -65953.3            0  6.67339e+12  -2.6152e+16            0 -5.26515e+07     -44565.5            0  4.02986e+06 -1.63483e+07  2.35138e+11  4.58018e+07     -1368.47      -112526   0.00038639 -3.20302e+11            0     -5575.36            0 -2.71956e+09      4793.87 -3.10088e+09  7.72443e+06            0            0 -1.57139e+16  1.39386e+08  1.22459e+07  1.54546e+14  5.09033e+11            0 -4.00801e+07 -2.53667e+06 -5.57522e+07  7.90162e+07            0  3.36627e+06            0     -98413.7 -0.000356991            0      -277214 -1.36799e+13            0   0.00161644            0            0  -0.00327367            0  -0.00642282  7.94312e+08            0            0  3.21215e+07 -6.72309e+06    -0.620482     -2287.17            0 -6.13687e+08 -4.99082e+06   -0.0184239      1147.76  3.04844e+06      -257992            0            0  3.60683e+07 -2.87856e+09       343802   -0.0012884  3.27343e+16      -113.37      417.319            0 -1.43206e+07  1.21525e+09  1.32323e+08
-8.36201e+19  -7.0738e+25 -4.00575e+22 -3.09867e+13   5.4044e+22 -5.55538e+20  4.12159e+14 -9.59015e+09  -2.4298e+16   3.0284e+16  7.73589e+15  1.51412e+15  8.72237e+19 -1.19197e+16  4.54287e+12 -9.48747e+23  -7.4609e+16  4.09596e+11  2.23217e+16 -1.14147e+21  1.81164e+25 -8.60644e+15 -1.34696e+15  5.54438e+12 -2.41069e+07 -7.13374e+13    9.751e+13   3.8494e+21   3.7468e+13  8.68863e+11 -5.20685e+13 -1.16551e+06    1.813e+21  8.38231e+11  4.02948e+11  6.48145e+17  1.46199e+18  2.32901e+10  6.99134e+18  3.69675e+14 -1.88813e+16  1.78432e+14  9.95494e+24 -2.14755e+17  1.23567e+15 -8.81853e+22 -1.39069e+20 -2.41129e+14  1.83858e+15  1.86845e+14 -2.23525e+15  1.28575e+14 -4.60926e+16 -4.69829e+13 -8.93192e+06 -7.33653e+13       539125  4.98998e+11   1.2549e+11   6.8244e+20  1.71366e+21      -773708  2.00211e+16      7724.91   6.8368e+06  3.30587e+20  2.17261e+06  3.07404e+18  2.11572e+06   8.4067e+12  1.49647e+17 -1.11295e+17  9.72447e+09 -1.58818e+10  5.40886e+10  1.65775e+16 -2.92172e+14  1.09714e+07 -2.26774e+11  3.90372e+13  6.33844e+10  5.73807e+16 -3.13471e+11  2.32094e+14 -9.02051e+14 -8.72699e+13   2.0698e+07   -9.749e+24  1.23767e+11 -1.55291e+09 -2.03769e+16  4.56626e+15 -3.77363e+17   1.0727e+17
 4.69746e+20    3.035e+24  9.63697e+23            0 -5.55538e+20   3.2332e+22            0            0  1.34064e+16 -6.46666e+15            0            0            0  -4.9845e+14            0  4.27348e+22            0            0  -8.2609e+15  2.06057e+21 -6.23522e+23  1.37476e+17            0 -9.75391e+12 -2.15778e+06            0            0  4.90619e+20            0            0            0            0            0 -3.06218e+12 -4.42722e+10            0 -1.21652e+17            0 -2.93679e+18  2.50789e+13  7.94132e+16            0 -1.74503e+24            0            0  6.07662e+20 -1.27947e+19            0  1.77708e+14            0            0            0            0            0            0            0            0            0            0 -3.24353e+20 -3.48634e+21      32508.8  -6.7763e+15            0       525168            0            0  1.17325e+17            0            0            0            0            0  5.71105e+10            0            0            0            0            0            0            0            0            0            0            0            0            0 -1.74082e+23            0            0            0            0  2.39093e+16  -1.4046e+17
           0 -2.30401e+18            0            0  4.12159e+14            0  2.92853e+10     -1017.56            0            0            0            0            0 -5.16376e+08 -8.12239e+06  8.22348e+16  2.07303e+09       381249            0 -1.00669e+15  3.97704e+18            0 -8.39618e+09            0      1.05136  -8.1282e+07            0   9.3047e+14            0            0            0            0            0            0            0            0  1.06672e+11            0            0            0            0            0  2.69772e+17            0            0   2.5247e+15  3.21738e+13            0            0 -1.94145e+08            0            0            0 -1.89184e+08            0 -2.55021e+08    -0.467181            0 -1.94963e+06 -4.97732e+13            0    0.0467099            0   0.00175799     0.173468            0            0   2.8731e+11            0            0            0 -7.68582e+08            0            0            0            0            0      0.18803            0  1.42108e+08            0            0            0  2.07309e+09            0            0            0   1.8853e+17     -13036.4            0            0            0 -6.23119e+10   1.2122e+10
           0 -4.20235e+14            0     -3.42411 -9.59015e+09            0     -1017.56      6.00051     -20239.4      35030.7      26253.3      8118.33  7.61418e+07      -114221            0 -9.63564e+12     -78283.1      2.97119            0  5.31225e+10  5.86268e+13            0     -2807.02      6.93856 -3.59888e-05      21.7342      21.0156  4.88027e+09      2315.22            0     -329.738  -1.2296e-06  4.59924e+10            0      1.20477            0 -7.89348e+06    -0.248481      -516998      1654.23      -202833      2743.25 -4.69721e+13      -180462      -1608.5  -8.4308e+10  1.53858e+09     -1876.76      4127.82      676.849     -5379.97            0            0      364.115  4.01024e-06      99.2234 -2.90069e-06            0     -8.21932   4.6149e+10  4.12135e+10 -4.00996e-06            0 -7.63991e-09   -0.0001087  1.43797e+08  1.75543e-06  3.45676e+07  3.56872e-06    -0.380398     -10733.7      8278.51    0.0113042     0.423265            0      28109.5            0  7.15534e-06    -0.132813      345.389            0            0   -0.0587909      3321.45            0     -1183.64  0.000318393 -5.22071e+13     0.285491            0            0      462.146 -2.90963e+06 -1.29803e+06
 -5.1969e+15  1.55836e+20  1.03495e+19            0  -2.4298e+16  1.34064e+16            0     -20239.4   4.3231e+12 -9.62343e+11 -3.11708e+09            0 -5.03746e+13 -5.67961e+09            0   3.2865e+18  8.10323e+10            0 -6.48106e+11  8.94913e+16 -2.96108e+19  8.78086e+10            0  -3.0873e+08      7.59597            0            0  5.62962e+15            0            0            0      2.42172  -2.3292e+15 -1.92611e+07 -1.06296e+07            0 -1.24764e+11            0 -3.16536e+14            0  1.29028e+12            0 -2.47493e+19   2.8904e+11            0  1.12355e+17 -6.02556e+14  1.46342e+09 -5.37811e+10            0            0            0 -5.85393e+11            0            0 -2.08249e+07    -0.715381  -5.1893e+06            0 -1.62752e+16 -3.75306e+16      1.67653 -2.60415e+12  -0.00132873       8.5964 -8.88691e+15            0  2.91328e+12     -5.61019       538748            0            0     -20344.5  5.28624e+06            0  3.23559e+09  8.84085e+07     -18.7503            0            0            0 -1.74607e+09  3.76545e+06            0 -1.13394e+10            0     -13.6594  1.95572e+19     -89047.4      2174.32  4.07683e+08 -6.22083e+08  1.12031e+12 -1.31498e+12
 2.44632e+16 -1.65013e+20 -4.29132e+18 -3.26107e+06   3.0284e+16 -6.46666e+15            0      35030.7 -9.62343e+11  1.87857e+12   3.9071e+09            0 -2.82945e+14  1.06116e+10            0 -2.98716e+18 -1.85891e+10      -383458  1.35834e+11 -6.49941e+16  3.40116e+19 -1.50965e+11            0   1.1166e+07     -36.9215            0            0 -8.04032e+15            0      -613025            0     -1.12856  8.55204e+14    2.626e+07  4.33705e+06            0  -6.3377e+11            0  4.32289e+14            0  -1.0223e+12   1.2464e+09  1.66203e+19 -4.58776e+11            0 -1.15886e+17  6.24358e+14 -2.46606e+09 -1.83629e+10            0            0            0  6.84445e+11            0      2.79079  4.70425e+07    -0.590539  1.69531e+06            0  1.70497e+16  3.78702e+17     -1.70237  5.28583e+11  -0.00158597     -2.19454  2.62412e+16            0 -4.82178e+12     0.671291  2.92667e+06 -1.38094e+10            0        19445 -3.77152e+06  2.80043e+07  -4.0558e+09  9.39192e+08      55.9313            0            0            0 -1.85301e+10      -969670            0  6.97888e+09            0      6.18262 -2.10209e+18      35125.8     -439.855   4.3272e+09  1.72814e+09 -1.15852e+12  2.35304e+11
           0 -2.91703e+19 -3.05555e+17 -3.79003e+07  7.73589e+15            0            0      26253.3 -3.11708e+09   3.9071e+09  1.66229e+12  4.58655e+10            0  1.06635e+09  1.35989e+09 -3.71115e+17            0  6.89073e+07            0   4.6501e+15  1.18218e+19            0 -2.80756e+09      -934293            0  2.26366e+09 -1.18935e+08 -5.65641e+15  2.23302e+10  4.98591e+07 -3.20003e+09    -0.168812            0            0            0 -4.41268e+12   1.0427e+12 -2.12505e+07            0  -5.4886e+08            0            0  5.12818e+18 -1.18482e+11  8.21534e+09 -1.24526e+16  7.09157e+13            0 -8.28518e+08 -1.23126e+10 -1.15646e+11  -5.9541e+10            0  2.02509e+09            0   7.4531e+09            0            0 -1.18796e+08  2.33741e+15            0    -0.238072            0  4.25351e-05     -9.99162  2.28685e+15            0  9.41782e+10    0.0604465            0            0            0            0  9.45249e+06            0  8.11878e+11  7.41038e+10            0 -8.50592e+06 -9.24958e+08 -2.99289e+06            0            0 -3.30323e+10 -1.21691e+10   1.6254e+09            0  6.54414e+18      17482.3       125301            0            0 -2.54008e+11 -1.05808e+10
           0 -7.38835e+18            0 -3.74765e+08  1.51412e+15            0            0      8118.33            0            0  4.58655e+10  3.11244e+11            0  2.50417e+07  6.71441e+08 -3.05168e+17            0   9.9121e+06            0  9.56125e+14  1.68956e+18            0  6.02132e+09      -665967    -0.162147  9.31396e+08  4.49236e+08 -2.43443e+15  1.05933e+10  1.93241e+07  -1.7199e+09     0.174089  7.59422e+14            0       -83318  2.06369e+13  4.53063e+10      -815481            0  3.79157e+09            0            0  3.69174e+17  7.68174e+09  3.74412e+10 -1.25691e+16 -4.91431e+12            0 -5.98939e+08 -5.01425e+09 -2.26019e+10   3.8219e+10            0 -1.56617e+09            0 -8.08596e+08     0.864633      -193148 -1.73861e+08  6.98503e+14            0   -0.0722817            0  -0.00382482     -3.57197 -1.12608e+14            0  2.07062e+11            0            0            0            0     -330.214  2.36117e+06            0  6.09709e+10  2.37299e+10       3.2478            0 -1.51601e+08  1.26328e+07            0            0 -8.07763e+09 -1.18365e+11 -3.73542e+09      5.93979  4.08633e+18      17480.7     -98897.7            0  2.47972e+09 -6.19277e+10 -2.56006e+10
 2.59265e+19 -7.07381e+23            0            0  8.72237e+19            0            0  7.61418e+07 -5.03746e+13 -2.82945e+14            0            0  4.52709e+20  1.06342e+14 -3.05272e+10 -1.07267e+22  1.28859e+15  4.26348e+09            0  7.83151e+19  1.52841e+23 -9.79253e+13            0            0       586122   1.2658e+12            0 -3.97354e+19  5.93132e+12            0  1.48068e+12     -6333.91            0  -3.5316e+10  -4.4446e+09            0 -1.04011e+16            0  8.25609e+15            0  1.35216e+14            0  1.86837e+22 -2.93706e+16  3.20198e+13 -3.30041e+20  2.95977e+18   9.0342e+11            0            0            0            0  5.12165e+15 -1.81473e+10      65265.9  5.25143e+12            0  3.90745e+11            0  8.40011e+19            0     -7242.04            0     -88.2473       -65539  1.35213e+19      -139838 -2.60364e+16     -15566.6  1.42452e+10            0            0  5.64882e+09 -7.87607e+08            0            0  2.24823e+13        42340            0  7.62556e+11            0 -3.00459e+13 -1.10792e+11 -3.01325e+12            0            0            0   1.8376e+23  -4.8556e+08            0  5.45107e+12  1.39189e+14 -5.78834e+15  -3.5553e+15
 3.28017e+14  7.87769e+19 -2.64523e+17 -2.69094e+06 -1.19197e+16  -4.9845e+14 -5.16376e+08      -114221 -5.67961e+09  1.06116e+10  1.06635e+09  2.50417e+07  1.06342e+14  3.75909e+10  2.94135e+07  1.54233e+18 -4.68512e+10  1.98372e+06  1.19317e+10 -1.22818e+14 -1.00984e+19 -4.05796e+09  4.39445e+08  4.53463e+06     -16.8393  9.54426e+07 -3.88848e+06 -2.76298e+15  5.29168e+08  2.42206e+06 -2.96645e+08      2.20204 -6.53983e+14       141148       152179   6.6147e+11 -1.39118e+11      26295.2  4.04971e+12  2.63448e+08 -3.61174e+09  2.70382e+08   2.4764e+18 -1.08418e+11   5.0994e+09  4.78406e+16 -1.15026e+14  8.60828e+07  4.22954e+08 -1.91034e+08 -6.97231e+08 -4.86082e+08 -6.76644e+10  7.42112e+07      6.53207  1.24394e+08      4.19445       421192 -4.27792e+06 -7.75342e+15  6.21635e+15     0.870763  2.77176e+10   0.00624258      27.4439  3.96691e+14      1.28574 -7.43774e+12   -0.0187787  4.03489e+06 -8.60815e+10  5.06436e+10      4899.31       298707       244240  3.44207e+09  6.76125e+08      5.19222     -12641.8 -7.50344e+07      2484.07 -3.52364e+10       -17137 -9.31283e+08  1.50829e+09  2.60904e+08      -4.5857   1.2303e+19      93120.2     -82.2879  1.29772e+10  1.85235e+09  5.43144e+11 -6.23902e+10
           0 -7.60553e+16            0       295093  4.54287e+12            0 -8.12239e+06            0            0            0  1.35989e+09  6.71441e+08 -3.05272e+10  2.94135e+07  4.16861e+07 -4.10753e+15            0       925986            0  1.29355e+12  1.52426e+16            0  2.06051e+08      -2452.8  -0.00923914  1.90894e+07      -885876  -2.0553e+13  1.98665e+08       988662 -1.61875e+08            0            0            0      -307.05 -5.01422e+11 -1.53406e+08      9167.23            0  1.50793e+07            0            0 -8.72593e+15 -1.19668e+08  1.79206e+09 -2.27658e+14   5.3021e+11            0 -2.20578e+06  -9.4099e+07 -8.49308e+08  1.17007e+09            0  1.01895e+07  -0.00053477 -1.43701e+07    0.0265378            0   -2.263e+06  1.08943e+13            0 -0.000251086            0   8.2423e-05   -0.0671085  -1.8639e+12            0 -8.54009e+09   0.00279131            0            0            0      2.41369      94203.7            0 -6.63619e+08  1.49426e+08     0.141318            0 -2.73368e+07      12287.1            0            0 -2.73673e+08 -2.66708e+08  2.71954e+08            0  9.84617e+16      74.1906      108.665            0            0 -1.75485e+08 -6.72131e+08
 -3.1025e+22  6.44882e+27  2.62183e+25  2.99236e+15 -9.48747e+23  4.27348e+22  8.22348e+16 -9.63564e+12   3.2865e+18 -2.98716e+18 -3.71115e+17 -3.05168e+17 -1.07267e+22  1.54233e+18 -4.10753e+15  9.26326e+26  7.39803e+18 -3.60782e+14 -2.09465e+18  2.45494e+23 -4.01009e+26  1.51104e+18  7.66927e+16 -6.68637e+14  2.39746e+09 -1.14906e+16 -8.44445e+15 -9.89453e+23 -8.61808e+16  -4.0798e+14  4.48314e+16  1.97634e+08 -3.07007e+23 -6.63006e+13 -5.75237e+13 -9.86796e+19 -1.11624e+20 -1.94147e+13 -9.85123e+20 -3.63776e+16  3.37389e+18 -6.33116e+16 -1.16117e+27  1.79177e+19 -7.58595e+17  1.51274e+25 -2.27891e+22  5.92251e+16 -4.22849e+17  3.65721e+16  1.81155e+17  6.63948e+15  1.49975e+19 -9.34293e+15  1.65815e+09 -1.40676e+16 -7.86544e+08 -9.65349e+12  6.58078e+14 -1.75452e+23 -3.23468e+22  6.04242e+07 -3.54466e+18 -4.72525e+06 -1.96267e+09 -6.30912e+22 -1.39837e+08 -4.58279e+20 -7.93897e+07 -1.29824e+15 -2.08917e+18  8.77499e+15 -5.02913e+11 -4.70389e+13 -8.56494e+13 -1.59369e+18 -1.18308e+17  4.50292e+09  5.79614e+12  1.26698e+16  -6.2215e+13  1.62944e+18  4.97851e+13  1.03169e+17 -8.68096e+17 -5.58421e+16 -3.12477e+09  1.51885e+27 -1.14084e+13  4.95637e+11 -9.98453e+17 -2.60604e+17  7.73245e+19 -6.13947e+18
-2.06001e+14  3.46958e+20            0            0  -7.4609e+16            0  2.07303e+09     -78283.1  8.10323e+10 -1.85891e+10            0            0  1.28859e+15 -4.68512e+10            0  7.39803e+18  1.28965e+13            0 -8.32868e+10 -3.85075e+16 -7.41471e+19  2.14809e+11            0 -5.76569e+07      756.842            0            0  1.17824e+16            0            0            0     0.142842 -1.12101e+15            0 -1.75841e+06            0 -3.16657e+13            0  -1.4268e+12            0            0            0 -3.43419e+20  3.16351e+12            0  2.10747e+17 -1.21187e+15  4.62905e+08 -4.17895e+10            0            0            0  -6.7262e+11            0     -10.3722 -1.05985e+08     -3.19446            0            0 -3.60021e+16  -2.8856e+16      4.01804 -6.88654e+10    0.0335658      9.19018  4.11329e+14     -64.9681  1.42787e+13     -2.61783 -1.12142e+07            0            0        15762       121198      -520008            0            0     -126.292            0            0            0  6.99142e+09            0            0            0            0     -18.6536   1.4513e+18 -5.44072e+06            0  -8.1102e+09  1.78359e+09  2.86563e+12  3.68549e+11
           0 -9.65005e+15            0     -65953.3  4.09596e+11            0       381249      2.97119            0      -383458  6.89073e+07   9.9121e+06  4.26348e+09  1.98372e+06       925986 -3.60782e+14            0      94064.9            0  1.63365e+11  1.03429e+15            0 -1.09783e+07            0 -0.000329895      -237723      78020.3 -2.13602e+12  1.65717e+07      70377.3 -5.66404e+06  1.82239e-05  2.17929e+11            0            0 -4.07945e+09  4.07704e+07      224.983            0  3.69651e+06            0            0  1.38414e+14      -484862  8.95347e+07  -1.2807e+13  2.73341e+10            0            0  -4.5186e+06 -3.23808e+07 -4.52311e+07            0  1.13052e+06            0  3.73779e+06  0.000270668            0     -95923.1  8.86062e+11            0 -8.97604e-05            0  3.08408e-06   0.00147541 -8.43513e+10            0 -4.55613e+08  9.32185e-06            0            0            0    0.0550343      7093.15     -474.929  2.94276e+07 -1.72057e+06   0.00236252            0 -1.45118e+06      4449.03            0            0 -3.36395e+07  3.75231e+06  9.38444e+06   0.00170452 -7.85394e+14      14.9251     -6.44669            0       240785 -5.05303e+07  -4.0614e+07
-7.83956e+15 -1.07705e+20 -1.61675e+18            0  2.23217e+16  -8.2609e+15            0            0 -6.48106e+11  1.35834e+11            0            0            0  1.19317e+10            0 -2.09465e+18 -8.32868e+10            0  2.27794e+13 -2.21518e+16   2.4991e+19            0            0  6.17908e+08      8.38939            0            0 -7.74443e+15            0            0            0     0.074912  2.56303e+15            0  2.95338e+07            0 -2.33253e+11            0  2.28838e+14            0 -2.64635e+10            0  3.69348e+19 -2.15633e+11            0 -7.09925e+16  2.29422e+14            0  4.77369e+11            0            0            0            0            0      9.26134            0     0.527226            0            0  9.21805e+15  3.37315e+16     -1.29752            0    0.0103585       20.108  1.31856e+16            0 -5.24413e+12            0  4.21173e+07            0            0      1351.18      -406836            0            0            0      12.8625            0            0            0            0            0            0            0            0      5.55016 -2.17609e+19            0            0            0            0 -7.73388e+11  1.63543e+12
-6.04697e+20  1.60085e+25  2.77816e+24  6.67339e+12 -1.14147e+21  2.06057e+21 -1.00669e+15  5.31225e+10  8.94913e+16 -6.49941e+16   4.6501e+15  9.56125e+14  7.83151e+19 -1.22818e+14  1.29355e+12  2.45494e+23 -3.85075e+16  1.63365e+11 -2.21518e+16  3.07455e+22 -1.74591e+23 -2.16467e+15   1.3763e+15 -3.25943e+13 -1.38467e+07  -5.7865e+12  1.93696e+13 -3.97269e+21  1.58616e+14  1.21472e+12  2.45202e+14 -1.04172e+06  1.71591e+21 -2.53817e+12 -7.49516e+11  2.30068e+17 -1.03316e+18 -5.48896e+10 -1.53277e+19 -9.25096e+13  4.59586e+16  2.88023e+14 -7.46837e+24 -9.95561e+16   2.9012e+14  3.89899e+21  -6.5861e+19 -6.31175e+13  -4.1591e+14  1.99091e+14 -1.56999e+15 -1.55086e+15 -4.93331e+16 -6.33316e+12  6.58004e+06  4.64284e+13  3.54164e+06  5.39616e+11 -6.29251e+11   -1.551e+21  3.22577e+21       114846 -3.40571e+16      3654.07  1.01827e+07 -1.98839e+21  1.01443e+06 -2.56104e+17       945910  6.50153e+12 -6.94091e+16    4.255e+16   6.2785e+09  1.16503e+12 -1.65618e+12  8.59907e+15  1.23541e+15    1.182e+07   -6.604e+10 -2.12773e+13 -2.57261e+11 -2.90236e+16  -1.8885e+11 -1.49045e+14 -4.02878e+15 -1.54816e+14  1.66544e+07  6.15839e+23  6.49265e+10  7.31364e+08  1.09663e+16    1.569e+15  1.02927e+17 -2.68988e+17
 2.84745e+23 -6.90189e+28 -2.39027e+26  -2.6152e+16  1.81164e+25 -6.23522e+23  3.97704e+18  5.86268e+13 -2.96108e+19  3.40116e+19  1.18218e+19  1.68956e+18  1.52841e+23 -1.00984e+19  1.52426e+16 -4.01009e+26 -7.41471e+19  1.03429e+15   2.4991e+19 -1.74591e+23  4.91375e+28 -1.24546e+19  8.70358e+17   8.5185e+15 -2.61128e+10  2.06261e+16   7.5792e+16  4.34621e+24   3.2501e+16  1.00061e+15 -2.62389e+17 -1.45185e+09  2.34248e+24  6.45401e+14  5.72673e+14  4.45339e+20  8.60132e+20  2.04594e+14  7.26793e+21  1.71996e+17 -2.92383e+19  4.22074e+17  9.65399e+27 -1.77484e+20  4.03982e+18 -3.67159e+25  1.94861e+23 -4.98377e+17  3.82711e+18  3.04098e+16  1.85849e+18 -1.25218e+18 -2.98782e+19  3.79353e+16 -3.75134e+07  5.82214e+16  5.95218e+08  5.37859e+14 -1.49795e+15  3.97333e+23  7.24213e+24  -9.1041e+07  1.62747e+19  3.94763e+07  9.19731e+09  5.53824e+23  1.75593e+09  2.63941e+21  1.27972e+09  7.47491e+15  2.80686e+20 -1.72858e+20  8.79199e+12  2.57064e+11  7.53849e+14  1.93456e+19  5.95418e+17  1.49422e+10 -1.82825e+14 -5.54958e+16  1.95472e+14  1.39876e+20 -3.23596e+14   -6.368e+17  5.04442e+18  1.16811e+17  1.94473e+10  5.06482e+27  1.21931e+14 -2.56994e+12 -5.73937e+19  3.04032e+18 -4.50304e+20  2.32087e+19
           0  5.45595e+19            0            0 -8.60644e+15  1.37476e+17            0            0  8.78086e+10 -1.50965e+11            0            0 -9.79253e+13 -4.05796e+09            0  1.51104e+18  2.14809e+11            0            0 -2.16467e+15 -1.24546e+19  3.93982e+12            0 -3.78311e+07      28.6776            0            0  2.32209e+15            0            0            0            0            0 -1.36089e+07            0            0  -3.3132e+12            0            0  1.11458e+08  3.42526e+11            0 -3.46788e+19  3.34523e+11            0   5.0691e+16  -1.1365e+14            0            0            0            0            0   2.8571e+13            0            0 -1.58846e+07            0            0            0 -4.54204e+15 -2.24856e+16      0.51465 -4.59118e+11   -0.0167159    -0.236815            0     -11.0748   5.8967e+11     -3.84867  1.14631e+06            0            0     -7561.74            0            0            0            0     -11.6654            0            0            0            0            0            0            0            0            0  8.80393e+18      -274933            0            0 -6.00784e+09  3.90025e+11 -4.65364e+11
           0 -1.31961e+18            0 -5.26515e+07 -1.34696e+15            0 -8.39618e+09     -2807.02            0            0 -2.80756e+09  6.02132e+09            0  4.39445e+08  2.06051e+08  7.66927e+16            0 -1.09783e+07            0   1.3763e+15  8.70358e+17            0  1.68558e+11            0            0  1.44255e+09  4.06899e+07   3.2757e+15 -1.47668e+09 -6.20708e+06    1.813e+09   -0.0514766 -2.62582e+14            0            0 -5.63031e+12 -4.05792e+10       163703            0 -5.61144e+08            0            0  1.53316e+18  3.43293e+09 -4.22248e+09  6.28655e+15  2.29455e+13            0            0  2.15985e+09 -1.59109e+09 -2.48662e+10            0  2.40584e+09            0  3.20691e+09     0.172844            0  3.11649e+07  6.10987e+14            0    -0.015966            0   -0.0002008     -1.27508            0    0.0811856 -2.33116e+11   -0.0649152            0            0            0            0      -560472            0 -7.37515e+10  6.06941e+09            0       369260 -2.14714e+09  3.48059e+06            0            0 -3.67988e+10  9.14446e+09 -1.34987e+09     -2.05377  6.29441e+18            0      3655.21            0            0 -4.32908e+10 -1.11855e+10
-2.41839e+13 -5.02286e+16  1.47655e+15     -44565.5  5.54438e+12 -9.75391e+12            0      6.93856  -3.0873e+08   1.1166e+07      -934293      -665967            0  4.53463e+06      -2452.8 -6.68637e+14 -5.76569e+07            0  6.17908e+08 -3.25943e+13   8.5185e+15 -3.78311e+07            0       934528   0.00054777            0      10089.5 -2.25923e+11      -177584            0            0 -0.000158238  1.12199e+12      4327.96      22353.8            0  5.60503e+08     -49.7085  5.64655e+10     -5364.14 -9.00908e+07            0  1.26443e+16 -2.24801e+08            0 -1.77383e+13  2.39755e+11            0  2.10022e+08     -18853.1      -197635            0  5.15104e+07            0  0.000101046            0  -0.00136821            0            0  5.30478e+12  2.20981e+12 -0.000448224  1.69281e+08  -3.0213e-06 -0.000388395  5.17599e+11   0.00129552   -1.006e+09   0.00220424      346.057            0            0    -0.150124     -1549.03            0  4.94638e+06            0 -0.000699705            0      9672.75     -2621.07            0            0            0 -5.01104e+06            0   0.00610038  1.06882e+15      19.9713     -6.52589            0       338674 -3.84559e+08   1.0525e+09
     -958014  1.42304e+11  2.18721e+08            0 -2.41069e+07 -2.15778e+06      1.05136 -3.59888e-05      7.59597     -36.9215            0    -0.162147       586122     -16.8393  -0.00923914  2.39746e+09      756.842 -0.000329895      8.38939 -1.38467e+07 -2.61128e+10      28.6776            0   0.00054777  1.04454e-06     0.072229   0.00297213 -8.22609e+06    -0.059906            0     0.055527  1.96783e-10     -53235.7  -0.00340004 -0.000851784            0     -9106.14            0      2462.78  -0.00152715     -2.05206    -0.757024 -1.45719e+11      1031.05     0.531839  6.91316e+07      -535383            0     -3.27543            0     0.700175            0      1367.15   -0.0146766 -2.12958e-09   -0.0660097 -4.16225e-11  0.000150251            0  -1.4582e+07  1.11991e+06  1.55282e-09     -16.4749  1.32972e-11  1.13613e-09      -580698 -5.51504e-08       5195.4  -1.2908e-09   -0.0020336            0     -3.16964 -1.08252e-05  5.72258e-05 -0.000571513            0    -0.268149 -3.35467e-08            0    0.0285967            0       5.7367 -0.000154115    -0.239686     -3.85388            0 -5.48554e-09 -5.54721e+09  -0.00244739  7.74725e-07     0.235586     -13.2271      1082.23      263.905
           0 -3.53568e+17            0  4.02986e+06 -7.13374e+13            0  -8.1282e+07      21.7342            0            0  2.26366e+09  9.31396e+08   1.2658e+12  9.54426e+07  1.90894e+07 -1.14906e+16            0      -237723            0  -5.7865e+12  2.06261e+16            0  1.44255e+09            0     0.072229  8.40957e+08 -6.22033e+06   2.1741e+12 -2.30835e+08  1.27436e+06   7.6471e+07            0            0            0            0  -3.6046e+11  1.37896e+10     -17254.7            0  5.52057e+07            0            0  6.06682e+16  1.14586e+09  8.02333e+09 -1.72805e+14  1.70076e+12            0            0 -3.22289e+07 -1.77263e+09 -2.68585e+09            0 -1.05109e+07            0 -2.07359e+08   -0.0430904            0 -3.17244e+06  4.98455e+13            0  -0.00406604            0  0.000389198     0.173847            0   -0.0279641 -2.20254e+10  -0.00500738            0            0            0      -4.7289       338445            0  1.30143e+09  2.82831e+09   -0.0140982            0 -3.20041e+08     -16059.9            0            0  6.78808e+08 -4.86227e+08  1.01411e+09            0 -4.40988e+16      3282.08     -908.784            0            0  -2.9051e+09 -2.40614e+09
           0 -2.70784e+17            0 -1.63483e+07    9.751e+13            0            0      21.0156            0            0 -1.18935e+08  4.49236e+08            0 -3.88848e+06      -885876 -8.44445e+15            0      78020.3            0  1.93696e+13   7.5792e+16            0  4.06899e+07      10089.5   0.00297213 -6.22033e+06  8.13598e+07  9.28465e+12 -2.10653e+07       -64192  -7.4651e+06 -0.000536806            0            0       1262.3  2.09591e+10  7.12632e+09     -17573.2            0  1.51997e+07            0            0  1.92514e+16 -2.27076e+08  3.15832e+07 -4.32692e+14 -1.67064e+12            0  9.07405e+06  4.28364e+06  8.33829e+07  2.38895e+08            0 -5.74409e+06            0  -3.9612e+06            0      3540.25      -170917  3.16265e+13            0  -0.00368167            0            0     0.063283            0     0.011946  4.01332e+09            0            0            0            0      6.05256      8397.31            0  1.29404e+09    9.688e+07    0.0243263            0 -2.47841e+06       213991            0            0  7.72798e+06  2.31008e+09 -4.59559e+07            0 -5.22868e+16      593.258     -1757.21            0  8.41555e+07 -2.90133e+09 -6.21403e+08
 3.19818e+20 -6.50034e+25  5.93177e+22  2.35138e+11   3.8494e+21  4.90619e+20   9.3047e+14  4.88027e+09  5.62962e+15 -8.04032e+15 -5.65641e+15 -2.43443e+15 -3.97354e+19 -2.76298e+15  -2.0553e+13 -9.89453e+23  1.17824e+16 -2.13602e+12 -7.74443e+15 -3.97269e+21  4.34621e+24  2.32209e+15   3.2757e+15 -2.25923e+11 -8.22609e+06   2.1741e+12  9.28465e+12   7.8998e+22 -2.64404e+14 -9.84699e+11   7.2195e+13       615850 -1.13171e+21 -8.85097e+10  1.53244e+11  1.82047e+15  1.08139e+18  1.68069e+11 -1.56983e+18 -1.84883e+14  1.43638e+16  3.31163e+15  7.32661e+24 -3.64265e+16  5.15734e+14 -2.03313e+22  2.08686e+20 -6.14839e+14  1.49336e+14 -3.26835e+13   1.5789e+15   2.8971e+15 -5.85366e+16  6.95527e+13 -6.23205e+06  1.13944e+14 -3.07913e+06 -3.22588e+11  2.49744e+12  7.22786e+21  -7.3329e+21      -548331 -5.92281e+15     -15469.9  9.91152e+07 -2.89343e+20      -924779  7.00089e+17  4.79211e+06  1.41203e+13  6.24734e+16 -2.88431e+16  2.67214e+09 -1.33952e+11 -4.95181e+11 -3.02144e+15 -8.50487e+13  3.02874e+06  9.29974e+10 -9.03614e+13  5.88617e+11  3.55871e+16 -8.91801e+10  -2.4282e+14  7.97439e+15 -2.33485e+14  -1.6374e+07 -8.48934e+23  -1.7925e+09 -1.10109e+09 -9.61787e+15 -1.59183e+14 -4.14096e+17  1.06683e+17
           0 -1.54442e+18            0  4.58018e+07   3.7468e+13            0            0      2315.22            0            0  2.23302e+10  1.05933e+10  5.93132e+12  5.29168e+08  1.98665e+08 -8.61808e+16            0  1.65717e+07            0  1.58616e+14   3.2501e+16            0 -1.47668e+09      -177584    -0.059906 -2.30835e+08 -2.10653e+07 -2.64404e+14  7.53348e+09  1.53956e+07 -1.06406e+09    0.0287956  1.93967e+14            0     -22214.5   2.9851e+11 -5.75431e+10     -10782.2            0  1.41665e+09            0            0 -2.31113e+17  1.22367e+09  1.39338e+10 -2.02099e+15  7.40731e+12            0 -1.59713e+08 -1.46375e+09 -1.21999e+10    2.344e+09            0  2.44401e+08            0  6.89828e+08   -0.0511885            0 -3.69722e+07  1.11086e+14            0   -0.0181664            0   0.00209876     0.613861 -1.69028e+13   -0.0529068 -9.55907e+10    -0.041682      31295.8            0            0      61.2509   1.6717e+06            0  1.35832e+10  2.30277e+08     0.219144     -62672.9 -4.22853e+08      -643916            0            0 -5.01234e+09 -5.47047e+09   1.3237e+09      1.51711  3.00937e+17     -3973.14      2643.61            0  2.51326e+07 -3.96471e+09 -1.11712e+10
           0 -1.17176e+16            0     -1368.47  8.68863e+11            0            0            0            0      -613025  4.98591e+07  1.93241e+07            0  2.42206e+06       988662  -4.0798e+14            0      70377.3            0  1.21472e+12  1.00061e+15            0 -6.20708e+06            0            0  1.27436e+06       -64192 -9.84699e+11  1.53956e+07       158202 -1.98536e+06            0            0            0            0  2.81457e+10  9.67012e+07     -95.2313            0  2.42805e+06            0            0 -1.42679e+14            0  7.03346e+07 -1.56717e+13  3.35332e+10            0            0 -2.39005e+06 -3.99306e+07 -1.70373e+07            0  1.04445e+06            0  2.75944e+06  0.000233992            0      -103458  1.09938e+12            0 -0.000132322            0   2.2695e-06   0.00234625 -2.38636e+10            0 -6.00606e+08  2.34498e-05            0            0            0            0      7924.58     -759.345  7.31231e+06  1.43131e+07   0.00177635            0  -3.2051e+06     -415.219            0            0 -2.16186e+07  2.11468e+06  1.32994e+07            0 -9.35377e+14      23.5461       6.9034            0            0 -8.22599e+07 -3.92289e+07
           0  1.91273e+18            0      -112526 -5.20685e+13            0            0     -329.738            0            0 -3.20003e+09  -1.7199e+09  1.48068e+12 -2.96645e+08 -1.61875e+08  4.48314e+16            0 -5.66404e+06            0  2.45202e+14 -2.62389e+17            0    1.813e+09            0     0.055527   7.6471e+07  -7.4651e+06   7.2195e+13 -1.06406e+09 -1.98536e+06  5.49359e+09  -0.00604693  -3.0845e+13            0            0  1.51594e+12  1.47361e+10      23654.2            0  1.47529e+08            0            0 -3.62451e+17  2.94857e+08 -4.92656e+10   4.7198e+14 -7.49951e+12            0            0  4.53745e+08  5.27032e+09  -2.9631e+10            0 -4.00576e+08            0  5.04784e+08    0.0244337            0   1.7064e+07 -1.55648e+14            0    0.0103225            0 -0.000563977    -0.307892  5.24084e+12   -0.0121544  5.14627e+10            0     -7306.04            0            0            0      -810454            0  2.67764e+09  5.31786e+09   -0.0493407     -18019.6 -1.29471e+08     -84558.2            0            0  1.48284e+09  5.77123e+08  -2.8267e+09    -0.241253 -2.90706e+17     -342.701      108.096            0 -6.17278e+06  1.07158e+10  7.65596e+09
    -10359.7  9.21043e+09 -1.31452e+07   0.00038639 -1.16551e+06            0            0  -1.2296e-06      2.42172     -1.12856    -0.168812     0.174089     -6333.91      2.20204            0  1.97634e+08     0.142842  1.82239e-05     0.074912 -1.04172e+06 -1.45185e+09            0   -0.0514766 -0.000158238  1.96783e-10            0 -0.000536806       615850    0.0287956            0  -0.00604693  3.52335e-09       813686            0 -1.96409e-06            0      112.041            0      -390.07    0.0303361      4.43598   0.00718035 -7.51629e+08      9.64211    0.0409795  5.61974e+06       -10676    0.0699759      0.14571  -0.00445168    0.0272768            0            0   0.00739025 -6.03639e-11            0 -1.59814e-11 -2.38038e-05  -0.00015073      -893656            0  1.07775e-10            0 -1.66844e-14   3.0408e-09            0 -1.76517e-11     -1047.08 -8.52505e-11 -3.01698e-05     0.395315    -0.251889 -1.72731e-07   1.5533e-05  -0.00013206    -0.165836   -0.0915848  -9.3585e-10   8.9479e-06   0.00429965  2.49592e-05            0  4.02525e-05    0.0804932     -0.76402   -0.0217063 -4.15767e-10    1.673e+09 -1.54598e-06 -6.93642e-09    -0.109945   -0.0565767      68.7601      19.0248
