 1.96134e+15 -9.73413e+13 -2.65109e+14  1.91776e+06 -8.14224e+19   4.9695e+12            0            0 -5.29445e+10  1.28424e+09            0            0  1.65176e+13  3.38754e+07            0 -4.84882e+13  5.18187e+09            0 -1.64257e+11 -5.33849e+12  6.52797e+17            0            0 -7.56926e+08     -254.171            0            0  2.33782e+16            0            0            0     -2.73246 -2.78347e+12  9.13714e+07 -1.56875e+07            0 -7.58051e+11            0 -1.09304e+13            0 -9.75904e+11   2.5263e+07  1.66907e+15  1.08488e+12            0 -3.63247e+17  1.10028e+12 -2.71889e+08 -2.95595e+09            0            0            0            0            0  6.59414e+17 -1.64885e+07     -6.35959            0            0  1.61243e+12  1.05376e+14   -8.821e+10  5.86624e+10 -4.95562e+18      171.922  7.00299e+13      9.80014 -3.83211e+11     -15.2588  3.12267e+06            0            0       105095 -3.36968e+06  2.64674e+06            0            0      121.173            0            0            0            0            0            0 -1.90561e+07            0     -119.293  2.90288e+16      22367.5       -37323            0  1.40848e+06 -9.91749e+10  2.29637e+11
-9.73413e+13  1.70228e+16  1.92987e+14  3.43358e+08   6.5995e+21  1.12156e+13 -3.51938e+08 -3.52347e+06   5.6777e+11 -2.49127e+09 -2.05878e+10  -4.4864e+09 -1.23588e+14   3.4893e+09  9.14856e+07  1.84705e+15  9.06396e+11  -1.1293e+08 -7.93734e+11  4.58118e+13 -1.31984e+20  8.22782e+09 -6.70296e+09 -4.74674e+08      10909.3 -3.13654e+08 -2.92283e+08  6.99602e+18 -2.71313e+08 -8.17001e+07   1.8242e+09      896.448 -5.02905e+14 -6.40208e+07 -5.64865e+07  -1.0877e+11 -1.59758e+13 -9.59889e+07 -4.64089e+13 -1.22324e+09  1.10449e+12 -6.21517e+08 -1.68181e+17  7.77732e+13  -3.0653e+09  8.98961e+19 -4.38168e+13  2.09871e+09 -8.83905e+09 -2.77755e+08  2.21598e+09 -1.66117e+09  9.81653e+10 -1.02011e+09  1.02455e+21 -1.64627e+09      619.902 -1.52608e+07  5.03419e+07 -1.66086e+14 -2.65778e+13  1.85465e+13 -5.64448e+11  3.36724e+20     -475.332 -6.97294e+13     -750.403  -2.7272e+13     -811.066 -5.33673e+08  -1.1626e+13  2.33437e+13  -5.0606e+06 -1.35365e+07 -9.44191e+07 -3.52693e+10 -2.08675e+07      1615.65  3.88542e+07  1.13338e+09 -1.15293e+07  -4.8006e+12  1.85586e+08  7.07651e+09 -1.94374e+09 -3.65462e+09     -29874.2 -2.13304e+16 -1.20941e+06  5.07501e+06   7.2145e+08 -2.26569e+08  7.27773e+12 -1.32995e+13
-2.65109e+14  1.92987e+14  5.97938e+16            0  3.41806e+20  4.32955e+13            0            0  3.22988e+11 -5.04966e+08 -5.19158e+09            0            0 -1.36997e+08            0  2.62754e+13            0            0 -2.42474e+11  1.36472e+14 -3.42248e+18            0            0  1.12661e+09      189.632            0            0  5.69361e+15            0            0 -1.81937e+08     -33.0817            0   1.1987e+08  7.37067e+06            0  -8.6749e+11            0 -7.04933e+12            0 -5.26667e+11  6.18526e+06 -8.68016e+15            0            0 -1.69884e+18  -5.2197e+12            0  1.37768e+10            0            0            0            0            0 -3.40281e+18            0     -42.1265            0            0 -8.07337e+12            0  5.87131e+11  7.14568e+10 -1.52972e+19     -238.212 -4.84138e+14            0  9.66904e+11            0 -3.43013e+06            0            0            0  8.94144e+07            0  2.47657e+09            0            0            0            0            0            0            0            0  1.29473e+08            0            0 -2.97214e+16       446287      -172601            0            0  6.50967e+11 -1.37027e+13
 1.91776e+06  3.43358e+08            0      4771.18 -4.34992e+14            0            0  -0.00392813            0     -7.84906     -4531.88     -62967.2            0      -25.842      172.934  5.90948e+07       -13251     -187.087            0  1.98914e+06 -7.19619e+12            0     -14099.4     -68.3629            0       400.95     -2040.61  6.85819e+10       3136.8     -2.94287      19.2841  4.64813e-06 -1.61647e+06            0     -13.0632            0      -565407      45.4057      -552685      2256.63            0            0  -6.4462e+09  1.52241e+06      247.977  7.81483e+12  4.20857e+06            0      -2039.3      -523.29     -8073.98      2935.35            0       1095.9  6.15227e+13     -42.2268 -5.07316e-06            0     -440.356 -8.09886e+06            0       783554            0  6.79289e+12  2.67377e-05            0 -8.89884e-05       125260            0            0       110676     -65387.9   -0.0110684      -10.698            0     -25330.7     -63.7331 -0.000367922      7.65189      889.487     -323.405            0            0      10071.3     -18444.3      199.199 -3.76752e-05  3.14796e+10    -0.024893      18.0973            0     -29.0416  1.71359e+06       551455
-8.14224e+19   6.5995e+21  3.41806e+20 -4.34992e+14  4.74018e+28 -3.36645e+18 -4.41292e+14 -5.22488e+12 -2.29901e+17  2.74012e+15  3.91116e+16  1.60862e+16   7.0992e+19  1.68725e+15  6.11217e+14  4.77393e+21    -2.36e+17  1.08254e+14  5.08806e+17  2.22548e+19  6.37689e+25 -4.58086e+14 -2.83463e+16  2.47039e+14  1.92163e+08 -5.97947e+14   4.7058e+14  3.83607e+24  5.45075e+14  6.06913e+13  7.07897e+14  6.53718e+08 -4.51198e+19  3.77851e+13  1.01566e+13  2.35887e+17  3.87138e+18 -3.91657e+13  3.37347e+19  6.01656e+15 -2.93556e+17 -9.42092e+14 -9.66213e+21 -5.03944e+19 -3.08085e+15 -1.10054e+26 -1.17337e+20   1.5573e+15 -6.34993e+14  2.57122e+14 -2.15347e+16 -2.78211e+15  2.58983e+16 -1.83929e+15 -7.05208e+26 -1.45909e+15   4.9539e+09  5.55485e+13 -9.70695e+13 -1.78097e+20  2.85138e+19  2.29374e+18  8.22453e+16  1.70888e+26 -5.05708e+09  6.16741e+19  1.07574e+09 -1.49926e+19  1.19252e+09  -6.5178e+13  7.37015e+18 -3.18481e+19   5.7247e+12  1.48294e+13 -4.18401e+13  1.59373e+16 -1.53805e+14  2.24399e+10 -6.90248e+13  1.35319e+15 -1.49018e+13  5.08588e+17 -6.40325e+13  5.98651e+15 -1.59706e+15 -5.49049e+15 -1.21037e+09 -6.95431e+22   3.2482e+11 -2.34012e+11 -2.46017e+14  2.47806e+14  8.54199e+18  6.18661e+18
  4.9695e+12  1.12156e+13  4.32955e+13            0 -3.36645e+18  2.39751e+13            0            0  9.09186e+09 -2.14127e+07            0            0            0 -3.27682e+06            0  1.17928e+12            0            0 -1.20589e+10  1.09582e+12 -1.89906e+17  3.66317e+09            0 -2.03783e+07     -70.3475            0            0  3.73322e+15            0            0            0            0            0 -8.35264e+06      -144848            0 -5.61038e+10            0 -7.40288e+11  2.24816e+07  1.16347e+11            0 -5.66995e+14            0            0  2.25865e+16 -1.02957e+11            0  1.47536e+07            0            0            0            0            0  5.04984e+17            0            0            0            0 -2.15231e+11 -7.27451e+11   2.0294e+10 -4.25331e+09  3.67917e+16       36.356            0            0  2.36063e+10            0            0            0            0            0       404826            0            0            0            0            0            0            0            0            0            0            0            0            0 -9.53823e+14      297.563            0            0            0  2.00082e+10 -7.19946e+11
           0 -3.51938e+08            0            0 -4.41292e+14            0      11669.8   -0.0269443            0            0            0            0            0     -63.4952     -166.171  3.36641e+08      21260.8      36.1732            0 -1.27444e+07  5.11945e+13            0     -77038.4            0   0.00028708     -277.011            0 -1.59285e+11            0            0            0            0            0            0            0            0  1.47095e+06            0            0            0            0            0  2.93711e+09            0            0  9.01186e+12  5.40838e+06            0            0      -1319.1            0            0            0      -2176.7 -7.52295e+13     -2719.55 -0.000207012            0     -103.544     -31424.6            0       941097            0  3.61116e+13  0.000239055            0            0  1.36523e+06            0            0            0      -193671            0            0            0            0            0  0.000751223            0      1413.87            0            0            0        19482            0            0            0  6.69464e+10    -0.120318            0      60.6731            0 -2.61942e+06  1.45178e+06
           0 -3.52347e+06            0  -0.00392813 -5.22488e+12            0   -0.0269443   0.00935094     -16.8657     0.161042      5.16312      3.08455      4770.44    -0.872778            0      -881833     -46.3758    0.0184348            0      42122.5  3.04565e+10            0     -1.55987    0.0211428  -6.3247e-07   0.00292078   0.00489019 -2.27919e+09     0.351216            0    -0.126445  2.65363e-07       478179            0   0.00491714            0     -6677.28  -0.00390233     -650.078      1.09781     -470.882     0.112344 -3.87915e+07     -4651.66   -0.0641047  1.12813e+10      21067.8    -0.257058     0.302736     0.256995     -1.59659            0            0     0.281694 -1.13985e+11     0.189511   -2.169e-07            0   -0.0296796      34552.9      11495.9     -2683.09            0 -7.30796e+10 -1.18887e-05       1343.8  6.22783e-08      7309.28  1.41078e-07  -0.00106336     -106.563      180.844  0.000494016   0.00496661            0      2.08687            0 -5.19531e-07  -0.00189403     0.233127            0            0  -0.00131313      2.43145            0    -0.872395  1.77007e-05  2.23228e+07  0.000177677            0            0   0.00206768     -111.065     -9845.73
-5.29445e+10   5.6777e+11  3.22988e+11            0 -2.29901e+17  9.09186e+09            0     -16.8657  2.97003e+09 -3.19701e+06      -517005            0 -1.64213e+09     -51413.9            0  7.81962e+10  3.37033e+07            0 -9.17171e+08  5.16786e+10 -1.21079e+16  2.23438e+06            0      -626104    -0.113032            0            0  1.27844e+14            0            0     -18117.8    0.0322322 -1.62267e+10     -48091.4     -34392.9            0  7.72793e+08            0 -7.69828e+10            0  1.82039e+09     -5004.56 -1.04246e+13  4.45162e+09            0  8.36767e+15 -5.93786e+09       171694 -3.53901e+06            0            0            0 -2.14534e+07            0  4.53591e+16       -21137  -0.00820158     -12629.7            0 -1.24302e+10 -7.71009e+09  1.07763e+09 -1.60936e+09  3.28112e+15      1.05913 -5.37645e+10            0  6.96018e+08      -0.1419       1496.1            0            0     -471.793      38577.9            0       246608      1930.77    -0.474508            0            0            0 -1.12903e+07      69359.7            0      -104749            0     -0.53832 -6.06398e+12     -1.44474      139.651      1188.87     -2061.58  1.19699e+09 -6.28994e+09
 1.28424e+09 -2.49127e+09 -5.04966e+08     -7.84906  2.74012e+15 -2.14127e+07            0     0.161042 -3.19701e+06      30122.4      3171.17            0 -5.88692e+07      383.263            0 -2.27117e+08     -29199.5     -6.68435       945501 -1.75191e+08  5.85326e+13     -18624.3            0      104.915   -0.0016863            0            0 -3.31652e+11            0     -5.35657      111.131 -6.23252e-05  2.83078e+07      337.224      67.3372            0 -5.68036e+06            0  5.09925e+08            0 -6.99783e+06      111.831  3.58357e+10 -3.36222e+07            0 -4.21073e+13  2.67184e+07     -1364.62     -6154.85            0            0            0       121555            0 -2.50556e+14      231.878 -0.000114911      19.7267            0  6.17164e+07   3.6836e+08 -5.43458e+06  1.57797e+06 -3.34757e+13   -0.0028287  7.97045e+08            0 -5.04533e+06  7.65364e-05      19.0788      -336362            0      2.21042     -129.179      721.839      -1512.7      77.0844    0.0048624            0            0            0      -450317     -85.9208            0      287.053            0   0.00110692  1.31291e+11    0.0443714    -0.125989      47.4237      20.7554 -6.63419e+06  3.30464e+06
           0 -2.05878e+10 -5.19158e+09     -4531.88  3.91116e+16            0            0      5.16312      -517005      3171.17  5.54859e+07  2.07465e+06            0      1993.94       211533  1.20826e+09            0      55730.6            0   6.0847e+08  9.37475e+14            0      -231483     -504.128            0      68532.8     -4347.55   -7.703e+12       429887      19129.3      -165469 -0.000520713            0            0            0 -8.70087e+06  1.26162e+08     -59104.5            0     -43312.6            0            0  5.88423e+11 -4.22362e+08      54568.7 -2.84686e+14  6.43548e+07            0     -14846.7      -420722  -4.5841e+06      -540578            0       173982 -3.46835e+15       631057  0.000806476            0     -52169.2  3.48006e+08            0 -3.31628e+07            0 -6.24359e+14   -0.0768799  3.55498e+09            0  6.89186e+06  0.000181854            0            0            0            0      12938.8            0  1.15082e+07       258192    -0.163572     -19940.3      22106.6     -1123.49 -7.49592e+06            0 -2.53019e+06     -25199.2       146349            0  2.02315e+12     0.979251      1544.39            0            0 -6.88619e+07 -8.11443e+06
           0  -4.4864e+09            0     -62967.2  1.60862e+16            0            0      3.08455            0            0  2.07465e+06  2.35909e+07            0      360.314       175246 -5.35369e+09  1.02008e+06      16144.4            0  2.01165e+08  8.31282e+13            0       767514      -435.03  -0.00115625      49141.3      25781.8 -4.02718e+12       335276      12618.9      -143787   0.00112574  1.71522e+09            0     -83.1299  6.65863e+07  1.94908e+07     -3475.42            0       464693            0            0 -1.72527e+10  3.82078e+07       296551 -4.36556e+14 -9.17363e+07            0     -12977.2      -497992 -1.45055e+06       690878            0      -241619 -2.45307e+15     -61591.2   0.00578582     -151.531      -125741   1.6405e+08            0 -1.82768e+07            0 -5.20251e+14   -0.0217241 -2.48065e+08            0  1.43478e+07            0            0            0            0     -2.51016       5397.9            0  1.19276e+06       129514   -0.0200158            0     -21109.5      7284.57            0            0 -1.36323e+06      -352822      -480819    0.0794737  1.62844e+12      1.68246     -2025.12            0      2235.66 -3.67836e+07 -4.20702e+07
 1.65176e+13 -1.23588e+14            0            0   7.0992e+19            0            0      4770.44 -1.64213e+09 -5.88692e+07            0            0  1.14947e+15  4.38866e+07 -2.07583e+06 -7.73779e+11  2.73863e+10  1.04763e+06            0  2.40083e+12  3.04134e+18 -1.34309e+08            0            0      518.432  1.04124e+07            0  2.13526e+16  3.22951e+07            0  2.47761e+07     -6.28919            0 -5.82772e+06      -843519            0 -4.34203e+11            0  6.18817e+10            0  1.17712e+10            0 -2.20942e+15 -2.68869e+13  4.94164e+07  -2.4252e+18   1.0424e+12  1.74374e+07            0            0            0            0  1.20496e+10  1.60406e+06 -2.95602e+18  3.20783e+08            0  5.72468e+07            0   3.4814e+12            0 -2.69294e+11            0 -4.15754e+18       -182.1  4.97624e+12     -184.221 -2.23965e+11       -24.88  1.84868e+06            0            0  8.42722e+06      -352715            0            0  2.43245e+07      -734.26            0   1.7477e+07            0  -6.5072e+09 -1.20648e+08 -1.43923e+08            0            0            0  2.17811e+16     -3765.38            0       821281  2.19576e+07 -4.73718e+11 -1.09806e+12
 3.38754e+07   3.4893e+09 -1.36997e+08      -25.842  1.68725e+15 -3.27682e+06     -63.4952    -0.872778     -51413.9      383.263      1993.94      360.314  4.38866e+07      1908.01      190.252  4.81911e+08      -172795      74.5834       179552 -5.56529e+06 -3.39798e+13     -1052.13      1848.22      95.1198  -0.00170268      125.923       4.5064  2.41673e+12      447.482      43.1022     -672.969  9.81443e-05 -3.56486e+07      4.83194      5.91305      65169.7        76958      5.02659  1.00753e+07      916.472     -82994.5      49.7635  2.61275e+10 -1.60658e+07      1243.32  1.97193e+13 -8.19898e+06      72.3683      457.449     -463.044     -1161.45     -150.351     -24561.2      354.804   2.1527e+14      693.353  0.000149173      9.60462     -82.7986 -3.28088e+07   1.1776e+07   3.9503e+06       174736  6.83876e+13    0.0113757  2.41662e+07  0.000181751 -5.72524e+06  1.63378e-05      65.1594  -3.4837e+06  6.28503e+06        1.197      17.4654      14.4132      2702.84      93.2685 -0.000177338     -2.49636     -323.903     0.197574 -1.16515e+06     -11.2429     -3682.11      189.054      1163.19  0.000395123  6.83685e+10     0.256372    -0.254224      194.734      43.7853       607139 -1.52111e+06
           0  9.14856e+07            0      172.934  6.11217e+14            0     -166.171            0            0            0       211533       175246 -2.07583e+06      190.252      33225.3 -1.71056e+08      4185.73      3886.68            0      -654770 -9.55853e+11            0      82473.3     -6.12009 -0.000145902      2880.84     -172.207  1.76505e+11      20134.2      1981.63     -40691.8            0            0            0     -1.17007 -5.63638e+06      -104064      120.608            0      6091.93            0            0  7.51921e+08 -1.88975e+06      47356.4  -2.5164e+13  1.27765e+06            0     -182.555     -29703.7      -185773      65493.4            0      5822.87 -1.05843e+14     -2171.48  0.000576993            0     -5334.15  9.95992e+06            0      -353254            0 -2.47477e+13  -0.00188282 -1.35043e+07            0 -1.53658e+06  9.21633e-05            0            0            0    0.0663573      660.126            0     -39328.2      2967.97   0.00106769            0     -12974.8      25.9156      -175467            0      -123140     -2657.65       130159            0  1.49913e+11    0.0222966      7.26729            0            0      -258477 -3.69497e+06
-4.84882e+13  1.84705e+15  2.62754e+13  5.90948e+07  4.77393e+21  1.17928e+12  3.36641e+08      -881833  7.81962e+10 -2.27117e+08  1.20826e+09 -5.35369e+09 -7.73779e+11  4.81911e+08 -1.71056e+08  9.25637e+15  1.36393e+11 -8.43447e+07 -7.03886e+10  9.92222e+12   1.9258e+19  1.80144e+09  5.11314e+09  3.71601e+06      810.529 -9.69064e+07 -6.80215e+07  1.06871e+18  -6.8903e+08 -3.67136e+07  8.82266e+08      107.404 -1.30795e+14  2.83987e+06 -6.18234e+06 -3.08274e+10 -1.84526e+12 -3.11715e+06 -1.28141e+13 -8.03793e+08  2.08975e+11 -9.79912e+07 -1.48394e+16  5.90946e+12 -1.27004e+09  1.26909e+20 -3.52316e+13  5.12552e+08 -1.46093e+09  1.25601e+09  1.90068e+09 -1.52774e+08  4.33254e+10 -3.53233e+08  3.32463e+20  -3.3932e+08     -5619.09  1.12203e+07  1.17717e+08 -1.21368e+13  4.07474e+12  1.01551e+12 -8.45081e+10  -4.7233e+19     -2151.44 -2.20049e+13     -11.7896 -4.65002e+12      202.747 -1.36161e+08  6.08042e+11  -4.6828e+12       778120 -2.45827e+07 -2.43267e+07 -1.67949e+09  -5.6834e+07      15935.7 -5.56254e+06  2.14941e+08 -7.49933e+06  1.79671e+12  5.32688e+07  1.48515e+09  -7.9754e+08 -1.80601e+09     -7108.37  2.39726e+17      -207466  1.75563e+06 -4.18032e+08 -2.48179e+07  1.08026e+12 -8.64986e+10
 5.18187e+09  9.06396e+11            0       -13251    -2.36e+17            0      21260.8     -46.3758  3.37033e+07     -29199.5            0  1.02008e+06  2.73863e+10      -172795      4185.73  1.36393e+11  4.45067e+09      1769.69 -7.47831e+07 -1.37579e+10 -1.43241e+16  2.96483e+06            0     -81874.6      3.23598            0      26570.8  2.19259e+14      3778.73            0       -13451  -0.00123394 -6.44246e+09            0     -4250.62            0  -3.8347e+09            0  8.00332e+08            0  1.12147e+07     -10605.2 -9.43002e+13  2.48269e+10     -19977.4  6.08126e+15  -5.4521e+09      -196372 -2.05119e+06            0      -141723      87544.8 -2.18781e+07      3925.83  6.15979e+16       -67588   -0.0494759     -1157.24      1579.45 -1.27217e+10 -3.15734e+09  1.38433e+09 -2.92697e+07  1.65664e+16      2.12769    3.938e+09    -0.645245  1.54392e+09    0.0133821     -8784.95            0            0      610.832      267.593     -1773.35            0            0     -1.34965            0            0            0  1.61279e+07            0        90957      67454.3            0     -0.64849 -5.24587e+13     -770.072      334.615     -15661.7       166592  1.47799e+09  1.65612e+09
           0  -1.1293e+08            0     -187.087  1.08254e+14            0      36.1732    0.0184348            0     -6.68435      55730.6      16144.4  1.04763e+06      74.5834      3886.68 -8.43447e+07      1769.69      2129.37            0       806964  2.39215e+12            0     -21820.4            0 -2.02091e-05     -236.801      76.9561 -6.07029e+09      9005.61      760.335     -7752.07  2.94178e-06  8.53099e+06            0            0      -242585      15837.9      10.3365            0      8364.21            0            0  1.79419e+09     -17575.9      12810.9  -6.9995e+12  1.58916e+06            0            0     -7536.56     -37928.2     -12554.2            0      3174.11 -3.05187e+13        10567  3.29848e-05            0     -1210.89  4.58824e+06            0      -373804            0 -1.68061e+11  0.000160295 -3.14124e+06            0      -420952 -1.00389e-06            0            0            0   0.00839844       270.86     -12.5058      9001.51     -141.165  6.86242e-05            0     -3543.49      43.6139            0            0     -78110.9      138.408      24182.8  0.000395278  1.99539e+09    0.0246017     -2.07073            0      4.41989      -431850 -1.20314e+06
-1.64257e+11 -7.93734e+11 -2.42474e+11            0  5.08806e+17 -1.20589e+10            0            0 -9.17171e+08       945501            0            0            0       179552            0 -7.03886e+10 -7.47831e+07            0  6.81449e+10 -2.38536e+10  2.13392e+16            0            0  2.67243e+06     0.605224            0            0 -8.68483e+13            0            0            0   0.00512867  3.55146e+10            0       198800            0 -1.80474e+09            0  1.16096e+11            0 -8.14136e+07            0   1.5236e+13 -6.23677e+09            0 -9.96065e+15  4.41851e+09            0  6.90998e+07            0            0            0            0            0 -4.12132e+16            0    0.0277646            0            0  1.51818e+10  1.40406e+10 -1.77049e+09            0  1.30069e+16    -0.362997  1.80154e+11            0  -2.1224e+09            0       141928            0            0      49.0704     -6167.43            0            0            0     0.721652            0            0            0            0            0            0            0            0     0.439954 -1.29539e+13     -14.3771            0            0            0 -2.38844e+09  1.71114e+10
-5.33849e+12  4.58118e+13  1.36472e+14  1.98914e+06  2.22548e+19  1.09582e+12 -1.27444e+07      42122.5  5.16786e+10 -1.75191e+08   6.0847e+08  2.01165e+08  2.40083e+12 -5.56529e+06      -654770  9.92222e+12 -1.37579e+10       806964 -2.38536e+10  1.45082e+13  1.25059e+17 -5.29319e+07   4.5108e+08 -5.36757e+07     -156.069  1.56208e+06  3.12997e+06   1.5274e+16  9.09985e+06  2.23938e+06  3.53793e+07     -9.79749  9.00841e+12 -4.61896e+06 -1.93617e+06  1.68402e+09 -3.45607e+11      -657943 -2.98875e+12 -2.11156e+07  5.23333e+10  5.91363e+06 -1.89161e+15 -1.17363e+12  1.43757e+07  1.88078e+17 -4.25066e+11 -8.70996e+06   1.0042e+08  5.02628e+07 -2.79862e+08 -5.34247e+07 -1.49936e+09  3.42135e+06  1.31715e+18  2.22894e+07      16.8886       988520 -1.35282e+06 -7.03557e+11  5.24023e+11  5.16727e+10 -1.59082e+10  6.32469e+17      65.2513 -1.00892e+13      14.5267 -1.09409e+10      14.8172  7.96662e+06 -2.55311e+11  4.80404e+11       117881  7.63218e+06 -5.90031e+06  4.02498e+08  1.69059e+07      182.039      -322412  -1.2939e+07      -383330 -9.16649e+10 -2.74427e+06 -7.30352e+07 -2.57989e+07 -3.38368e+07      495.457 -2.42243e+15      19998.9      18696.7  1.51996e+07  3.53728e+06  4.50293e+10 -1.00573e+12
 6.52797e+17 -1.31984e+20 -3.42248e+18 -7.19619e+12  6.37689e+25 -1.89906e+17  5.11945e+13  3.04565e+10 -1.21079e+16  5.85326e+13  9.37475e+14  8.31282e+13  3.04134e+18 -3.39798e+13 -9.55853e+11   1.9258e+19 -1.43241e+16  2.39215e+12  2.13392e+16  1.25059e+17  1.44729e+25 -1.73565e+14  4.70808e+13   1.0385e+13 -1.51832e+08  3.01612e+11  6.92258e+12 -6.41103e+22   2.1103e+12  1.38599e+12 -4.94004e+12 -8.55326e+06  9.17546e+18   8.0566e+11  9.56034e+11  5.07536e+15  1.42619e+17  1.72467e+12  1.03468e+18  4.09855e+13 -2.65787e+16  3.50584e+12  1.74803e+21 -1.35494e+18  6.01729e+13 -1.00097e+24  2.45184e+17  -3.1176e+13  1.29143e+14  2.02394e+13  1.38269e+14 -7.83969e+13 -8.74506e+14  8.50922e+12 -2.25318e+25  1.59825e+13 -3.83634e+06  3.67444e+11  8.89279e+11 -4.50709e+17  9.01714e+17  4.98299e+15  8.21471e+15  8.35052e+24 -2.72764e+07  1.91518e+18   1.3716e+07  2.10348e+17  1.66596e+07    7.281e+12  8.78179e+17 -1.69373e+18   9.7725e+10 -7.65265e+10  1.78078e+12  6.95118e+14  3.08679e+12  1.43223e+08 -1.03654e+12 -1.00749e+13  1.70136e+11  4.03836e+17 -3.77419e+12 -8.02724e+13  1.68627e+13  4.55802e+13  5.29528e+08  1.61092e+22  1.62564e+10 -9.70922e+10 -6.40177e+13  4.74914e+12 -3.38394e+16  8.52845e+16
           0  8.22782e+09            0            0 -4.58086e+14  3.66317e+09            0            0  2.23438e+06     -18624.3            0            0 -1.34309e+08     -1052.13            0  1.80144e+09  2.96483e+06            0            0 -5.29319e+07 -1.73565e+14  3.75113e+06            0     -2863.67   0.00224069            0            0  2.65216e+12            0            0            0            0            0     -1341.93            0            0 -5.39343e+07            0            0      3577.71  1.79565e+07            0  -4.6937e+11  1.87558e+08            0  1.23898e+14 -3.84766e+07            0            0            0            0            0  3.92189e+07            0  7.40836e+14     -591.633            0            0            0 -1.17994e+08 -1.59866e+08   1.2838e+07 -1.06594e+07 -1.15262e+14    0.0152431            0  -0.00582403  4.65712e+06   -0.0033296      86.1446            0            0     -5.88525            0            0            0            0    -0.015859            0            0            0            0            0            0            0            0            0  8.03059e+10     -3.22615            0            0      -447.12  1.40906e+07 -8.59564e+07
           0 -6.70296e+09            0     -14099.4 -2.83463e+16            0     -77038.4     -1.55987            0            0      -231483       767514            0      1848.22      82473.3  5.11314e+09            0     -21820.4            0   4.5108e+08  4.70808e+13            0  3.34826e+07            0            0       106222      3591.51   7.3282e+12     -67979.8     -4838.95       205896 -0.000505418 -8.67388e+08            0            0 -1.41453e+07 -3.06608e+07      976.119            0     -96844.1            0            0  2.20482e+11  2.12762e+07     -11861.2   6.3305e+13 -5.83415e+06            0            0       343458      -107887      -624597            0       618247 -1.19287e+15       736259   0.00181193            0      34984.3  1.55359e+08            0 -2.17359e+06            0 -6.07497e+14   -0.0177001            0  0.000804217 -2.11099e+07 -0.000576086            0            0            0            0     -1610.61            0 -1.91914e+06      47006.2   -0.0108145      1602.67      -467223      3270.19            0            0 -7.65541e+06        43336      -300849   -0.0401899  4.18286e+12            0       116.46            0            0 -3.89999e+07 -2.89932e+07
-7.56926e+08 -4.74674e+08  1.12661e+09     -68.3629  2.47039e+14 -2.03783e+07            0    0.0211428      -626104      104.915     -504.128      -435.03            0      95.1198     -6.12009  3.71601e+06     -81874.6            0  2.67243e+06 -5.36757e+07   1.0385e+13     -2863.67            0      5738.93  0.000356393            0      5.07866 -5.59952e+10     -49.9682            0     -17.6664 -3.51335e-06  2.34601e+07      35.8698      218.453            0       410786     -1.84624  3.88244e+07     -13.6838      -377187            0  1.04365e+10 -1.02053e+07            0 -3.91818e+12  6.50549e+06            0        45004      -17.349     -102.406            0      5635.69            0 -4.94781e+13            0 -0.000180587            0            0  1.14416e+07  1.25542e+06      -883339       310900 -1.53089e+13 -0.000662357  1.09773e+07  7.01072e-05      -476191  0.000163709      1.53111            0            0   -0.0134983     -32.5908            0       919.34            0 -0.000604059            0      11.4112     -13.9767            0            0            0     -140.861            0  0.000670999   3.2759e+10   0.00752955     -1.19429            0        1.869 -1.39493e+06   1.5115e+07
    -254.171      10909.3      189.632            0  1.92163e+08     -70.3475   0.00028708  -6.3247e-07    -0.113032   -0.0016863            0  -0.00115625      518.432  -0.00170268 -0.000145902      810.529      3.23598 -2.02091e-05     0.605224     -156.069 -1.51832e+08   0.00224069            0  0.000356393  2.54797e-07  0.000188515  1.61772e-05  2.49398e+06 -0.000134141            0  0.000268253 -7.15055e-12      7.77828 -0.000121816 -2.97833e-05            0     -5.80654            0      35.4654 -6.07828e-05    -0.228684 -0.000188068 -1.20274e+06      199.247  0.000282862  5.94478e+07     -69.8366            0   0.00141366            0   0.00165323            0     0.665063 -0.000151593  8.62469e+08  -0.00100998  3.13775e-10  3.41878e-05            0     -154.407      9.44606      15.3325    -0.124101  2.56739e+08  2.01301e-08     -66.5884 -1.58858e-08      16.0788 -4.54785e-10  -2.1084e-05            0     -1.14324 -2.42591e-06  1.72078e-06  -6.1197e-05            0 -8.50426e-05  4.33271e-10            0  0.000189228            0     0.511598 -0.000129619  -0.00279399 -0.000738192            0 -5.24546e-09      -606401 -1.33445e-05  1.03329e-06  3.53864e-05 -0.000434468      12.3126      32.7947
           0 -3.13654e+08            0       400.95 -5.97947e+14            0     -277.011   0.00292078            0            0      68532.8      49141.3  1.04124e+07      125.923      2880.84 -9.69064e+07            0     -236.801            0  1.56208e+06  3.01612e+11            0       106222            0  0.000188515        25326     -170.227   1.0886e+10     -5149.62      489.445      4810.54            0            0            0            0      -768888  1.18875e+06     -45.3274            0      4789.61            0            0  9.88236e+09  3.49289e+06      38056.6 -2.95799e+12  3.06175e+06            0            0     -2069.32     -77278.9     -27892.7            0     -529.997 -7.20148e+12     -24266.4  -0.00020869            0     -1391.52  8.28384e+06            0      -495010            0  1.00927e+13  0.000703956            0 -0.000120379      -721434 -3.66987e-05            0            0            0  -0.00537786      463.269            0      15502.2      9892.98  -0.00074217            0     -28257.7     0.568215            0            0      62684.3     -1098.45      94370.7            0  6.86673e+09       0.1908     -13.6682            0            0 -1.01264e+06 -2.49785e+06
           0 -2.92283e+08            0     -2040.61   4.7058e+14            0            0   0.00489019            0            0     -4347.55      25781.8            0       4.5064     -172.207 -6.80215e+07      26570.8      76.9561            0  3.12997e+06  6.92258e+12            0      3591.51      5.07866  1.61772e-05     -170.227       3505.3  -5.4714e+10     -517.253      -27.819     -465.787 -1.28767e-06            0            0     0.970496      51947.1       796575     -55.4263            0      1421.09            0            0  3.71649e+09      -854527      148.426 -8.63487e+12 -4.85551e+06            0      151.499      306.292      4360.42      2866.94            0     -633.813 -5.78394e+13     -331.684            0      2.12004     -82.2731  6.79433e+06            0      -609309            0 -5.39506e+12   0.00021041            0  5.81335e-05       216763            0            0            0            0    0.0351192      13.8253            0      18421.1      399.908  0.000175644            0     -239.917      92.7987            0            0      486.854      5161.72     -4849.08            0 -2.12368e+10     0.043825     -26.0932            0      58.2338  -1.2365e+06      -817187
 2.33782e+16  6.99602e+18  5.69361e+15  6.85819e+10  3.83607e+24  3.73322e+15 -1.59285e+11 -2.27919e+09  1.27844e+14 -3.31652e+11   -7.703e+12 -4.02718e+12  2.13526e+16  2.41673e+12  1.76505e+11  1.06871e+18  2.19259e+14 -6.07029e+09 -8.68483e+13   1.5274e+16 -6.41103e+22  2.65216e+12   7.3282e+12 -5.59952e+10  2.49398e+06   1.0886e+10  -5.4714e+10  5.44944e+21  2.64913e+11  1.26352e+09  1.51851e+10       724557 -3.85155e+17 -9.05073e+09 -9.82576e+09  5.63241e+13 -4.53896e+15 -5.18371e+09 -5.16277e+15  -1.0966e+11  3.88688e+14   1.9143e+11 -5.21074e+19  4.66183e+15  2.49012e+11  3.91544e+22 -2.01633e+16   3.4264e+11 -2.53338e+12 -8.70168e+11  6.85786e+11   1.4472e+11  1.90771e+13  1.50978e+11  4.07419e+23  4.42602e+11       694925  6.87429e+09 -3.44194e+10  -7.5376e+16  6.38604e+13   8.2896e+15   2.2427e+13   9.8473e+22  2.55856e+07 -3.83534e+15      -190293   -1.907e+16       378870  7.75604e+10 -6.21999e+15  1.13838e+16  7.01888e+08  1.00402e+10 -2.31862e+10 -8.58727e+12  1.76335e+10  2.62228e+06  1.28657e+10 -2.02802e+11  -6.5075e+08 -2.26188e+15  2.56378e+10 -1.85011e+12 -2.72028e+11 -9.06849e+11 -2.50662e+07  1.10158e+20 -1.80332e+08  1.28182e+09  3.92773e+11 -4.96708e+10  3.69435e+15 -4.52334e+15
           0 -2.71313e+08            0       3136.8  5.45075e+14            0            0     0.351216            0            0       429887       335276  3.22951e+07      447.482      20134.2  -6.8903e+08      3778.73      9005.61            0  9.09985e+06   2.1103e+12            0     -67979.8     -49.9682 -0.000134141     -5149.62     -517.253  2.64913e+11        97046      3935.75       -35952  8.67245e-05  1.79937e+08            0     -9.54773       440599 -4.07651e+06     -11.3704            0      77687.8            0            0 -1.35867e+10  2.45518e+06      46304.4  -3.0249e+13  9.64013e+06            0     -1490.59     -58936.1      -348084      19786.8            0      15426.1 -1.34478e+14      45261.6 -0.000210432            0     -10997.9  1.20021e+07            0 -1.79246e+06            0  1.16666e+13   0.00194354  -1.5586e+07 -0.000161074 -1.57422e+06 -0.000159142      5.44431            0            0     0.252301      1489.17            0      97215.6      371.694 -0.000299562     -74.5621     -21638.7     -164.603      -386753            0      -277199     -6603.87      84415.9   0.00833726  5.93897e+10    -0.148529      20.8906            0      9.98314      -655586 -7.76684e+06
           0 -8.17001e+07            0     -2.94287  6.06913e+13            0            0            0            0     -5.35657      19129.3      12618.9            0      43.1022      1981.63 -3.67136e+07            0      760.335            0  2.23938e+06  1.38599e+12            0     -4838.95            0            0      489.445      -27.819  1.26352e+09      3935.75      817.441     -1242.11            0            0            0            0       776152       110221     -3.14959            0      2608.36            0            0  1.03006e+09            0      4615.64 -4.02128e+12       964551            0            0     -1858.21     -22453.2     -2314.26            0      1426.89 -1.74969e+13      3826.85   1.4593e-05            0      -610.26  2.58537e+06            0      -255289            0 -1.70651e+12  0.000143269      -409493            0      -271598  1.12247e-06            0            0            0            0      144.264     -10.0228      1189.73       633.52  6.98457e-05            0     -3705.93     -1.77227            0            0     -23480.6      47.2892      16273.2            0 -1.52192e+09    0.0180512      1.04614            0            0      -400125      -541248
           0   1.8242e+09 -1.81937e+08      19.2841  7.07897e+14            0            0    -0.126445     -18117.8      111.131      -165469      -143787  2.47761e+07     -672.969     -40691.8  8.82266e+08       -13451     -7752.07            0  3.53793e+07 -4.94004e+12            0       205896     -17.6664  0.000268253      4810.54     -465.787  1.51851e+10       -35952     -1242.11       420377 -4.09717e-05 -7.03123e+07            0            0  5.27404e+06   5.1195e+06      94.5069            0      21126.3            0            0 -2.08208e+10  3.11488e+06      -392262  2.31598e+13 -1.59318e+07            0     -520.276        39687       348945      -490965            0     -62491.3  1.12717e+14      23639.1  0.000150639            0      12495.3 -3.55605e+07            0  1.89898e+06            0 -1.51769e+13  -0.00154289  1.34409e+08 -0.000111162  2.11028e+06  9.54321e-06     -4.94055            0            0    0.0410567     -1809.21            0      27623.6      27974.3    0.0049618     -41.0699     -18379.3     -47.4386            0            0       219758      1503.85      -413434  -0.00325788 -2.84015e+11   -0.0580863       1.2579            0     -29.4811  2.71814e+06   1.2743e+07
    -2.73246      896.448     -33.0817  4.64813e-06  6.53718e+08            0            0  2.65363e-07    0.0322322 -6.23252e-05 -0.000520713   0.00112574     -6.28919  9.81443e-05            0      107.404  -0.00123394  2.94178e-06   0.00512867     -9.79749 -8.55326e+06            0 -0.000505418 -3.51335e-06 -7.15055e-12            0 -1.28767e-06       724557  8.67245e-05            0 -4.09717e-05   1.1853e-09      201.947            0  4.39198e-07            0      1.47938            0     -1.82049  0.000355717    0.0887909 -3.18251e-05      2313.67      3.20793  9.96881e-06   4.6221e+06    -0.395771    0.0001789  0.000284585  -2.6428e-05  2.48233e-05            0            0  9.86309e-05  4.20725e+07            0 -1.16871e-11 -1.18553e-06  -9.6169e-06     -9.27043            0      1.07605            0 -3.86651e+06  3.47759e-09            0 -1.02856e-11     -3.45438 -4.23715e-11  1.11154e-07    0.0618641    -0.039372 -7.48585e-08  2.61828e-06 -1.39156e-05 -0.000201675 -2.90306e-05  -7.1167e-10   1.3245e-06  5.27057e-05  1.12459e-06            0  1.85253e-05  0.000926602 -0.000167815 -0.000282675  2.96472e-09      3336.88 -4.75778e-09  1.29007e-09 -1.62796e-06 -5.93331e-06     0.404364      1.73562
