 4.78924e+16 -4.75448e+16  -2.9657e+16  2.21796e+07 -4.29768e+20  2.12721e+14            0            0 -3.84373e+12  4.79473e+10            0            0  3.10275e+14  7.12459e+08            0  -2.4687e+15  3.19284e+11            0 -4.08578e+12  -2.2075e+14 -2.45256e+20            0            0 -6.55473e+09     -1190.23            0            0  2.19151e+19            0            0            0     -13.6072 -6.60184e+13  7.21606e+08 -1.15342e+08            0 -1.05128e+13            0 -1.40474e+14            0 -2.36262e+13  5.51797e+08  8.94361e+17  7.09122e+12            0 -2.01704e+20  6.98119e+13 -4.23744e+09 -5.84349e+10            0            0            0            0            0            0  -1.7289e+08     -1.83041            0            0  1.63385e+14   5.8849e+15 -9.79392e+07  2.81979e+12 -5.46573e+20      786.285  1.88167e+15      48.8051  -1.9136e+13     -70.5031  2.35331e+07            0            0       514991 -2.10853e+07  1.82911e+07            0            0      534.338            0            0            0            0            0            0 -9.07122e+08            0     -325.793   1.6569e+19      79581.3      -152135            0  3.69174e+07 -1.28335e+12  4.12779e+12
-4.75448e+16  1.70444e+20  4.49738e+17  9.01189e+10   5.7368e+23  1.00739e+16 -1.79932e+11 -4.16563e+08  8.88336e+14 -2.08087e+12 -1.40509e+13 -2.87792e+12 -5.06042e+16  1.52943e+12  1.00026e+09  4.63942e+18  1.15093e+15 -2.42349e+10 -4.43826e+14   3.6957e+16 -8.61652e+23  6.20428e+12 -1.79133e+12 -8.95883e+10  1.05409e+06 -8.94521e+10 -9.14767e+10   1.6076e+23 -1.60116e+11 -1.86026e+10  5.63933e+11      93135.6 -2.59902e+17 -1.12268e+10 -8.85077e+09 -1.56912e+14 -4.47231e+15 -1.08493e+10 -1.32902e+16 -5.10136e+11  5.90275e+14 -2.65044e+11 -1.86208e+21  1.09494e+16 -2.18953e+12  1.00944e+24 -5.88442e+16  6.80517e+11 -3.65346e+12 -7.80637e+10  1.19063e+12 -8.41726e+11  1.36884e+14  -2.8022e+11  2.19838e+17 -4.30737e+11       148545 -3.15862e+09  1.37247e+10  -3.2432e+17 -3.16696e+16   4.1138e+11 -5.91331e+14  4.50808e+23      27054.7 -4.20876e+16     -81362.7 -2.71386e+16     -82311.3 -8.55075e+10 -3.88735e+15   3.8233e+15 -5.55111e+08 -2.33935e+09 -1.41674e+10 -2.69496e+13 -4.25794e+10       250534  5.21722e+09  2.90825e+11 -2.44084e+09 -1.89708e+15  2.16541e+10  2.46066e+12  -1.8728e+12 -1.31815e+12 -1.72369e+06 -8.39322e+20 -8.68099e+07  4.74397e+08  1.28441e+12 -1.27584e+11  2.11756e+15 -3.90107e+15
 -2.9657e+16  4.49738e+17  3.00371e+19            0  6.77948e+21  8.48764e+15            0            0  9.88131e+13 -8.04369e+10 -6.83718e+11            0            0  -1.2757e+10            0  1.53814e+16            0            0 -2.73124e+13    2.508e+16 -4.20147e+21            0            0  4.46476e+10      3968.63            0            0  1.11098e+20            0            0 -9.25396e+09     -760.497            0  4.35455e+09  2.68075e+08            0 -5.42763e+13            0 -3.92181e+14            0 -5.84715e+13  5.62772e+08 -2.08759e+19            0            0 -1.31549e+22 -1.51926e+15            0  1.21771e+12            0            0            0            0            0            0            0     -1254.15            0            0  -3.3405e+15            0  2.96714e+09  1.59806e+13 -8.66794e+21     -5215.83 -5.87699e+16            0  2.26337e+14            0 -1.16084e+08            0            0            0   2.4727e+09            0  3.99394e+11            0            0            0            0            0            0            0            0  2.87547e+10            0            0 -8.51833e+19  7.19633e+06  -3.3109e+06            0            0   2.7243e+13 -8.89981e+14
 2.21796e+07  9.01189e+10            0        26137 -8.50334e+14            0            0   -0.0110641            0     -139.136     -67617.5      -735957            0     -245.508      899.829  3.78617e+09      -385420     -712.219            0  3.69616e+07 -1.56093e+15            0      -104258     -277.404            0      2628.42     -13076.2  5.13465e+13      27375.8     -8.18121      90.2437  1.07919e-05 -1.88341e+07            0     -45.0035            0 -3.30011e+06      109.602 -3.34645e+06      17176.5            0            0 -1.68928e+12  4.59662e+06      3666.48  2.12848e+15  1.23717e+08            0     -18568.9     -3250.94       -78399      35815.3            0      7240.35            0     -224.969 -1.21049e-05            0     -1897.21 -3.23448e+08            0      391.656            0  1.80212e+14  8.95697e-05            0 -0.000204045  3.78148e+06            0            0       734935      -253288   -0.0253114     -32.3257            0      -415824     -957.867 -0.000839414       21.948      4898.16     -1299.83            0            0      70711.4      -411357      1271.67 -4.62897e-05  7.30915e+12    -0.040786      34.8682            0     -357.023   6.7635e+06  3.96383e+06
-4.29768e+20   5.7368e+23  6.77948e+21 -8.50334e+14  5.04762e+28 -1.80745e+19 -1.36138e+15 -6.39259e+12 -2.07296e+18  1.67992e+16  2.33039e+17  8.65272e+16  2.00142e+20  7.52879e+15  1.30746e+15  2.64404e+22  -1.4392e+18  9.33561e+13  1.86221e+18  2.23391e+20  1.05172e+28  9.03759e+14 -9.45782e+16  1.66207e+14  5.42743e+08  -1.6765e+15  1.12802e+15  7.15999e+26  1.10017e+15  3.07894e+13  2.10345e+15  5.89635e+08 -3.68288e+20  4.89473e+13 -2.50585e+12  2.18871e+18  6.91065e+18 -8.43404e+13  6.88087e+19  1.68968e+16 -8.46358e+17 -3.91166e+15 -1.34122e+24 -4.45487e+19 -1.79533e+16 -2.16519e+28 -1.65768e+21  5.57156e+15 -1.15756e+16  1.90352e+15 -7.06992e+16 -1.05714e+16  3.76212e+17 -5.29658e+15 -1.05203e+21 -5.54032e+15  5.81955e+09  6.73332e+13  -1.0898e+14 -4.95476e+21  9.74641e+19  9.93408e+14  1.42401e+18  9.17464e+27 -5.11783e+09  2.39044e+20  8.21691e+08 -1.54355e+20  1.15156e+09 -1.20528e+14  3.95173e+19 -6.36805e+19  4.29833e+12  5.50269e+12 -8.30572e+13  4.85713e+16 -5.52249e+14  1.70855e+10  -7.7488e+13  4.05721e+15 -7.63992e+12  1.13788e+19  -3.6128e+13  2.59496e+16 -1.98538e+16 -1.81931e+16 -1.45548e+09 -2.46218e+25  1.63832e+11 -1.11588e+11 -8.49662e+15  1.24471e+15  1.55466e+19  1.18802e+19
 2.12721e+14  1.00739e+16  8.48764e+15            0 -1.80745e+19  1.80634e+15            0            0  1.12423e+12   -1.402e+09            0            0            0 -1.20384e+08            0  2.63905e+14            0            0 -5.22144e+11  8.02712e+13 -1.19124e+20  2.19134e+11            0 -3.09773e+08     -571.181            0            0  8.54514e+18            0            0            0            0            0 -1.15675e+08  -1.8592e+06            0 -1.33479e+12            0  -1.6539e+13  4.35989e+08   4.9801e+12            0 -5.35062e+17            0            0  3.19374e+19 -1.14686e+13            0  5.15766e+08            0            0            0            0            0            0            0            0            0            0 -3.53061e+13 -7.13727e+13  3.90257e+07 -3.54979e+11 -4.15489e+18      305.101            0            0  2.13923e+12            0            0            0            0            0  4.42074e+06            0            0            0            0            0            0            0            0            0            0            0            0            0  -1.0868e+18       1883.7            0            0            0  3.66871e+11 -1.81804e+13
           0 -1.79932e+11            0            0 -1.36138e+15            0       260086    -0.159345            0            0            0            0            0     -1284.14     -1766.59  1.33526e+10  1.22318e+06      274.471            0 -4.99754e+08  1.34673e+16            0 -1.13316e+06            0    0.0012691     -3413.97            0 -1.89317e+14            0            0            0            0            0            0            0            0  1.94503e+07            0            0            0            0            0  1.05409e+12            0            0  3.57901e+15   3.0688e+08            0            0     -16138.9            0            0            0     -27117.9            0     -34113.4  -0.00100098            0     -895.674 -2.54242e+08            0      965.126            0  5.05057e+15   0.00102551            0            0  6.35571e+07            0            0            0 -1.90809e+06            0            0            0            0            0   0.00298962            0      15753.8            0            0            0       282649            0            0            0  4.67287e+13    -0.401236            0            0            0 -1.70601e+07  1.87615e+07
           0 -4.16563e+08            0   -0.0110641 -6.39259e+12            0    -0.159345    0.0141853     -275.093      1.38944      40.5001      18.5605      22070.1     -4.75051            0 -1.30992e+07     -723.193    0.0369979            0       437604  1.92665e+12            0     -6.18416     0.043515 -7.51025e-07   0.00944182    0.0164196 -6.04109e+11      1.59995            0    -0.424782  3.19752e-07  2.92352e+06            0   0.00898233            0     -22662.4  -0.00536127     -2497.28      4.12118     -2808.39     0.604736 -5.35657e+09     -7229.36     -0.45515  2.44107e+12       350528     -1.01925       1.4597     0.842463     -8.04561            0            0      0.91794      85954.9      0.47265 -2.42558e-07            0   -0.0679007  1.00984e+06       154969    -0.758854            0 -2.32696e+12  -1.3477e-05      6617.09  7.58032e-08      89058.9  1.52032e-07   -0.0022133     -365.189      357.988  0.000583544   0.00760047            0      18.6082            0 -4.81544e-07    -0.002823     0.669981            0            0  -0.00177758       8.7161            0     -3.01216  1.16824e-05  6.39752e+09  0.000156599            0            0    0.0119278     -1980.57     -35482.8
-3.84373e+12  8.88336e+14  9.88131e+13            0 -2.07296e+18  1.12423e+12            0     -275.093  6.01912e+11 -3.43744e+08 -4.42307e+07            0 -7.90881e+10 -2.94606e+06            0  3.38283e+13  5.79936e+09            0 -6.48088e+10  6.12384e+12 -1.15897e+19  2.21317e+08            0 -1.55846e+07     -1.57577            0            0  5.44366e+17            0            0      -598630     0.463996 -1.13506e+12 -1.09487e+06      -717687            0     3.28e+10            0 -2.82457e+12            0  1.26349e+11      -278341 -1.64607e+16  8.19855e+10            0  1.10075e+19 -1.15834e+12  7.66881e+06  -1.9376e+08            0            0            0 -4.20621e+09            0            0      -638191   -0.0720322      -293380            0  -3.1507e+12 -1.24212e+12  3.29888e+06 -2.20497e+11 -6.25305e+17      15.6115 -4.23945e+12            0  1.05563e+11     -1.87712      36893.2            0            0     -6646.91       690097            0  2.58352e+07       171117     -5.81788            0            0            0 -4.77393e+08  1.06106e+06            0 -1.42206e+07            0     -4.19748 -2.22414e+16     -13.6303       1637.5       229338      -154822  3.45903e+10 -2.59232e+11
 4.79473e+10 -2.08087e+12 -8.04369e+10     -139.136  1.67992e+16   -1.402e+09            0      1.38944 -3.43744e+08  1.72419e+06       141691            0 -1.74476e+09      12023.6            0  -7.6074e+10 -2.66869e+06       -81.93  3.57083e+07 -1.09644e+10  2.93349e+16      -970481            0      1357.82   -0.0116109            0            0 -9.30396e+14            0     -74.2826      1917.71 -0.000476955  1.04994e+09      4073.41      748.416            0  -1.2662e+08            0  9.97037e+09            0 -2.56447e+08      3725.81  3.05154e+13  -3.2849e+08            0 -3.37389e+16  2.74577e+09     -32542.2      -184903            0            0            0  1.25471e+07            0  8.72162e+08      3722.69 -0.000931459      243.749            0  8.43069e+09  3.16387e+10     -8710.13  1.14776e+08 -8.12751e+14   -0.0224796  3.28215e+10            0 -3.98998e+08  0.000554859       216.31 -7.31368e+06            0      16.5025     -1222.53      7628.64     -82765.3      3702.99    0.0329924            0            0            0 -1.03208e+07     -696.902            0      20801.5            0   0.00457902  1.46557e+14     0.242521    -0.785848      4958.75      831.249  -9.8634e+07  7.61618e+07
           0 -1.40509e+13 -6.83718e+11     -67617.5  2.33039e+17            0            0      40.5001 -4.42307e+07       141691  2.20032e+09   6.5274e+07            0        53651  3.11138e+06 -2.48476e+11            0       583811            0  3.26488e+10  4.35122e+17            0 -5.18844e+06     -5266.15            0  1.08803e+06     -73407.9  -1.3003e+16  1.05248e+07       221005 -2.97865e+06  -0.00326163            0            0            0 -5.97083e+08  2.16174e+09      -397243            0      -681296            0            0  3.93348e+14 -3.43313e+09  2.16894e+06 -1.99661e+17  4.48354e+09            0      -348261 -6.85117e+06 -1.17664e+08 -1.85765e+07            0   2.9998e+06            0  1.11767e+07   0.00751641            0      -616687  3.79316e+10            0     -43893.7            0 -8.90456e+16    -0.447094  1.14785e+11            0  3.01002e+08   0.00113101            0            0            0            0       103472            0  5.19331e+08  1.04453e+07    -0.907008      -151989       297285     -12072.1            0            0 -4.91342e+07 -1.53578e+06  2.71036e+06            0  1.76721e+15       3.8942      8121.53            0            0 -7.28953e+08 -2.08372e+08
           0 -2.87792e+12            0      -735957  8.65272e+16            0            0      18.5605            0            0   6.5274e+07  5.86011e+08            0      7914.82  2.00295e+06 -5.39562e+11  6.36571e+07       124365            0  8.32125e+09  3.34605e+16            0  1.06319e+07     -3781.08  -0.00548109       615759       368029  -5.2902e+15  6.47771e+06       113481 -2.08169e+06   0.00567271  4.19472e+10            0      -613.42  3.78016e+09  2.42666e+08     -18151.2            0   7.4292e+06            0            0 -6.10242e+12  2.46807e+08  9.27921e+06 -2.44201e+17 -5.55985e+09            0      -253099 -6.36315e+06 -2.97453e+07  1.89342e+07            0 -3.20822e+06            0 -1.14442e+06     0.033833     -1234.75 -1.18636e+06  1.32984e+10            0     -17884.1            0 -4.97229e+16   -0.0912129 -6.52231e+09            0  6.63227e+08            0            0            0            0     -12.3491      34192.4            0  4.16585e+07  4.15851e+06   -0.0901233            0      -224944      62624.5            0            0 -1.68262e+07  -1.6645e+07 -7.90833e+06     0.217767  8.38804e+14      5.90315     -8338.59            0      58967.3 -3.40816e+08 -6.32692e+08
 3.10275e+14 -5.06042e+16            0            0  2.00142e+20            0            0      22070.1 -7.90881e+10 -1.74476e+09            0            0  1.64401e+16  6.88952e+08  -1.8431e+07 -1.52365e+15  1.34492e+12  6.44193e+06            0  7.69398e+13   3.8551e+20 -3.16789e+09            0            0      1880.54  1.13921e+08            0  9.18165e+18   4.7016e+08            0  2.81967e+08     -23.3275            0 -3.57431e+07 -4.71496e+06            0 -4.73851e+12            0  3.35103e+11            0  2.16923e+11            0 -9.71539e+17 -1.29574e+14  1.17928e+09 -7.11526e+20  4.76446e+13  2.37224e+08            0            0            0            0  6.21014e+11  2.10575e+06  1.32494e+14    2.533e+09            0  3.53528e+08            0  2.42549e+14            0  -2.1364e+08            0 -7.46335e+19     -666.947  1.01528e+14     -706.736 -9.20709e+12      -89.105   1.1136e+07            0            0  3.13681e+07  -1.6525e+06            0            0  5.71953e+08     -2452.55            0   1.7058e+08            0 -9.87031e+10 -4.89284e+08 -1.32338e+09            0            0            0  1.03125e+19     -19986.4            0   3.7864e+07  4.34342e+08 -3.18475e+12 -1.20961e+13
 7.12459e+08  1.52943e+12  -1.2757e+10     -245.508  7.52879e+15 -1.20384e+08     -1284.14     -4.75051 -2.94606e+06      12023.6        53651      7914.82  6.88952e+08        35913       1907.2  3.94879e+10  -8.8722e+06      518.828   3.7427e+06 -1.89496e+08 -7.79515e+15     -30943.1      22127.2      690.697  -0.00668956       1428.3      41.9273  2.35087e+15      7305.65      334.777     -8351.25  0.000465667 -8.15509e+08      30.3754      35.3867  2.97277e+06       693047      21.1446  1.09431e+08      12271.9  -1.6014e+06      919.277  1.22423e+13 -8.75338e+07      32881.6   6.5832e+15 -5.25766e+08      1044.07      6742.71     -5155.91     -21412.5     -3082.95 -1.39503e+06      3949.47  1.65156e+09      7546.21   0.00138605      66.5475      -665.82 -3.09595e+09  5.65708e+08      3885.08  7.02125e+06   5.1531e+15    0.0467413  5.54813e+08  0.000759594 -2.71905e+08   6.1251e-05      435.833 -4.25076e+07  3.96338e+07       4.9601      95.4005      83.7963      79032.5      2578.99  9.59485e-05     -12.9674     -3219.07      1.20731 -1.77584e+07     -45.6998     -46715.9      7311.82      14365.4   0.00031546  2.47833e+13     0.770009     -0.83517      12962.3      974.878    1.037e+07 -1.94358e+07
           0  1.00026e+09            0      899.829  1.30746e+15            0     -1766.59            0            0            0  3.11138e+06  2.00295e+06  -1.8431e+07       1907.2       181984 -1.17034e+10       121637        14985            0   7.7547e+06 -7.51513e+14            0       622164     -22.6946 -0.000320935      17972.8     -1044.73  6.64027e+13       178959      8431.33      -279103            0            0            0     -3.68391 -1.43043e+08 -1.62301e+06      308.306            0      43639.8            0            0  3.19494e+11 -5.69571e+06       699158 -7.11408e+15  5.00015e+07            0     -1519.04      -180489 -1.76908e+06       835043            0        34973 -1.73478e+07       -21252   0.00118323            0     -23262.4  3.43572e+08            0      -75.249            0 -1.00036e+15  -0.00416668 -1.66741e+08            0 -3.78246e+07  0.000198088            0            0            0     0.153918      1977.57            0      -672851      44272.5   0.00189047            0     -71408.2      99.0088            0            0      -845082     -59157.2       880876            0  3.84042e+13    0.0371021      13.5075            0            0 -1.08675e+06 -2.51772e+07
 -2.4687e+15  4.63942e+18  1.53814e+16  3.78617e+09  2.64404e+22  2.63905e+14  1.33526e+10 -1.30992e+07  3.38283e+13  -7.6074e+10 -2.48476e+11 -5.39562e+11 -1.52365e+15  3.94879e+10 -1.17034e+10  1.55124e+18  3.48223e+13 -3.19183e+09 -1.53884e+13  1.12097e+15 -1.56194e+22   3.1516e+11  1.23608e+11 -2.16033e+09      23036.9 -5.08557e+09 -4.78495e+09  5.10189e+21 -4.61326e+10 -1.81175e+09  4.25077e+10      2453.13 -1.21204e+16 -1.97128e+08 -2.90001e+08 -1.31191e+13 -9.27594e+13  -2.2552e+08 -6.97362e+14  -6.5654e+10  2.57767e+13  -5.9964e+09 -4.38119e+19  3.46853e+14 -1.54486e+11  1.85464e+23  -6.7992e+15   2.7379e+10 -1.33004e+11  4.04621e+10  1.74578e+11 -1.99017e+09  9.59237e+12 -1.58561e+10  1.77173e+16 -2.37395e+10     -58292.3 -2.24092e+06  4.08895e+09  5.74953e+15  3.89542e+14  4.49875e+09 -1.89982e+13 -5.77458e+22     -17229.3 -2.53437e+15     -1772.36 -7.80691e+14     -345.937 -3.77391e+09 -9.49507e+13  3.31455e+13  -7.3418e+06  -5.6596e+08  -6.9336e+08 -5.81084e+11 -1.54024e+10       193286  4.91836e+07  1.50469e+10 -2.80209e+08  3.78649e+13  1.19681e+09   1.6382e+11 -9.04986e+10 -9.23616e+10     -77389.9  3.81672e+20 -2.36356e+06    3.069e+07 -4.12856e+10 -3.43992e+09  2.67379e+14 -3.96622e+13
 3.19284e+11  1.15093e+15            0      -385420  -1.4392e+18            0  1.22318e+06     -723.193  5.79936e+09 -2.66869e+06            0  6.36571e+07  1.34492e+12  -8.8722e+06       121637  3.48223e+13  6.57117e+11      36898.4 -4.56793e+09 -1.42114e+12 -1.13862e+19  2.47631e+08            0 -1.73533e+06      37.2376            0       903170  7.30011e+17       196258            0      -444653   -0.0216537 -3.87551e+11            0     -75825.5            0 -1.27491e+11            0  2.54371e+10            0  6.74128e+08      -561022 -1.24441e+17  3.89001e+11 -1.56101e+06   8.8683e+18 -8.85038e+11 -7.52298e+06 -9.75459e+07            0 -7.04033e+06  5.79237e+06 -3.59743e+09       153185 -7.06139e+11 -1.75109e+06    -0.578655     -21406.1      36269.3 -2.97975e+12 -4.32115e+11  3.56131e+06 -3.38567e+09   3.4726e+18      25.8842  2.64097e+11     -7.81033  1.94855e+11     0.184682      -160839            0            0      7448.19      3899.04       -29940            0            0      -15.794            0            0            0  7.94671e+08            0  3.05137e+06  8.01094e+06            0     -4.27397 -8.42049e+16     -6730.11       3420.6 -2.49605e+06  1.07991e+07  3.42262e+10  6.05858e+10
           0 -2.42349e+10            0     -712.219  9.33561e+13            0      274.471    0.0369979            0       -81.93       583811       124365  6.44193e+06      518.828        14985 -3.19183e+09      36898.4      5704.37            0  1.37512e+07  2.34597e+14            0      -113959            0 -3.13794e-05     -978.875      349.663 -1.01926e+13      55677.2      2264.51     -37529.3  4.87276e-06  6.86448e+07            0            0  -4.3345e+06     -64654.7      20.0829            0      42621.3            0            0  3.47933e+11     -56537.6       131874 -1.17106e+15  3.87582e+07            0            0       -32348      -256904      -109757            0      13757.3            0      47670.7  3.13172e-05            0     -3704.44  1.20628e+08            0     -120.574            0   1.2465e+14  0.000240825 -2.74366e+07            0 -7.47923e+06 -7.60368e-07            0            0            0    0.0134984      564.481     -28.3832       103454     -1414.01   9.1053e-05            0     -13420.6      121.472            0            0      -380410      2224.36       116079  0.000356366  5.45546e+11    0.0291721     -2.82069            0      38.1594 -1.42906e+06 -5.78106e+06
-4.08578e+12 -4.43826e+14 -2.73124e+13            0  1.86221e+18 -5.22144e+11            0            0 -6.48088e+10  3.57083e+07            0            0            0   3.7427e+06            0 -1.53884e+13 -4.56793e+09            0  1.67263e+12 -1.00066e+12  7.56535e+18            0            0  2.32452e+07       2.9316            0            0 -1.76427e+17            0            0            0    0.0257766  8.78903e+11            0  1.45131e+06            0 -2.51356e+10            0  1.50345e+12            0 -1.90162e+09            0  8.37107e+15 -4.06299e+10            0 -4.78304e+18  2.90482e+11            0  1.34704e+09            0            0            0            0            0  8.48608e+11            0     0.173829            0            0  1.21928e+12     7.94e+11 -1.92399e+06            0  2.48904e+18     -3.01013  4.81611e+12            0 -1.09037e+11            0  1.07793e+06            0            0      245.127     -38855.9            0            0            0      3.35406            0            0            0            0            0            0            0            0      1.21056 -9.65912e+14     -52.0255            0            0            0 -2.30134e+10   2.4551e+11
 -2.2075e+14   3.6957e+16    2.508e+16  3.69616e+07  2.23391e+20  8.02712e+13 -4.99754e+08       437604  6.12384e+12 -1.09644e+10  3.26488e+10  8.32125e+09  7.69398e+13 -1.89496e+08   7.7547e+06  1.12097e+15 -1.42114e+12  1.37512e+07 -1.00066e+12  1.01716e+15  2.19945e+20 -3.11567e+09  1.21499e+10 -7.81404e+08     -1243.74  3.42879e+07  7.33815e+07  2.93925e+19  3.32833e+08   3.6102e+07  8.77366e+08     -84.2716  3.77123e+14 -6.09896e+07 -2.39414e+07  1.72296e+11 -8.04381e+12 -4.42683e+06 -6.41303e+13 -5.65216e+08  2.10976e+12  2.21779e+08 -1.73301e+18 -1.30787e+13  7.96005e+08  1.28253e+18 -4.71225e+13 -2.37439e+08  3.32413e+09  1.09737e+09 -9.57667e+09 -2.47241e+09 -1.70638e+11  8.49441e+07  3.21143e+14  4.98046e+08      265.833  1.38866e+07 -2.31989e+07 -1.17776e+14  5.05969e+13  1.02258e+08 -1.25912e+12  7.39784e+19      502.983 -4.57624e+14      123.614  -7.9755e+11      118.596  1.04554e+08 -6.15374e+12  5.94307e+12       997491  8.03394e+07 -6.91952e+07  2.56149e+10  9.16353e+08      1496.09 -4.50862e+06  -2.8049e+08 -4.85047e+06  -2.6238e+12 -2.52983e+07 -2.11787e+09  -1.9481e+09 -7.48491e+08      2329.95 -2.38032e+18       121544       161159  1.97291e+09  1.59649e+08  9.18474e+11 -2.48238e+13
-2.45256e+20 -8.61652e+23 -4.20147e+21 -1.56093e+15  1.05172e+28 -1.19124e+20  1.34673e+16  1.92665e+12 -1.15897e+19  2.93349e+16  4.35122e+17  3.34605e+16   3.8551e+20 -7.79515e+15 -7.51513e+14 -1.56194e+22 -1.13862e+19  2.34597e+14  7.56535e+18  2.19945e+20  6.36236e+28 -9.61937e+16 -4.77961e+16  8.85276e+14 -7.59354e+09 -2.76134e+14  1.72335e+15 -9.84771e+26 -6.73127e+14  1.48932e+14 -1.08522e+15 -5.96489e+08  3.13315e+21  8.56502e+13  8.15731e+13  1.36624e+18  1.72839e+19  1.02309e+14  1.98529e+20  6.90305e+15 -9.63059e+18  2.61939e+14   9.5784e+24 -9.62006e+19  1.42473e+16 -1.17088e+28 -8.77829e+19 -6.26422e+15  2.46359e+16  6.91389e+15  6.88929e+16 -2.57389e+16 -3.92898e+17  3.06495e+13  1.34129e+21  7.32549e+14   -9.542e+08 -3.68392e+12  2.13838e+14 -2.77045e+21  3.46773e+20  2.56913e+14  5.20631e+18  2.30969e+28 -3.52501e+09  5.49856e+20  7.98194e+08  1.00532e+20  7.99737e+08  7.59531e+14  1.63915e+20 -1.64849e+20  4.74772e+12 -3.19881e+13  2.21495e+14  3.95021e+17 -5.97089e+13  5.58979e+09 -9.54775e+13 -2.27939e+14  2.68601e+13  8.60088e+19 -2.78297e+14 -7.69928e+15  1.46168e+16  1.28593e+16  1.85069e+10  9.56694e+25  4.64096e+11  -6.1711e+12 -6.81399e+16  1.47188e+15  1.10091e+18  4.26573e+18
           0  6.20428e+12            0            0  9.03759e+14  2.19134e+11            0            0  2.21317e+08      -970481            0            0 -3.16789e+09     -30943.1            0   3.1516e+11  2.47631e+08            0            0 -3.11567e+09 -9.61937e+16  1.79321e+08            0     -34561.8    0.0166136            0            0  4.97784e+15            0            0            0            0            0     -14759.1            0            0 -1.01087e+09            0            0      55086.5  6.10746e+08            0 -3.55181e+14  1.67998e+09            0  9.84718e+16 -3.74845e+09            0            0            0            0            0  3.67427e+09            0            0     -8775.19            0            0            0 -1.37544e+10 -1.23992e+10      17840.1 -7.08279e+08 -4.49047e+16     0.105862            0   -0.0398462   3.6776e+08   -0.0211126      944.542            0            0     -39.5337            0            0            0            0   -0.0873911            0            0            0            0            0            0            0            0            0  4.56098e+12     -15.9521            0            0     -16232.3  1.84534e+08 -1.71468e+09
           0 -1.79133e+12            0      -104258 -9.45782e+16            0 -1.13316e+06     -6.18416            0            0 -5.18844e+06  1.06319e+07            0      22127.2       622164  1.23608e+11            0      -113959            0  1.21499e+10 -4.77961e+16            0  3.34118e+08            0            0       892501      29838.6  5.11701e+15      -830396     -32001.6  1.92529e+06  -0.00168151 -1.39764e+10            0            0 -8.64686e+08 -2.61402e+08      3267.54            0  -1.0383e+06            0            0  7.72818e+13  8.37255e+07      -761800  5.62336e+16 -1.38671e+09            0            0  2.94877e+06      -840376 -1.07079e+07            0  5.24264e+06            0  6.24258e+06   0.00936761            0       212761  1.17695e+10            0     -1332.01            0 -3.70454e+16   -0.0525379            0    0.0023911 -7.05415e+08  -0.00173957            0            0            0            0     -7357.57            0 -4.25253e+07       932480   -0.0278625      6012.53 -3.55851e+06        17781            0            0 -7.51124e+07  1.36287e+06 -2.74571e+06   -0.0725574   1.5638e+15            0      290.385            0            0 -1.90085e+08 -2.48676e+08
-6.55473e+09 -8.95883e+10  4.46476e+10     -277.404  1.66207e+14 -3.09773e+08            0     0.043515 -1.55846e+07      1357.82     -5266.15     -3781.08            0      690.697     -22.6946 -2.16033e+09 -1.73533e+06            0  2.32452e+07 -7.81404e+08  8.85276e+14     -34561.8            0      17587.9  0.000598262            0      24.3983 -3.52296e+13     -324.428            0     -71.2779 -6.23799e-06  2.00761e+08      99.8503      563.883            0  2.04881e+06     -3.37058  1.74884e+08     -53.5534 -3.19324e+06            0   1.9953e+12 -2.31561e+07            0 -6.77084e+14  1.49227e+08            0       308887     -74.4967      -798.93            0       134148            0 -2.98795e+07            0 -0.000376136            0            0  3.76399e+08  2.47845e+07     -317.222  5.22863e+06  -5.8718e+14  -0.00118054  9.02193e+07  0.000121592 -9.33613e+06  0.000266586      4.03421            0            0   -0.0238566     -71.2615            0      11343.3            0 -0.000860829            0      47.0052     -41.4845            0            0            0     -2324.15            0  0.000648679  8.59115e+12   0.00934632      -1.7022            0       17.082 -4.49252e+06  7.67921e+07
    -1190.23  1.05409e+06      3968.63            0  5.42743e+08     -571.181    0.0012691 -7.51025e-07     -1.57577   -0.0116109            0  -0.00548109      1880.54  -0.00668956 -0.000320935      23036.9      37.2376 -3.13794e-05       2.9316     -1243.74 -7.59354e+09    0.0166136            0  0.000598262  2.24503e-07  0.000480354  4.24502e-05   6.3122e+08 -0.000465514            0  0.000744192 -6.36757e-12      42.6601 -0.000179405 -4.11802e-05            0     -13.3908            0      89.3143 -0.000126214       -1.053 -0.000790656 -1.22676e+08      238.351   0.00163637   5.3158e+09     -874.322            0   0.00528237            0   0.00642371            0      8.44789 -0.000415155     -318.439  -0.00198005  1.17486e-10  5.56967e-05            0      -2841.7       105.08   0.00313961     -1.13339  5.45399e+09  1.88752e-08     -339.976 -1.47518e-08      157.072 -4.02243e-10 -2.82573e-05            0     -1.67718  -2.0146e-06  1.96517e-06 -7.98262e-05            0 -0.000495129 -6.87648e-10            0  0.000450213            0      1.93108 -0.000131638  -0.00709157  -0.00665627            0 -2.68385e-09 -7.63771e+07 -8.94609e-06  8.04086e-07  0.000425822  -0.00212684      24.1069       90.882
           0 -8.94521e+10            0      2628.42  -1.6765e+15            0     -3413.97   0.00944182            0            0  1.08803e+06       615759  1.13921e+08       1428.3      17972.8 -5.08557e+09            0     -978.875            0  3.42879e+07 -2.76134e+14            0       892501            0  0.000480354       181444     -1642.43 -4.94898e+12     -48763.7      2482.43        33074            0            0            0            0 -2.23422e+07  8.50208e+06     -125.638            0      37012.4            0            0  2.92304e+12  1.23975e+07       632750 -1.56644e+14  1.15929e+08            0            0     -13806.8      -844701      -382958            0     -3292.09            0      -184526 -0.000802188            0      -6894.1  3.82075e+08            0     -286.171            0  1.15633e+15   0.00176158            0 -0.000323216  -2.0621e+07 -9.42145e-05            0            0            0  -0.00671001      1580.53            0       287148       166910  -0.00188717            0      -177528     -20.9947            0            0       506635     -24491.9       733104            0  3.20932e+12     0.364676     -25.1696            0            0 -5.49445e+06 -1.95444e+07
           0 -9.14767e+10            0     -13076.2  1.12802e+15            0            0    0.0164196            0            0     -73407.9       368029            0      41.9273     -1044.73 -4.78495e+09       903170      349.663            0  7.33815e+07  1.72335e+15            0      29838.6      24.3983  4.24502e-05     -1642.43      26312.6 -5.00138e+13     -4868.36     -148.955      -3801.6 -3.49803e-06            0            0      3.95829  1.60522e+06  5.61374e+06     -158.364            0      12069.6            0            0  1.16286e+12 -3.04971e+06      2514.18 -2.70545e+15 -1.74191e+08            0      1633.18      2207.33      48348.9      43834.5            0     -4844.91            0     -2685.15            0      9.56275     -483.355  2.94087e+08            0     -354.401            0 -3.38802e+13  0.000421386            0  0.000155685  4.93424e+06            0            0            0            0    0.0956403      48.7118            0       351902      7017.01   0.00046483            0     -1619.55      436.654            0            0      7372.44       134112       -40003            0 -5.62128e+12    0.0837553     -59.1078            0      836.624  -5.9023e+06 -6.84465e+06
 2.19151e+19   1.6076e+23  1.11098e+20  5.13465e+13  7.15999e+26  8.54514e+18 -1.89317e+14 -6.04109e+11  5.44366e+17 -9.30396e+14  -1.3003e+16  -5.2902e+15  9.18165e+18  2.35087e+15  6.64027e+13  5.10189e+21  7.30011e+17 -1.01926e+13 -1.76427e+17  2.93925e+19 -9.84771e+26  4.97784e+15  5.11701e+15 -3.52296e+13   6.3122e+08 -4.94898e+12 -5.00138e+13  2.74126e+26   1.4535e+14 -4.54475e+12  7.94768e+13  1.64531e+08 -4.33604e+20 -4.89727e+12 -4.40358e+12  7.98368e+16 -3.02942e+18 -2.74454e+12 -5.34068e+18 -2.46913e+14  5.10336e+17  1.88291e+14 -1.41107e+24  2.87608e+18  -3.1253e+13  8.88338e+26 -6.24567e+19  2.85044e+14 -2.65826e+15 -4.86877e+14  1.19743e+15  3.13286e+14  7.97389e+16  7.00517e+13   2.2232e+20  2.25042e+14  2.49348e+08  1.35772e+12 -8.14066e+12 -3.23813e+20 -6.40043e+18   4.1903e+14 -3.56953e+16  1.85115e+26  5.37523e+09 -1.34524e+19 -5.65707e+07 -4.24073e+19  6.76979e+07  2.11701e+13 -4.45697e+18  4.24139e+18  5.83457e+10  1.92292e+12 -9.20832e+12 -1.73174e+16 -7.93141e+12  6.33283e+08  4.22826e+12 -7.29437e+13 -7.05319e+11 -1.96883e+18  9.08905e+12 -7.48415e+14 -6.75531e+14 -9.05006e+14 -3.13555e+09  2.04859e+24 -3.68772e+10  2.98256e+11  1.48324e+15 -7.71575e+13   2.2838e+18 -3.13399e+18
           0 -1.60116e+11            0      27375.8  1.10017e+15            0            0      1.59995            0            0  1.05248e+07  6.47771e+06   4.7016e+08      7305.65       178959 -4.61326e+10       196258      55677.2            0  3.32833e+08 -6.73127e+14            0      -830396     -324.428 -0.000465514     -48763.7     -4868.36   1.4535e+14  1.37812e+06      27346.4      -390914  0.000326866  3.30371e+09            0     -52.6291  1.91728e+07 -4.27234e+07      -31.416            0       900884            0            0 -5.25114e+12   1.2328e+07   1.0916e+06 -1.11577e+16  5.20307e+08            0     -21716.9      -575402 -5.26043e+06       433905            0       154826            0       456858  -0.00131457            0     -78505.4  7.28631e+08            0     -1346.58            0  3.26752e+15   0.00684456 -3.23137e+08 -0.000601976 -6.76592e+07 -0.000553314      31.9864            0            0     0.944653      7227.28            0  2.61908e+06      13092.7 -0.000327177     -344.601      -203371     -1037.19            0            0 -3.04068e+06      -240554       892383     0.017151  2.42014e+13    -0.386855      63.6014            0      189.374 -6.62122e+06 -8.61693e+07
           0 -1.86026e+10            0     -8.18121  3.07894e+13            0            0            0            0     -74.2826       221005       113481            0      334.777      8431.33 -1.81175e+09            0      2264.51            0   3.6102e+07  1.48932e+14            0     -32001.6            0            0      2482.43     -148.955 -4.54475e+12      27346.4      2707.06      -6602.3            0            0            0            0  1.56221e+07       468987     -5.69823            0      14757.8            0            0   2.1635e+11            0      52887.1 -7.46143e+14     2.61e+07            0            0     -8752.63      -167288     -21138.7            0      6803.49            0      17797.4   1.3753e-05            0     -2079.54  7.73391e+07            0     -94.0814            0  7.51942e+12  0.000238802 -4.02629e+06            0 -5.32395e+06  1.93693e-06            0            0            0            0      334.571     -25.7377      14490.1      7536.36   9.5369e-05            0     -16093.8      -6.0108            0            0      -127969      880.877      86187.4            0 -1.75692e+11      0.02331       1.6846            0            0 -1.35489e+06 -2.90318e+06
           0  5.63933e+11 -9.25396e+09      90.2437  2.10345e+15            0            0    -0.424782      -598630      1917.71 -2.97865e+06 -2.08169e+06  2.81967e+08     -8351.25      -279103  4.25077e+10      -444653     -37529.3            0  8.77366e+08 -1.08522e+15            0  1.92529e+06     -71.2779  0.000744192        33074      -3801.6  7.94768e+13      -390914      -6602.3  3.57194e+06 -0.000115505 -9.60023e+08            0            0  1.68164e+08  4.31404e+07      305.726            0       206411            0            0 -6.82316e+12  1.17533e+07 -7.19287e+06  4.21827e+15 -6.27321e+08            0     -4713.74       296625  4.14345e+06 -7.77146e+06            0      -478005            0       214708  0.000780768            0      68743.6 -1.91923e+09            0      1159.45            0 -1.35571e+15  -0.00412239  1.70842e+09  -0.00032775  7.15806e+07  1.58684e-05     -20.6213            0            0     0.123269     -6788.03            0       659112       505225    0.0124361     -160.642      -114413     -243.748            0            0  1.90887e+06        43744 -3.53343e+06  -0.00498391 -9.22961e+13    -0.117004      3.32753            0     -411.913  2.00402e+07  1.09436e+08
    -13.6072      93135.6     -760.497  1.07919e-05  5.89635e+08            0            0  3.19752e-07     0.463996 -0.000476955  -0.00326163   0.00567271     -23.3275  0.000465667            0      2453.13   -0.0216537  4.87276e-06    0.0257766     -84.2716 -5.96489e+08            0  -0.00168151 -6.23799e-06 -6.36757e-12            0 -3.49803e-06  1.64531e+08  0.000326866            0 -0.000115505   1.2206e-09      1006.93            0  6.63429e-07            0      4.31416            0     -4.74478    0.0011206     0.439735 -0.000142765       274566      4.16747   7.5582e-05  4.07518e+08      -8.0717  0.000573917   0.00113796 -6.92568e-05   0.00012376            0            0  0.000269651     -14.7647            0  -1.4914e-11 -1.96891e-06 -1.84631e-05     -181.627            0  0.000242128            0 -2.26599e+08  3.36263e-09            0 -1.05165e-11     -34.5601 -3.89773e-11  4.80961e-07     0.182717   -0.0863223 -7.18675e-08  3.36445e-06 -1.98763e-05  -0.00143364 -0.000193081  -6.5491e-10  1.62938e-06   0.00012562  1.91581e-06            0  1.93487e-05   0.00276316  -0.00158174 -0.000819043  1.65369e-09       416118 -3.11324e-09 -1.83378e-10 -6.44334e-05 -3.12182e-05      1.18183      5.22921
