 6.47735e+22 -5.08709e+24 -2.32019e+23  8.09549e+11    1.397e+19  3.30661e+21            0            0 -1.20076e+16  8.07834e+16            0            0   1.1678e+20  1.87011e+15            0 -1.95397e+23 -5.97685e+14            0 -1.91939e+16 -5.31769e+21  4.81877e+23            0            0 -6.69734e+13 -2.24705e+06            0            0  3.70179e+19            0            0            0     -25589.5 -1.40024e+20  6.64049e+12 -8.97681e+11            0 -1.73149e+17            0 -1.31702e+19            0 -1.16253e+17  3.83546e+14  1.69236e+23  1.09058e+16            0 -7.39597e+20   5.3245e+19 -5.87328e+14 -9.20247e+15            0            0            0            0            0            0 -3.14729e+12      6484.35            0            0  9.42427e+20  2.74581e+23     -13614.5  1.41461e+16     -15.2152  1.34704e+06   4.2259e+21      88163.4 -3.80151e+17     -91617.6  5.37702e+11            0            0  7.15776e+08 -8.18813e+10  9.23434e+10            0            0   3.1956e+06            0            0            0            0            0            0   -4.361e+14            0      -526163   1.7988e+24  2.74668e+10 -8.46442e+07            0  1.20578e+14 -3.93389e+16  1.36403e+16
-5.08709e+24  6.21162e+29  1.66698e+27  1.79181e+17 -5.02384e+25  1.11107e+25 -4.33584e+18 -8.28656e+14  1.89745e+20  -2.7524e+20 -4.20664e+19 -1.00883e+19 -1.64108e+24   2.2687e+20 -1.23593e+17   2.3827e+28  4.14458e+20 -1.30445e+16 -1.37927e+20  6.60573e+25 -5.74121e+28  8.14374e+19 -1.48578e+18 -7.00726e+16  1.70951e+11 -7.31991e+17 -5.15971e+17 -3.91956e+24 -2.81023e+18 -1.80832e+16  3.43915e+18  1.12233e+10 -2.76449e+25 -6.74924e+15 -4.95042e+15 -7.96782e+21 -1.10268e+22 -1.82096e+15 -7.23506e+22 -1.45938e+18  1.88226e+20 -5.88287e+18 -7.47292e+28   1.0151e+21 -4.22887e+19  1.72542e+26 -2.04257e+24  4.92832e+18  -4.3702e+19  8.48778e+17  4.35999e+18 -5.73452e+18  9.06466e+20 -5.90858e+17    5.175e+10 -9.82937e+17  2.12335e+10 -3.54955e+15  2.12363e+16 -9.90188e+25 -1.57683e+26  2.63107e+09 -2.64128e+20      -400473  -8.8667e+10 -8.59965e+24 -9.80039e+09 -3.27472e+22 -7.40571e+09 -8.00521e+16 -4.79823e+20  3.30166e+20 -5.27788e+13 -1.25113e+15 -5.71236e+15  -1.6676e+20 -2.30254e+18 -3.75761e+10  1.08033e+15  9.11275e+17 -1.57835e+15 -2.40703e+20  1.92148e+15  7.22663e+18 -3.89724e+19 -2.49537e+18 -1.23926e+11  1.64794e+28 -2.09722e+15  1.66477e+13  9.62672e+19 -2.53641e+19   4.7599e+21 -5.62732e+20
-2.32019e+23  1.66698e+27  1.19414e+28            0 -5.61366e+22  3.52976e+24            0            0  1.84859e+19  -8.0026e+18 -3.66737e+17            0            0 -7.49505e+17            0  9.21757e+25            0            0 -1.86921e+18  1.37944e+25 -1.94475e+26            0            0  3.59418e+15            0            0            0  4.61811e+21            0            0            0 -1.67322e+07            0            0            0            0 -7.10485e+18            0 -1.98601e+21            0 -2.73239e+18            0 -7.54039e+26            0            0  8.77033e+22 -1.83581e+22            0  3.57826e+18            0            0            0            0            0            0            0            0            0            0 -4.07934e+23            0  1.06936e+07            0            0 -8.44242e+06 -1.81696e+24            0  1.01436e+20            0            0            0            0            0  2.45831e+14            0  4.03313e+17            0            0            0            0            0            0            0            0            0            0            0  2.02177e+26            0            0            0            0  1.14144e+19 -2.92338e+19
 8.09549e+11  1.79181e+17            0  2.78751e+07 -2.46018e+13            0            0     -8.34734            0 -6.81146e+06 -6.76416e+07 -6.41952e+08            0 -9.25269e+06       602547  1.35756e+16            0      -107350            0  3.49319e+13 -2.75375e+16            0 -1.00703e+08     -78613.2            0  1.01909e+07 -4.06798e+07  1.03768e+10  1.01898e+08     -2414.71      -279167  0.000594293 -1.04098e+12            0     -10123.5            0  -5.4651e+09      7615.37 -7.76286e+09  1.39396e+07            0            0 -2.21738e+16  1.98811e+08  2.35915e+07  1.35823e+14  1.28493e+12            0 -8.36073e+07 -5.34451e+06 -1.01513e+08  1.53243e+08            0  6.42534e+06            0      -199607 -0.000530382            0      -479928 -4.28298e+13            0   0.00142295            0            0  -0.00516331            0  -0.00941087  1.64405e+09            0            0  4.85994e+07 -9.71612e+06    -0.916858      -4050.6            0 -1.27687e+09 -9.20112e+06   -0.0283343      1876.42  6.51008e+06      -505635            0            0  6.88598e+07 -5.60734e+09       578936  -0.00191444  3.40702e+16     -464.989      564.059            0  -3.6668e+07  2.29899e+09  1.93674e+08
   1.397e+19 -5.02384e+25 -5.61366e+22 -2.46018e+13   1.5004e+22 -1.10487e+21  5.99713e+14  9.13699e+09  -1.6333e+16  2.68696e+16  5.47419e+15  1.00008e+15  1.17487e+20 -1.88244e+16  6.04477e+12 -2.11377e+24 -4.59302e+16  4.08795e+11  1.43164e+16 -3.38629e+21  7.78851e+24 -6.44601e+15 -6.81803e+14  4.66741e+12 -1.53844e+07 -4.53444e+13  8.96252e+13  1.81657e+20  7.22851e+13  8.35165e+11 -9.90867e+13      -820783  2.49375e+21  6.58414e+11  3.33593e+11  8.25944e+17  1.19509e+18  4.07546e+10  7.32811e+18  2.55222e+14 -1.42848e+16  2.72386e+14  6.20162e+24 -1.21365e+17  1.88004e+15 -2.90817e+22 -7.18922e+19 -2.96031e+14  1.99783e+15  1.10724e+14 -1.42267e+15  2.30369e+14 -4.37263e+16 -1.90827e+13 -5.32958e+06 -3.39872e+13       207955  3.61492e+11 -3.21372e+11  2.49184e+21  6.95504e+21      -274126  1.57109e+16      109.831  5.43902e+06   6.1217e+20  1.25563e+06  2.52197e+18  1.19364e+06  7.42876e+12  8.41145e+16 -6.05832e+16  5.82133e+09  1.16825e+10  1.25896e+11  1.37228e+16 -1.20304e+14  6.27633e+06 -1.37076e+11  1.38896e+13  4.73452e+10  3.42572e+16 -1.93708e+11  1.36528e+13  1.26877e+14   -1.626e+13  1.28384e+07 -3.62001e+24  2.15534e+11 -9.26311e+08 -1.26564e+16  4.42311e+15 -3.34068e+17  6.33347e+16
 3.30661e+21  1.11107e+25  3.52976e+24            0 -1.10487e+21  3.06817e+23            0            0  4.50524e+16 -2.84512e+16            0            0            0 -3.80109e+15            0  4.21442e+23            0            0 -2.73688e+16  2.32719e+22 -1.38528e+24  5.22178e+17            0 -3.64007e+13 -6.76058e+06            0            0   7.4478e+19            0            0            0            0            0 -1.21293e+13 -1.70828e+11            0 -5.17419e+17            0 -1.55558e+19   1.0337e+14  2.75322e+17            0    -5.22e+24            0            0  1.05607e+21 -7.30314e+19            0  9.73144e+14            0            0            0            0            0            0            0            0            0            0 -2.16813e+21 -3.74781e+22      60627.7 -2.30542e+16            0  1.65651e+06            0            0  4.69088e+17            0            0            0            0            0  2.18759e+11            0            0            0            0            0            0            0            0            0            0            0            0            0 -3.78414e+23            0            0            0            0  9.68597e+16 -4.36275e+17
           0 -4.33584e+18            0            0  5.99713e+14            0  9.68135e+10     -3131.25            0            0            0            0            0 -2.34193e+09 -1.98837e+07  5.21449e+17  3.87931e+09       776252            0 -6.62394e+15  5.29285e+18            0 -2.00401e+10            0      1.95279 -2.58155e+08            0  8.76266e+13            0            0            0            0            0            0            0            0  2.67388e+11            0            0            0            0            0  4.76948e+17            0            0   2.5514e+15  1.08175e+14            0            0 -5.18056e+08            0            0            0 -4.55456e+08            0 -6.15625e+08    -0.856776            0 -4.22111e+06 -1.71017e+14            0    0.0512072            0  0.000111778     0.328996            0            0  6.61426e+11            0            0            0 -1.37737e+09            0            0            0            0            0     0.332247            0  3.77247e+08            0            0            0   4.8797e+09            0            0            0  2.38357e+17       -66810            0            0            0 -1.47636e+11   2.2392e+10
           0 -8.28656e+14            0     -8.34734  9.13699e+09            0     -3131.25      17.1931     -36608.4      86251.9      54706.4      16239.3   2.5318e+08      -479446            0 -5.15449e+13      -136427       5.6057            0  3.24936e+11  7.28229e+13            0     -6338.41      14.2588 -6.22542e-05      64.3946      60.7492  5.75076e+08      5989.75            0     -827.307 -2.28029e-06  1.75983e+11            0      2.54785            0 -1.84943e+07    -0.454966    -1.33e+06      3540.24      -384792      7296.25 -7.88862e+13      -299884      -3894.4 -1.03228e+11  4.92215e+09     -5238.85      10036.4      1643.74     -11273.8            0            0      816.301  6.71059e-06      220.789  -4.9713e-06            0     -16.5097  1.69213e+11  2.44571e+11 -4.12555e-06            0 -4.53802e-10 -0.000189853  6.21439e+08  2.98675e-06  7.43205e+07  6.17805e-06    -0.918546     -18515.5      13751.5    0.0195917     0.880887            0      67307.8            0  1.33028e-05    -0.251397      838.804            0            0    -0.104047      7226.92            0     -2587.76  0.000554171 -6.33606e+13      1.35938            0            0      1379.24 -6.52031e+06 -2.23434e+06
-1.20076e+16  1.89745e+20  1.84859e+19            0  -1.6333e+16  4.50524e+16            0     -36608.4  4.84155e+12 -1.48138e+12 -4.97782e+09            0 -9.85165e+13 -1.53349e+10            0  1.08633e+19  8.81087e+10            0 -7.38029e+11   3.4434e+17 -2.29305e+19  1.15671e+11            0 -3.94838e+08      8.20978            0            0   2.8949e+14            0            0            0      2.70182 -5.54656e+15 -2.62697e+07 -1.40408e+07            0 -1.74077e+11            0 -5.75446e+14            0  1.52716e+12            0 -2.56084e+19  3.00013e+11            0  7.09655e+16 -1.20496e+15  2.51973e+09 -7.91247e+10            0            0            0 -1.01494e+12            0            0 -2.91595e+07    -0.771589 -7.00652e+06            0 -3.76407e+16 -1.39148e+17      1.07881 -3.04054e+12 -4.81235e-05      7.50244 -2.66753e+16            0  4.12423e+12     -6.07261       773760            0            0     -21954.8  6.84428e+06            0  5.47342e+09            0     -20.5441            0            0            0            0  4.13342e+06            0 -1.58928e+10            0     -14.8445  1.47622e+19      -263860      2117.53            0 -1.32891e+09  1.57786e+12 -1.41357e+12
 8.07834e+16  -2.7524e+20  -8.0026e+18 -6.81146e+06  2.68696e+16 -2.84512e+16            0      86251.9 -1.48138e+12  3.93782e+12  7.72168e+09            0 -8.07953e+14  3.84313e+10            0 -1.37625e+19 -2.76204e+10      -627138  2.10784e+11 -3.40195e+17    3.587e+19 -2.69334e+11            0  1.89124e+07      -54.257            0            0 -5.60861e+14            0 -1.14899e+06            0     -1.73166  2.79534e+15  4.88594e+07  7.78833e+06            0  -1.2908e+12            0  1.07756e+15            0 -1.66077e+12  2.83055e+09  2.33382e+19 -6.50971e+11            0 -9.98015e+16  1.69603e+15 -5.84909e+09 -3.90373e+10            0            0            0  1.60667e+12            0      3.97808  8.95553e+07    -0.854419  3.12735e+06            0  5.36352e+16  1.92031e+18     -1.49326  8.42285e+11 -7.93065e-05     -2.41283  9.60877e+16            0 -9.07308e+12     0.992857  6.09029e+06 -2.04703e+10            0        28725 -6.64079e+06  4.78971e+07 -8.49073e+09  1.78052e+09      81.8146            0            0            0 -2.71039e+10 -1.45636e+06            0  1.34196e+10            0       9.2162 -2.30396e+18       142804     -587.077  6.52675e+09   4.3702e+09 -2.21794e+12   3.3666e+11
           0 -4.20664e+19 -3.66737e+17 -6.76416e+07  5.47419e+15            0            0      54706.4 -4.97782e+09  7.72168e+09  2.62653e+12  6.95344e+10            0  3.42356e+09  2.41815e+09 -1.79996e+18            0   9.8417e+07            0  2.06119e+16  1.09364e+19            0 -4.57688e+09 -1.64334e+06            0  5.19119e+09 -2.61394e+08 -3.50794e+14  4.33013e+10  8.27201e+07 -5.77862e+09    -0.219877            0            0            0 -1.14261e+13  1.76718e+12 -2.89714e+07            0 -1.20096e+09            0            0  6.17585e+18  -1.4184e+11  1.24802e+10  -9.7293e+15  1.73411e+14            0 -1.72316e+09   -2.507e+10 -1.85954e+11 -1.02217e+11            0  3.41716e+09            0  1.28673e+10            0            0 -1.81014e+08  6.41459e+15            0    -0.181779            0  4.90495e-06     -13.1877  8.01532e+15            0  9.13773e+10    0.0803963            0            0            0            0  1.48363e+07            0  1.43625e+12   1.2112e+11            0 -1.16528e+07 -2.25016e+09 -5.13937e+06            0            0 -5.51609e+10 -2.05071e+10  2.67645e+09            0   6.1312e+18      66006.1       148283            0            0  -4.1581e+11 -1.51848e+10
           0 -1.00883e+19            0 -6.41952e+08  1.00008e+15            0            0      16239.3            0            0  6.95344e+10  4.34494e+11            0  5.47478e+07  1.09653e+09 -1.05113e+18            0  1.27917e+07            0   4.0524e+15  1.47277e+18            0  9.20846e+09      -962491    -0.196801  1.89526e+09  8.85453e+08 -1.42987e+14  1.90035e+10  2.95398e+07 -2.90264e+09     0.216716   2.0252e+15            0      -123949  4.85816e+13   7.3704e+10 -1.04986e+06            0  5.74652e+09            0            0  4.00262e+17  8.99615e+09  6.15151e+10 -8.59772e+15  -7.4297e+12            0 -1.02364e+09  -8.6354e+09 -3.32342e+10  5.85175e+10            0 -2.45619e+09            0 -1.30739e+09      1.04694      -294436 -2.43794e+08   1.7482e+15            0   -0.0513626            0 -0.000155948     -4.50919 -3.49187e+14            0  3.04242e+11            0            0            0            0     -402.251  3.39014e+06            0  1.02281e+11   3.5956e+10      3.86386            0 -2.59993e+08  2.00326e+07            0            0 -1.23892e+10 -1.86861e+11 -5.61725e+09      7.21139  3.44949e+18      58180.8      -108081            0  5.14799e+09 -9.92327e+10 -3.06821e+10
  1.1678e+20 -1.64108e+24            0            0  1.17487e+20            0            0   2.5318e+08 -9.85165e+13 -8.07953e+14            0            0  1.74261e+21   5.1798e+14  -8.3494e+10 -6.91029e+22  2.61544e+15  9.28224e+09            0  5.49969e+20    2.166e+23 -2.34472e+14            0            0  1.18076e+06  4.32186e+12            0 -3.89772e+18  1.77203e+13            0  4.20822e+12       -13161            0 -8.93228e+10 -1.08903e+10            0 -2.85309e+16            0  2.66093e+16            0  2.97193e+14            0  3.25204e+22 -5.62862e+16  8.72064e+13 -3.95545e+20  1.09061e+19  3.63343e+12            0            0            0            0  1.63097e+16 -4.94332e+10       126197  1.35295e+13            0  9.81094e+11            0  3.54866e+20            0     -8592.95            0     -6.14982      -134788  6.75965e+19      -276196 -6.63429e+16     -31181.9  3.98938e+10            0            0  1.13318e+10 -1.91675e+09            0            0   5.5787e+13      98439.4            0  2.18099e+12            0 -5.96414e+13 -2.25384e+11  -7.9002e+12            0            0            0  2.56157e+23  -2.8271e+09            0  1.12006e+13  4.79851e+14 -1.49457e+16 -7.09358e+15
 1.87011e+15   2.2687e+20 -7.49505e+17 -9.25269e+06 -1.88244e+16 -3.80109e+15 -2.34193e+09      -479446 -1.53349e+10  3.84313e+10  3.42356e+09  5.47478e+07   5.1798e+14  2.31532e+11    1.015e+08  1.23088e+19 -1.20098e+11  5.48446e+06  3.16259e+10 -1.06919e+15 -1.83347e+19 -1.24063e+10  1.40207e+09  1.35693e+07     -42.8953  4.13396e+08 -1.78707e+07 -3.96206e+14  2.00925e+09  7.77387e+06 -1.07825e+09      5.78574 -3.66146e+15       455336       467578  3.26238e+12 -4.72963e+11      74158.7  1.73663e+13   8.3798e+08 -1.01915e+10  1.04569e+09  6.14702e+18 -2.65542e+11  1.74957e+10  7.38574e+16 -5.68278e+14  3.42463e+08  1.41455e+09 -7.02166e+08 -2.14657e+09 -1.64674e+09 -2.71836e+11   2.4199e+08      16.0442  3.99797e+08      10.6346  1.34433e+06 -1.26165e+07 -4.15289e+16  5.42002e+16        1.312  7.57633e+10  0.000529945      70.7633  2.50944e+15      3.21038 -2.34709e+13   -0.0897112  1.44211e+07 -2.21182e+11   1.2406e+11      12478.8       904904       722175  1.20331e+10  2.16403e+09      13.3458     -33009.2 -2.68785e+08      3377.16 -8.91368e+10     -45079.5 -2.99481e+09  4.97825e+09   8.2992e+08      -11.926  2.19644e+19       654402     -204.226  3.36985e+10  8.11564e+09  1.77135e+12 -1.58552e+11
           0 -1.23593e+17            0       602547  6.04477e+12            0 -1.98837e+07            0            0            0  2.41815e+09  1.09653e+09  -8.3494e+10    1.015e+08  8.02912e+07 -1.77288e+16            0  1.43425e+06            0   6.9799e+12  1.54413e+16            0  3.70839e+08     -4161.41    -0.013167  4.58694e+07 -2.14514e+06 -1.43937e+12  4.21539e+08  1.77898e+06 -3.24948e+08            0            0            0     -536.226 -1.38132e+12 -2.61052e+08        13969            0  2.64982e+07            0            0 -1.28977e+16 -1.63682e+08  3.37763e+09 -1.73104e+14  1.35998e+12            0 -4.42548e+06 -1.89758e+08 -1.45748e+09  2.11434e+09            0  1.79907e+07 -0.000723467 -2.86294e+07    0.0378977            0   -3.728e+06  3.24543e+13            0  -0.00020267            0  3.93177e-06   -0.0978825 -6.81876e+12            0 -1.52721e+10    0.0039174            0            0            0      3.44733       159868            0 -1.31909e+09  2.61917e+08     0.197656            0 -5.41901e+07      22698.5            0            0 -4.88175e+08 -4.88393e+08   4.8215e+08            0  9.74325e+16      291.395      143.333            0            0 -3.31761e+08   -9.436e+08
-1.95397e+23   2.3827e+28  9.21757e+25  1.35756e+16 -2.11377e+24  4.21442e+23  5.21449e+17 -5.15449e+13  1.08633e+19 -1.37625e+19 -1.79996e+18 -1.05113e+18 -6.91029e+22  1.23088e+19 -1.77288e+16  8.25719e+27  2.39378e+19 -1.28023e+15 -7.06168e+18  2.83959e+24 -1.06076e+27  5.78679e+18  4.04872e+17 -2.87798e+15  7.99714e+09 -6.54476e+16 -4.57621e+16  -1.6348e+23 -4.14075e+17 -1.69042e+15  2.01846e+17  6.60615e+08 -2.15192e+24 -2.64113e+14 -2.40764e+14  -6.4703e+20 -5.01999e+20 -7.54542e+13 -5.29589e+21 -1.48158e+17  1.15689e+19 -3.03608e+17  -3.7046e+27  5.69831e+19 -3.31821e+18  2.66618e+25 -1.28207e+23  3.15348e+17  -1.9933e+18   1.6583e+17  7.43202e+17  9.13585e+16  7.64008e+19 -3.64868e+16  4.80577e+09 -5.55631e+16 -2.09146e+09  -3.5597e+13   2.4097e+15 -1.40053e+24 -1.24113e+24  1.24824e+08 -1.21914e+19      -500018 -6.42073e+09 -5.05731e+23 -4.59996e+08 -1.83781e+21 -2.86063e+08 -5.80329e+15 -9.44844e+18  1.25519e+18 -1.75086e+12 -1.80203e+14 -3.17291e+14 -8.29548e+18 -4.55624e+17  1.39075e+10  3.02571e+13  5.48979e+16 -2.44128e+14  4.25737e+18  1.63121e+14  3.85743e+17 -3.51753e+18 -2.15138e+17 -9.89408e+09  3.41506e+27 -1.05175e+14  1.48113e+12 -2.83434e+18 -1.56563e+18  3.27455e+20 -2.09454e+19
-5.97685e+14  4.14458e+20            0            0 -4.59302e+16            0  3.87931e+09      -136427  8.81087e+10 -2.76204e+10            0            0  2.61544e+15 -1.20098e+11            0  2.39378e+19  1.36393e+13            0 -9.20131e+10  -1.4297e+17 -5.62248e+19  2.72314e+11            0 -7.18561e+07      796.272            0            0  5.64751e+14            0            0            0     0.164478 -2.60113e+15            0 -2.25894e+06            0 -4.49753e+13            0  -2.5396e+12            0            0            0 -3.44837e+20  3.18993e+12            0    1.305e+17 -2.35404e+15  7.81478e+08 -6.15282e+10            0            0            0 -1.12158e+12            0     -10.5119 -1.43441e+08     -3.36081            0            0 -7.98604e+16 -1.03745e+17      2.50605 -7.83175e+10    0.0012373      8.89753  1.06827e+15     -67.0683   1.8938e+13     -2.77282 -1.66185e+07            0            0      16604.5       153305      -632140            0            0     -132.038            0            0            0  7.32543e+09            0            0            0            0     -19.6948  1.31053e+18 -1.57659e+07            0 -8.73121e+09  3.24162e+09  3.87663e+12  3.86112e+11
           0 -1.30445e+16            0      -107350  4.08795e+11            0       776252       5.6057            0      -627138   9.8417e+07  1.27917e+07  9.28224e+09  5.48446e+06  1.43425e+06 -1.28023e+15            0       117072            0  6.13469e+11  8.34809e+14            0 -1.64338e+07            0 -0.000376822      -465456       148396 -1.18128e+11  2.82755e+07       101513 -9.12732e+06   2.0856e-05   5.4688e+11            0            0 -9.00152e+09  6.16698e+07      300.941            0  5.25102e+06            0            0  1.13505e+14      -513803  1.36131e+08 -7.97777e+12  5.76992e+10            0            0 -7.32543e+06 -4.46088e+07 -6.76087e+07            0  1.66043e+06            0  5.40828e+06   0.00030719            0      -126630  2.11752e+12            0 -6.05615e-05            0  1.18837e-07    0.0017636 -2.46283e+11            0 -6.58964e+08  1.06173e-05            0            0            0    0.0625769      9656.51     -634.781  4.64817e+07 -2.39181e+06   0.00262084            0 -2.36604e+06      6705.96            0            0 -4.86202e+07  5.88659e+06  1.33377e+07   0.00194734 -6.48748e+14      46.5066      -6.7879            0       459989 -7.23405e+07 -4.59858e+07
-1.91939e+16 -1.37927e+20 -1.86921e+18            0  1.43164e+16 -2.73688e+16            0            0 -7.38029e+11  2.10784e+11            0            0            0  3.16259e+10            0 -7.06168e+18 -9.20131e+10            0  2.63191e+13 -8.76386e+16  1.94542e+19            0            0  8.03963e+08      9.24555            0            0 -3.96073e+14            0            0            0    0.0858533  6.21792e+15            0  3.96371e+07            0 -3.39795e+11            0  4.21143e+14            0 -3.19828e+10            0  3.86509e+19  -2.2712e+11            0 -4.36061e+16  4.67606e+14            0  7.33994e+11            0            0            0            0            0       9.8121            0     0.581406            0            0  2.14307e+16  1.26722e+17    -0.845376            0  0.000387797       23.278  3.63037e+16            0 -7.31061e+12            0  6.53515e+07            0            0      1487.45      -540844            0            0            0       14.442            0            0            0            0            0            0            0            0      6.12895 -1.67951e+19            0            0            0            0 -1.10134e+12  1.77707e+12
-5.31769e+21  6.60573e+25  1.37944e+25  3.49319e+13 -3.38629e+21  2.32719e+22 -6.62394e+15  3.24936e+11   3.4434e+17 -3.40195e+17  2.06119e+16   4.0524e+15  5.49969e+20 -1.06919e+15   6.9799e+12  2.83959e+24  -1.4297e+17  6.13469e+11 -8.76386e+16  4.00041e+23 -5.24464e+23 -9.45284e+15  6.51405e+15 -1.44939e+14 -5.08168e+07  -3.1596e+13  1.17332e+14 -7.51007e+20  8.80465e+14  5.60221e+12  1.31942e+15 -3.98928e+06  1.39883e+22 -1.18235e+13 -3.49922e+12  1.63215e+18  -5.1732e+18 -2.41546e+11 -9.55253e+19 -4.10725e+14  1.85118e+17  1.62885e+15 -2.65117e+25 -3.51382e+17  1.31043e+15  9.79695e+21 -4.49608e+20 -3.70791e+14 -3.32487e+15  1.05776e+15 -7.02538e+15 -7.40392e+15 -2.89561e+17 -3.16953e+13  2.34273e+07   2.2972e+14  1.30418e+07  2.49799e+12 -2.56302e+12 -1.22776e+22  4.10049e+22       254036 -1.36864e+17       460.95  3.93287e+07 -1.91974e+22  3.67329e+06 -1.12561e+18  3.51006e+06  3.38543e+13 -2.58451e+17  1.50995e+17  2.31543e+10  5.08912e+12  -7.1578e+12  4.41944e+16  5.78962e+15  4.38874e+07 -2.60336e+11 -1.16129e+14 -1.20815e+12 -1.06496e+17 -7.09118e+11 -6.64675e+14 -1.93623e+16   -7.166e+14  6.17606e+07  1.58587e+24  6.60155e+11  2.59062e+09  4.12867e+16  9.92446e+15  4.94705e+17 -9.80886e+17
 4.81877e+23 -5.74121e+28 -1.94475e+26 -2.75375e+16  7.78851e+24 -1.38528e+24  5.29285e+18  7.28229e+13 -2.29305e+19    3.587e+19  1.09364e+19  1.47277e+18    2.166e+23 -1.83347e+19  1.54413e+16 -1.06076e+27 -5.62248e+19  8.34809e+14  1.94542e+19 -5.24464e+23  2.63425e+28  -1.1223e+19  7.94774e+17  7.39487e+15 -1.95081e+10  2.54754e+16   9.3724e+16  1.69778e+23  3.75096e+16  9.23925e+14 -2.81341e+17 -1.11282e+09  3.86341e+24  6.12025e+14  5.13988e+14  6.37473e+20  8.66006e+20  1.66813e+14  9.09777e+21  1.56647e+17 -2.41337e+19  4.79834e+17  6.84147e+27  -1.2705e+20  4.04892e+18  -1.6533e+25    2.704e+23 -5.98207e+17  3.91763e+18  2.76259e+16  1.66339e+18 -1.24856e+18 -3.80993e+19  3.52235e+16 -1.27022e+08  5.01668e+16   5.1037e+08  5.09022e+14 -1.32098e+15  5.05605e+23  1.83355e+25 -3.85046e+07  1.28087e+19  1.01665e+06  7.22611e+09  1.02241e+24  1.28878e+09   2.4183e+21  9.47295e+08  7.87239e+15   2.1176e+20 -1.24488e+20   6.5326e+12 -7.01782e+11  6.47565e+14  1.99405e+19  5.56689e+17  1.10211e+10  -1.4664e+14 -5.76842e+16  1.97922e+14  1.03854e+20  -2.4322e+14  -5.7972e+17  4.92933e+18  1.10643e+17  1.46912e+10  2.64043e+27  2.52519e+14 -1.78044e+12 -4.37422e+19  3.92012e+18 -4.39033e+20  1.68033e+19
           0  8.14374e+19            0            0 -6.44601e+15  5.22178e+17            0            0  1.15671e+11 -2.69334e+11            0            0 -2.34472e+14 -1.24063e+10            0  5.78679e+18  2.72314e+11            0            0 -9.45284e+15  -1.1223e+19  5.98945e+12            0 -5.67581e+07       36.206            0            0  1.37058e+14            0            0            0            0            0 -2.15699e+07            0            0 -5.63621e+12            0            0  1.83829e+08  4.75078e+11            0 -4.18515e+19  4.04674e+11            0  3.61663e+16 -2.70188e+14            0            0            0            0            0  5.71521e+13            0            0 -2.57809e+07            0            0            0 -1.20623e+16 -9.69174e+16      0.38295 -6.24743e+11 -0.000713391    -0.602507            0     -13.6935  9.91534e+11      -4.8538    2.015e+06            0            0     -9527.67            0            0            0            0     -14.7988            0            0            0            0            0            0            0            0            0  7.80181e+18      -956792            0            0 -1.30424e+10  6.34957e+11 -5.80301e+11
           0 -1.48578e+18            0 -1.00703e+08 -6.81803e+14            0 -2.00401e+10     -6338.41            0            0 -4.57688e+09  9.20846e+09            0  1.40207e+09  3.70839e+08  4.04872e+17            0 -1.64338e+07            0  6.51405e+15  7.94774e+17            0  2.91442e+11            0            0  3.32903e+09  9.09868e+07  2.16808e+14 -3.10024e+09 -1.09192e+07  3.58305e+09   -0.0721906 -7.90469e+14            0            0 -1.56113e+13 -7.42984e+10       236769            0 -9.60155e+08            0            0  1.93184e+18  4.54441e+09 -8.29469e+09  4.66825e+15  5.56921e+13            0            0  4.20566e+09 -2.57177e+09 -4.36479e+10            0  4.16182e+09            0  5.57789e+09      0.23004            0  4.92844e+07   1.7344e+15            0   -0.0127547            0 -1.02809e-05     -1.77729            0     0.107306 -3.88904e+11   -0.0870131            0            0            0            0      -943046            0 -1.42161e+11   1.0435e+10            0       557730 -4.11008e+09  6.15217e+06            0            0 -6.24154e+10  1.61317e+10 -2.28925e+09     -2.81471  5.91379e+18            0      4455.49            0            0 -7.55369e+10 -1.46281e+10
-6.69734e+13 -7.00726e+16  3.59418e+15     -78613.2  4.66741e+12 -3.64007e+13            0      14.2588 -3.94838e+08  1.89124e+07 -1.64334e+06      -962491            0  1.35693e+07     -4161.41 -2.87798e+15 -7.18561e+07            0  8.03963e+08 -1.44939e+14  7.39487e+15 -5.67581e+07            0   1.3815e+06  0.000809341            0      21041.9 -1.61786e+09      -329783            0            0 -0.000204725  3.06752e+12      6775.28      33811.9            0  9.41557e+08     -66.6596  1.17263e+11     -8733.96  -1.2248e+08            0  1.48375e+16 -2.67903e+08            0 -1.34755e+13  5.42019e+11            0   3.6444e+08     -34290.2      -304522            0  1.01651e+08            0  0.000120469            0  -0.00175108            0            0  1.40385e+13  9.40243e+12 -0.000329732  2.27211e+08 -1.26109e-07 -0.000331699  1.34978e+12   0.00158131 -1.62439e+09   0.00274292      604.012            0            0    -0.186939     -2324.76            0  8.74127e+06            0 -0.000841927            0      17170.9     -4273.77            0            0            0 -8.10624e+06            0   0.00760176  9.19435e+14      68.5919     -7.35665            0       725808 -6.11317e+08  1.29502e+09
-2.24705e+06  1.70951e+11            0            0 -1.53844e+07 -6.76058e+06      1.95279 -6.22542e-05      8.20978      -54.257            0    -0.196801  1.18076e+06     -42.8953    -0.013167  7.99714e+09      796.272 -0.000376822      9.24555 -5.08168e+07 -1.95081e+10       36.206            0  0.000809341  1.09131e-06     0.127878   0.00519654      -445578   -0.0930656            0    0.0822206   2.1331e-10      -122530   -0.0044665  -0.00108321            0     -12846.6            0      4280.09   -0.0020745     -2.33915     -1.21471 -1.45938e+11      1033.87     0.753127  4.29519e+07 -1.02968e+06            0     -4.69397            0     0.886896            0      2265.86   -0.0195304 -2.15125e-09    -0.088715 -2.07452e-10  0.000193908            0 -3.22615e+07  4.02015e+06  9.62338e-10     -18.5177  4.71069e-13  8.15445e-10 -1.51548e+06 -5.65537e-08      6883.71 -1.34502e-09  -0.00298886            0     -3.17996 -1.13291e-05  7.66264e-05 -0.000690376            0    -0.349061 -3.52865e-08            0    0.0426125            0      5.97382 -0.000163154    -0.319724     -5.23594            0    -5.73e-09 -3.97489e+09  -0.00705614  7.30999e-07     0.246255     -23.7986      1450.94       272.64
           0 -7.31991e+17            0  1.01909e+07 -4.53444e+13            0 -2.58155e+08      64.3946            0            0  5.19119e+09  1.89526e+09  4.32186e+12  4.13396e+08  4.58694e+07 -6.54476e+16            0      -465456            0  -3.1596e+13  2.54754e+16            0  3.32903e+09            0     0.127878   2.5597e+09  -1.8422e+07  5.09881e+11 -6.11838e+08  2.85042e+06  2.02646e+08            0            0            0            0  -1.2387e+12  3.28298e+10     -32408.2            0  1.25962e+08            0            0  1.04657e+17  1.94292e+09  1.96768e+10 -1.61819e+14    5.505e+12            0            0 -8.43249e+07 -3.82158e+09 -6.33777e+09            0 -3.06369e+07            0 -4.44193e+08   -0.0759273            0 -6.60535e+06  1.88849e+14            0  -0.00431932            0  2.34876e-05     0.319976            0   -0.0487774 -4.97246e+10  -0.00852546            0            0            0     -8.30984       722267            0  3.18389e+09  6.35877e+09   -0.0200331            0 -8.13882e+08     -39042.9            0            0  1.53557e+09 -1.11038e+09  2.26642e+09            0 -5.43919e+16      16108.3     -1470.45            0            0 -6.80052e+09 -4.25544e+09
           0 -5.15971e+17            0 -4.06798e+07  8.96252e+13            0            0      60.7492            0            0 -2.61394e+08  8.85453e+08            0 -1.78707e+07 -2.14514e+06 -4.57621e+16            0       148396            0  1.17332e+14   9.3724e+16            0  9.09868e+07      21041.9   0.00519654  -1.8422e+07  2.37402e+08  8.17693e+11 -5.53256e+07      -141740 -1.85415e+07 -0.000972586            0            0       2709.8  7.08614e+10  1.68042e+10     -32947.2            0  3.38633e+07            0            0  3.19643e+16 -3.81858e+08  7.89714e+07 -4.41797e+14 -5.02773e+12            0  2.23786e+07  1.04287e+07  1.76157e+08  5.39706e+08            0  -1.2902e+07            0 -9.30957e+06            0       7774.3      -344066  1.16145e+14            0  -0.00379777            0            0     0.114977            0    0.0204825  8.21346e+09            0            0            0            0      10.6211      17409.2            0  3.16057e+09  2.12137e+08    0.0438004            0 -6.16014e+06       491862            0            0  1.57507e+07  5.27648e+09 -1.00235e+08            0 -6.40177e+16      2856.92     -2796.41            0  2.52784e+08 -6.40468e+09  -1.0824e+09
 3.70179e+19 -3.91956e+24  4.61811e+21  1.03768e+10  1.81657e+20   7.4478e+19  8.76266e+13  5.75076e+08   2.8949e+14 -5.60861e+14 -3.50794e+14 -1.42987e+14 -3.89772e+18 -3.96206e+14 -1.43937e+12  -1.6348e+23  5.64751e+14 -1.18128e+11 -3.96073e+14 -7.51007e+20  1.69778e+23  1.37058e+14  2.16808e+14 -1.61786e+09      -445578  5.09881e+11  8.17693e+11  2.03081e+20 -1.98939e+13   -6.051e+10  4.36874e+12      31160.5  -1.2251e+20 -5.29511e+09  1.05052e+10  3.32467e+15  7.70369e+16  9.72334e+09 -1.27028e+17 -1.12906e+13  7.87768e+14  2.63378e+14  3.74405e+23 -1.81554e+15  5.95238e+13 -7.10589e+20  2.04452e+19 -5.19168e+13  1.84681e+13  -2.8052e+12  9.86031e+13   1.9494e+14 -4.90433e+15  4.75852e+12      -322743  7.90138e+12      -161371 -2.08094e+10  1.44097e+11  8.09722e+20 -1.27481e+21     -17275.3 -2.84495e+14     -27.2578  5.31231e+06  -3.5591e+19     -46184.4  4.95057e+16       248007  1.04817e+12   3.3652e+15 -1.50973e+15  1.39354e+08 -7.84208e+09 -2.88994e+10 -2.05572e+14 -4.17903e+12       148187  5.07279e+09 -6.80857e+12   4.0141e+10  1.88069e+15 -4.61281e+09 -1.71668e+13  5.39393e+14 -1.45249e+13      -826822  -3.4412e+22 -6.77653e+07 -5.56524e+07 -5.29259e+14 -1.36577e+13 -2.85488e+16  5.62196e+15
           0 -2.81023e+18            0  1.01898e+08  7.22851e+13            0            0      5989.75            0            0  4.33013e+10  1.90035e+10  1.77203e+13  2.00925e+09  4.21539e+08 -4.14075e+17            0  2.82755e+07            0  8.80465e+14  3.75096e+16            0 -3.10024e+09      -329783   -0.0930656 -6.11838e+08 -5.53256e+07 -1.98939e+13  1.76045e+10  3.04558e+07 -2.34526e+09    0.0462512  6.69202e+14            0     -42464.2  8.79911e+11 -1.21888e+11     -15620.6            0  2.77399e+09            0            0 -3.60014e+17   1.8424e+09   2.9387e+10 -1.74139e+15  2.11129e+13            0 -3.50738e+08 -3.25131e+09 -2.30745e+10  4.31485e+09            0   4.9696e+08            0  1.41501e+09   -0.0782248            0 -6.69279e+07  3.60924e+14            0   -0.0168713            0  0.000110439     0.992052 -6.68962e+13   -0.0807975 -1.88204e+11   -0.0650021        68752            0            0      95.5755  3.12359e+06            0  2.96852e+10  4.77089e+08     0.297581      -108216 -9.61719e+08 -1.31724e+06            0            0 -1.00302e+10 -1.11527e+10  2.57813e+09      2.38291  3.22242e+17     -17366.5      3757.88            0  6.66449e+07 -7.93898e+09 -1.73065e+10
           0 -1.80832e+16            0     -2414.71  8.35165e+11            0            0            0            0 -1.14899e+06  8.27201e+07  2.95398e+07            0  7.77387e+06  1.77898e+06 -1.69042e+15            0       101513            0  5.60221e+12  9.23925e+14            0 -1.09192e+07            0            0  2.85042e+06      -141740   -6.051e+10  3.04558e+07       264630 -3.77825e+06            0            0            0            0  7.27611e+10  1.70932e+08     -129.824            0  4.02418e+06            0            0 -2.12591e+14            0  1.25799e+08 -1.13607e+13  8.22393e+10            0            0 -4.53075e+06 -6.39438e+07 -2.96404e+07            0  1.76775e+06            0  4.79509e+06  0.000309256            0      -159113  3.05229e+12            0 -0.000103661            0  1.01217e-07   0.00322044 -7.88339e+10            0  -1.0082e+09  3.13059e-05            0            0            0            0      12514.6     -1163.11  1.30314e+07  2.38695e+07   0.00230958            0 -6.00912e+06     -724.575            0            0 -3.61938e+07  3.64563e+06  2.20157e+07            0 -8.74751e+14      86.0447      8.29586            0            0 -1.38507e+08 -5.16037e+07
           0  3.43915e+18            0      -279167 -9.90867e+13            0            0     -827.307            0            0 -5.77862e+09 -2.90264e+09  4.20822e+12 -1.07825e+09 -3.24948e+08  2.01846e+17            0 -9.12732e+06            0  1.31942e+15 -2.81341e+17            0  3.58305e+09            0    0.0822206  2.02646e+08 -1.85415e+07  4.36874e+12 -2.34526e+09 -3.77825e+06  1.18176e+10  -0.00942258 -1.03173e+14            0            0   4.3602e+12  2.94734e+10      36990.2            0   2.5834e+08            0            0 -5.08755e+17  3.58239e+08 -9.98766e+10  4.03695e+14 -2.05762e+13            0            0  9.82697e+08  9.62553e+09 -5.76827e+10            0 -7.85906e+08            0  1.12475e+09    0.0367586            0  2.94471e+07 -4.91433e+14            0    0.0091239            0 -2.85971e-05    -0.485234   2.0935e+13   -0.0176426  9.82614e+10            0     -15253.3            0            0            0 -1.43701e+06            0  6.36798e+09  1.02508e+10   -0.0736354       -31909  -2.7609e+08      -167213            0            0  2.77133e+09  1.13367e+09 -5.30026e+09    -0.367383 -3.04954e+17     -1340.49       150.68            0 -1.14999e+07  2.05287e+10  1.14096e+10
    -25589.5  1.12233e+10 -1.67322e+07  0.000594293      -820783            0            0 -2.28029e-06      2.70182     -1.73166    -0.219877     0.216716       -13161      5.78574            0  6.60615e+08     0.164478   2.0856e-05    0.0858533 -3.98928e+06 -1.11282e+09            0   -0.0721906 -0.000204725   2.1331e-10            0 -0.000972586      31160.5    0.0462512            0  -0.00942258  3.94252e-09  1.94234e+06            0 -2.65489e-06            0      163.962            0     -715.077    0.0403212       5.2688    0.0118112 -7.77787e+08      9.99481    0.0599986  3.65625e+06     -23017.7     0.121225     0.220915   -0.0067564    0.0366041            0            0    0.0102871 -6.33881e-11            0 -1.73451e-11 -3.21661e-05 -0.000188036 -2.04223e+06            0   6.9193e-11            0 -6.55282e-16  3.31918e-09            0 -1.86293e-11      -1406.6 -9.25746e-11 -4.49736e-05     0.427232    -0.261479 -1.87076e-07  1.99013e-05 -0.000165337    -0.246421    -0.123715 -1.01121e-09  1.05856e-05   0.00670194  3.53641e-05            0  4.41288e-05     0.110613     -1.08866   -0.0294731 -4.89529e-10   1.2683e+09 -4.58475e-06 -5.35084e-09    -0.121355    -0.105152      95.7571      20.4478
