 3.33306e+15 -2.46498e+14 -5.78183e+14  2.88112e+06 -9.75269e+19  9.39606e+12            0            0 -1.34606e+11  2.32527e+09            0            0  2.69634e+13  5.60262e+07            0 -8.63063e+13  1.30944e+10            0 -3.26766e+11 -1.01719e+13  2.70664e+18            0            0  -1.0806e+09     -326.655            0            0  6.90056e+16            0            0            0      -3.4967 -4.79929e+12  1.28732e+08 -2.17044e+07            0 -1.45429e+12            0 -1.66689e+13            0 -1.96255e+12   4.2059e+07   4.6293e+15  1.49542e+12            0 -1.66493e+18  2.73685e+12 -4.30012e+08 -4.83148e+09            0            0            0            0            0 -2.44699e+18 -2.43138e+07   -0.0836349            0            0  3.90546e+12  2.06549e+14 -7.17253e+10  1.44545e+11 -2.57519e+19      216.665  1.21696e+14      12.7591 -8.76871e+11      -19.582  4.41663e+06            0            0       136028  -4.6056e+06  3.65379e+06            0            0       149.15            0            0            0            0            0            0 -3.59877e+07            0      -128.78  8.48564e+16      27456.1     -47500.7            0   2.4253e+06 -1.65322e+11  4.31479e+11
-2.46498e+14  6.55664e+16  6.26455e+14  7.68918e+08  1.55882e+22  3.16415e+13 -8.71567e+08 -7.22932e+06  2.12437e+12  -6.7167e+09 -5.49688e+10  -1.1334e+10 -2.99443e+14  8.63712e+09  2.04084e+08  5.94856e+15  3.46294e+12 -2.41162e+08 -2.34309e+12  1.27601e+14 -9.20941e+20  2.20493e+10  -1.5945e+10 -1.02464e+09      21054.3 -7.21399e+08 -6.73341e+08  3.28332e+19 -6.89913e+08 -1.77538e+08  4.29957e+09      1731.05 -1.31283e+15 -1.35057e+08 -1.17924e+08 -3.54565e+11 -4.54848e+13 -1.90231e+08 -1.06198e+14 -2.90609e+09  3.30512e+12 -1.56916e+09 -7.01599e+17  1.61836e+14 -8.21465e+09  6.09212e+20 -1.61698e+14  4.99988e+09 -2.18428e+10 -5.54238e+08  5.71502e+09 -4.37468e+09  3.30466e+11 -2.39341e+09  4.95224e+21 -3.74905e+09      1736.39 -3.23704e+07  1.08909e+08 -6.18921e+14 -7.75534e+13  2.19873e+13 -2.08459e+12  2.62871e+21     -467.816 -1.80106e+14     -1470.53 -9.45821e+13     -1586.53 -1.13901e+09 -3.02497e+13  4.56216e+13  -9.7995e+06  -2.8198e+07 -1.95667e+08 -9.70192e+10 -2.57348e+07      3485.34  7.86494e+07  2.53192e+09 -2.38779e+07 -1.26673e+13  3.66691e+08  1.67394e+10 -5.57638e+09 -8.93258e+09     -48686.7 -1.35198e+17 -2.23572e+06  9.64739e+06  1.89493e+09 -5.81766e+08  1.78949e+13 -3.47118e+13
-5.78183e+14  6.26455e+14  1.67878e+17            0   4.7454e+20  1.05339e+14            0            0  1.03754e+12 -1.17487e+09 -1.18162e+10            0            0 -2.90493e+08            0  7.96303e+13            0            0 -6.21831e+11  3.31993e+14 -2.02476e+19            0            0  2.07177e+09       312.44            0            0  3.78311e+16            0            0  -3.5097e+08     -54.4602            0  2.17009e+08  1.32561e+07            0 -2.14483e+12            0   -1.388e+13            0 -1.35851e+12  1.35021e+07 -3.05683e+16            0            0 -1.03972e+19 -1.63328e+13            0  2.90095e+10            0            0            0            0            0 -3.34072e+19            0     -100.981            0            0 -2.47122e+13            0  6.22822e+11  2.25021e+11 -1.01041e+20     -396.639  -1.0809e+15            0  2.86167e+12            0 -6.22403e+06            0            0            0  1.55797e+08            0  5.84945e+09            0            0            0            0            0            0            0            0  3.17059e+08            0            0 -1.11845e+17       704801      -282183            0            0  1.25068e+12 -3.08092e+13
 2.88112e+06  7.68918e+08            0      6337.43  -4.9577e+14            0            0  -0.00470035            0      -12.566     -7173.67     -95864.7            0     -37.8123      227.817  1.20511e+08     -29963.4     -233.846            0  3.39215e+06 -3.10115e+13            0     -20006.6      -86.288            0      543.669     -2776.72  2.05326e+11      4503.69     -3.63054      25.1991  5.23833e-06 -2.47841e+06            0     -15.9981            0      -956216      51.9752      -749503      3208.06            0            0 -1.59167e+10  1.86753e+06      383.513   3.1182e+13  8.89136e+06            0     -2945.92     -701.071     -11856.1      4449.34            0      1511.38  2.19567e+14     -55.8329 -5.46369e-06            0     -562.098  -1.7166e+07            0       550526            0  3.03728e+13   3.3959e-05            0 -0.000101968       268810            0            0       171125     -75945.3   -0.0126383     -12.8487            0     -40622.5     -99.7711 -0.000429477      9.07749      1187.21     -407.773            0            0      14061.8     -30954.6      270.238 -3.53296e-05  8.17744e+10   -0.0269356      20.0936            0     -43.9578  2.30129e+06       850598
-9.75269e+19  1.55882e+22   4.7454e+20  -4.9577e+14  5.86277e+28 -4.85047e+18 -5.88386e+14 -5.96245e+12 -4.11151e+17  3.83311e+15  5.86176e+16  2.34279e+16   9.1733e+19  2.47695e+15  7.31392e+14  8.50556e+21 -3.39609e+17   8.7143e+13  7.94269e+17  3.73748e+19   3.2214e+26  1.29059e+15 -3.78265e+16  2.15101e+14  5.96145e+08 -7.58139e+14  5.16869e+14  1.02634e+25  4.64222e+14  3.66465e+13   1.1082e+15  6.71217e+08 -1.24166e+20  3.89632e+13  5.80548e+12  3.25182e+17  5.49476e+18 -6.51881e+13  4.13665e+19   7.6095e+15 -4.40082e+17 -1.37504e+15 -4.27943e+22 -4.82136e+19 -4.73058e+15  -4.0409e+26 -2.48597e+20  2.25749e+15 -2.02313e+15  6.90184e+14 -2.67399e+16 -4.32724e+15  8.76399e+16 -2.51196e+15 -3.38049e+27 -2.11802e+15   5.9357e+09  5.92753e+13 -8.39007e+13 -3.70327e+20  3.20155e+19   2.0999e+18  3.40388e+17  9.62801e+26  -5.1669e+09  8.16146e+19  1.06011e+09 -3.12933e+19   1.1089e+09 -8.96168e+13  1.15571e+19 -3.81714e+19  5.50933e+12  9.89583e+12 -5.85251e+13  1.76201e+16 -1.56074e+14  2.51867e+10 -7.36705e+13  1.80703e+15 -1.11363e+13   1.2232e+18 -4.56088e+13  8.52022e+15 -2.77161e+15 -8.04561e+15 -3.27893e+09  -1.7623e+23  3.15607e+11  4.18985e+11 -4.50462e+14  3.56999e+14  9.38697e+18  7.30174e+18
 9.39606e+12  3.16415e+13  1.05339e+14            0 -4.85047e+18   5.0651e+13            0            0  2.53769e+10 -4.31618e+07            0            0            0 -6.03415e+06            0  2.46568e+12            0            0 -2.67746e+10  2.31523e+12 -1.00175e+18  7.23736e+09            0 -3.24983e+07     -100.599            0            0  1.34826e+16            0            0            0            0            0 -1.31157e+07      -223890            0 -1.20048e+11            0 -1.26521e+12  3.73944e+07  2.60918e+11            0 -1.74345e+15            0            0  1.21818e+17 -2.74736e+11            0  2.69178e+07            0            0            0            0            0  1.99396e+18            0            0            0            0 -5.72722e+11 -1.58681e+12  1.83316e+10 -1.15993e+10  5.02385e+16      52.1243            0            0  6.02524e+10            0            0            0            0            0       612761            0            0            0            0            0            0            0            0            0            0            0            0            0 -3.19129e+15       407.37            0            0            0  3.64754e+10 -1.40277e+12
           0 -8.71567e+08            0            0 -5.88386e+14            0      19183.7   -0.0357556            0            0            0            0            0      -103.09     -246.442  5.90817e+08      53279.4       50.143            0 -2.37942e+07  2.42263e+14            0      -121014            0  0.000360507     -416.798            0 -4.79087e+11            0            0            0            0            0            0            0            0  2.73003e+06            0            0            0            0            0  7.81989e+09            0            0  3.91804e+13   1.3075e+07            0            0     -1987.38            0            0            0      -3292.9 -1.99504e+14     -4133.02 -0.000271117            0     -147.061 -1.32076e+06            0       737110            0  1.77764e+14  0.000303641            0            0   3.0981e+06            0            0            0      -263993            0            0            0            0            0  0.000960802            0      2099.28            0            0            0      30622.6            0            0            0  1.97368e+11    -0.145245            0       101.09            0 -4.08816e+06  2.50242e+06
           0 -7.22932e+06            0  -0.00470035 -5.96245e+12            0   -0.0357556    0.0100204     -33.5078     0.229212      7.37713       4.2029       6175.5     -1.14064            0 -1.39378e+06     -93.8108    0.0209044            0      63559.5  1.09785e+11            0     -2.01858    0.0238538 -6.47923e-07   0.00355355   0.00600377  -5.6053e+09     0.455041            0    -0.154342  2.69287e-07       656421            0   0.00541105            0       -10168   -0.0041202     -792.855      1.38935     -752.184     0.148681 -8.41664e+07     -5108.13   -0.0888383  3.88041e+10      40827.8    -0.327235     0.392192     0.312476     -2.10714            0            0     0.344815 -1.14993e+11     0.220262 -2.38666e-07            0   -0.0342698      67704.7      17579.1     -1587.99            0 -3.11787e+11 -1.22348e-05       1794.2  6.39874e-08      13304.7  1.42426e-07  -0.00121016     -148.551      187.699  0.000505494   0.00534319            0       3.0534            0 -5.63174e-07  -0.00204197      0.27946            0            0  -0.00139658      3.04038            0     -1.08215  1.50842e-05  6.04279e+07  0.000172653            0            0   0.00270537     -106.384       -13698
-1.34606e+11  2.12437e+12  1.03754e+12            0 -4.11151e+17  2.53769e+10            0     -33.5078  1.09585e+10 -8.51624e+06 -1.35142e+06            0 -3.80528e+09      -125536            0   2.3739e+11  1.25819e+08            0 -2.68811e+09  1.44183e+11   -8.584e+16  5.84198e+06            0  -1.3192e+06    -0.212502            0            0  6.21708e+14            0            0     -40139.5    0.0608791 -4.13032e+10     -99801.7     -70157.7            0    2.118e+09            0 -1.74088e+11            0  5.37573e+09     -12500.9 -4.25531e+13  9.09076e+09            0  5.52085e+16 -2.10431e+10       399044 -8.49944e+06            0            0            0 -7.09772e+07            0  2.41499e+17     -46020.8   0.00620802       -26343            0 -4.36787e+10 -2.22413e+10  1.26796e+09 -5.80347e+09  2.49414e+16      2.02861 -1.37765e+11            0  2.36748e+09    -0.268282      3138.79            0            0     -899.569      77137.6            0       668944      4974.46    -0.918607            0            0            0  -2.8708e+07       134824            0      -293522            0    -0.856998 -2.79917e+13     -2.51012      261.252      2962.93     -5215.18  2.76103e+09  -1.6236e+10
 2.32527e+09  -6.7167e+09 -1.17487e+09      -12.566  3.83311e+15 -4.31618e+07            0     0.229212 -8.51624e+06      57975.4         5977            0 -1.03446e+08      673.494            0 -5.12561e+08     -78534.4     -10.0195  2.00566e+06 -3.52978e+08  2.99003e+14     -35118.6            0      159.728  -0.00230428            0            0 -1.24822e+12            0     -8.24092      177.529 -8.49656e-05  5.20169e+07      505.392      99.3886            0 -1.14575e+07            0  8.32702e+08            0 -1.49131e+07      198.133  1.06031e+11  -4.9609e+07            0 -2.01981e+14  6.80973e+07     -2292.92     -10719.2            0            0            0       289952            0  -1.0316e+15      364.752 -0.000197114      29.7303            0  1.56776e+08  7.68028e+08 -4.58815e+06  4.10216e+06 -1.72061e+14  -0.00391834  1.47245e+09            0 -1.24275e+07  0.000103665      28.6409      -628565            0       3.0433     -186.601      1058.82     -2958.72      145.403   0.00665228            0            0            0      -838320     -120.557            0       581.65            0   0.00127287   4.1597e+11    0.0575379    -0.170864      86.5318      37.9985 -1.10164e+07  6.24629e+06
           0 -5.49688e+10 -1.18162e+10     -7173.67  5.86176e+16            0            0      7.37713 -1.35142e+06         5977   1.0525e+08  3.74467e+06            0      3486.08       337496  2.14355e+09            0      83590.8            0  1.21975e+09  4.75138e+15            0      -432458      -750.97            0       108454     -7064.16  -2.6233e+13       743374      29212.5      -274324 -0.000699095            0            0            0 -2.03603e+07   2.5425e+08     -82453.3            0     -74668.9            0            0  1.71924e+12 -6.17359e+08       103749 -1.37153e+15   1.6608e+08            0     -25312.8      -669845 -7.99077e+06      -982865            0       285379 -1.67596e+16  1.04151e+06   0.00110232            0     -79415.9  8.77508e+08            0 -2.69564e+07            0  -3.6974e+15    -0.104178  6.42992e+09            0  1.56735e+07  0.000252109            0            0            0            0      18536.3            0  2.23084e+07       483504    -0.225302       -28335      34476.3     -1685.26 -1.41116e+07            0 -4.25614e+06     -50189.1       243984            0  6.16706e+12      1.22337      2058.64            0            0 -1.16204e+08 -1.47791e+07
           0  -1.1334e+10            0     -95864.7  2.34279e+16            0            0       4.2029            0            0  3.74467e+06  4.08808e+07            0      615.972       266365 -1.14765e+10  2.64657e+06      23019.8            0  3.83225e+08  4.41009e+14            0  1.21228e+06     -625.938  -0.00149639      75253.3      40932.7 -1.31457e+13       555790      18493.5      -226972   0.00145137  2.98888e+09            0     -116.053  1.49497e+08  3.80255e+07     -4579.72            0       756809            0            0 -4.25438e+10  5.31557e+07       531027 -1.98706e+15 -2.14298e+08            0     -21369.9      -766143 -2.41747e+06  1.21131e+06            0      -374546 -9.01441e+15      -100390   0.00735411     -215.429      -184337  3.99555e+08            0 -1.36454e+07            0 -2.81119e+15   -0.0273255 -4.31205e+08            0  3.22427e+07            0            0            0            0     -3.25855       7422.3            0  2.19133e+06       232810   -0.0271732            0       -33099      10533.1            0            0 -2.09441e+06      -674551      -789588    0.0865813   4.7882e+12      2.08821     -2594.46            0      3882.67 -5.63699e+07 -7.47394e+07
 2.69634e+13 -2.99443e+14            0            0   9.1733e+19            0            0       6175.5 -3.80528e+09 -1.03446e+08            0            0  1.80436e+15  6.93135e+07 -3.05626e+06  1.62261e+12  6.87341e+10   1.4194e+06            0  4.36446e+12  1.37155e+19 -2.24021e+08            0            0      646.958  1.56526e+07            0   5.5594e+16  5.07491e+07            0  3.76409e+07     -7.65749            0 -7.92172e+06 -1.12657e+06            0 -7.67795e+11            0   8.2221e+10            0  2.26438e+10            0 -5.94689e+15 -3.56211e+13   8.4274e+07 -1.03664e+19  2.42238e+12  2.78791e+07            0            0            0            0  2.59982e+10  1.88246e+06 -2.53024e+19  4.53813e+08            0  7.77832e+07            0  8.01609e+12            0 -2.00954e+11            0 -1.90359e+19     -223.217  8.28271e+12     -231.259 -4.99346e+11     -30.9309  2.53696e+06            0            0  1.04661e+07      -459374            0            0   4.1395e+07     -917.613            0  2.57929e+07            0 -1.09075e+10 -1.52867e+08 -2.10805e+08            0            0            0  6.13523e+16     -5662.65            0  1.37012e+06  3.61039e+07 -6.86177e+11 -1.84266e+12
 5.60262e+07  8.63712e+09 -2.90493e+08     -37.8123  2.47695e+15 -6.03415e+06      -103.09     -1.14064      -125536      673.494      3486.08      615.972  6.93135e+07      3035.55      278.176  9.61962e+08      -425010      102.182       346449 -1.04349e+07 -1.54796e+14     -1814.66      2826.12      132.083  -0.00212297      187.141      6.88002  7.23524e+12       709.01      60.3081      -1017.6  0.000121497 -5.90321e+07      6.63402      7.98595       139041       137460      6.50432  1.50214e+07      1416.84      -163561      80.6087  6.97639e+10 -2.16279e+07      2133.23  8.63894e+13 -1.92268e+07      107.985      734.816     -682.567     -1882.75     -250.978       -53230      527.532  6.51899e+14      1031.32  0.000250264      13.1936     -115.867 -7.82065e+07  2.23577e+07  3.01835e+06       415118  3.36709e+14    0.0141672  4.07183e+07  0.000229053 -1.28819e+07  2.22328e-05      90.0165 -5.93065e+06  8.08698e+06      1.50376      23.0072      19.2825      4825.99      160.459 -0.000227374     -3.29047     -471.581     0.270923 -1.99702e+06     -14.4102      -5666.8      349.383       1769.1  0.000422103  1.84995e+11     0.305874    -0.312823      333.084      72.9508  1.09493e+06 -2.57645e+06
           0  2.04084e+08            0      227.817  7.31392e+14            0     -246.442            0            0            0       337496       266365 -3.05626e+06      278.176      44639.7 -3.28557e+08      9580.22      4893.02            0      -779518 -3.51405e+12            0       116980     -7.56999 -0.000166136      3903.95     -233.265  4.57258e+11      29240.9      2547.39       -56315            0            0            0     -1.40424 -1.10475e+07      -148185       141.12            0      8536.69            0            0   2.1639e+09 -2.32916e+06        74554 -9.92459e+13  2.91931e+06            0     -258.429     -40306.4      -272276       100044            0         7875 -3.98648e+14     -3224.52  0.000617757            0     -6845.19  2.12483e+07            0      -133370            0 -1.07617e+14  -0.00214839 -2.06238e+07            0 -3.17109e+06  0.000105855            0            0            0    0.0765245      798.051            0     -64172.8      4688.58    0.0011505            0     -17323.7      32.5077      -278581            0      -172216      -4487.5       181131            0  3.92439e+11    0.0242725       8.1258            0            0      -147397 -5.72795e+06
-8.63063e+13  5.94856e+15  7.96303e+13  1.20511e+08  8.50556e+21  2.46568e+12  5.90817e+08 -1.39378e+06   2.3739e+11 -5.12561e+08  2.14355e+09 -1.14765e+10  1.62261e+12  9.61962e+08 -3.28557e+08  1.96849e+16  4.01807e+11 -1.42597e+08 -1.69277e+11  2.07952e+13  7.10927e+19  3.84883e+09   8.4457e+09 -1.29557e+07      1339.77  -1.7751e+08 -1.31653e+08  4.03457e+18 -1.29845e+09 -6.64014e+07  1.55046e+09      171.304 -2.72162e+14  2.45239e+06 -1.08623e+07 -9.63582e+10 -4.25674e+12 -8.18945e+06 -2.29448e+13 -1.48599e+09  5.07148e+11 -1.93021e+08 -4.99879e+16  1.05757e+13 -2.68042e+09  6.37574e+20 -9.92083e+13  9.68256e+08 -2.89468e+09  2.13903e+09  3.12809e+09 -2.39692e+08  1.10273e+11 -6.54776e+08  1.33295e+21 -6.58308e+08      -9138.9  1.56294e+07  1.98746e+08 -3.23953e+13   1.0514e+13  8.24344e+11  -2.6077e+11 -3.36798e+20     -3178.99 -4.37498e+13     -32.9024 -1.29397e+13      257.867 -2.33319e+08  7.17692e+11  -5.5477e+12   1.0164e+06 -3.95304e+07 -4.05605e+07 -5.08178e+09 -1.03066e+08      23044.1 -6.86385e+06  4.17659e+08 -1.27399e+07  3.33627e+12  8.28797e+07  3.07538e+09 -1.76252e+09 -3.44771e+09     -9306.12   7.2225e+17      -282687  2.74512e+06 -7.91821e+08 -4.88311e+07  3.36597e+12 -2.60752e+11
 1.30944e+10  3.46294e+12            0     -29963.4 -3.39609e+17            0      53279.4     -93.8108  1.25819e+08     -78534.4            0  2.64657e+06  6.87341e+10      -425010      9580.22  4.01807e+11  1.68542e+10      3789.11 -2.22869e+08 -3.89829e+10 -1.01509e+17   7.8275e+06            0      -174561      6.18284            0      61658.4  1.08644e+15      9795.12            0     -31366.3  -0.00267649 -1.67549e+10            0     -8788.61            0 -1.08994e+10            0  1.83743e+09            0  3.35658e+07       -26298 -3.89312e+14  5.12099e+10     -53534.5  4.18216e+16 -1.96176e+10      -465523 -5.00563e+06            0      -352174       226758 -7.31269e+07      9516.12  3.48746e+17      -149042   -0.0971298     -2303.39      3419.07 -4.61298e+10 -9.21277e+09  1.60402e+09 -1.06604e+08  1.27773e+17      4.13397  1.02608e+10     -1.25054  5.32398e+09    0.0274665     -18524.3            0            0      1190.27       539.56     -3638.57            0            0     -2.57228            0            0            0  4.19792e+07            0       213136       192082            0     -1.04454 -2.33616e+14     -1409.61      637.922     -40676.8       429087  3.39297e+09  4.32309e+09
           0 -2.41162e+08            0     -233.846   8.7143e+13            0       50.143    0.0209044            0     -10.0195      83590.8      23019.8   1.4194e+06      102.182      4893.02 -1.42597e+08      3789.11       2503.9            0  1.27817e+06   1.0206e+13            0       -29233            0 -2.15242e-05     -306.309      99.8519 -2.67464e+10      12228.9      912.282     -10057.6  3.15561e-06  1.23415e+07            0            0      -446530      37109.9      11.4665            0      11161.8            0            0  4.25951e+09     -22313.6      18840.8 -2.59857e+13  3.17762e+06            0            0     -9585.48     -52302.7     -18186.9            0      4046.69  -1.0367e+14      13646.1  3.14496e-05            0     -1454.26  9.15261e+06            0      -236177            0  -1.7601e+12  0.000171536 -4.51051e+06            0      -815811 -1.02958e-06            0            0            0   0.00903344      306.572     -14.2931      13672.3     -205.647  6.70103e-05            0     -4405.82      51.6892            0            0      -102391      217.608      31517.2  0.000357504  4.85299e+09    0.0252458     -2.19278            0       6.3022      -525203 -1.75021e+06
-3.26766e+11 -2.34309e+12 -6.21831e+11            0  7.94269e+17 -2.67746e+10            0            0 -2.68811e+09  2.00566e+06            0            0            0       346449            0 -1.69277e+11 -2.22869e+08            0  1.58378e+11 -5.29479e+10  1.19716e+17            0            0  4.47368e+06     0.913606            0            0 -3.57945e+14            0            0            0   0.00767346   7.1972e+10            0       322264            0 -3.88904e+09            0  2.09103e+11            0 -1.90219e+08            0  4.93505e+13  -1.0152e+10            0  -5.2941e+16  1.24636e+10            0  1.32342e+08            0            0            0            0            0 -1.61799e+17            0    0.0565805            0            0  4.27713e+10  3.22371e+10 -1.69547e+09            0   7.6165e+16    -0.580596  3.66065e+11            0 -5.72197e+09            0       235518            0            0      74.8899      -9824.6            0            0            0      1.07962            0            0            0            0            0            0            0            0     0.557589 -4.38367e+13     -20.7724            0            0            0 -4.40119e+09  3.50063e+10
-1.01719e+13  1.27601e+14  3.31993e+14  3.39215e+06  3.73748e+19  2.31523e+12 -2.37942e+07      63559.5  1.44183e+11 -3.52978e+08  1.21975e+09  3.83225e+08  4.36446e+12 -1.04349e+07      -779518  2.07952e+13 -3.89829e+10  1.27817e+06 -5.29479e+10  3.06567e+13  6.69111e+17 -1.05166e+08  8.11712e+08 -8.54236e+07     -223.917  2.74993e+06  5.34258e+06  5.29776e+16  1.69449e+07  3.62101e+06  6.17724e+07     -14.0095  1.73844e+13 -7.23917e+06 -2.98984e+06  4.15668e+09 -7.29977e+11      -944895 -5.11249e+12 -3.84955e+07   1.1682e+11  1.10588e+07 -5.79838e+15 -1.82134e+12   2.8363e+07  9.19247e+17 -1.14296e+12 -1.54083e+07   1.8357e+08  8.56265e+07  -5.1817e+08 -1.02639e+08 -3.75092e+09  6.13552e+06  3.03755e+18  3.79385e+07      32.2918  1.56604e+06 -2.18084e+06 -1.82063e+12  1.14932e+12  4.89861e+10 -4.31727e+10  3.32589e+18       90.546 -1.94942e+13      21.1313 -2.60294e+10      21.4053   1.2637e+07 -5.00368e+11  7.11188e+11       170810  1.15577e+07 -9.05849e+06  8.29494e+08  3.34124e+07      261.775      -508395 -2.18354e+07      -600554 -1.81193e+11 -4.04209e+06 -1.30632e+08 -5.43869e+07 -5.74568e+07      598.739 -8.08422e+15      27474.6      26835.1  2.98895e+07  6.78386e+06   8.8017e+10 -1.96155e+12
 2.70664e+18 -9.20941e+20 -2.02476e+19 -3.10115e+13   3.2214e+26 -1.00175e+18  2.42263e+14  1.09785e+11   -8.584e+16  2.99003e+14  4.75138e+15  4.41009e+14  1.37155e+19 -1.54796e+14 -3.51405e+12  7.10927e+19 -1.01509e+17   1.0206e+13  1.19716e+17  6.69111e+17  1.92993e+26  -8.7886e+14  1.36664e+14   4.1268e+13 -5.44525e+08  4.42364e+11  3.04829e+13 -5.52989e+23  1.42533e+13  5.81349e+12 -2.19178e+13  -3.0438e+07  4.48158e+19  3.22002e+12  3.65599e+12  3.16488e+16  7.74049e+17  6.40361e+12  4.48547e+18   1.9171e+14 -1.51298e+17  1.48316e+13  1.34357e+22 -5.34697e+18  2.95162e+14 -1.43089e+25  1.65789e+18 -1.37759e+14  5.76927e+14  8.95795e+13  6.53585e+14 -3.86229e+14 -5.42509e+15  3.51009e+13 -2.29497e+26  6.96244e+13 -1.27904e+07  1.52579e+12  3.32216e+12 -3.78632e+18  4.86428e+18   1.6018e+16  5.59934e+16  1.23182e+26 -1.18876e+08  9.21641e+18  5.07935e+07  1.33713e+18  6.10056e+07  2.87822e+13  4.35159e+18 -6.42504e+18    3.598e+11 -2.37084e+11  6.94745e+12  3.65939e+15  1.53974e+13  5.12074e+08 -3.92024e+12 -3.97434e+13   7.6912e+11  2.00022e+18 -1.40771e+13 -3.67584e+14  8.73755e+13  1.98088e+14  1.61647e+09  1.34326e+23  5.57959e+10  -3.5662e+11 -3.20806e+14  2.26842e+13 -2.35836e+17  4.26233e+17
           0  2.20493e+10            0            0  1.29059e+15  7.23736e+09            0            0  5.84198e+06     -35118.6            0            0 -2.24021e+08     -1814.66            0  3.84883e+09   7.8275e+06            0            0 -1.05166e+08  -8.7886e+14  6.93385e+06            0     -4270.42   0.00304098            0            0  9.01284e+12            0            0            0            0            0     -1970.47            0            0 -1.07084e+08            0            0      5564.94  3.76647e+07            0  -1.3555e+12  2.70938e+08            0  5.79063e+14 -9.65451e+07            0            0            0            0            0  9.15652e+07            0  2.40756e+15     -912.566            0            0            0  -2.9941e+08 -3.26211e+08  1.02156e+07 -2.72153e+07 -6.67137e+14    0.0209009            0  -0.00788673  1.12757e+07   -0.0044425      127.907            0            0     -7.89549            0            0            0            0   -0.0212232            0            0            0            0            0            0            0            0            0  1.96842e+11     -4.12459            0            0      -798.76  2.24487e+07 -1.56786e+08
           0  -1.5945e+10            0     -20006.6 -3.78265e+16            0      -121014     -2.01858            0            0      -432458  1.21228e+06            0      2826.12       116980   8.4457e+09            0       -29233            0  8.11712e+08  1.36664e+14            0  5.04307e+07            0            0       153540      5182.04  2.10648e+13      -105973     -6715.29       308305 -0.000619282  -1.4355e+09            0            0 -3.17032e+07   -5.636e+07      1204.19            0      -149498            0            0  5.79763e+11  2.74366e+07     -25257.6   2.4747e+14 -2.79393e+06            0            0       504831      -142085 -1.03236e+06            0       894468 -4.51791e+15  1.06849e+06   0.00236692            0      48047.5  3.38036e+08            0      -796883            0 -3.09325e+15    -0.021392            0  0.000973818 -4.58706e+07 -0.000695772            0            0            0            0     -2146.16            0 -3.28797e+06      78274.5    -0.012798       2013.9      -664213      4410.91            0            0  -1.1522e+07      78375.4      -444056   -0.0415832  1.15511e+13            0      137.897            0            0 -5.55318e+07 -4.68377e+07
 -1.0806e+09 -1.02464e+09  2.07177e+09      -86.288  2.15101e+14 -3.24983e+07            0    0.0238538  -1.3192e+06      159.728      -750.97     -625.938            0      132.083     -7.56999 -1.29557e+07      -174561            0  4.47368e+06 -8.54236e+07   4.1268e+13     -4270.42            0      6903.85  0.000384518            0      6.59367 -1.72579e+11     -68.2389            0     -22.3052 -3.83215e-06  3.40577e+07      42.5036      254.825            0       728401     -2.03057  5.00868e+07     -17.1807      -636744            0  2.44102e+10 -1.19031e+07            0 -1.50313e+13  1.30914e+07            0      61907.7     -21.9323     -145.985            0      10619.1            0 -1.57363e+14            0 -0.000282239            0            0  2.30447e+07   2.0682e+06      -551780       640099 -6.50755e+13 -0.000732832  1.58389e+07  7.66528e-05      -943464  0.000176853      1.82057            0            0   -0.0147943     -37.1708            0      1412.21            0 -0.000661652            0      14.2376     -16.7683            0            0            0     -224.565            0  0.000611035  8.31759e+10   0.00768033     -1.26108            0      2.69238 -1.79392e+06  2.22579e+07
    -326.655      21054.3       312.44            0  5.96145e+08     -100.599  0.000360507 -6.47923e-07    -0.212502  -0.00230428            0  -0.00149639      646.958  -0.00212297 -0.000166136      1339.77      6.18284 -2.15242e-05     0.913606     -223.917 -5.44525e+08   0.00304098            0  0.000384518  2.47148e-07  0.000219561  1.88728e-05  6.20746e+06 -0.000161045            0  0.000319801 -7.25179e-12      10.5827 -0.000129765 -3.13365e-05            0     -8.49427            0      41.0612 -6.84259e-05    -0.348144 -0.000236952 -2.51228e+06      208.242  0.000376644  2.05487e+08     -127.909            0    0.0017163            0   0.00206759            0      1.12588 -0.000179382  2.25739e+09  -0.00112559  3.38879e-10   3.6989e-05            0     -282.468      13.9781       9.0772    -0.228309   9.6406e+08  1.98188e-08     -87.3788 -1.55916e-08      28.0135 -4.41747e-10 -2.28074e-05            0     -1.13308 -2.32249e-06   1.7874e-06 -6.37274e-05            0 -0.000113622    5.113e-10            0  0.000219142            0     0.675795 -0.000129551  -0.00325836  -0.00105949            0 -4.28041e-09 -1.36888e+06 -1.23709e-05  9.89623e-07    4.647e-05  -0.00056231      14.6554      43.2657
           0 -7.21399e+08            0      543.669 -7.58139e+14            0     -416.798   0.00355355            0            0       108454      75253.3  1.56526e+07      187.141      3903.95  -1.7751e+08            0     -306.309            0  2.74993e+06  4.42364e+11            0       153540            0  0.000219561      35099.1     -246.561  1.95525e+10     -7490.52      640.937      6867.91            0            0            0            0 -1.52638e+06  2.00185e+06     -53.6263            0      6696.38            0            0  2.48337e+10  4.38909e+06      60624.5 -1.17661e+13  6.83683e+06            0            0     -2794.39      -114882     -43416.4            0     -732.373 -2.61354e+12     -34170.8 -0.000266254            0     -1796.73  1.77433e+07            0      -355272            0  3.62491e+13  0.000819194            0 -0.000141145 -1.49884e+06 -4.34285e-05            0            0            0  -0.00542438      568.382            0      25568.9      15842.2  -0.00089377            0     -38303.4    -0.242359            0            0      89334.2     -1825.84       133291            0  1.80104e+10     0.210821       -15.15            0            0 -1.41975e+06 -3.93804e+06
           0 -6.73341e+08            0     -2776.72  5.16869e+14            0            0   0.00600377            0            0     -7064.16      40932.7            0      6.88002     -233.265 -1.31653e+08      61658.4      99.8519            0  5.34258e+06  3.04829e+13            0      5182.04      6.59367  1.88728e-05     -246.561      4898.08 -1.68057e+11     -749.211     -36.6208     -661.088 -1.48329e-06            0            0      1.22253       104643  1.38169e+06     -65.2058            0       2034.4            0            0  9.49392e+09 -1.07374e+06      243.651 -3.52229e+13 -1.06251e+07            0      225.112      421.432      6539.38      4519.74            0     -893.888 -2.21912e+14     -465.062            0      2.71699     -110.865  1.46905e+07            0      -438633            0 -2.28258e+13  0.000231705            0  6.83877e-05       436009            0            0            0            0    0.0410968      17.0591            0      30221.8      643.955  0.000209444            0      -334.61      119.976            0            0      772.986      8866.08     -6940.45            0 -5.57402e+10    0.0486506     -29.8833            0      90.4557 -1.71482e+06 -1.29734e+06
 6.90056e+16  3.28332e+19  3.78311e+16  2.05326e+11  1.02634e+25  1.34826e+16 -4.79087e+11  -5.6053e+09  6.21708e+14 -1.24822e+12  -2.6233e+13 -1.31457e+13   5.5594e+16  7.23524e+12  4.57258e+11  4.03457e+18  1.08644e+15 -2.67464e+10 -3.57945e+14  5.29776e+16 -5.52989e+23  9.01284e+12  2.10648e+13 -1.72579e+11  6.20746e+06  1.95525e+10 -1.68057e+11  3.07548e+22   7.2597e+11  -3.3627e+09  1.28717e+11  1.68446e+06 -1.21628e+18 -2.58322e+10 -2.72456e+10  2.10306e+14 -1.62539e+16 -1.63091e+10 -1.67181e+16 -4.66695e+11  1.47712e+15  5.68108e+11 -2.73711e+20  1.50709e+16  6.43725e+11   3.2823e+23 -8.95502e+16   1.0234e+12    -7.97e+12 -2.35106e+12   2.5847e+12  4.84615e+11  8.48258e+13    3.855e+11  2.31862e+24  1.17439e+12  1.95576e+06  1.57466e+10 -8.13407e+10 -3.37516e+17 -2.43564e+15  1.21411e+16  5.33759e+13  9.40044e+23   5.9774e+07 -1.74075e+16      -492142 -7.98037e+16       879445   1.9307e+11 -1.98147e+16  2.74397e+16  1.40035e+09  2.28844e+10 -6.26472e+10 -3.05024e+13  6.16967e+10  6.13107e+06  3.31827e+10 -5.20516e+11 -1.58404e+09 -7.23945e+15   6.7292e+10 -4.95654e+12 -1.02137e+12 -2.80984e+12 -4.93677e+07  5.55083e+20 -4.51374e+08  3.10616e+09  1.24777e+12  -1.6831e+11  1.11819e+16 -1.47473e+16
           0 -6.89913e+08            0      4503.69  4.64222e+14            0            0     0.455041            0            0       743374       555790  5.07491e+07       709.01      29240.9 -1.29845e+09      9795.12      12228.9            0  1.69449e+07  1.42533e+13            0      -105973     -68.2389 -0.000161045     -7490.52     -749.211   7.2597e+11       151524      5467.45     -53617.1  0.000105988  2.97549e+08            0      -12.651       945984 -7.33704e+06     -14.3629            0       117664            0            0 -3.53253e+10   3.2916e+06      78465.9 -1.31017e+14    2.229e+07            0     -2329.75       -86236      -547992      32205.8            0      22698.3 -4.71912e+14      67027.1 -0.000263897            0     -15299.5  2.79461e+07            0 -1.32751e+06            0  4.99965e+13   0.00238567 -2.61154e+07 -0.000200446 -3.57391e+06 -0.000197622      7.37467            0            0     0.313947      1949.01            0       170194      683.671 -0.000350373     -95.7817     -31456.1     -221.938      -663847            0      -416445     -12038.7       125435   0.00861931  1.70056e+11    -0.173549      25.1985            0       16.205      -842435 -1.30624e+07
           0 -1.77538e+08            0     -3.63054  3.66465e+13            0            0            0            0     -8.24092      29212.5      18493.5            0      60.3081      2547.39 -6.64014e+07            0      912.282            0  3.62101e+06  5.81349e+12            0     -6715.29            0            0      640.937     -36.6208  -3.3627e+09      5467.45      1002.62     -1631.59            0            0            0            0  1.45897e+06       184384        -3.49            0      3552.06            0            0  2.47164e+09            0      6947.98 -1.52158e+13  1.95371e+06            0            0      -2408.4     -31514.6     -3449.92            0      1847.91 -5.46432e+13      4954.26  1.35998e-05            0     -748.638  5.30544e+06            0      -167997            0 -6.19848e+12  0.000156568      -604528            0      -536229  1.24233e-06            0            0            0            0      166.685     -11.7573      1833.96       957.63  7.39875e-05            0     -4739.28     -2.16306            0            0     -31429.9      76.7062      21652.5            0 -3.48765e+09    0.0187985      1.13108            0            0      -508515      -802925
           0  4.29957e+09  -3.5097e+08      25.1991   1.1082e+15            0            0    -0.154342     -40139.5      177.529      -274324      -226972  3.76409e+07      -1017.6       -56315  1.55046e+09     -31366.3     -10057.6            0  6.17724e+07 -2.19178e+13            0       308305     -22.3052  0.000319801      6867.91     -661.088  1.28717e+11     -53617.1     -1631.59       601970 -4.73524e-05  -1.0976e+08            0            0    1.069e+07  8.92222e+06      116.219            0      31869.5            0            0 -5.37634e+10  3.98526e+06      -637864  9.44946e+13 -3.56605e+07            0     -751.834      55415.8       529713      -778183            0     -87647.2  3.53585e+14      34660.4  0.000188888            0      16602.2 -7.77666e+07            0  1.31143e+06            0 -5.80705e+13  -0.00182409  2.06575e+08 -0.000133643  4.55295e+06  1.04234e-05     -6.39647            0            0    0.0497822      -2256.7            0      47771.8      45502.8   0.00594325     -52.1749     -25263.8     -62.3965            0            0       317376      2643.44      -596469  -0.00317949 -7.65038e+11    -0.065511      1.45161            0     -46.0179   3.8738e+06  2.04712e+07
     -3.4967      1731.05     -54.4602  5.23833e-06  6.71217e+08            0            0  2.69287e-07    0.0608791 -8.49656e-05 -0.000699095   0.00145137     -7.65749  0.000121497            0      171.304  -0.00267649  3.15561e-06   0.00767346     -14.0095  -3.0438e+07            0 -0.000619282 -3.83215e-06 -7.25179e-12            0 -1.48329e-06  1.68446e+06  0.000105988            0 -4.73524e-05  1.14644e-09      262.809            0  4.57033e-07            0      2.13722            0     -2.10767  0.000426254     0.135141 -4.05452e-05      4763.47      3.34479  1.40163e-05  1.55842e+07     -0.89485  0.000213587  0.000351605 -3.01999e-05  3.60525e-05            0            0  0.000114386  8.36789e+07            0 -1.26978e-11 -1.26747e-06  -1.0514e-05     -17.1114            0     0.651695            0 -1.19602e+07  3.36576e-09            0 -1.01539e-11     -5.99489 -4.08798e-11  1.57271e-07     0.079879   -0.0377062 -7.18948e-08  2.68129e-06 -1.45057e-05 -0.000277231 -3.91862e-05 -6.90056e-10  1.35361e-06  5.98278e-05   1.2071e-06            0    1.815e-05   0.00109451 -0.000238325 -0.000332003  2.40548e-09      6276.58 -4.26645e-09  5.27358e-10 -2.26956e-06 -7.64623e-06     0.507489      2.28828
