 3.73031e+22 -3.83575e+24 -2.04216e+23  5.42225e+11 -2.66969e+19  1.72369e+21            0            0 -9.27612e+15  5.50227e+16            0            0  7.07774e+19  1.05074e+15            0 -1.02339e+23 -4.43525e+14            0 -1.41749e+16 -2.62567e+21  4.10481e+23            0            0 -4.76216e+13 -1.69101e+06            0            0  7.53338e+19            0            0            0     -19274.4 -8.12188e+19  4.63532e+12 -6.32573e+11            0 -1.18071e+17            0 -8.26785e+18            0  -8.4952e+16  2.50844e+14  1.30309e+23  8.28336e+15            0 -6.16775e+20  3.29653e+19 -3.79862e+14 -6.22819e+15            0            0            0            0            0            0 -2.17945e+12      7527.52            0            0  5.52367e+20  1.36549e+23     -12327.3  1.05945e+16     -35.2887  1.00851e+06  2.34952e+21      66781.4 -2.67971e+17       -67692  3.61098e+11            0            0  5.38946e+08 -5.84039e+10  6.62464e+10            0            0   2.4199e+06            0            0            0            0            0            0 -2.99927e+14            0      -395794  1.53528e+24  1.47333e+10 -6.59477e+07            0  7.82715e+13 -2.74972e+16  1.04197e+16
-3.83575e+24  5.80143e+29  1.55269e+27  1.54326e+17 -5.67292e+25  7.22878e+24 -3.57366e+18 -6.73264e+14  1.78521e+20 -2.37855e+20 -3.80308e+19 -9.32788e+18 -1.28079e+24   1.6228e+20 -1.10372e+17  1.59252e+28   4.0313e+20 -1.21428e+16 -1.27435e+20   4.1709e+25 -6.34932e+28   7.2334e+19 -1.60935e+18 -6.30976e+16  1.64799e+11 -6.02494e+17 -4.17742e+17 -9.88917e+24 -2.42025e+18 -1.60755e+16  2.89728e+18  1.06678e+10 -2.04677e+25 -5.97818e+15 -4.41381e+15 -6.24436e+21 -9.60822e+21 -1.73004e+15 -5.79552e+22 -1.32863e+18  1.76645e+20 -4.90862e+18 -7.30052e+28  9.96695e+20 -3.68182e+19   1.9369e+26 -1.59515e+24  4.08829e+18 -3.73569e+19  7.67157e+17  4.15871e+18 -5.01865e+18  7.31253e+20 -5.24815e+17  4.92448e+10 -8.87256e+17  1.98736e+10 -3.15561e+15  1.94051e+16 -7.32478e+25  -1.0348e+26  2.99681e+09 -2.45903e+20 -1.18869e+06 -8.41227e+10  -6.1009e+24 -9.58687e+09 -2.91191e+22 -6.97738e+09 -6.86749e+16 -4.65577e+20  3.30885e+20 -5.05419e+13 -1.14726e+15 -5.17612e+15 -1.44514e+20 -2.42157e+18  -3.6031e+10  9.98563e+14  7.87628e+17 -1.31344e+15 -2.43309e+20  1.82108e+15  6.47812e+18 -3.56551e+19 -2.20338e+18 -1.19618e+11  1.72846e+28 -1.45393e+15  1.62095e+13   9.4026e+19 -2.11628e+19  4.28513e+21 -5.39057e+20
-2.04216e+23  1.55269e+27   1.0747e+28            0 -4.97474e+22  2.36196e+24            0            0  1.53791e+19 -6.79992e+18 -3.06566e+17            0            0 -5.32052e+17            0  6.29797e+25            0            0 -2.36408e+18  8.53452e+24 -2.10395e+26            0            0  3.31659e+15            0            0            0  1.30089e+22            0            0            0 -1.64381e+07            0            0            0            0 -4.98463e+18            0 -2.20881e+21            0 -2.62296e+18            0 -7.44138e+26            0            0   8.2505e+22 -1.43458e+22            0  3.12771e+18            0            0            0            0            0            0            0            0            0            0 -3.01016e+23            0  1.22136e+07            0            0  5.28901e+06  -1.2047e+24            0  9.05744e+19            0            0            0            0            0  2.19522e+14            0  3.27945e+17            0            0            0            0            0            0            0            0            0            0            0  2.17729e+26            0            0            0            0  1.03282e+19 -3.11618e+19
 5.42225e+11  1.54326e+17            0  2.17178e+07 -2.61188e+13            0            0     -6.20626            0 -5.38771e+06 -5.57914e+07 -5.38033e+08            0  -6.0586e+06       475537  8.58047e+15            0     -91380.2            0   2.0016e+13 -2.72174e+16            0  -8.1208e+07     -65223.6            0  7.52715e+06 -3.00402e+07  4.00243e+10  7.84858e+07     -1988.15      -208539  0.000517173 -7.03783e+11            0     -8300.49            0 -4.33901e+09      6529.16  -5.7109e+09  1.14611e+07            0            0 -1.98054e+16  1.77063e+08  1.90477e+07  1.38026e+14  9.34575e+11            0 -6.59296e+07 -4.18654e+06 -8.36471e+07  1.23304e+08            0  5.18778e+06            0      -157926 -0.000465306            0      -400573 -2.92091e+13            0   0.00148371            0            0  -0.00441736            0  -0.00829103  1.33968e+09            0            0  4.24833e+07 -8.58854e+06    -0.805195     -3346.37            0 -1.00241e+09 -7.55895e+06   -0.0250962       1593.8  5.07372e+06      -404172            0            0  5.55801e+07 -4.50923e+09       486488   -0.0016776  3.39809e+16     -290.377      510.288            0 -2.76934e+07  1.86624e+09  1.69912e+08
-2.66969e+19 -5.67292e+25 -4.97474e+22 -2.61188e+13  2.21561e+22 -8.72307e+20  5.42669e+14  3.25643e+09  -1.8435e+16  2.79675e+16   6.0458e+15  1.13235e+15  1.04835e+20 -1.60548e+16  5.70864e+12 -1.72824e+24 -5.31504e+16  4.15811e+11    1.645e+16 -2.36719e+21  1.03243e+25 -7.04007e+15 -8.68209e+14  4.93555e+12 -1.75985e+07 -5.33684e+13  9.08534e+13  4.91635e+20  6.37379e+13  8.32289e+11 -8.71109e+13      -921628  2.21405e+21   6.9784e+11  3.53221e+11  7.61706e+17  1.25881e+18  3.41424e+10  7.10288e+18  2.87885e+14 -1.56334e+16  2.42438e+14   7.1976e+24  -1.4415e+17  1.75283e+15 -4.03132e+22 -8.97685e+19 -2.78136e+14  1.95848e+15  1.29429e+14 -1.62467e+15  2.15643e+14 -4.21055e+16 -2.70824e+13 -6.37872e+06 -4.71497e+13       361768  3.93518e+11 -2.32739e+11  1.72928e+21  4.49923e+21      -379634  1.71647e+16      472.928  5.86796e+06  4.98321e+20  1.47677e+06  2.65168e+18   1.4235e+06  7.63226e+12   1.0104e+17 -7.30317e+16  6.77842e+09  5.04765e+09  1.03293e+11   1.4383e+16 -1.75188e+14  7.27255e+06 -1.59144e+11  2.32229e+13  6.27423e+10  3.97751e+16 -2.26206e+11  7.69982e+13 -1.89647e+14 -3.20713e+13  1.48583e+07 -5.05006e+24  1.75831e+11  -1.1047e+09 -1.47415e+16  4.53448e+15 -3.52842e+17  7.41746e+16
 1.72369e+21  7.22878e+24  2.36196e+24            0 -8.72307e+20  1.44945e+23            0            0  3.00293e+16 -1.76174e+16            0            0            0 -1.94063e+15            0  2.06986e+23            0            0 -1.83678e+16  1.05057e+22 -1.08287e+24  3.35902e+17            0 -2.34202e+13 -4.62056e+06            0            0  1.39971e+20            0            0            0            0            0 -7.66282e+12 -1.09046e+11            0 -3.19859e+17            0 -8.90411e+18    6.482e+13  1.82148e+17            0 -3.63522e+24            0            0  9.91985e+20 -4.12044e+19            0   6.4116e+14            0            0            0            0            0            0            0            0            0            0 -1.14934e+21 -1.69142e+22      49360.2 -1.53423e+16            0  1.15812e+06            0            0  2.97443e+17            0            0            0            0            0  1.43109e+11            0            0            0            0            0            0            0            0            0            0            0            0            0 -2.91462e+23            0            0            0            0  6.20729e+16 -2.98673e+17
           0 -3.57366e+18            0            0  5.42669e+14            0   6.6822e+10     -2185.58            0            0            0            0            0 -1.44266e+09 -1.49359e+07  2.93919e+17  3.19755e+09       621253            0  -3.5777e+15  4.92987e+18            0 -1.52281e+10            0      1.61231 -1.78969e+08            0  1.92349e+14            0            0            0            0            0            0            0            0  1.99802e+11            0            0            0            0            0  4.01738e+17            0            0  2.52542e+15  7.31472e+13            0            0 -3.80176e+08            0            0            0 -3.44977e+08            0 -4.65661e+08    -0.709203            0 -3.31412e+06  -1.0829e+14            0    0.0503011            0  0.000283744     0.272899            0            0  5.06875e+11            0            0            0 -1.15045e+09            0            0            0            0            0     0.289091            0  2.76996e+08            0            0            0   3.7234e+09            0            0            0  2.27959e+17       -39247            0            0            0 -1.16091e+11  1.85028e+10
           0 -6.73264e+14            0     -6.20626  3.25643e+09            0     -2185.58      12.0951     -29957.2      64791.8      42889.4      12925.1  1.69698e+08      -298492            0 -3.01105e+13      -113503      4.54231            0  1.77145e+11  6.81749e+13            0     -4842.06      11.2386 -5.18902e-05      45.0791      42.6176  1.00815e+09      4387.52            0     -611.945 -1.86705e-06   1.1269e+11            0      1.98579            0 -1.39263e+07    -0.372258      -935561       2751.4      -310820      5275.14 -6.67743e+13      -253291     -2914.96 -9.51834e+10  3.34979e+09     -3743.99      7518.44      1228.39     -8836.44            0            0      624.856  5.61942e-06      169.162 -4.18553e-06            0     -13.1101  1.09325e+11  1.34372e+11 -4.08744e-06            0  -1.1483e-09 -0.000160204  3.81867e+08  2.50255e-06  5.72358e+07  5.15459e-06    -0.683494       -15472      11613.2     0.016309     0.690826            0      50436.7            0  1.09857e-05    -0.203322      625.942            0            0   -0.0861523         5586            0     -1996.78    0.0004614 -6.01732e+13     0.805753            0            0      988.711 -5.08357e+06 -1.86387e+06
-9.27612e+15  1.78521e+20  1.53791e+19            0  -1.8435e+16  3.00293e+16            0     -29957.2  4.61077e+12 -1.29487e+12 -4.44716e+09            0 -7.86115e+13 -1.09831e+10            0  7.40879e+18  8.53054e+10            0  -7.0511e+11  2.17456e+17 -2.51244e+19  1.05655e+11            0 -3.62122e+08       7.9589            0            0  7.81315e+14            0            0            0      2.59965  -4.1327e+15 -2.35968e+07 -1.27378e+07            0 -1.54595e+11            0 -4.67826e+14            0  1.43548e+12            0 -2.51937e+19  2.94922e+11            0  8.09503e+16 -9.55798e+14  2.09668e+09 -6.92475e+10            0            0            0 -8.42616e+11            0            0 -2.59873e+07    -0.734022 -6.30307e+06            0 -2.82695e+16 -8.91991e+16      1.24339 -2.87503e+12 -0.000143249      9.17196 -1.89621e+16            0  3.71311e+12     -5.90042       671317            0            0     -21277.4  6.21946e+06            0  4.75658e+09            0     -20.0556            0            0            0            0  3.98458e+06            0 -1.41563e+10            0     -14.3684   1.6242e+19      -181991      2120.18            0 -1.10969e+09  1.42553e+12 -1.36666e+12
 5.50227e+16 -2.37855e+20 -6.79992e+18 -5.38771e+06  2.79675e+16 -1.76174e+16            0      64791.8 -1.29487e+12  3.16007e+12  6.36973e+09            0 -5.76362e+14  2.54742e+10            0 -8.50013e+18 -2.45501e+10      -539636  1.84629e+11 -1.98232e+17  3.60993e+19 -2.25854e+11            0  1.58324e+07     -48.2818            0            0 -1.41585e+15            0      -943718            0     -1.52703  1.91199e+15  4.02481e+07  6.48349e+06            0 -1.03654e+12            0  8.04387e+14            0 -1.43229e+12  2.18633e+09  2.11741e+19  -5.8728e+11            0  -1.0478e+17  1.23767e+15 -4.46817e+09 -3.12399e+10            0            0            0  1.22462e+12            0      3.56465  7.32573e+07      -0.7514  2.58036e+06            0  3.70164e+16  1.12832e+18     -1.58155  7.30921e+11 -0.000218195      -2.7301  6.30492e+16            0 -7.51983e+12     0.882115  4.83391e+06 -1.82311e+10            0      25533.4 -5.56515e+06  4.05888e+07 -6.81315e+09  1.47709e+09      73.1191            0            0            0 -2.42234e+10  -1.2891e+06            0  1.09577e+10            0      8.18737 -2.37677e+18        90427     -539.658  5.79069e+09   3.3489e+09 -1.84726e+12  2.98679e+11
           0 -3.80308e+19 -3.06566e+17 -5.57914e+07   6.0458e+15            0            0      42889.4 -4.44716e+09  6.36973e+09  2.25897e+12  6.06997e+10            0  2.32537e+09  1.99926e+09 -1.01201e+18            0  8.76318e+07            0  1.24126e+16  1.13859e+19            0 -3.87025e+09  -1.4283e+06            0  3.95416e+09  -2.0142e+08 -8.97495e+14  3.49656e+10  7.00368e+07 -4.78688e+09    -0.202425            0            0            0 -8.34857e+12  1.48357e+12 -2.61585e+07            0 -9.26745e+08            0            0  5.82849e+18 -1.33817e+11  1.08789e+10 -1.05236e+16  1.30209e+14            0  -1.4229e+09 -1.99546e+10 -1.59407e+11 -8.56464e+10            0  2.88267e+09            0  1.07596e+10            0            0 -1.57679e+08  4.57171e+15            0    -0.199148            0  8.33456e-06     -11.9878  5.40859e+15            0  7.90947e+10     0.073439            0            0            0            0  1.27766e+07            0   1.1902e+12  1.03604e+11            0 -1.04952e+07  -1.7039e+09 -4.29589e+06            0            0 -4.66194e+10 -1.73059e+10  2.27253e+09            0  6.31028e+18      42523.7       140321            0            0 -3.62698e+11 -1.37964e+10
           0 -9.32788e+18            0 -5.38033e+08  1.13235e+15            0            0      12925.1            0            0  6.06997e+10   3.9055e+11            0   3.9464e+07  9.33581e+08 -7.41803e+17            0  1.18105e+07            0  2.49639e+15   1.5413e+18            0  8.03818e+09      -855140    -0.185003  1.50739e+09  7.07813e+08 -3.71518e+14  1.57557e+10  2.57174e+07 -2.45097e+09     0.202465  1.46571e+15            0      -108830  3.65763e+13  6.29845e+10      -967283            0  5.02037e+09            0            0  3.84627e+17  8.55364e+09  5.25021e+10 -9.43791e+15 -6.39709e+12            0 -8.64396e+08 -7.24916e+09 -2.93406e+10  5.10248e+10            0 -2.12114e+09            0 -1.11737e+09      0.98402      -256504  -2.1869e+08   1.2819e+15            0   -0.0577681            0 -0.000453607     -4.19647 -2.42205e+14            0  2.64175e+11            0            0            0            0     -377.596  3.01121e+06            0  8.64307e+10  3.15918e+10      3.66293            0 -2.19612e+08  1.72115e+07            0            0 -1.07902e+10 -1.61448e+11 -4.91387e+09      6.78452  3.68359e+18      39030.4      -105122            0  4.17766e+09 -8.62369e+10 -2.90019e+10
 7.07774e+19 -1.28079e+24            0            0  1.04835e+20            0            0  1.69698e+08 -7.86115e+13 -5.76362e+14            0            0  1.11185e+21  3.06911e+14 -5.93473e+10 -3.90164e+22  2.06377e+15  7.16801e+09            0  2.86097e+20  1.95476e+23 -1.76736e+14            0            0       932493  2.88042e+12            0 -8.36274e+18  1.23742e+13            0  2.97779e+12     -10356.5            0 -6.54492e+10 -8.07387e+09            0 -2.02378e+16            0  1.84251e+16            0  2.28798e+14            0  2.74192e+22 -4.53928e+16  6.26658e+13 -3.63102e+20  7.08075e+18   2.1526e+12            0            0            0            0  1.10767e+16 -3.48125e+10       100864  9.88284e+12            0  7.21863e+11            0  2.18872e+20            0     -8126.53            0     -14.7129      -107129  3.95741e+19      -219805 -4.90882e+16     -24792.7  2.82932e+10            0            0  8.98502e+09  -1.4332e+09            0            0  4.14819e+13      80390.5            0  1.53984e+12            0 -4.76933e+13 -1.77947e+11 -5.72316e+12            0            0            0  2.30369e+23 -1.52053e+09            0  8.77879e+12  3.28388e+14  -1.1057e+16 -5.63855e+15
 1.05074e+15   1.6228e+20 -5.32052e+17  -6.0586e+06 -1.60548e+16 -1.94063e+15 -1.44266e+09      -298492 -1.09831e+10  2.54742e+10  2.32537e+09   3.9464e+07  3.06911e+14  1.27203e+11  6.74806e+07  6.32354e+18 -8.81241e+10  3.92297e+06  2.29087e+10 -5.06541e+14 -1.52718e+19 -8.60462e+09  9.60441e+08  9.43364e+06     -31.5334  2.55428e+08 -1.10094e+07 -7.11258e+14  1.29919e+09   5.2855e+06 -7.06463e+08      4.22229 -2.07504e+15       308583       321989  1.91962e+12 -3.18163e+11      51191.3   1.0723e+13  5.72676e+08 -7.20498e+09  6.67702e+08  4.57957e+18 -1.98005e+11  1.16957e+10  6.32675e+16 -3.40173e+14  2.17838e+08  9.29459e+08 -4.58056e+08 -1.48228e+09 -1.10245e+09 -1.71268e+11   1.6394e+08      11.9013   2.7181e+08      7.86672       917516 -8.83729e+06 -2.37447e+16  2.62847e+16      1.14882  5.43432e+10    0.0012005      52.2496  1.36194e+15      2.37372 -1.60336e+13   -0.0689211  9.43156e+06 -1.62635e+11  9.24514e+10      9175.46       626881       505834  7.86736e+09  1.48108e+09      9.81064       -23464 -1.76674e+08      2373.37 -6.57822e+10     -32958.4 -2.03693e+09  3.33606e+09  5.66432e+08     -8.77681  1.83764e+19       342193     -142.507  2.47352e+10  5.13896e+09  1.22141e+12 -1.16942e+11
           0 -1.10372e+17            0       475537  5.70864e+12            0 -1.49359e+07            0            0            0  1.99926e+09  9.33581e+08 -5.93473e+10  6.74806e+07  6.45958e+07 -1.12698e+16            0  1.24167e+06            0  4.12238e+12  1.55218e+16            0  3.05009e+08      -3497.2   -0.0117141  3.44034e+07 -1.59932e+06 -3.51313e+12  3.30097e+08  1.46427e+06 -2.58782e+08            0            0            0      -445.34 -9.85233e+11   -2.208e+08      12144.7            0  2.19998e+07            0            0  -1.1601e+16 -1.47593e+08  2.74676e+09 -1.84678e+14  9.95158e+11            0 -3.53481e+06 -1.50769e+08  -1.2197e+09  1.74272e+09            0   1.4907e+07 -0.000646909 -2.28794e+07    0.0337673            0 -3.16285e+06  2.23969e+13            0 -0.000217749            0  1.08472e-05   -0.0869766 -4.46681e+12            0 -1.26278e+10   0.00351351            0            0            0      3.06061       134032            0 -1.05152e+09  2.18441e+08     0.177276            0 -4.33257e+07      18485.7            0            0 -4.02911e+08 -4.00881e+08  3.99139e+08            0  9.84254e+16      184.425       130.79            0            0   -2.586e+08 -8.42823e+08
-1.02339e+23  1.59252e+28  6.29797e+25  8.58047e+15 -1.72824e+24  2.06986e+23  2.93919e+17 -3.01105e+13  7.40879e+18 -8.50013e+18 -1.01201e+18 -7.41803e+17 -3.90164e+22  6.32354e+18 -1.12698e+16  4.28333e+27   1.6499e+19 -8.63569e+14 -4.82158e+18   1.2873e+24 -7.65996e+26  3.81184e+18  2.23547e+17 -1.84523e+15  5.35665e+09 -3.57619e+16 -2.73169e+16 -2.92147e+23 -2.54685e+17 -1.10083e+15  1.27669e+17  4.53321e+08 -1.16612e+24 -1.65948e+14 -1.50289e+14 -3.55273e+20 -3.08393e+20  -5.0066e+13 -3.08406e+21 -9.52387e+16  7.97786e+18 -1.84175e+17 -2.55076e+27  3.94219e+19  -2.0744e+18  2.21167e+25   -7.387e+22  1.86292e+17 -1.19014e+18  1.05537e+17   4.7647e+17  1.12406e+16  4.50596e+19 -2.47827e+16  3.62797e+09 -3.83336e+16 -1.58161e+09 -2.42466e+13  1.60553e+15 -6.08921e+23  -1.3287e+23  9.87467e+07 -8.26894e+18 -1.09896e+06 -4.40337e+09 -2.59087e+23 -3.04619e+08 -1.18113e+21 -1.86003e+08 -3.59464e+15 -5.76004e+18  4.40162e+17 -1.16252e+12 -1.17737e+14 -2.07189e+14 -4.70711e+18  -3.0323e+17  1.00983e+10  1.72209e+13   3.6323e+16  -1.5581e+14   3.3109e+18  1.12269e+14  2.68386e+17 -2.24755e+18 -1.42811e+17 -6.99019e+09  2.72609e+27 -4.99934e+13  1.06003e+12 -2.19292e+18 -8.89197e+17  2.07804e+20 -1.41756e+19
-4.43525e+14   4.0313e+20            0            0 -5.31504e+16            0  3.19755e+09      -113503  8.53054e+10 -2.45501e+10            0            0  2.06377e+15 -8.81241e+10            0   1.6499e+19  1.34266e+13            0 -8.91318e+10 -9.21892e+16 -6.20243e+19  2.52888e+11            0  -6.6997e+07      784.803            0            0  1.61473e+15            0            0            0     0.160689 -1.96914e+15            0 -2.08122e+06            0 -4.01294e+13            0 -2.09865e+12            0            0            0 -3.45572e+20  3.18772e+12            0  1.46561e+17 -1.89646e+15  6.63101e+08 -5.45445e+10            0            0            0  -9.4661e+11            0     -10.4274  -1.2991e+08     -3.35282            0            0 -6.10729e+16 -6.76002e+16      2.93868 -7.52676e+10   0.00367337      9.61599  7.76917e+14     -66.4765  1.74398e+13     -2.71362 -1.45846e+07            0            0      16344.5       142187      -593097            0            0     -130.534            0            0            0  7.21456e+09            0            0            0            0     -19.3855  1.65054e+18 -1.10577e+07            0 -8.55841e+09  2.74978e+09  3.56744e+12  3.81254e+11
           0 -1.21428e+16            0     -91380.2  4.15811e+11            0       621253      4.54231            0      -539636  8.76318e+07  1.18105e+07  7.16801e+09  3.92297e+06  1.24167e+06 -8.63569e+14            0       109035            0  3.88976e+11  9.08388e+14            0 -1.43989e+07            0 -0.000361023      -379548       119915 -3.12913e+11  2.38268e+07      89897.2 -7.82336e+06  1.99803e-05   4.0327e+11            0            0 -6.92772e+09  5.36001e+07      274.345            0   4.6775e+06            0            0   1.1157e+14      -507937  1.18957e+08  -9.1676e+12  4.53599e+10            0            0 -6.26239e+06 -4.01922e+07 -5.94034e+07            0  1.46515e+06            0  4.79166e+06  0.000296624            0      -115679  1.57367e+12            0 -6.90826e-05            0  3.52119e-07   0.00166504 -1.73711e+11            0 -5.87355e+08  1.01835e-05            0            0            0    0.0599613      8715.06     -576.451   4.0009e+07 -2.15481e+06   0.00253804            0 -2.02109e+06      5853.46            0            0 -4.30745e+07  5.10248e+06  1.18887e+07   0.00186667 -7.03716e+14      31.8059     -6.67678            0       383024 -6.41892e+07 -4.41743e+07
-1.41749e+16 -1.27435e+20 -2.36408e+18            0    1.645e+16 -1.83678e+16            0            0  -7.0511e+11  1.84629e+11            0            0            0  2.29087e+10            0 -4.82158e+18 -8.91318e+10            0  2.51223e+13 -5.56311e+16  2.14794e+19            0            0  7.38424e+08       8.9703            0            0 -1.09615e+15            0            0            0    0.0823842  4.63703e+15            0  3.59596e+07            0 -3.01333e+11            0   3.4293e+14            0 -3.00431e+10            0  3.81754e+19 -2.23546e+11            0  -5.1343e+16  3.73634e+14            0  6.40886e+11            0            0            0            0            0      9.58656            0     0.565086            0            0  1.61464e+16  8.13161e+16    -0.976228            0   0.00115044       22.099  2.59765e+16            0  -6.5798e+12            0  5.64586e+07            0            0      1441.77      -493925            0            0            0      14.0077            0            0            0            0            0            0            0            0      5.93527 -1.84952e+19            0            0            0            0 -9.97534e+11  1.72461e+12
-2.62567e+21   4.1709e+25  8.53452e+24   2.0016e+13 -2.36719e+21  1.05057e+22  -3.5777e+15  1.77145e+11  2.17456e+17 -1.98232e+17  1.24126e+16  2.49639e+15  2.86097e+20 -5.06541e+14  4.12238e+12   1.2873e+24 -9.21892e+16  3.88976e+11 -5.56311e+16  1.69156e+23 -3.74647e+23 -5.71265e+15  3.88679e+15 -8.83131e+13 -3.27989e+07 -1.77039e+13  6.41099e+13 -1.28042e+21  4.98239e+14  3.34909e+12  7.56995e+14 -2.55187e+06  6.94219e+21 -7.06613e+12 -2.11609e+12  8.43405e+17 -3.02472e+18 -1.47749e+11 -5.16469e+19 -2.50855e+14  1.15881e+17   9.1279e+14 -1.74236e+25 -2.30055e+17  7.72099e+14  7.13078e+21  -2.3763e+20 -2.05585e+14 -1.85746e+15  6.06503e+14 -4.26182e+15 -4.39926e+15 -1.60055e+17 -1.86132e+13  1.52407e+07  1.34473e+14  8.45991e+06  1.49568e+12 -1.58973e+12 -6.15564e+21  1.75155e+22       195176 -8.61588e+16      913.702  2.50736e+07 -9.15721e+21  2.38503e+06 -6.66951e+17  2.25941e+06  1.94665e+13 -1.66724e+17  9.86631e+16  1.49342e+10  3.09643e+12 -4.39467e+12  2.55015e+16  3.47846e+15  2.83719e+07  -1.6302e+11 -6.67561e+13 -7.16827e+11 -6.88336e+16 -4.55136e+11 -3.99469e+14 -1.14329e+16 -4.29546e+14  3.98285e+07   1.1677e+24  3.03376e+11  1.70989e+09  2.65697e+16  5.52248e+15  3.00146e+17 -6.34705e+17
 4.10481e+23 -6.34932e+28 -2.10395e+26 -2.72174e+16  1.03243e+25 -1.08287e+24  4.92987e+18  6.81749e+13 -2.51244e+19  3.60993e+19  1.13859e+19   1.5413e+18  1.95476e+23 -1.52718e+19  1.55218e+16 -7.65996e+26 -6.20243e+19  9.08388e+14  2.14794e+19 -3.74647e+23  3.31652e+28 -1.18136e+19  8.37874e+17  7.90817e+15 -2.17516e+10  2.40641e+16  8.78387e+16  4.89889e+23  3.54705e+16  9.60328e+14 -2.80652e+17 -1.23232e+09  3.30174e+24  6.28614e+14  5.43221e+14  5.71401e+20  8.75916e+20  1.76098e+14  8.53643e+21   1.6428e+17 -2.59159e+19  4.72189e+17  7.77189e+27 -1.44002e+20  4.17916e+18 -2.05617e+25  2.45827e+23 -5.71055e+17  4.00554e+18  3.28501e+16  1.75726e+18 -1.26556e+18 -3.58081e+19  3.74972e+16 -8.23653e+07  5.48406e+16  5.52912e+08   5.2629e+14 -1.38901e+15  4.85765e+23   1.3469e+25 -5.18753e+07  1.44762e+19  3.46716e+06   7.9352e+09  8.47253e+23  1.43906e+09  2.49195e+21  1.06552e+09  7.79787e+15  2.35813e+20 -1.40415e+20  7.32199e+12  7.45215e+11  6.96942e+14  1.98208e+19  5.64837e+17  1.25216e+10 -1.59784e+14  -5.8689e+16  1.97138e+14  1.16149e+20 -2.71531e+14 -6.12931e+17  5.01545e+18  1.13975e+17  1.61776e+10  3.34511e+27  1.99562e+14 -2.00369e+12 -4.86992e+19  3.75283e+18 -4.60117e+20  1.91519e+19
           0   7.2334e+19            0            0 -7.04007e+15  3.35902e+17            0            0  1.05655e+11 -2.25854e+11            0            0 -1.76736e+14 -8.60462e+09            0  3.81184e+18  2.52888e+11            0            0 -5.71265e+15 -1.18136e+19  5.24781e+12            0 -4.98432e+07      33.6561            0            0  3.62322e+14            0            0            0            0            0 -1.85602e+07            0            0  -4.7447e+12            0            0  1.57004e+08  4.28086e+11            0   -3.959e+19  3.81545e+11            0  3.98463e+16 -2.05285e+14            0            0            0            0            0  4.55143e+13            0            0 -2.20343e+07            0            0            0 -8.69821e+15 -5.95758e+16     0.423848 -5.66392e+11  -0.00203202    -0.349372            0     -12.8053   8.5631e+11     -4.51443  1.67695e+06            0            0     -8851.43            0            0            0            0     -13.6034            0            0            0            0            0            0            0            0            0  8.23975e+18      -633074            0            0 -1.04413e+10  5.49598e+11 -5.40357e+11
           0 -1.60935e+18            0  -8.1208e+07 -8.68209e+14            0 -1.52281e+10     -4842.06            0            0 -3.87025e+09  8.03818e+09            0  9.60441e+08  3.05009e+08  2.23547e+17            0 -1.43989e+07            0  3.88679e+15  8.37874e+17            0  2.43492e+11            0            0   2.5354e+09  6.96509e+07  5.35833e+14 -2.43808e+09   -9.061e+06  2.87188e+09   -0.0647594 -5.49095e+14            0            0 -1.11367e+13 -6.08443e+10       209718            0 -8.04265e+08            0            0   1.7879e+18  4.17171e+09 -6.67108e+09  5.02264e+15  4.12736e+13            0            0  3.37748e+09 -2.22683e+09  -3.6354e+10            0  3.47394e+09            0  4.64393e+09     0.208588            0  4.23985e+07   1.2257e+15            0    -0.013721            0 -2.91664e-05     -1.60365            0    0.0978501 -3.28183e+11   -0.0791595            0            0            0            0      -793304            0 -1.14765e+11  8.79765e+09            0       487585 -3.32206e+09  5.09117e+06            0            0 -5.24442e+10   1.3413e+10 -1.92602e+09     -2.54166  6.08931e+18            0      4169.45            0            0 -6.38139e+10 -1.33627e+10
-4.76216e+13 -6.30976e+16  3.31659e+15     -65223.6  4.93555e+12 -2.34202e+13            0      11.2386 -3.62122e+08  1.58324e+07  -1.4283e+06      -855140            0  9.43364e+06      -3497.2 -1.84523e+15  -6.6997e+07            0  7.38424e+08 -8.83131e+13  7.90817e+15 -4.98432e+07            0  1.21708e+06  0.000748889            0      16508.2 -2.88676e+10      -270223            0            0 -0.000188954  2.20076e+12      5843.18      29511.6            0   7.9407e+08     -60.5806   9.1574e+10     -7476.39 -1.10748e+08            0  1.40782e+16 -2.53259e+08            0 -1.49908e+13  4.13972e+11            0  3.06268e+08     -28297.1      -265159            0  8.11347e+07            0  0.000113074            0  -0.00165174            0            0  1.01576e+13  5.79397e+12 -0.000365713  2.06367e+08 -3.62998e-07 -0.000429704  9.12078e+11   0.00148227 -1.40089e+09   0.00255871       503.92            0            0    -0.173978     -2035.18            0  7.31095e+06            0  -0.00077456            0      14262.9     -3637.25            0            0            0 -6.94736e+06            0   0.00707954  9.76994e+14      45.4946     -7.08114            0       582501 -5.37585e+08   1.2086e+09
-1.69101e+06  1.64799e+11            0            0 -1.75985e+07 -4.62056e+06      1.61231 -5.18902e-05       7.9589     -48.2818            0    -0.185003       932493     -31.5334   -0.0117141  5.35665e+09      784.803 -0.000361023       8.9703 -3.27989e+07 -2.17516e+10      33.6561            0  0.000748889  1.07706e-06     0.106555     0.004316 -1.14063e+06   -0.0805401            0     0.072514  2.08304e-10     -93022.7   -0.0040779 -0.000999548            0     -11478.5            0      3542.77  -0.00188303     -2.24293     -1.04031 -1.46401e+11      1034.36     0.674146  4.89793e+07      -831790            0     -4.16418            0     0.822605            0      1915.21   -0.0177909 -2.13272e-09   -0.0804701 -2.15057e-10  0.000178299            0 -2.46951e+07  2.62176e+06  1.12976e-09     -17.8275  1.43164e-12  1.12952e-09 -1.10304e+06 -5.61284e-08      6333.82 -1.32942e-09  -0.00262743            0     -3.17419 -1.11607e-05  7.11982e-05 -0.000648536            0    -0.321992 -3.46368e-08            0    0.0374976            0      5.89017 -0.000160214    -0.291011     -4.74769            0 -5.64753e-09 -4.39508e+09    -0.004955  7.45132e-07     0.241835     -20.2197      1340.62      269.419
           0 -6.02494e+17            0  7.52715e+06 -5.33684e+13            0 -1.78969e+08      45.0791            0            0  3.95416e+09  1.50739e+09  2.88042e+12  2.55428e+08  3.44034e+07 -3.57619e+16            0      -379548            0 -1.77039e+13  2.40641e+16            0   2.5354e+09            0     0.106555  1.78612e+09 -1.29084e+07  5.37098e+11 -4.47378e+08  2.18769e+06  1.47597e+08            0            0            0            0 -8.24747e+11  2.47201e+10     -26388.5            0  9.59218e+07            0            0  8.82515e+16  1.64114e+09  1.47387e+10 -1.68892e+14  3.76821e+12            0            0 -6.18495e+07 -2.98067e+09 -4.79105e+09            0 -2.17082e+07            0 -3.47236e+08   -0.0630747            0 -5.20424e+06  1.20815e+14            0  -0.00424911            0  6.02571e-05     0.262997            0   -0.0407837 -3.83872e+10  -0.00719567            0            0            0     -6.94422       563172            0  2.37814e+09  4.91492e+09   -0.0172347            0 -6.01395e+08     -29394.5            0            0  1.18065e+09 -8.50186e+08  1.74582e+09            0 -5.19509e+16      9518.76     -1259.44            0            0 -5.24888e+09 -3.53546e+09
           0 -4.17742e+17            0 -3.00402e+07  9.08534e+13            0            0      42.6176            0            0  -2.0142e+08  7.07813e+08            0 -1.10094e+07 -1.59932e+06 -2.73169e+16            0       119915            0  6.41099e+13  8.78387e+16            0  6.96509e+07      16508.2     0.004316 -1.29084e+07  1.66196e+08   1.8153e+12 -4.03162e+07      -108779  -1.3742e+07 -0.000800666            0            0      2100.95  4.71857e+10  1.26433e+10     -26724.4            0  2.59479e+07            0            0  2.70961e+16 -3.21459e+08  5.85549e+07 -4.27822e+14 -3.45443e+12            0  1.66869e+07  7.78651e+06  1.37956e+08  4.12703e+08            0 -9.86974e+06            0 -7.01893e+06            0      5983.88      -272922  7.51055e+13            0   -0.0037539            0            0    0.0943217            0    0.0171209  6.37452e+09            0            0            0            0      8.80879      13645.1            0  2.35141e+09  1.64538e+08    0.0367837            0 -4.56586e+06       372676            0            0  1.24024e+07  4.02417e+09 -7.73542e+07            0 -6.05224e+16      1690.48      -2394.6            0   1.8094e+08 -4.93621e+09 -9.00161e+08
 7.53338e+19 -9.88917e+24  1.30089e+22  4.00243e+10  4.91635e+20  1.39971e+20  1.92349e+14  1.00815e+09  7.81315e+14 -1.41585e+15 -8.97495e+14 -3.71518e+14 -8.36274e+18 -7.11258e+14 -3.51313e+12 -2.92147e+23  1.61473e+15 -3.12913e+11 -1.09615e+15 -1.28042e+21  4.89889e+23  3.62322e+14  5.35833e+14 -2.88676e+10 -1.14063e+06  5.37098e+11   1.8153e+12  1.45934e+21 -4.80429e+13 -1.59068e+11  1.25073e+13      86814.2 -2.62434e+20 -1.40063e+10  2.43907e+10  1.25897e+15  1.82336e+17  2.46273e+10   -3.024e+17  -2.9508e+13  2.09917e+15  6.09196e+14  9.88233e+23 -4.92583e+15  9.41851e+13 -2.10376e+21  4.38422e+19 -1.16915e+14  2.85489e+13 -5.80835e+12  2.49013e+14  4.76375e+14 -1.09783e+16  1.13655e+13      -840798  1.88651e+13      -421835 -5.16618e+10  3.80525e+11  1.64458e+21 -2.28654e+21     -53482.1 -8.45441e+14     -223.674  1.40636e+07 -7.21486e+19      -125724  1.06924e+17       660796  2.44653e+12  8.69377e+15 -3.88745e+15  3.70997e+08    -2.09e+10 -7.52231e+10 -5.41529e+14 -1.35798e+13       403926  1.35366e+10 -1.57257e+13  9.75699e+10  4.88513e+15 -1.24748e+10 -3.88808e+13  1.32502e+15 -3.76307e+13 -2.25749e+06 -9.86528e+22 -4.51275e+08  -1.4656e+08  -1.3525e+15 -3.30859e+13 -6.94351e+16  1.47092e+16
           0 -2.42025e+18            0  7.84858e+07  6.37379e+13            0            0      4387.52            0            0  3.49656e+10  1.57557e+10  1.23742e+13  1.29919e+09  3.30097e+08 -2.54685e+17            0  2.38268e+07            0  4.98239e+14  3.54705e+16            0 -2.43808e+09      -270223   -0.0805401 -4.47378e+08 -4.03162e+07 -4.80429e+13  1.34113e+10  2.44018e+07 -1.81806e+09    0.0397848  4.45718e+14            0     -34385.9  6.13593e+11 -9.55598e+10       -13899            0  2.22962e+09            0            0 -3.16992e+17  1.61585e+09  2.31404e+10 -1.78874e+15  1.49781e+13            0 -2.73152e+08 -2.51383e+09 -1.87985e+10  3.52911e+09            0  3.95462e+08            0  1.12298e+09   -0.0675284            0 -5.52912e+07  2.41996e+14            0   -0.0173984            0  0.000295953     0.853388 -4.28653e+13   -0.0705439  -1.5223e+11   -0.0565527      53161.8            0            0      82.7828  2.54937e+06            0  2.30489e+10  3.80794e+08     0.261275     -90735.9 -7.39992e+08 -1.04306e+06            0            0 -8.01481e+09 -8.87438e+09  2.07905e+09      2.06315  3.16616e+17     -10667.3      3357.86            0  4.99402e+07   -6.317e+09 -1.50483e+10
           0 -1.60755e+16            0     -1988.15  8.32289e+11            0            0            0            0      -943718  7.00368e+07  2.57174e+07            0   5.2855e+06  1.46427e+06 -1.10083e+15            0      89897.2            0  3.34909e+12  9.60328e+14            0   -9.061e+06            0            0  2.18769e+06      -108779 -1.59068e+11  2.44018e+07       222703 -3.05914e+06            0            0            0            0  5.29692e+10  1.41108e+08     -116.966            0  3.40163e+06            0            0 -1.99332e+14            0  1.04001e+08 -1.24508e+13  6.14071e+10            0            0 -3.67501e+06 -5.47356e+07 -2.47407e+07            0   1.4859e+06            0  3.99452e+06   0.00028366            0      -137983  2.15449e+12            0 -0.000112382            0  2.85334e-07   0.00290371 -5.29506e+10            0 -8.53046e+08    2.848e-05            0            0            0            0      10737.1      -1008.2  1.07575e+07  2.02534e+07   0.00212576            0 -4.88932e+06     -601.152            0            0 -3.04924e+07  3.04881e+06  1.86262e+07            0 -9.10205e+14      55.7604       7.7939            0            0 -1.17017e+08  -4.7105e+07
           0  2.89728e+18            0      -208539 -8.71109e+13            0            0     -611.945            0            0 -4.78688e+09 -2.45097e+09  2.97779e+12 -7.06463e+08 -2.58782e+08  1.27669e+17            0 -7.82336e+06            0  7.56995e+14 -2.80652e+17            0  2.87188e+09            0     0.072514  1.47597e+08  -1.3742e+07  1.25073e+13 -1.81806e+09 -3.05914e+06  9.23617e+09  -0.00818441 -6.93948e+13            0            0  3.08102e+12  2.35382e+10      31941.1            0  2.15047e+08            0            0 -4.54352e+17  3.35916e+08 -7.96239e+10   4.3308e+14 -1.47994e+13            0            0  7.66233e+08  7.93028e+09 -4.65468e+10            0 -6.31058e+08            0  8.71179e+08    0.0320266            0  2.47019e+07 -3.34718e+14            0   0.00956667            0 -7.75175e-05    -0.418554  1.33906e+13   -0.0156456  8.05944e+10            0     -11967.1            0            0            0 -1.19225e+06            0  4.83417e+09   8.3337e+09   -0.0649098     -26581.1 -2.15873e+08      -133648            0            0  2.26244e+09  9.12279e+08 -4.32408e+09    -0.321217 -3.02999e+17     -850.207      135.544            0 -9.72677e+06   1.6943e+10  1.00379e+10
    -19274.4  1.06678e+10 -1.64381e+07  0.000517173      -921628            0            0 -1.86705e-06      2.59965     -1.52703    -0.202425     0.202465     -10356.5      4.22229            0  4.53321e+08     0.160689  1.99803e-05    0.0823842 -2.55187e+06 -1.23232e+09            0   -0.0647594 -0.000188954  2.08304e-10            0 -0.000800666      86814.2    0.0397848            0  -0.00818441  3.82089e-09  1.46078e+06            0 -2.42408e-06            0      145.006            0     -586.131    0.0367983      4.99298    0.0100388  -7.7419e+08      9.91631    0.0532276  4.17911e+06       -18225     0.101712     0.194134  -0.00592912    0.0334679            0            0   0.00924811 -6.22475e-11            0  -1.7005e-11 -2.91779e-05  -0.00017534 -1.54991e+06            0  8.04569e-11            0 -1.97219e-15  3.27448e-09            0 -1.83281e-11     -1276.78 -9.04365e-11 -3.93508e-05      0.42056     -0.25919 -1.82758e-07  1.83265e-05 -0.000153897    -0.217241    -0.112988 -9.93036e-10  1.00446e-05    0.0058101  3.15962e-05            0  4.29958e-05    0.0998828    -0.976131   -0.0267057  -4.6942e-10  1.41064e+09 -3.18996e-06 -5.73548e-09    -0.118261   -0.0885382        87.43      20.0232
