  3.9754e+14 -9.41609e+12 -2.53438e+13       582175 -1.12152e+18  6.20936e+11            0            0  -3.1146e+09  2.21433e+08            0            0  3.69899e+12  7.85282e+06            0 -7.50866e+12  2.69589e+08            0 -1.30938e+10 -6.55308e+11  6.14639e+15            0            0 -2.60146e+08     -118.574            0            0  6.90396e+14            0            0            0     -1.33486 -4.96421e+11  3.26774e+07 -5.94775e+06            0 -3.32332e+10            0 -2.93185e+12            0 -7.24073e+10  5.25185e+06  8.83946e+13   3.8204e+11            0 -4.14396e+15  4.09449e+10 -6.87383e+07 -6.81027e+08            0            0            0            0            0  6.81309e+15 -5.11892e+06      -2.5444            0            0  4.87179e+10  1.37913e+13 -3.65423e+09  2.77955e+09 -5.51488e+16      81.5915  1.29667e+13      4.47221  -2.1587e+10     -7.42704  1.03604e+06            0            0      49926.2 -1.37887e+06  1.00751e+06            0            0      40.1198            0            0            0            0            0            0 -2.68564e+06            0     -121.103  1.15243e+15      11935.1     -20771.6            0       283986 -1.44551e+10  1.94225e+10
-9.41609e+12  8.57254e+14  8.62692e+12  5.20155e+07   1.2099e+20   6.9243e+11  -3.5857e+07      -676977  1.65444e+10 -2.18647e+08 -1.93633e+09 -5.11431e+08 -1.38745e+13  4.02879e+08  9.93542e+06  1.31944e+14   2.3607e+10 -2.07282e+07 -3.19253e+10  2.71905e+12 -6.60673e+17  7.47447e+08 -6.67707e+08 -8.14075e+07       2512.3 -3.87409e+07 -4.19789e+07  1.32451e+17 -3.52245e+07 -1.40153e+07  2.33584e+08      214.111 -4.54227e+13 -1.14023e+07  -1.0636e+07  -4.1567e+09 -3.48876e+11  -2.0242e+07 -6.20749e+12 -1.68052e+08  4.13392e+10 -6.20541e+07  -4.2617e+15  1.35743e+13 -2.66811e+08  5.37671e+17 -6.73127e+11  2.60053e+08 -1.00427e+09 -4.18866e+07   3.4309e+08 -1.46224e+08  4.00199e+09 -1.34166e+08  4.76776e+18 -2.28291e+08      81.8286 -2.94993e+06  9.48828e+06 -2.25488e+12 -1.79992e+12  3.76201e+11 -1.28862e+10  1.82853e+18      84.3863 -6.53674e+12     -175.625 -7.47974e+11     -220.037 -8.85926e+07 -3.69287e+11  4.98598e+12 -1.22028e+06 -2.82621e+06 -1.76738e+07 -2.83389e+09 -1.46459e+06       260.11  8.38782e+06  1.56693e+08 -1.93037e+06  -1.3929e+11   4.0483e+07  8.41368e+08 -1.47776e+08  -4.3601e+08     -15531.4 -7.10074e+14      -319194  1.31553e+06  6.75356e+07 -2.31221e+07  3.27198e+11 -6.06621e+11
-2.53438e+13  8.62692e+12  2.73543e+15            0  4.17229e+18  2.55665e+12            0            0  9.10412e+09 -4.21484e+07 -4.35045e+08            0            0 -1.51981e+07            0  2.16816e+12            0            0  -9.2307e+09   7.8869e+12 -1.57973e+16            0            0  1.83552e+08      42.1046            0            0  5.27429e+14            0            0 -2.50587e+07     -7.58819            0  2.03801e+07   1.2989e+06            0 -1.85718e+10            0 -9.15813e+11            0 -1.84639e+10       722610 -2.17209e+14            0            0 -9.99362e+15 -8.95142e+10            0  1.50301e+09            0            0            0            0            0 -1.93919e+15            0     -9.09473            0            0 -1.14598e+11            0  1.15878e+10  1.57713e+09 -8.00136e+16     -52.5017 -4.27642e+13            0   2.6203e+10            0      -560366            0            0            0  1.71489e+07            0  1.87405e+08            0            0            0            0            0            0            0            0  9.57495e+06            0            0  -5.6495e+14       114219       -44808            0            0   4.8007e+10 -5.90893e+11
      582175  5.20155e+07            0      1996.97 -1.73315e+13            0            0  -0.00241787            0     -2.02164     -1139.31     -17502.5            0     -8.42923      75.8853  1.19408e+07     -1007.62     -96.9434            0       308284 -1.08579e+11            0     -4845.27      -34.027            0      153.322     -809.268  2.83313e+09      1066.31     -1.72732      6.34034  3.27927e-06      -420832            0     -7.15375            0     -36869.4      29.7778      -220222      766.433            0            0 -4.68092e+08       765093      63.9336  1.38157e+11       210062            0     -677.739     -223.894     -2403.13      819.122            0      409.979  7.45099e+11     -18.5877 -3.49546e-06            0      -216.86      -366976            0      48258.4            0  1.20888e+11  1.71118e-05            0 -5.93832e-05      8489.74            0            0      9536.18     -36970.4  -0.00765565     -6.15171            0      -5986.3      -15.059 -0.000242937      4.54484      371.643     -159.829            0            0      3659.29     -4211.58      53.0878 -6.18511e-05  1.98046e+09     -0.01961      14.6865            0     -8.53638       374643      70668.6
-1.12152e+18   1.2099e+20  4.17229e+18 -1.73315e+13   2.2535e+26 -1.54235e+17 -2.38521e+13 -3.60392e+11 -3.78426e+15  8.96073e+13  9.03191e+14  8.32753e+14  6.08431e+18  8.15792e+13  4.34878e+13  1.00556e+20 -1.74745e+15  1.28051e+13  1.16822e+16  3.67014e+17  9.53919e+22 -5.60798e+13 -4.96071e+14  2.26194e+13 -6.41594e+07 -1.59103e+13  1.82141e+13    3.744e+22  3.39267e+13  7.59069e+12  3.57797e+13  5.67621e+07 -2.95417e+18   2.8433e+12  1.43051e+12  4.50395e+15  3.15014e+16 -8.62033e+11  2.03645e+18   2.6288e+14 -9.53085e+15 -3.71492e+13 -9.36835e+19 -3.63137e+18 -3.25332e+13  -2.4001e+23 -5.79673e+17  5.11769e+13   1.1659e+14  5.14375e+12 -6.11983e+14 -1.19578e+14 -7.25654e+14 -7.24431e+13 -4.67202e+23 -3.68474e+13  3.82731e+08  4.73151e+12 -1.47957e+13 -6.82604e+17  1.36716e+18  1.22961e+16  2.07687e+15  3.32879e+23 -1.75295e+08  2.73229e+18  7.62585e+07  -1.5933e+17  8.23152e+07 -4.43086e+12  3.52243e+16 -1.19617e+18  5.61594e+11  2.31588e+12  1.38377e+12  5.32756e+14  8.17738e+12   1.0043e+09 -3.85887e+12  2.67768e+13 -5.66908e+11 -1.05622e+16 -7.30715e+12 -3.22899e+13 -5.93741e+13 -1.67529e+14  -1.0716e+09 -2.01917e+21  4.19543e+10  5.82824e+10  7.55643e+12   7.8938e+12  2.22216e+17   7.3297e+16
 6.20936e+11   6.9243e+11  2.55665e+12            0 -1.54235e+17  1.83873e+12            0            0  3.27882e+08 -2.27163e+06            0            0            0      -464337            0  1.38039e+11            0            0 -5.93063e+08  8.05769e+10 -1.18748e+15  4.09674e+08            0 -4.31519e+06     -20.3675            0            0  8.30442e+13            0            0            0            0            0  -1.8391e+06     -33925.8            0 -1.51705e+09            0  -1.2206e+11   4.0557e+06  5.28253e+09            0  -1.8058e+13            0            0  2.16411e+14 -2.42494e+09            0  2.06625e+06            0            0            0            0            0  1.82084e+15            0            0            0            0 -4.14155e+09 -5.89143e+10  5.36298e+08 -1.23915e+08  2.97627e+14      10.2708            0            0  8.16859e+08            0            0            0            0            0      99906.2            0            0            0            0            0            0            0            0            0            0            0            0            0 -2.14382e+13      97.9638            0            0            0  1.76606e+09 -4.02629e+10
           0  -3.5857e+07            0            0 -2.38521e+13            0      2606.68   -0.0109438            0            0            0            0            0     -15.3341     -50.8401  5.54116e+07      1176.03      14.5688            0 -1.62891e+06  5.30273e+11            0     -18737.2            0  0.000140526     -80.9143            0 -7.26654e+09            0            0            0            0            0            0            0            0      67351.5            0            0            0            0            0  1.69058e+08            0            0  1.15301e+11       191728            0            0     -390.376            0            0            0     -645.402 -7.89137e+11     -834.247 -0.000103257            0     -37.3248     -16627.3            0      43389.8            0   4.2672e+11    0.0001264            0            0      78016.9            0            0            0       -82926            0            0            0            0            0  0.000374114            0      443.052            0            0            0       4992.7            0            0            0  3.03042e+09   -0.0676287            0      11.6774            0      -434331       137467
           0      -676977            0  -0.00241787 -3.60392e+11            0   -0.0109438   0.00713508     -2.11991    0.0573946      1.66572      1.29099      1958.78     -0.38808            0      -266351     -4.44144    0.0133534            0      9840.95  5.14252e+08            0    -0.760841      0.01462 -5.50402e-07   0.00143467   0.00266888 -1.86908e+08      0.17072            0   -0.0749965  2.63773e-07       169698            0   0.00354794            0     -571.744  -0.00305507     -252.536     0.549772     -69.5794     0.042448 -3.84004e+06     -3210.73    -0.023439  3.74608e+08      1357.87    -0.126285     0.134379     0.135632    -0.711472            0            0      0.16046 -2.27824e+09     0.118753 -1.99616e-07            0    -0.020593      1647.41      3115.64     -183.392            0 -1.58999e+09 -1.26087e-05       593.66  5.52029e-08      791.535  1.37818e-07 -0.000580717     -13.2572      137.887   0.00045658   0.00419972            0     0.624237            0 -4.96786e-07  -0.00153141     0.140065            0            0  -0.00111776      1.31735            0    -0.483304  3.76835e-05    3.813e+06  0.000181463            0            0  0.000755508      122.537     -1730.63
 -3.1146e+09  1.65444e+10  9.10412e+09            0 -3.78426e+15  3.27882e+08            0     -2.11991  5.02206e+07      -159133       -26292            0 -1.11741e+08     -3459.38            0  3.60696e+09       514121            0 -2.12699e+07  1.80664e+09  -3.5941e+13       117381            0     -62335.1   -0.0147829            0            0  1.23286e+12            0            0      -1514.4    0.0045201 -8.33546e+08     -4970.43     -3786.72            0  9.72286e+06            0  -5.9268e+09            0  3.91875e+07     -362.705 -1.52651e+11  4.49629e+08            0  3.04039e+13 -6.40449e+07      12560.6      -237092            0            0            0      -511992            0  1.11076e+14     -1894.49  -0.00147647     -1283.29            0  -1.1298e+08 -2.93505e+08  1.33725e+07 -2.19355e+07  1.29448e+13     0.140429 -2.88573e+09            0  1.10097e+07   -0.0201431       127.59            0            0     -64.7428      4470.81            0      11324.8      102.591   -0.0603832            0            0            0      -186723      8762.15            0     -4805.59            0     -0.15913 -2.01681e+10    -0.213283      22.4902      63.8737     -120.394  4.95658e+07 -1.65087e+08
 2.21433e+08 -2.18647e+08 -4.21484e+07     -2.02164  8.96073e+13 -2.27163e+06            0    0.0573946      -159133      4405.35       473.99            0 -1.10302e+07      75.2353            0  -3.1161e+07     -1305.11     -2.03821      64198.6 -1.79885e+07  5.20169e+11     -2878.72            0      30.7522 -0.000676838            0            0 -7.41807e+09            0     -1.49365      27.3017 -2.57128e-05  4.27723e+06      102.491      21.7009            0      -208694            0   1.1544e+08            0      -442976      19.6431  1.52853e+09 -9.99018e+06            0 -4.59217e+11       855908     -293.327     -1204.31            0            0            0      8548.39            0 -1.78175e+12      60.9221 -4.19231e-05      5.88745            0  1.66876e+06  4.09122e+07      -200094        63426 -3.57397e+11  -0.00110473  1.25455e+08            0      -234090  3.07416e-05      5.41167       -17573            0     0.890559     -43.9931      233.441     -204.174      11.9894   0.00184008            0            0            0       -21800     -31.9585            0      37.4745            0  0.000958497   3.5689e+09    0.0200734   -0.0596176      7.45808      3.56194      -801323       271968
           0 -1.93633e+09 -4.35045e+08     -1139.31  9.03191e+14            0            0      1.66572       -26292       473.99  8.03697e+06       382382            0      337.059      51099.9  1.13831e+08            0      16402.3            0  6.21712e+07  8.19211e+12            0     -52250.2     -149.714            0      16797.7     -1031.88 -2.10934e+11      86590.5      5356.45     -35207.4 -0.000216794            0            0            0      -552229  4.78421e+06       -21522            0      9107.39            0            0  2.58945e+10 -1.22007e+08      8804.28 -2.92184e+12  2.27378e+06            0     -2952.13      -109394      -866716       -80829            0      40620.9 -2.43312e+13       137258  0.000340239            0     -15187.3  9.45392e+06            0 -1.26757e+06            0 -6.13279e+12    -0.034007   5.7042e+08            0       363744  8.82939e-05            0            0            0            0      4407.95            0  1.54177e+06      39590.5   -0.0630679        -6863      3659.31     -326.594      -371689            0      -530549     -3432.14      55595.1            0  5.98929e+10     0.539595       636.05            0            0 -8.21059e+06      -657452
           0 -5.11431e+08            0     -17502.5  8.32753e+14            0            0      1.29099            0            0       382382  4.56156e+06            0      94.6632      50555.8 -8.30763e+08      51143.3      6722.12            0  2.45833e+07  8.66861e+11            0       201849     -152.789 -0.000522841      11183.2      5832.69 -1.06764e+11      78583.4      4352.44     -34737.7   0.00053686  3.01682e+08            0     -32.1226  4.44144e+06       811136      -1495.7            0       118107            0            0  -1.4802e+09  1.26463e+07      55743.3 -5.07277e+12 -2.69147e+06            0     -3043.21      -140776      -318209       103321            0     -64713.5  -1.9575e+13     -5765.74   0.00271247     -51.7184     -41221.2  5.40196e+06            0      -796720            0 -6.24799e+12     -0.01085 -4.66152e+07            0       798088            0            0            0            0     -1.15546      2235.19            0       187541      22882.3  -0.00963341            0     -5245.66      2387.83            0            0      -433700     -53384.8      -115634    0.0808318  5.94625e+10     0.874516     -938.307            0      433.278 -5.09578e+06 -3.71058e+06
 3.69899e+12 -1.38745e+13            0            0  6.08431e+18            0            0      1958.78 -1.11741e+08 -1.10302e+07            0            0  2.84181e+14  1.12552e+07      -691298 -8.07684e+10  1.62719e+09       411930            0  3.15696e+11  3.47064e+16  -2.7604e+07            0            0      266.523  2.95319e+06            0  9.77971e+14  8.19133e+06            0  7.06469e+06     -3.34949            0 -2.29523e+06      -351836            0 -2.10177e+10            0  1.93641e+10            0  9.70086e+08            0 -1.26723e+14 -1.04374e+13  9.91456e+06 -3.41096e+16   4.5003e+10  5.26048e+06            0            0            0            0  1.10181e+09       772077  -3.0099e+16  1.10203e+08            0   2.2299e+07            0  1.20458e+11            0 -1.30968e+10            0 -5.71653e+16     -98.6809  1.02181e+12     -92.6877 -1.34563e+10     -13.8751       676779            0            0  4.41838e+06      -156983            0            0   4.9075e+06     -393.235            0  5.49137e+06            0 -4.08514e+08 -5.84179e+07 -4.54259e+07            0            0            0  9.13559e+14     -2107.28            0       165501   4.9129e+06  -8.0707e+10 -1.10384e+11
 7.85282e+06  4.02879e+08 -1.51981e+07     -8.42923  8.15792e+13      -464337     -15.3341     -0.38808     -3459.38      75.2353      337.059      94.6632  1.12552e+07      502.862      62.3265   8.2628e+07     -10333.5      30.2149      16487.6      -737294 -3.72268e+11     -217.285      487.114       37.613 -0.000912429      38.6821       1.3184  1.04428e+11      120.461      16.4802     -201.247  5.28819e-05 -7.02143e+06      1.98508      2.58417      5347.74      3241.73      2.50972  3.06016e+06      249.515     -7091.95      11.4215  1.53645e+09 -6.41107e+06      258.939  2.41917e+11      -304305      20.1851      122.522      -152.95     -277.763     -33.5854     -2337.96      112.642  2.23027e+12      221.842   6.8955e-05      3.86487     -31.9294 -1.02345e+06  1.77098e+06       178914       9461.1  8.63082e+11   0.00657025  5.12632e+06  9.50073e-05      -352965  1.20976e-05      24.6391      -242687  2.89026e+06     0.647522      7.92083      6.26205      492.156      19.4122 -0.000101185     -1.11882     -109.008     0.100908     -76187.7     -5.63862      -1044.9      35.3178      339.463  0.000563297  2.70477e+09     0.156462    -0.174527      40.9737      10.0701      5265.83      -158738
           0  9.93542e+06            0      75.8853  4.34878e+13            0     -50.8401            0            0            0      51099.9      50555.8      -691298      62.3265      13521.9 -3.89182e+07      313.455      1956.76            0      -119202 -8.70522e+09            0      28036.3     -3.35386 -9.84814e-05      1111.68     -73.8693   1.1568e+10      6698.24      944.017     -14849.6            0            0            0    -0.705427      -564719     -5692.04      75.1436            0      2047.83            0            0  2.22708e+07      -948923      12130.4 -4.27629e+11      83240.3            0     -66.7976     -11935.7     -56782.8      16922.4            0      2213.18 -1.18541e+12     -608.754  0.000369134            0     -2543.75       462419            0     -23855.7            0 -4.22964e+11  -0.00133497 -3.72327e+06            0      -116670  6.56808e-05            0            0            0    0.0451588      372.418            0     -8931.72      768.606  0.000580629            0     -5195.64      13.6354     -14605.1            0     -44684.9     -603.617      46979.2            0  8.23255e+09    0.0171295      5.22576            0            0     -33570.8      -476326
-7.50866e+12  1.31944e+14  2.16816e+12  1.19408e+07  1.00556e+20  1.38039e+11  5.54116e+07      -266351  3.60696e+09  -3.1161e+07  1.13831e+08 -8.30763e+08 -8.07684e+10   8.2628e+07 -3.89182e+07   1.0322e+15  5.12591e+09 -2.32244e+07  -5.1393e+09  9.20106e+11  1.82538e+17  2.51315e+08  7.86046e+08 -1.37965e+06      258.734 -1.88218e+07 -1.31886e+07   3.3373e+16 -1.24853e+08 -9.19553e+06  1.74789e+08      37.0695 -1.74509e+13       772009 -1.82378e+06 -1.63496e+09 -5.57832e+10 -1.01025e+06 -2.62646e+12 -1.79822e+08  1.20364e+10 -1.40201e+07 -5.70567e+14  1.50777e+12 -1.74013e+08  1.08058e+18 -9.13132e+11  9.54636e+07 -2.62727e+08  2.69479e+08  2.96044e+08  -1.3849e+07  2.71561e+09 -7.03682e+07  2.20423e+18 -6.95462e+07     -1878.15  3.16219e+06  3.13064e+07 -1.91907e+11  2.76542e+11  2.35213e+10 -2.82923e+09 -3.41975e+17     -710.493  -3.1723e+12     -1.10547  -1.8333e+11      74.8396  -3.2939e+07  3.88187e+10 -1.53043e+12       285835 -7.39767e+06 -7.13583e+06 -2.01363e+08 -9.45603e+06      5526.68 -1.76482e+06  4.54282e+07 -1.78642e+06  7.91899e+10  1.72879e+07  3.32596e+08  -9.4384e+07 -2.96337e+08     -5403.32  6.90866e+15     -82508.3       647722  -5.9101e+07 -3.50947e+06  2.23117e+10 -1.46075e+09
 2.69589e+08   2.3607e+10            0     -1007.62 -1.74745e+15            0      1176.03     -4.44144       514121     -1305.11            0      51143.3  1.62719e+09     -10333.5      313.455  5.12591e+09  6.06653e+07      162.721 -1.54194e+06 -4.27894e+08 -3.82065e+13       140141            0     -7337.38     0.390659            0      1871.38  2.07358e+12      253.984            0     -915.546 -0.000180187 -2.96845e+08            0     -420.794            0  -4.3528e+07            0   5.4769e+07            0       214522     -517.195 -1.26611e+12  2.25909e+09     -932.209  2.02231e+13 -5.21937e+07     -12849.8      -122891            0     -8066.28      4300.25      -468822      241.312  1.37812e+14     -5391.25  -0.00602534     -100.734       131.45  -1.0064e+08  -1.0773e+08  1.51204e+07      -359340  4.75778e+13     0.261849  1.88821e+08   -0.0764394  2.22088e+07   0.00165688     -771.148            0            0      75.1099      28.2401     -175.873            0            0    -0.156092            0            0            0       233842            0       6278.5       2772.6            0     -0.17318 -5.11636e+11     -106.674      42.5384     -738.692       8664.5  5.63955e+07  3.90397e+07
           0 -2.07282e+07            0     -96.9434  1.28051e+13            0      14.5688    0.0133534            0     -2.03821      16402.3      6722.12       411930      30.2149      1956.76 -2.32244e+07      162.721      1336.19            0       176326  4.29629e+10            0      -9527.5            0 -1.66041e-05     -141.335        35.21   3.1696e+07      3752.42      447.613     -3587.46  2.47594e-06  2.66494e+06            0            0     -30355.7      642.527      7.03269            0      3511.85            0            0  1.51142e+08     -7395.98      4083.64 -1.48517e+11       106306            0            0     -3694.42       -14252     -4078.38            0       1519.9 -4.46428e+11      4893.33  2.54562e-05            0     -718.806       251050            0     -28430.5            0  -1.7071e+10  0.000156735 -1.04309e+06            0     -39892.4 -1.48639e-06            0            0            0   0.00704021      188.777     -8.42672      2597.38      -54.328  4.81039e-05            0     -1762.01      26.5565            0            0     -34548.5      50.6708      10690.2  0.000714035  1.20076e+07    0.0228895     -1.73041            0      1.57933      -106910      -190625
-1.30938e+10 -3.19253e+10  -9.2307e+09            0  1.16822e+16 -5.93063e+08            0            0 -2.12699e+07      64198.6            0            0            0      16487.6            0  -5.1393e+09 -1.54194e+06            0  2.16393e+09  -1.1167e+09  8.67372e+13            0            0       362158     0.109377            0            0 -7.37517e+11            0            0            0  0.000966659  2.48366e+09            0      29997.4            0 -3.12929e+07            0  1.22072e+10            0 -2.52409e+06            0  3.00832e+11 -8.56089e+08            0  -5.0299e+13  6.90507e+07            0  6.25465e+06            0            0            0            0            0 -9.30166e+13            0   0.00502531            0            0   1.9248e+08  7.28764e+08  -3.0275e+07            0  5.49757e+13   -0.0199388  1.32347e+10            0 -4.56148e+07            0      18769.4            0            0      9.09321     -970.491            0            0            0      0.13034            0            0            0            0            0            0            0            0     0.177147 -3.26451e+11     -2.98505            0            0            0 -1.40123e+08  6.15017e+08
-6.55308e+11  2.71905e+12   7.8869e+12       308284  3.67014e+17  8.05769e+10 -1.62891e+06      9840.95  1.80664e+09 -1.79885e+07  6.21712e+07  2.45833e+07  3.15696e+11      -737294      -119202  9.20106e+11 -4.27894e+08       176326  -1.1167e+09  1.04485e+12  5.35393e+14 -5.85669e+06  6.18891e+07 -1.09874e+07     -43.3217       292327       513172  3.60481e+14  1.28565e+06       448782  5.48731e+06     -2.80697  9.44715e+11      -989175      -436233  6.97998e+07  -8.9965e+09      -188721 -4.72494e+11 -2.21407e+06  2.33239e+09       738496 -5.86379e+13 -2.41064e+11  1.67618e+06  1.43874e+15 -9.16306e+09 -1.30527e+06  1.43001e+07  8.41414e+06 -3.75336e+07  -6.0928e+06 -7.31931e+07       697671  7.56493e+15  3.92691e+06      4.15396       204052      -265938  -1.2365e+10  4.08095e+10  1.27153e+09 -4.46655e+08  4.13718e+15      18.2069 -1.10724e+12      3.92528 -3.46812e+08      4.44096  1.55961e+06 -9.33202e+09   1.1569e+11      32843.6  1.83069e+06 -1.32285e+06  3.79113e+07  1.86364e+06      48.4703     -69489.4 -2.34655e+06     -75852.9 -3.15427e+09      -706466 -1.08438e+07 -2.39093e+06 -4.98578e+06      297.987 -5.87356e+13      6336.57      5846.64  1.67765e+06       420893  3.74672e+09 -5.43003e+10
 6.14639e+15 -6.60673e+17 -1.57973e+16 -1.08579e+11  9.53919e+22 -1.18748e+15  5.30273e+11  5.14252e+08  -3.5941e+13  5.20169e+11  8.19211e+12  8.66861e+11  3.47064e+16 -3.72268e+11 -8.70522e+09  1.82538e+17 -3.82065e+13  4.29629e+10  8.67372e+13  5.35393e+14  7.15002e+21 -1.58096e+12  3.26009e+11  1.83081e+11   -3.572e+06   2.7801e+09  9.78625e+10 -1.05309e+20   2.4474e+10  2.39088e+10 -6.52266e+10      -196030  7.98929e+16  1.52891e+10  1.84981e+10  1.84824e+13  3.21851e+14  3.73386e+10  1.41594e+16  5.32458e+11 -9.98084e+13  3.05909e+10  4.44472e+18 -2.43264e+16  5.36767e+11 -6.00963e+20  2.95105e+14 -3.84434e+11  1.50452e+12  2.95691e+11  1.34257e+12 -7.42956e+11 -3.77542e+12  1.07851e+11 -9.37382e+21  2.21317e+11     -7627.23  6.87801e+09  1.37296e+10  -7.3147e+14  6.08494e+15  1.55507e+13  2.03852e+13   4.6848e+21      -656617  1.81549e+16       330948  5.52334e+14       433871  1.17651e+11   2.6361e+15 -3.36187e+16  2.40565e+09 -1.28577e+09  3.38047e+10  5.66093e+12  2.54471e+10  3.55821e+06 -2.27052e+10 -1.42494e+11  2.76095e+09  1.13855e+15 -8.38636e+10 -8.93918e+11  1.23219e+11  5.50357e+11  2.65609e+07  3.12957e+19  4.40607e+08  -2.3572e+09  -5.7868e+11  4.95425e+10 -1.43269e+13  3.91222e+14
           0  7.47447e+08            0            0 -5.60798e+13  4.09674e+08            0            0       117381     -2878.72            0            0  -2.7604e+07     -217.285            0  2.51315e+08       140141            0            0 -5.85669e+06 -1.58096e+12       611909            0     -884.823  0.000938692            0            0  8.68017e+10            0            0            0            0            0     -430.845            0            0 -2.12992e+06            0            0      941.205    1.188e+06            0 -2.17166e+10   5.8934e+07            0  1.32553e+12 -1.28346e+06            0            0            0            0            0  2.91948e+06            0  5.56302e+12      -164.26            0            0            0 -3.22892e+06 -1.88769e+07       484896      -451140  -1.0903e+12   0.00680132            0  -0.00239787       235250  -0.00150445      25.5838            0            0     -2.49993            0            0            0            0  -0.00678333            0            0            0            0            0            0            0            0            0  3.98661e+09     -1.54843            0            0     -80.9017  1.83063e+06 -6.97788e+06
           0 -6.67707e+08            0     -4845.27 -4.96071e+14            0     -18737.2    -0.760841            0            0     -52250.2       201849            0      487.114      28036.3  7.86046e+08            0      -9527.5            0  6.18891e+07  3.26009e+11            0  8.92897e+06            0            0      33892.4      1288.17  3.10157e+11     -19088.5     -1934.27      67138.1 -0.000279671 -1.77796e+08            0            0 -1.13927e+06 -1.53257e+06      533.002            0     -25977.5            0            0    1.269e+10  8.60316e+06        -2702  1.14036e+12      -300286            0            0       109325     -32775.6      -144478            0       195686 -1.24267e+13       244681   0.00101189            0      13375.8  5.11341e+06            0     -76555.7            0 -8.33398e+12   -0.0107871            0  0.000504505 -1.29436e+06 -0.000313796            0            0            0            0     -794.731            0      -369514      10602.7  -0.00596228       784.11      -157414      1285.26            0            0 -2.12461e+06      7222.74     -90712.5   -0.0476379  1.93799e+11            0      80.1476            0            0 -7.09415e+06 -2.98693e+06
-2.60146e+08 -8.14075e+07  1.83552e+08      -34.027  2.26194e+13 -4.31519e+06            0      0.01462     -62335.1      30.7522     -149.714     -152.789            0       37.613     -3.35386 -1.37965e+06     -7337.38            0       362158 -1.09874e+07  1.83081e+11     -884.823            0      3356.76  0.000278037            0      2.36855 -2.91102e+09     -20.3544            0     -8.62306 -2.95003e-06  7.08988e+06      21.8103      141.342            0      30086.5      -1.4005  1.76313e+07     -6.81657     -47872.5            0  9.01099e+08 -6.06708e+06            0 -9.06374e+10       412138            0      17643.5     -8.83839     -40.9494            0      793.871            0 -6.74496e+11            0 -0.000141543            0            0       615472       280949     -64541.8      24988.9  -3.0487e+11 -0.000514966  3.73799e+06  5.47151e-05     -42921.4  0.000136434     0.888064            0            0   -0.0109129      -22.175            0      252.842            0 -0.000480541            0      6.16737     -7.96932            0            0            0     -40.5017            0   0.00116194  1.94389e+09   0.00690141     -1.09303            0     0.641098      -343397  2.32343e+06
    -118.574       2512.3      42.1046            0 -6.41594e+07     -20.3675  0.000140526 -5.50402e-07   -0.0147829 -0.000676838            0 -0.000522841      266.523 -0.000912429 -9.84814e-05      258.734     0.390659 -1.66041e-05     0.109377     -43.3217   -3.572e+06  0.000938692            0  0.000278037  2.76228e-07  0.000113886  9.98766e-06       214310 -7.60505e-05            0  0.000161249  -1.1191e-11      3.01033 -0.000101113 -2.65642e-05            0    -0.630441            0      21.5846 -4.15034e-05   -0.0392486 -9.33783e-05      -144035      162.794  0.000120578  1.74987e+06     -5.93189            0  0.000692742            0  0.000825525            0     0.127984  -9.0679e-05  1.73257e+07   -0.0007287  3.23946e-10  2.68481e-05            0     -10.9099      2.82944       1.4884   -0.0135809  6.62944e+06  2.21096e-08     -28.5338 -1.68619e-08      2.06683 -5.02491e-10 -1.63458e-05            0     -1.05788 -2.78766e-06  1.58018e-06 -5.40563e-05            0  -3.5709e-05  1.06137e-09            0   0.00012534            0    0.0669066 -0.000132674  -0.00174789 -0.000269383            0 -1.24158e-08     -53421.4 -1.65082e-05  1.31844e-06  1.49722e-05 -0.000203851      4.04414      6.86558
           0 -3.87409e+07            0      153.322 -1.59103e+13            0     -80.9143   0.00143467            0            0      16797.7      11183.2  2.95319e+06      38.6821      1111.68 -1.88218e+07            0     -141.335            0       292327   2.7801e+09            0      33892.4            0  0.000113886      8898.54     -52.7247 -3.50014e+08     -1713.43      209.424      1685.84            0            0            0            0     -69315.4      68748.5     -27.4679            0      1555.95            0            0  6.73013e+08  1.58202e+06      9306.47 -4.96521e+10       148667            0            0     -709.523     -22768.6     -7044.35            0     -108.307 -9.86759e+10     -8220.68 -0.000127831            0     -642.673       325809            0     -27146.5            0  1.34735e+11  0.000499484            0 -7.30636e-05     -54251.7 -2.32427e-05            0            0            0  -0.00358483      243.073            0      3415.46       2392.6 -0.000464752            0     -11001.9      1.91162            0            0        20317      -243.66        32075            0  3.66366e+08     0.135191     -9.72279            0            0      -207248      -298986
           0 -4.19789e+07            0     -809.268  1.82141e+13            0            0   0.00266888            0            0     -1031.88      5832.69            0       1.3184     -73.8693 -1.31886e+07      1871.38        35.21            0       513172  9.78625e+10            0      1288.17      2.36855  9.98766e-06     -52.7247      1292.67 -1.74085e+09     -175.388     -12.3981     -155.884 -9.16195e-07            0            0     0.497974      4944.56      47931.1      -33.878            0      469.654            0            0  2.45275e+08      -403665      35.2956 -1.41814e+11      -227348            0       47.176      118.406      1225.56      705.331            0     -212.625 -6.49956e+11     -112.561            0     0.987937     -30.7211       292548            0     -35434.6            0 -8.81852e+10  0.000147229            0  3.61542e-05      17998.4            0            0            0            0    0.0220718      7.36116            0      4108.29       95.054  0.000107627            0     -83.2478      42.2893            0            0      86.8661      1127.94     -1606.62            0 -1.30187e+09    0.0319998      -16.806            0      15.8539      -247329     -99370.7
 6.90396e+14  1.32451e+17  5.27429e+14  2.83313e+09    3.744e+22  8.30442e+13 -7.26654e+09 -1.86908e+08  1.23286e+12 -7.41807e+09 -2.10934e+11 -1.06764e+11  9.77971e+14  1.04428e+11   1.1568e+10   3.3373e+16  2.07358e+12   3.1696e+07 -7.37517e+11  3.60481e+14 -1.05309e+20  8.68017e+10  3.10157e+11 -2.91102e+09       214310 -3.50014e+08 -1.74085e+09  3.92625e+19  1.20171e+10  4.26274e+08  4.88591e+09      65174.9 -1.23473e+16 -4.75052e+08 -6.70828e+08  8.85178e+11 -3.34114e+13 -5.82458e+08 -1.86179e+14  8.18217e+09  5.03262e+12  5.25276e+09 -4.95289e+17  1.96549e+14  4.89303e+09  6.24183e+19 -1.52641e+14  1.79287e+10 -1.04083e+11  -4.2679e+10  4.92807e+09 -4.95297e+08  2.35146e+11  3.88099e+09  6.41779e+20  1.89692e+10      75237.5  6.31552e+08 -2.60251e+09 -4.14614e+14  3.52576e+13  5.99381e+13   2.0794e+11  2.14382e+20   2.3516e+06 -7.19502e+13     -12866.6 -1.95673e+14      41817.9  4.51795e+09 -6.47708e+13  7.54984e+14   7.9192e+07   8.1419e+08  -1.6978e+09 -2.35126e+11  1.03798e+09       252792  7.78875e+08 -9.95944e+09 -3.91319e+07 -2.36708e+13  1.79423e+09 -8.22998e+10 -1.10383e+10 -4.97162e+10 -4.61138e+06  5.62544e+17  -1.7508e+07  1.25421e+08  1.33093e+10  -1.4687e+09  8.70923e+13 -7.00658e+13
           0 -3.52245e+07            0      1066.31  3.39267e+13            0            0      0.17072            0            0      86590.5      78583.4  8.19133e+06      120.461      6698.24 -1.24853e+08      253.984      3752.42            0  1.28565e+06   2.4474e+10            0     -19088.5     -20.3544 -7.60505e-05     -1713.43     -175.388  1.20171e+10      26453.1      1533.25     -11079.5  4.85115e-05  3.72272e+07            0     -4.27905      31438.5      -209514     -7.96001            0      21263.9            0            0 -8.34719e+08       972674      9963.52 -4.15068e+11       416844            0     -405.417     -19039.9     -87409.5      3747.28            0      5046.19 -1.31187e+12      14927.5 -0.000115463            0      -4254.1       426073            0     -89277.4            0  1.25855e+11    0.0011527 -3.26808e+06 -8.46249e-05      -100540 -9.43157e-05      2.07781            0            0     0.138312      690.173            0      18274.4       40.965 -0.000151757     -35.4036     -6925.39     -67.0838     -25994.4            0     -84980.9      -1168.2      24557.1   0.00997455  2.48379e+09   -0.0923142      12.4771            0      2.51513     -84332.8      -818600
           0 -1.40153e+07            0     -1.72732  7.59069e+12            0            0            0            0     -1.49365      5356.45      4352.44            0      16.4802      944.017 -9.19553e+06            0      447.613            0       448782  2.39088e+10            0     -1934.27            0            0      209.424     -12.3981  4.26274e+08      1533.25      449.643     -544.502            0            0            0            0        90154      7700.78     -2.47502            0      1001.89            0            0  8.11108e+07            0      1390.21 -8.09276e+10        61069            0            0     -860.278     -7981.76      -732.56            0      664.766  -2.4276e+11      1790.11  1.07473e-05            0     -340.561       135923            0     -18230.2            0 -3.82619e+10  0.000128169      -122924            0     -23981.2  1.00225e-06            0            0            0            0      94.7372     -6.17589      337.937      188.143  4.76307e-05            0     -1793.88    -0.971055            0            0     -9789.88      12.3954      6842.96            0 -1.72742e+08    0.0159172     0.817087            0            0     -98325.1     -81048.9
           0  2.33584e+08 -2.50587e+07      6.34034  3.57797e+13            0            0   -0.0749965      -1514.4      27.3017     -35207.4     -34737.7  7.06469e+06     -201.247     -14849.6  1.74789e+08     -915.546     -3587.46            0  5.48731e+06 -6.52266e+10            0      67138.1     -8.62306  0.000161249      1685.84     -155.884  4.88591e+09     -11079.5     -544.502       143763 -2.75683e-05 -1.75255e+07            0            0       479850       290891      54.3744            0      5597.09            0            0 -1.41411e+09  1.40652e+06     -92710.6  3.45925e+11      -743139            0     -170.032      15207.2        97931      -118831            0     -22217.1  1.30782e+12      8536.79  9.37999e-05            0      5402.18 -1.32504e+06            0      98918.6            0 -1.84522e+11  -0.00116004  3.52534e+07  -6.5257e-05       154831   7.2004e-06     -2.09342            0            0    0.0250717     -930.136            0      5390.73      6729.99   0.00301158     -20.9473     -8997.85     -19.4393            0            0      71250.9      260.412      -136865  -0.00469571 -1.48109e+10   -0.0404961     0.890493            0      -7.7566       485501  1.49135e+06
    -1.33486      214.111     -7.58819  3.27927e-06  5.67621e+07            0            0  2.63773e-07    0.0045201 -2.57128e-05 -0.000216794   0.00053686     -3.34949  5.28819e-05            0      37.0695 -0.000180187  2.47594e-06  0.000966659     -2.80697      -196030            0 -0.000279671 -2.95003e-06  -1.1191e-11            0 -9.16195e-07      65174.9  4.85115e-05            0 -2.75683e-05  1.36844e-09      84.1548            0   3.9805e-07            0     0.154664            0     -1.15459  0.000202091     0.015695 -1.65359e-05      273.931      2.68556  4.98832e-06       117328   -0.0143394  0.000108534  0.000155999 -1.79526e-05  3.68711e-06            0            0  6.33984e-05       962937            0 -1.30435e-11 -9.99936e-07  -7.5698e-06    -0.618286            0     0.101945            0      -109527  4.20735e-09            0 -1.13223e-11    -0.461338 -5.04353e-11 -1.20375e-08   0.00921139   -0.0367028 -8.53603e-08  2.47477e-06 -1.25823e-05 -7.75651e-05 -1.24021e-05 -7.79948e-10  1.28651e-06  3.67981e-05  8.98629e-07            0  1.91693e-05  0.000566891 -6.26007e-05 -0.000177657  6.87852e-09        81.72 -5.77216e-09  3.42787e-08  -6.2341e-07 -2.84201e-06     0.112714     0.374581
