 4.31518e+12  -1.9567e+09 -4.32385e+10      22332.2 -2.89916e+12  5.19465e+07            0            0 -3.51867e+06  3.03596e+06            0            0  3.76716e+10       199460            0 -6.04474e+09       190233            0  -1.2413e+07 -1.39171e+08  1.45327e+11            0            0 -1.42786e+07     -37.4265            0            0  1.03044e+11            0            0            0    -0.248184 -2.16621e+08  2.02849e+06      -459999            0    -3.13e+06            0 -1.60527e+10            0   -5.847e+07      99273.8  3.29053e+10  9.22701e+08            0 -1.19214e+11  6.52108e+06 -1.87663e+06 -1.44602e+07            0            0            0            0            0    4.895e+10      -231129    -0.268965            0            0  2.15188e+06  6.31457e+09  -1.9873e+06  1.30962e+06 -1.11651e+12      255.914  2.23628e+10      1.21827 -1.20637e+07     -3.00551        28309            0            0      8033.87     -85455.3        70794            0            0      34.8833            0            0            0            0            0            0     -22840.6            0     -185.804  3.07578e+11      1949.15     -2941.44            0      5001.88 -3.12143e+06  4.67733e+06
 -1.9567e+09  3.32311e+09   2.9407e+08      37198.5  5.34259e+12  1.08564e+06     -12345.5     -1554.13       347904     -57007.5      -414206      -131045 -2.83317e+09       194500      6318.46  1.96654e+09       328019     -25198.3      -573967  1.08411e+07 -2.93374e+11       200474     -97633.1     -85024.3       15.278     -25488.4       -25876  3.89099e+11     -14261.5     -15168.6       127382      0.74387 -3.68984e+08     -13364.4       -15616     -92771.6      -633227     -38044.5 -6.13121e+08     -68207.7       631108     -22392.8  -2.9828e+10  5.96976e+08     -66063.4  3.04225e+11 -2.05619e+06       133691      -409777     -35812.9       117126     -36736.7       142816     -94424.6  9.88898e+11      -179874     0.134452     -3293.95      10768.4 -1.89295e+06 -1.62164e+07  3.89145e+06      -114501  7.17589e+11     -15.8256 -2.15404e+08    -0.890181 -7.75025e+06     -1.75784     -45639.7      -766894   5.6565e+07     -3725.67     -3126.79     -23473.9      -458640     -476.491      4.32553      13258.1       125004     -2179.89      -429989      73584.7       373857     -26099.8      -217171     -450.556 -8.62629e+08     -977.324      3203.79      19042.5     -7592.09  1.25823e+06 -2.36934e+06
-4.32385e+10   2.9407e+08  7.49313e+11            0  1.55776e+12   3.3721e+07            0            0   1.6083e+06     -96344.5      -801439            0            0     -61902.5            0  3.10064e+08            0            0 -1.38195e+06  2.66046e+08 -6.00506e+10            0            0  1.57657e+06      2.14823            0            0  1.24649e+10            0            0      -132574    -0.219197            0       199834      15181.5            0      -283102            0 -7.16206e+08            0 -2.34159e+06      2116.84 -1.29695e+10            0            0 -4.63352e+10 -2.26118e+06            0  5.00176e+06            0            0            0            0            0  5.73344e+09            0     -0.14198            0            0      -815015            0  1.01889e+06       115836 -2.47968e+11     -23.1859 -1.17295e+10            0  2.33439e+06            0     -2409.86            0            0            0       168048            0       257399            0            0            0            0            0            0            0            0      13886.2            0            0 -2.37189e+10      2936.72     -971.596            0            0  1.70881e+06 -1.91815e+07
     22332.2      37198.5            0      260.617 -1.42326e+08            0            0   -0.0010205            0   -0.0977912     -43.8633     -841.084            0     -0.73602      8.09742        32968     -2.62782     -22.4279            0      272.844 -8.73347e+06            0     -133.962     -6.39938            0      15.9378     -91.2041  1.54205e+06      82.3773    -0.477791     0.993961  2.17831e-06     -619.279            0     -1.90785            0     -12.6131      10.5372     -4029.46      54.6132            0            0      -597233      5966.95      2.68424  1.42426e+07      113.861            0     -49.8508     -48.6071     -140.114      36.0014            0      54.3028  2.81439e+07     -2.54575 -1.30897e-06            0     -49.3723     -56.2474            0      91.6304            0  8.89751e+06  0.000234038            0 -5.41334e-05      17.2567            0            0      3.45083     -72.2242   -0.0043693     -1.31447            0     -178.885    -0.653875  -0.00067599      1.28776      52.2099     -31.6076            0            0      302.235     -136.016     -1.30331 -0.000331932  1.86644e+06   -0.0111967      7.12131            0    -0.526627       299.71      52.3259
-2.89916e+12  5.34259e+12  1.55776e+12 -1.42326e+08  1.15975e+17 -2.98732e+09 -9.50199e+07 -9.51762e+06 -9.43632e+08  2.70862e+08  2.07891e+09  2.62522e+09  1.40251e+13  4.52374e+08  3.30893e+08  1.77505e+13 -3.23934e+08  1.82035e+08    2.457e+09  1.73414e+10  4.86261e+14 -2.03958e+08 -8.76869e+08  2.78422e+08     -6316.18 -1.11224e+08  1.25171e+08  1.25978e+15  1.59528e+08  9.32574e+07  2.13533e+08      2254.76 -2.61813e+11  3.94664e+07  2.49761e+07  1.13341e+09  6.52191e+08 -2.08869e+07  2.34016e+12  1.39396e+09 -1.72494e+09 -1.55857e+08 -6.53155e+12 -1.88439e+12 -8.88051e+07  -1.5405e+15 -1.98772e+10  2.99278e+08  5.84749e+08 -2.03542e+07 -2.50324e+09   -3.825e+08 -2.98436e+08 -5.55814e+08 -1.05063e+15 -3.42642e+08      8308.35  6.08506e+07 -2.01478e+08 -6.60317e+09  1.36988e+11   1.6288e+09  2.25557e+08  1.51088e+15      -193258  1.03406e+12      4632.08 -1.89443e+10      7057.85 -2.85046e+07  8.10417e+08 -1.54967e+11  1.97509e+07  2.97121e+07  2.26398e+07  1.00375e+09  2.68127e+07       174936 -7.07904e+07   2.2689e+08 -7.50027e+06 -3.75054e+08  -1.5271e+08  -3.3203e+08 -1.20608e+08 -9.27519e+08      -333743 -1.09587e+14   1.6028e+06  2.10318e+06  2.45971e+07  3.10687e+07   9.8557e+09  3.17977e+09
 5.19465e+07  1.08564e+06   3.3721e+07            0 -2.98732e+09  1.18595e+06            0            0      2809.33      -241.07            0            0            0     -91.2478            0       873166            0            0     -4345.88       125419 -2.12022e+08      45028.9            0     -1835.47   -0.0492277            0            0   9.5057e+07            0            0            0            0            0     -879.244     -20.3192            0     -1099.87            0 -4.92637e+06      1144.33      32425.9            0 -5.12137e+07            0            0  5.36586e+07     -2956.81            0      328.036            0            0            0            0            0  1.63163e+08            0            0            0            0      -1430.4      -206414      2268.01     -451.165  5.45064e+07     0.211854            0            0      3532.21            0            0            0            0            0      46.6321            0            0            0            0            0            0            0            0            0            0            0            0            0 -4.32391e+07     0.120483            0            0            0      3185.23     -63549.4
           0     -12345.5            0            0 -9.50199e+07            0      78.9396  -0.00222861            0            0            0            0            0    -0.659144     -3.76026      73612.9      1.45666      1.65096            0     -550.111  2.03168e+07            0       -248.3            0  7.65376e-05     -4.62691            0 -1.89552e+06            0            0            0            0            0            0            0            0       10.685            0            0            0            0            0       106879            0            0  5.76057e+06      51.0246            0            0     -31.5087            0            0            0     -38.0103 -1.40927e+07     -67.3745   -1.756e-05            0     -4.29108     -1.05279            0      39.4528            0  1.41992e+07  0.000603518            0            0      72.0817            0            0            0     -82.2464            0            0            0            0            0  0.000507835            0       30.068            0            0            0      185.165            0            0            0  1.33082e+06   -0.0183824            0     0.289086            0     -167.396      47.9234
           0     -1554.13            0   -0.0010205 -9.51762e+06            0  -0.00222861   0.00982806   -0.0269087   0.00896207     0.208096     0.225087      230.578    -0.111854            0     -2397.35   -0.0369768   0.00985542            0      22.8596       135441            0   -0.0737662   0.00910737 -1.95859e-06  0.000534098  0.000971181      -327125    0.0433508            0   -0.0317873  5.48126e-07      831.551            0   0.00309966            0    -0.610969  -0.00355348     -14.4473      0.15156    -0.633477   0.00901401     -15898.4     -84.5943  -0.00352423       123119      2.44709    -0.038482    0.0326951    0.0493369    -0.158252            0            0    0.0659815      -286745    0.0605687 -2.28165e-07            0   -0.0143459     0.838891        16.58     -1.14687            0      -369410 -0.000410442      11.7213   1.6468e-07      4.90173  6.36539e-07 -0.000179484   -0.0164149     0.912348  0.000830565   0.00282041            0     0.061406            0 -4.98646e-06  -0.00143856    0.0656685            0            0  -0.00119506      0.39365            0    -0.153967  0.000661985      9718.87  0.000334705            0            0  0.000149644     0.405246     -3.99704
-3.51867e+06       347904   1.6083e+06            0 -9.43632e+08      2809.33            0   -0.0269087      5727.67     -224.698     -31.4327            0      -165146     -8.98182            0       295056      39.2577            0     -2075.16      38547.2 -8.52379e+07      172.205            0     -353.377 -0.000422761            0            0  1.91747e+07            0            0     -5.19958  8.57164e-05     -37165.8     -31.6327     -30.2154            0      93.2169            0 -3.16789e+06            0         3243    -0.705954 -5.72866e+06       106938            0  9.33811e+07     -1037.43      35.2295     -534.211            0            0            0     -98.6259            0  1.26682e+08      -8.7701 -1.62421e-05     -7.72826            0      -513.56       -13727      750.738     -1057.38  3.07919e+07    0.0389905      -516245            0      638.457 -0.000851152     0.338092            0            0     -1.06923      27.7163            0      10.0944     0.144064  -0.00496148            0            0            0     -3.05542      85.9874            0     -4.63052            0   -0.0254169      -159706  -0.00458307     0.324007    0.0954512    -0.217933      1157.97     -3464.57
 3.03596e+06     -57007.5     -96344.5   -0.0977912  2.70862e+08      -241.07            0   0.00896207     -224.698      76.6286      7.02559            0      -131447      2.41999            0     -31570.5     -1.23005    -0.216362      77.1268     -4761.23  1.52259e+07     -52.0918       2.2503      2.21174 -0.000284783            0            0 -1.40392e+06            0    -0.127876      1.16216 -6.02552e-06      2354.14      8.05178      2.13521            0     -24.6558            0       759932            0     -451.856     0.469618       705645     -29413.5            0 -1.73318e+07      171.328     -10.1464     -32.3992            0            0            0       20.309            0 -2.49575e+07      3.47176 -5.28653e-06      0.43747            0      93.4004      24097.3     -138.381      37.8163 -9.83637e+06  -0.00364849       274734            0     -166.406  1.59283e-05     0.187946     -2.43468            0     0.181621     -3.37672       20.623     -2.25634     0.211442   0.00184294            0            0            0      -4.4799     -3.87808            0     0.435229            0   0.00187701  1.14976e+06   0.00416798   -0.0105771     0.139967    0.0791197      -231.08      78.1611
           0      -414206      -801439     -43.8633  2.07891e+09            0            0     0.208096     -31.4327      7.02559      88868.9      6471.68            0      7.81986      1730.25      93304.9            0      992.965            0      14624.7   1.9322e+08            0     -1530.61     -8.52707            0      623.504     -34.3516 -3.22046e+07      1831.12       301.45     -1117.55 -4.23348e-05            0            0            0      -672.11      465.583     -2129.17            0      174.585            0            0  9.69507e+06      -275551      291.725 -8.52213e+07      376.026            0     -65.8035     -4111.52     -15943.3     -1183.76            0      1636.07 -2.65537e+08      4236.58  3.67454e-05            0     -984.521      420.551            0     -708.405            0 -1.23847e+08   -0.0941204  1.06049e+06            0      197.067  0.000106386            0            0            0            0      260.991            0      12967.5      561.001   -0.0512527     -572.128        88.39     -18.7285     -60.6704            0     -11482.5     -30.1699       2461.1            0  1.59393e+07      0.10475       75.421            0            0     -1943.69     -69.3892
           0      -131045            0     -841.084  2.62522e+09            0            0     0.225087            0            0      6471.68      89657.9            0      3.82221      2396.26      -882476      49.1888      772.913            0      7343.13  2.93387e+07            0      1646.69     -12.0114 -0.000232188      455.963      173.849 -2.23424e+07       2354.3      375.092        -1357  0.000140241       186071            0     -3.58099      6796.65      100.412     -201.985            0      3993.87            0            0      -772215      42704.4      1166.99 -1.99119e+08     -454.138            0     -93.5679     -6322.77     -8078.19      1591.69            0     -2579.81 -2.80572e+08      348.407  0.000391834     -4.33108     -3381.14      311.066            0     -587.286            0 -1.63837e+08   -0.0406745      -116850            0       578.89            0            0            0            0    -0.265473      190.919            0      2182.54      398.195   -0.0105513            0     -447.281      181.141            0            0     -21099.7     -689.785      -3100.7     0.178305  2.09391e+07      0.18377      -160.13            0      9.85773     -1529.42     -998.672
 3.76716e+10 -2.83317e+09            0            0  1.40251e+13            0            0      230.578      -165146      -131447            0            0  2.73286e+12       279637     -11702.2 -4.63714e+07       980322      24122.4            0   6.3341e+07  7.88825e+11      -445050            0            0      73.9478      74751.8            0  1.41319e+11       156960            0       189092    -0.591202            0      -128109     -24903.9            0 -1.63925e+06            0  1.62927e+08            0       749168            0 -3.67002e+10 -2.37314e+10       117435 -9.89412e+11  6.99062e+06       103655            0            0            0            0  1.89223e+06     -2428.44 -4.15394e+11  4.68473e+06            0  1.24229e+06            0  5.18704e+06            0 -7.02305e+06            0 -1.14503e+12     -261.614  1.69565e+09     -22.2804 -7.47216e+06     -5.11385        16351            0            0       673296     -9055.24            0            0      65757.4     -302.989            0       196358            0     -63022.7 -5.31296e+06      -851760            0            0            0  2.32671e+11      379.345            0      2349.93      82066.9 -1.80247e+07 -2.14211e+07
      199460       194500     -61902.5     -0.73602  4.52374e+08     -91.2478    -0.659144    -0.111854     -8.98182      2.41999      7.81986      3.82221       279637       30.313      5.15402       155760     -18.0952      4.58924      36.7829     -354.752   -2.054e+07     -7.29285      8.09144      4.88296 -0.000705645      3.10251    0.0819995  3.83266e+07      6.34903      2.21481     -13.3949  2.38965e-05     -6569.44     0.289407      0.46996      14.4611      0.65838      0.54992        37329      14.4742     -13.2376     0.499213  1.32284e+06     -35166.6      7.98601  1.71374e+07     -117.019      1.27287      6.29256      -11.343     -11.7733     -1.38863     -10.3884       9.6889  5.75943e+07      19.2562  1.58273e-05     0.534033     -4.65849      -108.33      1938.94      232.468      10.4319  4.24706e+07    0.0448896      20715.6   6.1098e-05     -460.002  1.18695e-05      1.56469      -62.573      4061.24     0.244395      1.09685      1.03093       10.132     0.651061 -0.000118008    -0.217259     -10.9259   0.00934909     -29.1318     -1.25457     -58.1166     0.766605      20.5621   0.00220113  1.90748e+06      0.06007   -0.0526664      1.43282     0.416246     -7.44679     -76.9147
           0      6318.46            0      8.09742  3.30893e+08            0     -3.76026            0            0            0      1730.25      2396.26     -11702.2      5.15402      1535.72     -96484.7     0.738874      404.306            0     -63.7277      -385701            0      938.841    -0.489711 -0.000106342      123.525       -7.547  5.97424e+06      457.667      169.667     -1341.22            0            0            0    -0.146072     -2150.57    -0.938755      22.6341            0      162.418            0            0      23748.6      -7319.8      519.784 -4.09511e+07      42.7335            0      -3.8146     -1162.58     -3241.38      716.826            0      290.641 -4.19777e+07      54.4098  0.000123248            0     -505.312      65.4817            0     -41.6775            0 -2.79708e+07   -0.0128668     -22583.6            0     -209.405  8.14575e-05            0            0            0    0.0251883      70.9324            0     -232.532      32.1341    0.0015203            0     -724.729      2.37708     -7.81042            0     -3598.88     -18.1027      3994.34            0  7.20844e+06   0.00951508      2.17983            0            0     -23.5683     -314.021
-6.04474e+09  1.96654e+09  3.10064e+08        32968  1.77505e+13       873166      73612.9     -2397.35       295056     -31570.5      93304.9      -882476 -4.63714e+07       155760     -96484.7  6.07275e+10       279098      -109039      -367885  1.44488e+07   3.0842e+11       262526       426110     -6612.97      6.17945     -46854.5     -31697.9  3.84376e+11      -201964     -38082.6       371860     0.504744 -5.59078e+08      3448.28     -10459.1      -136947      -393861     -5769.77 -1.00534e+09      -346967       717704     -20057.8 -1.59328e+10  2.65146e+08      -170062   2.3766e+12 -1.05596e+07       190346      -416545       652285       382092     -7613.89       378290      -195405  1.77593e+12      -129093      -13.913      13691.9       142340      -653937  9.37353e+06       957255     -99996.6 -4.94364e+11      -171.11 -4.07554e+08   -0.0124407 -7.44893e+06      2.23013     -65343.7       341699 -6.58484e+07      3366.59     -31771.4     -37285.2      -137130     -9537.22      324.878     -11172.4       142192     -7639.18       939470       122305       627837     -64683.1      -538308     -611.081  1.36934e+11     -985.351       6253.3     -64466.2      -4496.2      -361666     -61678.1
      190233       328019            0     -2.62782 -3.23934e+08            0      1.45666   -0.0369768      39.2577     -1.23005            0      49.1888       980322     -18.0952     0.738874       279098      3081.02     0.687149     -100.134     -6093.19 -6.08198e+07      137.518            0     -27.6878   0.00881363            0      4.17174  2.11234e+07     0.388431            0     -2.33054 -2.30661e-06     -8621.43            0     -2.24187            0     -286.461            0      19594.5            0      11.7822    -0.655339 -3.20457e+07       361285    -0.823514  4.23463e+07     -571.465     -23.8786     -181.573            0     -11.0053      4.38976     -60.5317     0.684287  1.04976e+08     -15.3939 -4.20947e-05    -0.374713     0.524148     -309.356     -3426.66      569.834     -11.5992  6.71841e+07    0.0479313      22507.8  -0.00141576      854.582  4.03788e-05     -1.44134            0            0     0.823546     0.120047    -0.847104            0            0  -0.00924131            0            0            0      2.57997            0      8.92045      1.75062            0   -0.0183826 -8.99846e+06     -1.18931     0.392732    -0.751926      10.3613      900.791      546.293
           0     -25198.3            0     -22.4279  1.82035e+08            0      1.65096   0.00985542            0    -0.216362      992.965      772.913      24122.4      4.58924      404.306      -109039     0.687149      512.126            0       288.54  5.74884e+06            0      -363.41            0 -3.09497e-05     -20.2886       7.1406       108378      498.173      151.173     -582.428  2.68343e-06      6944.86            0            0     -223.116     0.568114      2.83271            0      519.999            0            0       307070      107.606      318.411 -2.64906e+07      98.6822            0            0     -685.411     -1521.45     -345.502            0      339.146 -2.88443e+07       851.87  1.43764e-05            0     -267.231      65.5314            0     -91.9459            0 -2.39371e+06   0.00280733     -11602.6            0     -131.552 -4.65914e-06            0            0            0   0.00648758      66.5975     -4.62291      151.854      -2.9293  0.000230134            0     -463.236      9.42671            0            0     -5019.27      2.86627      1645.29     0.006655     -30557.4    0.0218033     -1.35822            0     0.162382     -145.137     -226.954
 -1.2413e+07      -573967 -1.38195e+06            0    2.457e+09     -4345.88            0            0     -2075.16      77.1268            0            0            0      36.7829            0      -367885     -100.134            0       179830     -19733.6  1.75512e+08            0            0      1746.19   0.00292532            0            0 -9.23675e+06            0            0            0  1.54713e-05      95254.1            0      204.445            0     -252.692            0  5.56927e+06            0      -159.26            0  9.56425e+06      -177448            0 -1.32223e+08      961.491            0      11794.8            0            0            0            0            0  -9.4724e+07            0    4.474e-05            0            0       749.08      29129.2     -1448.05            0  8.88239e+07   0.00141642  2.01358e+06            0     -2238.42            0      44.5426            0            0     0.135359     -5.10565            0            0            0   0.00916072            0     -7.86421            0            0            0            0            0            0    0.0243126 -8.30366e+06   -0.0447411            0            0            0     -2808.08        11066
-1.39171e+08  1.08411e+07  2.66046e+08      272.844  1.73414e+10       125419     -550.111      22.8596      38547.2     -4761.23      14624.7      7343.13   6.3341e+07     -354.752     -63.7277  1.44488e+07     -6093.19       288.54     -19733.6   4.1882e+06   1.7298e+08     -1770.57      7063.41     -11616.8    -0.268084      224.103      297.805  1.06572e+09      606.152       507.74       2847.9  -0.00985309  7.79501e+06     -1181.81     -644.882      1520.44     -16327.1     -528.828 -4.69967e+07     -169.802      36372.6      266.817 -4.14403e+08 -1.05529e+07      466.284  8.22919e+08     -27787.4     -706.533      5612.38      5485.89     -14199.3      -1843.2     -2613.14      333.087  1.59318e+09       2690.9    0.0077737      225.438     -346.313     -10521.6       366377      13431.6     -4022.54  1.71523e+09       1.2103 -3.64092e+07    0.0202964     -3554.63    0.0346827      805.767     -19423.1  1.30886e+06      99.5819      2148.78     -2088.98      6085.99      502.919     0.746262      -82.415     -1569.59     -63.4603     -9724.52     -1293.31     -2493.01     -427.657     -1941.59      8.72853 -2.90791e+08      19.6073      20.1877      474.664      138.732      15551.8      -211940
 1.45327e+11 -2.93374e+11 -6.00506e+10 -8.73347e+06  4.86261e+14 -2.12022e+08  2.03168e+07       135441 -8.52379e+07  1.52259e+07   1.9322e+08  2.93387e+07  7.88825e+11   -2.054e+07      -385701   3.0842e+11 -6.08198e+07  5.74884e+06  1.75512e+08   1.7298e+08   3.4993e+14 -4.83296e+07  6.05666e+06  2.15156e+07     -2487.55       262738  6.72447e+06  -3.5444e+13  1.02086e+06   2.9017e+06 -5.05865e+06     -78.1394  7.32832e+10  2.01777e+06  3.06424e+06  4.53734e+07  6.72692e+07  7.94934e+06  1.57137e+11  2.53613e+07  -1.7146e+08  1.25789e+06  3.57618e+12 -1.21524e+11  1.46341e+07 -3.84423e+13  1.12348e+08 -2.23684e+07   6.9894e+07  2.07822e+07  5.12569e+07 -2.33291e+07 -1.53715e+07  9.23742e+06 -2.14966e+14  2.02885e+07     -3.20311       879966  1.76712e+06 -6.43474e+07  5.89879e+09  1.04688e+07  2.04846e+07  1.95754e+14     -2245.74   6.6525e+10      192.677     6.59e+08      379.382  6.81736e+06  6.15424e+08 -4.32648e+10       828361      -166945   5.0676e+06   1.0237e+08       742633      5943.73 -4.01635e+06 -1.36307e+07       339212  3.93733e+08 -1.71012e+07 -3.20214e+07  2.45124e+06   3.1423e+07      87238.1  1.75161e+13       154729      -636282 -1.82722e+07  1.85673e+06  -1.3313e+07  1.77272e+08
           0       200474            0            0 -2.03958e+08      45028.9            0            0      172.205     -52.0918            0            0      -445050     -7.29285            0       262526      137.518            0            0     -1770.57 -4.83296e+07      11532.1            0      -64.132  0.000396945            0            0  1.72676e+07            0            0            0            0            0     -35.0929            0            0     -269.226            0            0      45.2525      1242.77            0 -1.05956e+07       181855            0  5.25718e+07     -270.778            0            0            0            0            0      7258.02            0  8.08841e+07      -9.7254            0            0            0     -190.511     -11603.6      351.175     -279.506 -2.70227e+07     0.023027            0 -0.000852247      178.144 -0.000818978     0.906447            0            0    -0.532689            0            0            0            0  -0.00599699            0            0            0            0            0            0            0            0            0  1.65896e+06    -0.333115            0            0     -1.87212      559.572     -1884.39
           0     -97633.1            0     -133.962 -8.76869e+08            0       -248.3   -0.0737662            0       2.2503     -1530.61      1646.69            0      8.09144      938.841       426110            0      -363.41            0      7063.41  6.05666e+06            0      52241.4            0            0      736.504      37.9389  3.50727e+07     -279.264     -52.6243      1310.06 -3.41573e-05     -51265.5            0            0     -1330.23     -132.883      11.1709            0     -438.884            0            0  3.02329e+06        32420      39.1615  2.13006e+07     -24.7326            0            0       4219.9     -1113.98     -1480.16            0      5113.84 -1.01147e+08      10267.6  9.81973e-05            0      675.582      158.459            0      -50.387            0 -1.36615e+08    -0.025597      21488.4  0.000138661     -525.135  -0.00011087            0            0            0            0     -24.8354       48.068     -3770.42        85.29  -0.00400618       108.92     -4897.54      47.6284            0            0     -34527.2      25.7587     -1698.31   -0.0491258   3.7084e+07            0      12.9254            0            0     -1206.59     -606.956
-1.42786e+07     -85024.3  1.57657e+06     -6.39938  2.78422e+08     -1835.47            0   0.00910737     -353.377      2.21174     -8.52707     -12.0114            0      4.88296    -0.489711     -6612.97     -27.6878            0      1746.19     -11616.8  2.15156e+07      -64.132            0      940.755  0.000420511            0     0.369687 -2.19163e+06     -2.25708            0     -1.41035 -2.77841e-06      15727.2      6.90201      55.8596            0      14.9755    -0.717911       473165     -1.26616     -200.835            0  1.67222e+06     -72232.7            0 -1.37992e+07      330.982            0      1935.87     -1.94338     -5.62237            0       7.6382            0 -3.78163e+07            0  -7.1942e-05            0            0      138.986      663.406     -179.753      59.8965 -3.18998e+07  -0.00688739      36628.7  7.45521e-05     -123.853  0.000284822     0.122517            0            0  -0.00889781     -6.82875            0      11.0382            0   -0.0019781            0      4.83619     -2.25386            0            0            0     -1.97197            0   0.00912891  2.55688e+06    0.0056576     -0.74971            0    0.0570875     -401.371      2417.79
    -37.4265       15.278      2.14823            0     -6316.18   -0.0492277  7.65376e-05 -1.95859e-06 -0.000422761 -0.000284783            0 -0.000232188      73.9478 -0.000705645 -0.000106342      6.17945   0.00881363 -3.09497e-05   0.00292532    -0.268084     -2487.55  0.000396945            0  0.000420511   2.6825e-06  0.000102404   9.3454e-06      958.774 -4.83441e-05            0    0.0001425 -5.62585e-11    0.0346324 -0.000187919  -6.4427e-05            0  -0.00214895            0      3.16809 -4.40768e-05 -0.000879569 -5.26063e-05     -1600.36      11.6881  4.65489e-05      1615.74   -0.0284488            0  0.000300684            0  0.000429537            0   0.00699961 -9.04276e-05      5716.25  -0.00107331  1.00069e-09  4.23501e-05            0    -0.014661    0.0359898     0.024567  -0.00019172      4082.62  1.73406e-06     -1.45447 -1.37526e-07    0.0350435 -6.26409e-09 -1.19057e-05            0   -0.0179893 -1.58832e-05  2.98861e-06 -0.000114021            0 -1.51321e-05   2.9994e-08            0  0.000147978            0  0.000323822 -0.000372181  -0.00137384 -7.67577e-05            0 -5.56551e-07      -413.56 -8.08825e-05  5.61062e-06  6.58226e-06 -0.000106399     0.028385    0.0416166
           0     -25488.4            0      15.9378 -1.11224e+08            0     -4.62691  0.000534098            0            0      623.504      455.963      74751.8      3.10251      123.525     -46854.5            0     -20.2886            0      224.103       262738            0      736.504            0  0.000102404       888.08     -3.42076      -118221     -113.434      35.8409      143.892            0            0            0            0     -240.497      19.5383      -9.5216            0      65.4517            0            0       756816      10215.8      395.365 -4.76466e+06      74.1197            0            0     -37.3096     -1251.87     -357.284            0      30.3077 -4.28612e+06      -558.91 -3.81106e-05            0     -130.849      46.0345            0     -47.3725            0  6.68589e+06   0.00439108            0 -5.49598e-05     -92.8287 -2.68886e-05            0            0            0  -0.00246523      44.9475            0      102.239      103.586  -0.00124173            0     -1387.85     0.642723            0            0       1204.4     -7.41979      2571.68            0       295810    0.0678633      -4.0347            0            0     -148.785     -190.515
           0       -25876            0     -91.2041  1.25171e+08            0            0  0.000971181            0            0     -34.3516      173.849            0    0.0819995       -7.547     -31697.9      4.17174       7.1406            0      297.805  6.72447e+06            0      37.9389     0.369687   9.3454e-06     -3.42076      124.552      -867429     -12.9454     -1.93963     -13.2475 -5.03894e-07            0            0     0.110218      16.9219       13.714     -10.1041            0      40.8295            0            0       269512     -2831.36      1.73214 -1.25648e+07     -104.909            0      2.87984      15.1958      60.4344      30.4943            0      -22.191 -2.09728e+07     -14.9871            0     0.174319     -4.16557      38.2159            0     -57.5577            0 -5.61926e+06   0.00104957            0  2.77256e-05       29.336            0            0            0            0    0.0106849      1.31365            0       106.14      3.82612  0.000238567            0      -7.6259      7.27271            0            0     -9.45454      32.4296     -114.079            0 -1.06019e+06    0.0155859     -6.71168            0     0.836033     -167.889     -61.2822
 1.03044e+11  3.89099e+11  1.24649e+10  1.54205e+06  1.25978e+15   9.5057e+07 -1.89552e+06      -327125  1.91747e+07 -1.40392e+06 -3.22046e+07 -2.23424e+07  1.41319e+11  3.83266e+07  5.97424e+06  3.84376e+11  2.11234e+07       108378 -9.23675e+06  1.06572e+09  -3.5444e+13  1.72676e+07  3.50727e+07 -2.19163e+06      958.774      -118221      -867429  8.69019e+13  3.84262e+06       378924  2.09426e+06      172.831 -7.63279e+10      -407639      -733729  1.47714e+07 -4.55065e+07      -844982 -1.33553e+10  3.66858e+06   5.7291e+07  1.33023e+06 -2.60267e+12  6.64989e+09  1.10945e+06  2.72603e+13 -3.53021e+08  7.18011e+06 -3.15801e+07 -1.78929e+07       427388     -45168.5  6.29456e+06  1.56168e+06  1.01832e+14  1.05373e+07      106.159       529085  -2.3814e+06 -2.66483e+08  2.00568e+08  4.74397e+08   1.5827e+06  6.54485e+13      95916.9 -1.66246e+09     -47.4419 -1.55046e+09      235.019  1.63171e+06 -1.02132e+08  6.45936e+09       177692       702530 -1.71598e+06 -2.85251e+07       252496      2989.81       924510 -6.02704e+06     -52564.5 -5.52967e+07  2.51328e+06 -2.73857e+07 -1.46922e+06 -1.84458e+07      -101778  2.53715e+12       -38707       242889  2.84172e+06      -349952  2.65175e+08 -2.05681e+08
           0     -14261.5            0      82.3773  1.59528e+08            0            0    0.0433508            0            0      1831.12       2354.3       156960      6.34903      457.667      -201964     0.388431      498.173            0      606.152  1.02086e+06            0     -279.264     -2.25708 -4.83441e-05     -113.434     -12.9454  3.84262e+06      1168.55      174.703     -604.184  1.88151e-05      33619.1            0    -0.672875       21.288     -40.6075      -4.0428            0      1040.45            0            0      -643987      4409.02      277.661 -2.49957e+07       138.65            0     -17.5828     -1189.25     -3196.51      21.4704            0      437.787 -2.90183e+07      1109.33 -2.47225e-05            0     -528.844      38.0298            0     -96.9263            0   4.6191e+06   0.00668242     -12253.6 -4.53027e-05     -115.145   -7.877e-05     0.110808            0            0    0.0431347      84.5322            0      341.136      2.48448  -0.00041905     -6.01939     -615.194     -7.77533     -8.67517            0     -4908.27     -20.8268       1207.1    0.0322159  1.24539e+06   -0.0297603      3.48893            0     0.090719     -33.9091     -338.476
           0     -15168.6            0    -0.477791  9.32574e+07            0            0            0            0    -0.127876       301.45      375.092            0      2.21481      169.667     -38082.6            0      151.173            0       507.74   2.9017e+06            0     -52.6243            0            0      35.8409     -1.93963       378924      174.703      133.022     -76.0044            0            0            0            0       551.68      3.77926     -1.68564            0       124.77            0            0       149126            0      95.3103 -1.26154e+07      50.7836            0            0     -139.281     -727.887     -72.8424            0      140.755 -1.38294e+07      356.086   5.6937e-06            0     -110.758      31.5056            0     -51.6116            0 -4.14033e+06   0.00190442     -1221.77            0     -69.7421  2.12398e-06            0            0            0            0      29.4992     -2.73249      19.0372      13.4335  0.000175448            0     -400.542    -0.265129            0            0     -1304.41     0.557243      915.731            0      -241103    0.0140023     0.518833            0            0     -119.399     -86.2968
           0       127382      -132574     0.993961  2.13533e+08            0            0   -0.0317873     -5.19958      1.16216     -1117.55        -1357       189092     -13.3949     -1341.22       371860     -2.33054     -582.428            0       2847.9 -5.05865e+06            0      1310.06     -1.41035    0.0001425      143.892     -13.2475  2.09426e+06     -604.184     -76.0044      11019.1 -1.75085e-05     -26277.3            0            0      1441.51      69.0188      17.2589            0      165.191            0            0 -1.35008e+06       8913.8     -3121.24   2.6371e+07     -308.485            0     -10.8836      1526.62      4780.17     -4316.04            0     -2052.54  4.01341e+07      761.983  2.19336e-05            0      873.131     -150.854            0      133.857            0 -5.96839e+06  -0.00900033       187185 -4.80256e-05      214.466  1.23595e-05    -0.166691            0            0    0.0108495     -143.446            0      98.9448      250.188   0.00714734     -4.57552     -1221.55     -2.58983            0            0      3770.01      5.18864     -9567.51   -0.0251806 -1.08559e+07   -0.0197331     0.194845            0    -0.467059      288.651       790.31
   -0.248184      0.74387    -0.219197  2.17831e-06      2254.76            0            0  5.48126e-07  8.57164e-05 -6.02552e-06 -4.23348e-05  0.000140241    -0.591202  2.38965e-05            0     0.504744 -2.30661e-06  2.68343e-06  1.54713e-05  -0.00985309     -78.1394            0 -3.41573e-05 -2.77841e-06 -5.62585e-11            0 -5.03894e-07      172.831  1.88151e-05            0 -1.75085e-05   4.3005e-09     0.615237            0   5.2142e-07            0   0.00025015            0     -0.10236  8.34791e-05  0.000213735  -5.3343e-06      1.67904     0.107367  1.07019e-06      60.4001 -6.10556e-05   5.0485e-05  5.69917e-05 -1.04563e-05 -4.81306e-06            0            0  3.90003e-05      181.454            0 -2.24933e-11 -1.00158e-06 -7.90169e-06 -0.000473874            0   0.00095704            0     -30.8363  2.05703e-07            0 -5.13166e-11  -0.00434165 -3.52866e-10 -2.12041e-08  1.74049e-05 -0.000357095 -2.37696e-07  2.51113e-06 -1.50702e-05 -1.11891e-05 -2.82326e-06 -1.07379e-08  1.84437e-06  2.51996e-05  8.82344e-07            0  3.13664e-05  0.000258998 -9.86896e-06 -8.48043e-05  1.80415e-07      1.16933 -1.56515e-08  9.94132e-08 -1.57531e-07 -8.49542e-07  0.000412149   0.00131253
