 6.78022e+14 -1.99956e+13 -5.54603e+13       873806 -5.28158e+18  1.29859e+12            0            0 -7.94507e+09  3.96347e+08            0            0  6.12992e+12  1.27355e+07            0 -1.41723e+13  7.39378e+08            0 -3.22225e+10 -1.38166e+12  2.89002e+16            0            0 -3.72581e+08      -152.41            0            0  2.26678e+15            0            0            0      -1.6767 -8.97086e+11  4.60606e+07 -8.20873e+06            0 -1.14559e+11            0 -4.61071e+12            0  -1.8301e+11   8.8552e+06  2.34333e+14  5.51437e+11            0 -1.74081e+16  1.32282e+11 -1.08782e+08 -1.11665e+09            0            0            0            0            0  2.81353e+16 -7.55905e+06     -3.34253            0            0  2.00329e+11  2.74097e+13 -1.06531e+10  7.79997e+09  -2.4142e+17      103.915  2.29362e+13      5.77023 -5.86008e+10     -9.37594  1.51647e+06            0            0        63706 -1.85014e+06  1.38999e+06            0            0      50.2465            0            0            0            0            0            0 -5.05454e+06            0     -117.264  3.32653e+15      14724.7     -25918.5            0       480534 -3.34162e+10  5.02482e+10
-1.99956e+13  2.24874e+15  2.36358e+13  9.66837e+07  8.57008e+20  1.79404e+12 -7.49363e+07 -1.12625e+06  5.27605e+10 -4.84554e+08 -4.26089e+09 -1.10486e+09 -2.83803e+13  8.11145e+08  1.92382e+07  2.98744e+14  7.86622e+10 -3.59934e+07 -9.68027e+10  7.18694e+12 -3.78761e+18  1.63241e+09 -1.40506e+09 -1.44139e+08      4013.11 -7.50469e+07 -7.96505e+07  4.98183e+17 -6.88821e+07 -2.48151e+07  4.55068e+08       336.52 -1.01465e+14 -1.98874e+07 -1.81673e+07 -1.26126e+10 -1.49053e+12 -3.31271e+07 -1.20561e+13 -3.33232e+08  1.29243e+11 -1.30067e+08 -1.41078e+16  2.42375e+13 -5.83466e+08  3.01065e+18 -2.77394e+12  5.12485e+08 -2.03761e+09 -7.84284e+07  6.73749e+08 -3.23486e+08  1.14153e+10  -2.5482e+08  2.86743e+19 -4.28982e+08      153.624 -5.14244e+06  1.67165e+07 -1.17244e+13 -4.40782e+12  1.35991e+12 -4.52907e+10  1.00166e+19      56.5032 -1.42729e+13     -280.746 -2.53519e+12     -337.223 -1.60267e+08 -1.40849e+12  8.49199e+12 -1.92664e+06 -4.74701e+06 -3.02128e+07 -6.47638e+09 -3.63125e+06      438.978  1.39588e+07  2.95553e+08 -3.43389e+06 -5.37469e+11  6.61899e+07  1.67523e+09  -3.4021e+08 -8.53306e+08     -18542.2 -2.32906e+15      -489031  2.05309e+06    1.479e+08 -4.86348e+07  1.11629e+12 -1.94063e+12
-5.54603e+13  2.36358e+13  7.62908e+15            0   2.3391e+19  6.84903e+12            0            0  2.98637e+10 -9.55861e+07 -9.88938e+08            0            0 -3.15213e+07            0  4.45096e+12            0            0 -2.89756e+10  2.13609e+13 -9.45383e+16            0            0  3.36051e+08      69.4389            0            0  1.38426e+15            0            0 -4.84253e+07     -12.2864            0  3.67038e+07  2.30433e+06            0 -8.11124e+10            0 -1.81615e+12            0 -5.98864e+10  1.49238e+06 -7.33026e+14            0            0 -5.52894e+16 -3.73177e+11            0  3.15133e+09            0            0            0            0            0  7.67359e+15            0      -15.386            0            0 -6.05361e+11            0  4.35729e+10  5.72259e+09 -4.36982e+17     -83.5428 -9.65822e+13            0  9.05304e+10            0 -1.04314e+06            0            0            0  2.96651e+07            0  4.42114e+08            0            0            0            0            0            0            0            0  2.27983e+07            0            0 -2.07856e+15       179579     -71849.4            0            0  1.40566e+11 -1.96046e+12
      873806  9.66837e+07            0       2665.6 -8.69195e+13            0            0  -0.00285235            0      -3.1909     -1811.15     -26899.6            0     -12.1501      101.637  1.93927e+07     -2394.63     -120.074            0       572580 -4.31351e+11            0     -6969.46     -43.1092            0      213.299     -1101.22  8.25168e+09         1528     -2.14862      8.59348  3.65826e-06      -677574            0     -8.72401            0      -111071      34.5415      -304247      1112.01            0            0 -1.10946e+09       973409      101.767  5.32339e+11       604815            0     -981.666     -298.753     -3652.92      1253.83            0       567.54  3.15562e+12     -24.5848 -4.00544e-06            0     -273.378 -1.31116e+06            0       124120            0  4.58574e+11  1.73022e-05            0 -6.78074e-05      21371.1            0            0      26109.2     -45282.3  -0.00864053     -7.43297            0     -9715.17     -24.3777  -0.00028331      5.42494      494.437     -202.174            0            0       5131.6      -6899.7      72.7911 -5.22704e-05  5.07237e+09    -0.021299      16.1416            0     -12.8003       726082       160980
-5.28158e+18  8.57008e+20   2.3391e+19 -8.69195e+13  4.35003e+27 -1.07231e+18 -1.14817e+14 -1.59476e+12  -3.2038e+16  5.40112e+14  5.77452e+15  4.43124e+15  3.11368e+19  4.46515e+14  2.15526e+14  6.38908e+20 -1.91471e+16   5.6576e+13  9.30667e+16  2.51351e+18    1.339e+24 -3.43808e+14 -3.59747e+15  1.10355e+14 -4.33748e+08 -9.78338e+13  9.29755e+13  3.62428e+23  1.86983e+14  3.22205e+13  1.59589e+14   2.4946e+08 -1.95893e+19  1.20095e+13  7.12726e+12  3.11282e+16   3.4492e+17 -6.63578e+12  1.02984e+19   1.4174e+15 -7.10054e+16 -1.98376e+14 -3.47246e+20 -1.77239e+19 -2.39897e+14 -3.04216e+24 -6.22575e+18  3.10106e+14  6.59732e+14 -4.59997e+13 -3.44462e+15 -6.65096e+14 -6.88605e+15 -3.77586e+14 -7.01944e+24 -1.85243e+14  1.70119e+09  2.17388e+13 -6.99855e+13 -1.01092e+19  8.55815e+18   1.5637e+17  1.43612e+16  4.76735e+24 -8.32008e+08  1.59316e+19  3.51831e+08 -1.49189e+18  3.47534e+08 -2.55022e+13  3.44452e+17 -5.99353e+18   2.3762e+12  9.72913e+12   4.4055e+12   2.9155e+15  4.00506e+13  4.79014e+09 -1.79362e+13  1.40043e+14   -4.093e+12 -6.60964e+16 -3.18751e+13  2.65963e+13 -3.04618e+14 -9.60834e+14 -3.76107e+09 -1.61422e+22  1.96653e+11   3.8072e+11   3.2323e+13  4.54646e+13  1.87903e+18  6.05652e+17
 1.29859e+12  1.79404e+12  6.84903e+12            0 -1.07231e+18  4.71999e+12            0            0  1.03536e+09 -4.99616e+06            0            0            0      -925745            0  3.10546e+11            0            0 -1.78804e+09  2.11193e+11 -6.55582e+15  8.86304e+08            0 -7.57416e+06     -32.0621            0            0  3.07789e+14            0            0            0            0            0 -3.17909e+06     -57317.2            0 -6.39501e+09            0  -2.3421e+11  7.49315e+06  1.64157e+10            0 -5.89634e+13            0            0  9.84836e+14 -9.63275e+09            0  4.16262e+06            0            0            0            0            0  1.09203e+16            0            0            0            0 -2.07576e+10 -1.43833e+11  1.91384e+09 -4.29329e+08  1.51329e+15      15.8734            0            0  2.73673e+09            0            0            0            0            0       166178            0            0            0            0            0            0            0            0            0            0            0            0            0 -7.59509e+13      147.992            0            0            0  4.89509e+09 -1.28009e+11
           0 -7.49363e+07            0            0 -1.14817e+14            0      4299.13   -0.0145019            0            0            0            0            0     -24.4887     -74.4979  1.01884e+08      3108.57      19.7716            0 -3.41672e+06  2.38906e+12            0     -30410.3            0  0.000177658     -120.961            0 -2.03528e+10            0            0            0            0            0            0            0            0       229379            0            0            0            0            0   4.2943e+08            0            0  4.85408e+11       617936            0            0     -582.268            0            0            0       -963.4 -3.73257e+12     -1222.97 -0.000130273            0      -51.842     -21787.7            0       123184            0  1.80139e+12  0.000153601            0            0       211252            0            0            0      -111697            0            0            0            0            0  0.000476003            0      649.188            0            0            0       7893.5            0            0            0  8.48109e+09   -0.0819556            0      20.2973            0      -939841       349966
           0 -1.12625e+06            0  -0.00285235 -1.59476e+12            0   -0.0145019   0.00750519     -4.14096    0.0789955      2.32937      1.71432      2578.79    -0.494319            0      -389197     -9.51301    0.0145369            0      16415.2  1.96402e+09            0    -0.972352    0.0163691 -5.60203e-07   0.00176258   0.00320565 -4.34326e+08     0.212532            0   -0.0882107  2.58661e-07       239056            0   0.00384297            0     -1537.25  -0.00314855     -351.654     0.684132     -137.759    0.0575702 -8.08988e+06     -3601.47   -0.0329499  1.10259e+09      3474.75    -0.154863     0.172907     0.160643    -0.905586            0            0     0.191637 -9.09842e+09     0.135641 -2.02482e-07            0   -0.0230059      5654.15      4818.45     -427.022            0 -5.54633e+09 -1.21089e-05      797.736  5.59451e-08      1698.07   1.3567e-07  -0.00069774     -31.8812      149.491  0.000455243   0.00442601            0     0.893112            0 -5.24117e-07  -0.00160967     0.162465            0            0  -0.00114505      1.61265            0    -0.583246  2.82559e-05   8.4019e+06    0.0001764            0            0   0.00102998       47.144     -3523.28
-7.94507e+09  5.27605e+10  2.98637e+10            0  -3.2038e+16  1.03536e+09            0     -4.14096  1.95101e+08      -430624     -70566.1            0  -2.7435e+08     -8468.95            0  9.86625e+09  2.08319e+06            0  -7.8834e+07  5.78746e+09 -2.44746e+14       312063            0      -134544   -0.0288604            0            0  5.82612e+12            0            0     -3455.34   0.00861319 -2.27143e+09     -10571.1     -7867.74            0  5.09276e+07            0 -1.40314e+10            0  1.49556e+08     -879.835 -6.16067e+11  9.77252e+08            0   1.9653e+14 -3.13845e+08      29996.3      -584180            0            0            0 -1.78337e+06            0  8.05588e+14     -4216.21  -0.00249499     -2746.39            0 -6.92697e+08 -8.80813e+08  5.86578e+07 -9.35394e+07   8.4715e+13     0.266955 -7.69173e+09            0  4.54764e+07    -0.038302      286.316            0            0     -124.678      9146.68            0      31544.5      271.052    -0.118173            0            0            0      -875782      17477.8            0     -13439.6            0    -0.231603 -8.38025e+10    -0.429776      42.3578      169.115     -307.479  1.69784e+08 -6.42175e+08
 3.96347e+08 -4.84554e+08 -9.55861e+07      -3.1909  5.40112e+14 -4.99616e+06            0    0.0789955      -430624      8305.93       886.34            0 -1.92676e+07      128.449            0 -5.76754e+07     -3690.89     -3.00941       165742 -4.01817e+07  2.45173e+12     -5334.06            0      46.1147 -0.000913841            0            0 -2.59391e+10            0     -2.27249      43.4008 -3.40999e-05  8.11823e+06      151.881      31.4567            0      -760991            0  1.90397e+08            0 -1.17793e+06      34.8587  4.31166e+09 -1.51232e+07            0 -2.04834e+12  2.92301e+06     -487.987     -2074.44            0            0            0      20742.5            0 -8.95713e+12      94.5257 -5.94192e-05      8.78034            0  7.09152e+06  8.55831e+07      -611561       188430 -1.62287e+12  -0.00145973  2.33276e+08            0      -673814   4.1021e-05      8.25966     -56808.4            0      1.19509     -62.7155      338.965     -396.232      22.0823   0.00251601            0            0            0     -71278.8     -44.4071            0       73.326            0  0.000972977  1.07898e+10    0.0261864   -0.0782994      13.7655      6.33652 -1.90099e+06       677518
           0 -4.26089e+09 -9.88938e+08     -1811.15  5.77452e+15            0            0      2.32937     -70566.1       886.34  1.50616e+07       674980            0      571.635      80801.6  2.66426e+08            0      24362.3            0  1.37552e+08     3.88e+13            0     -94776.6     -224.146            0      25946.2     -1653.43 -6.99151e+11       145961      8042.84     -60247.3 -0.000288609            0            0            0 -1.42579e+06  1.73223e+07     -29827.3            0      12496.9            0            0  7.26221e+10 -1.86744e+08      17024.9 -1.29282e+13  7.75345e+06            0     -5052.61      -169375  -1.4967e+06      -149280            0      63929.5  -1.2201e+14       222125  0.000452593            0     -22593.1  3.97258e+07            0 -3.86583e+06            0 -2.81094e+13   -0.0441211  1.05335e+09            0  1.03357e+06  0.000117073            0            0            0            0      6199.78            0  2.98621e+06      72362.9   -0.0861322     -9756.51      8661.49     -488.038 -1.20944e+06            0      -884591     -6669.36      83042.4            0  1.77685e+11     0.676029      848.597            0            0 -1.88706e+07 -1.73145e+06
           0 -1.10486e+09            0     -26899.6  4.43124e+15            0            0      1.71432            0            0       674980  7.89534e+06            0      166.313      77526.4 -1.57857e+09       139870      9579.82            0  5.20044e+07  3.74663e+12            0       326270     -218.858 -0.000669146      17456.2      9776.07 -3.59657e+11       129663      6371.15     -55887.2  0.000680833   5.4666e+08            0     -44.2912  1.12185e+07  2.76835e+06     -1994.18            0       191921            0            0 -3.44704e+09  1.81116e+07      98594.8 -2.23549e+13 -9.10934e+06            0     -4983.76      -216703      -528349       188725            0     -99647.9 -9.51184e+13     -8624.01   0.00352545     -73.1428     -60020.9  2.16107e+07            0 -2.32476e+06            0  -2.7112e+13   -0.0137323 -8.28468e+07            0  2.14105e+06            0            0            0            0     -1.47197      3081.15            0       349059      40777.7   -0.0127452            0     -8845.53      3465.46            0            0      -676628     -99007.4      -188851    0.0782168  1.74909e+11      1.09248     -1208.96            0      747.668 -1.11841e+07 -9.92937e+06
 6.12992e+12 -2.83803e+13            0            0  3.11368e+19            0            0      2578.79  -2.7435e+08 -1.92676e+07            0            0  4.56527e+14  1.77417e+07      -987744  3.77138e+10  4.21908e+09       562673            0  6.53104e+11  1.51026e+17 -4.70866e+07            0            0      333.115  4.52804e+06            0  2.76378e+15  1.29312e+07            0  1.07449e+07     -4.12292            0 -3.14081e+06      -472567            0 -7.06284e+10            0  2.90183e+10            0  2.37935e+09            0 -3.26099e+14 -1.45718e+13  1.69327e+07 -1.41281e+17   1.4077e+11  7.75138e+06            0            0            0            0  2.46434e+09       968037 -1.38772e+17  1.57637e+08            0  3.06676e+07            0  4.74953e+11            0 -3.67221e+10            0 -2.36856e+17     -118.215  1.75155e+12     -116.504 -3.59212e+10     -16.9119       950751            0            0  5.47303e+06      -206442            0            0  8.36265e+06     -489.375            0  8.07421e+06            0 -1.23269e+09 -7.49112e+07   -6.712e+07            0            0            0  2.56111e+15     -2391.32            0       284905   8.0894e+06 -1.74046e+11 -2.77531e+11
 1.27355e+07  8.11145e+08 -3.15213e+07     -12.1501  4.46515e+14      -925745     -24.4887    -0.494319     -8468.95      128.449      571.635      166.313  1.77417e+07      778.165      90.0241  1.44891e+08     -26487.2      40.6272      38548.6  -1.4948e+06 -1.64782e+12     -365.317       769.27      51.2017   -0.0011181      57.1468      1.95938  3.02187e+11      185.201      22.6061     -300.475  6.35347e-05 -1.21325e+07      2.65743      3.38956      12613.9        10260      3.12955  4.57363e+06      384.195       -17135      18.4028  3.90828e+09 -8.79312e+06      433.766  1.06961e+12      -952877      30.8194      190.383     -222.046     -438.938     -54.7864     -5138.15       163.79  1.03531e+13      322.393  8.85017e-05      5.22141     -43.6755 -4.10324e+06  3.35114e+06       498229      25435.2   3.6293e+12    0.0077546  8.62886e+06  0.000117204      -920393  1.32133e-05      34.0634      -712892  3.78752e+06     0.787466      10.2727      8.24005      868.595      32.5831 -0.000123283     -1.44952     -156.814     0.127279      -225520     -7.08947     -1587.72       62.197      509.462  0.000518767  7.67208e+09     0.184031    -0.205419      68.6069      16.3137        91974      -389247
           0  1.92382e+07            0      101.637  2.15526e+14            0     -74.4979            0            0            0      80801.6      77526.4      -987744      90.0241      18278.9 -6.45133e+07      747.528       2459.3            0      -227090 -5.33353e+10            0      40098.5     -4.24918  -0.00011177      1542.78     -97.9961  2.98986e+10      9665.77      1207.05     -20806.8            0            0            0    -0.860306 -1.25261e+06       -21681      87.9132            0      3016.91            0            0   6.7663e+07 -1.20301e+06      19068.6 -1.65612e+12       236179            0     -96.7558     -16280.3     -84462.3      26633.4            0      3021.52 -5.03864e+12     -968.799  0.000430567            0     -3252.52  1.64779e+06            0     -60568.9            0 -1.60489e+12  -0.00148144 -5.79017e+06            0      -285481  7.36613e-05            0            0            0    0.0509869      451.035            0       -14575      1209.41  0.000665627            0     -7039.54      17.5681     -40483.6            0     -63125.4        -1004      66316.8            0  2.11944e+10    0.0186999       5.8343            0            0       -57681 -1.09931e+06
-1.41723e+13  2.98744e+14  4.45096e+12  1.93927e+07  6.38908e+20  3.10546e+11  1.01884e+08      -389197  9.86625e+09 -5.76754e+07  2.66426e+08 -1.57857e+09  3.77138e+10  1.44891e+08 -6.45133e+07  2.15514e+15  1.46935e+10 -3.56475e+07 -1.31951e+10  2.13454e+12  8.66868e+17  4.79595e+08  1.40813e+09      -982351      347.295 -3.21645e+07 -2.22189e+07  1.06945e+17 -2.20949e+08 -1.43522e+07  2.99898e+08      50.5609  -3.4459e+13   1.3443e+06 -2.64609e+06 -4.28465e+09 -2.09891e+11 -1.26113e+06 -4.46572e+12 -3.11513e+08  3.27694e+10 -2.54372e+07 -1.58448e+15  2.24452e+12 -3.34121e+08  5.28351e+18 -3.27441e+12  1.65624e+08 -4.60283e+08  4.54704e+08  5.33976e+08 -2.68131e+07  6.85888e+09 -1.20478e+08  1.17757e+19  -1.2017e+08     -2712.94  4.97446e+06  4.90542e+07 -9.19305e+11  6.52548e+11  6.94101e+10 -8.73177e+09 -1.68592e+18      -994.45  -6.0934e+12     0.656077 -5.47917e+11      108.585 -5.24076e+07  1.31718e+11  -2.3026e+12       418849 -1.10865e+07 -1.06929e+07 -3.75126e+08   -1.828e+07      7993.99 -2.69977e+06  7.72883e+07 -2.80988e+06   2.7062e+11  2.49438e+07  5.71322e+08 -1.91046e+08 -5.19002e+08     -5692.35  2.20414e+16      -109589       899007 -1.14562e+08 -6.39097e+06  2.01718e+11  6.22366e+09
 7.39378e+08  7.86622e+10            0     -2394.63 -1.91471e+16            0      3108.57     -9.51301  2.08319e+06     -3690.89            0       139870  4.21908e+09     -26487.2      747.528  1.46935e+10  2.56918e+08      362.112 -5.97573e+06 -1.43246e+09 -2.72904e+14       388954            0     -16532.1     0.793164            0      4555.78  9.79014e+12      638.385            0     -2261.31 -0.000342228 -8.44821e+08            0     -912.471            0 -2.36091e+08            0  1.35668e+08            0       858331     -1414.53 -5.31504e+12  5.11643e+09     -2600.13  1.37586e+14 -2.67978e+08     -32091.8      -316539            0     -21137.5        11829 -1.70513e+06      624.953  1.04974e+15     -12535.2   -0.0121085     -226.473      298.363 -6.51359e+08 -3.37284e+08  6.95704e+07 -1.59989e+06  3.28807e+14     0.515241  5.26458e+08    -0.156037  9.52757e+07   0.00323339      -1763.5            0            0      151.357         59.9     -382.577            0            0    -0.320964            0            0            0   1.1489e+06            0      15463.2      8094.14            0    -0.262681 -2.30663e+12     -207.579       85.088     -2054.14      23265.2  2.02138e+08  1.59563e+08
           0 -3.59934e+07            0     -120.074   5.6576e+13            0      19.7716    0.0145369            0     -3.00941      24362.3      9579.82       562673      40.6272       2459.3 -3.56475e+07      362.112      1556.03            0       306841   1.5793e+11            0     -12672.4            0 -1.76279e-05     -166.234      45.7596 -1.80646e+08      5004.81      532.751     -4631.47  2.53245e-06  3.93304e+06            0            0     -62287.6      1701.69      7.47608            0      4701.28            0            0  3.36805e+08     -9683.61      5941.08 -5.33455e+11       284037            0            0      -4687.1     -19681.1     -5943.63            0      1918.02 -1.77982e+12      6319.87  2.81704e-05            0     -853.895       844647            0     -68119.3            0 -5.54318e+10   0.00015633 -1.51564e+06            0       -90891 -1.27657e-06            0            0            0   0.00739393      212.608     -9.58417      4009.01     -71.4236  4.89455e-05            0     -2267.99      31.1222            0            0     -45340.6      72.2351      13989.8  0.000562743  6.17086e+07    0.0233126      -1.8255            0      2.21568      -200014      -410040
-3.22225e+10 -9.68027e+10 -2.89756e+10            0  9.30667e+16 -1.78804e+09            0            0  -7.8834e+07       165742            0            0            0      38548.6            0 -1.31951e+10 -5.97573e+06            0  7.66145e+09   -3.458e+09  5.61464e+14            0            0       747814     0.203521            0            0 -3.85421e+12            0            0            0   0.00176952  6.46462e+09            0      59457.8            0 -1.56673e+08            0  2.75525e+10            0 -9.03252e+06            0   1.1645e+12 -1.77822e+09            0 -3.06881e+14  3.21531e+08            0  1.47691e+07            0            0            0            0            0 -6.35901e+14            0   0.00951938            0            0  1.12162e+09  2.08853e+09  -1.2675e+08            0  3.47262e+14   -0.0464602  3.36496e+10            0 -1.80338e+08            0      39324.3            0            0      16.7492     -1899.25            0            0            0      0.24582            0            0            0            0            0            0            0            0      0.24648 -1.34721e+12     -5.32437            0            0            0 -4.51216e+08  2.29522e+09
-1.38166e+12  7.18694e+12  2.13609e+13       572580  2.51351e+18  2.11193e+11 -3.41672e+06      16415.2  5.78746e+09 -4.01817e+07  1.37552e+08  5.20044e+07  6.53104e+11  -1.4948e+06      -227090  2.13454e+12 -1.43246e+09       306841   -3.458e+09  2.76157e+12  2.96297e+15 -1.25978e+07  1.29051e+08 -1.96148e+07     -69.3694       523415       999945  1.35025e+15  2.56425e+06       801018  1.07673e+07     -4.43497  2.12986e+12 -1.73355e+06      -752355  2.15834e+08 -3.87019e+10      -306479  -9.2516e+11 -4.91763e+06  7.34103e+09  1.53931e+06 -1.94775e+14 -4.33624e+11  3.52976e+06  7.86905e+15 -3.71738e+10 -2.55065e+06  2.81643e+07  1.59017e+07 -7.70552e+07 -1.33122e+07  -2.1072e+08   1.2551e+06  4.63902e+16  7.33283e+06      6.92988       362161      -468170  -6.3941e+10  1.00724e+11  4.62965e+09 -1.57712e+09  2.31004e+16      28.2585 -2.44781e+12      6.33568 -1.21677e+09      6.91796  2.83227e+06 -3.59191e+10  1.98707e+11      52379.5  3.08321e+06 -2.29216e+06  8.58901e+07  4.06506e+06      79.1848      -119602 -4.38903e+06      -137980 -1.22406e+10 -1.16468e+06  -2.1844e+07 -5.55885e+06 -1.01009e+07      359.579 -2.11593e+14      9733.32      8867.71  3.68057e+06       892090  1.11748e+10 -1.75177e+11
 2.89002e+16 -3.78761e+18 -9.45383e+16 -4.31351e+11    1.339e+24 -6.55582e+15  2.38906e+12  1.96402e+09 -2.44746e+14  2.45173e+12     3.88e+13  3.74663e+12  1.51026e+17 -1.64782e+12 -5.33353e+10  8.66868e+17 -2.72904e+14   1.5793e+11  5.61464e+14  2.96297e+15  8.67682e+22 -7.40485e+12   1.6207e+12  6.90554e+11 -1.22594e+07  1.31055e+10  3.97002e+11 -8.91981e+20  9.37364e+10  8.89309e+10 -2.93721e+11      -680073  3.86583e+17  5.63898e+10  6.74733e+10  1.20348e+14  2.90538e+15  1.31391e+11  5.84734e+16  2.19484e+12 -6.68154e+14  1.51098e+11  3.17689e+19  -9.2251e+16  2.53128e+12 -6.69637e+21  3.08101e+15 -1.63976e+12  6.51079e+12  1.18327e+12  6.23491e+12 -3.42261e+12 -2.28175e+13  4.61016e+11  -1.1911e+23  8.95925e+11      -175890  2.44291e+10  5.74325e+10 -7.34542e+15  3.16439e+16  1.03268e+14  1.53019e+14  5.35543e+22 -2.23239e+06  8.45247e+16  1.12011e+06  4.12148e+15    1.425e+06  4.58993e+11   2.1674e+16 -1.23097e+17  8.03049e+09 -5.33751e+09  1.24308e+11    2.762e+13  1.19134e+11  1.20374e+07 -8.05046e+10 -5.72711e+11   1.0725e+10  9.44964e+15 -2.92758e+11 -3.86412e+12   6.4037e+11  2.39744e+12  6.87356e+07  2.40677e+20  1.43979e+09 -7.98521e+09 -2.71863e+12  2.21455e+11 -2.04829e+14  2.59691e+15
           0  1.63241e+09            0            0 -3.43808e+14  8.86304e+08            0            0       312063     -5334.06            0            0 -4.70866e+07     -365.317            0  4.79595e+08       388954            0            0 -1.25978e+07 -7.40485e+12  1.11526e+06            0     -1308.92   0.00127899            0            0  2.71697e+11            0            0            0            0            0     -627.703            0            0  -7.5695e+06            0            0      1465.59  3.11211e+06            0 -5.98323e+10  8.76956e+07            0   5.9999e+12 -4.32511e+06            0            0            0            0            0  6.95936e+06            0  2.77477e+13     -250.485            0            0            0 -1.36486e+07 -3.87887e+07  1.46141e+06 -1.31754e+06 -4.87757e+12   0.00876105            0  -0.00320839       662158  -0.00196042      38.3379            0            0     -3.29795            0            0            0            0  -0.00912382            0            0            0            0            0            0            0            0            0  1.21208e+10     -1.97385            0            0     -142.052  4.28574e+06 -1.87099e+07
           0 -1.40506e+09            0     -6969.46 -3.59747e+15            0     -30410.3    -0.972352            0            0     -94776.6       326270            0       769.27      40098.5  1.40813e+09            0     -12672.4            0  1.29051e+08   1.6207e+12            0  1.42097e+07            0            0      49888.2      1841.59  9.14901e+11     -28883.2     -2629.61       100198 -0.000341669 -3.10062e+08            0            0 -2.59992e+06 -5.11829e+06      660.605            0     -39368.2            0            0  3.29984e+10  1.19008e+07     -4137.73  4.50225e+12 -1.20434e+06            0            0       160698     -48680.7      -242364            0       287406 -5.79153e+13       348993   0.00121274            0      18313.9  2.01823e+07            0      -170986            0 -3.42464e+13    -0.012741            0  0.000592799 -3.47476e+06 -0.000384124            0            0            0            0     -1028.23            0      -645295      17763.4  -0.00735853      1004.89      -226315       1772.8            0            0 -3.30363e+06      13371.7      -138634   -0.0443639  5.45849e+11            0      91.6001            0            0 -1.48989e+07 -7.38441e+06
-3.72581e+08 -1.44139e+08  3.36051e+08     -43.1092  1.10355e+14 -7.57416e+06            0    0.0163691      -134544      46.1147     -224.146     -218.858            0      51.2017     -4.24918      -982351     -16532.1            0       747814 -1.96148e+07  6.90554e+11     -1308.92            0      4029.07  0.000301029            0       3.0889 -7.73958e+09     -27.6831            0     -10.9752 -3.10641e-06  1.07491e+07      25.7881      163.234            0      86037.9     -1.55662  2.31894e+07     -8.61258      -101402            0  2.01797e+09 -7.32894e+06            0 -3.15076e+11  1.12256e+06            0      24208.1     -11.3104     -51.9555            0      1536.58            0 -2.72023e+12            0 -0.000156997            0            0  2.09595e+06       468638      -157648      59207.1  -1.1123e+12 -0.000540727  5.39874e+06  5.93816e-05     -99152.5  0.000144185      1.08494            0            0   -0.0116962     -25.2361            0      391.945            0 -0.000525246            0      7.66086     -9.59492            0            0            0     -62.3507            0  0.000941718  4.70897e+09   0.00720807     -1.14786            0     0.913084      -648000  5.05723e+06
     -152.41      4013.11      69.4389            0 -4.33748e+08     -32.0621  0.000177658 -5.60203e-07   -0.0288604 -0.000913841            0 -0.000669146      333.115   -0.0011181  -0.00011177      347.295     0.793164 -1.76279e-05     0.203521     -69.3694 -1.22594e+07   0.00127899            0  0.000301029  2.67752e-07   0.00013469  1.15731e-05       483015 -9.14426e-05            0  0.000190566 -9.75908e-12      4.07555 -0.000107562 -2.75112e-05            0      -1.6029            0       25.559 -4.70019e-05   -0.0746675 -0.000116991      -289407      176.525  0.000159409  5.70095e+06     -14.5638            0   0.00086505            0    0.0010402            0     0.223222 -0.000107777   6.3239e+07  -0.00080888  3.26312e-10   2.8756e-05            0      -33.782      4.24961      3.27775   -0.0289139   2.1945e+07  2.08302e-08     -38.0893 -1.64511e-08       4.2392 -4.78753e-10 -1.79526e-05            0     -1.09984 -2.66163e-06  1.62856e-06  -5.6241e-05            0 -4.74955e-05  1.15992e-09            0  0.000143201            0     0.156785 -0.000131864  -0.00203916 -0.000376192            0 -9.04365e-09      -115222 -1.53561e-05  1.24034e-06  1.98809e-05 -0.000260238      7.05287      13.4417
           0 -7.50469e+07            0      213.299 -9.78338e+13            0     -120.961   0.00176258            0            0      25946.2      17456.2  4.52804e+06      57.1468      1542.78 -3.21645e+07            0     -166.234            0       523415  1.31055e+10            0      49888.2            0   0.00013469      12643.3     -78.2257 -7.02305e+08     -2494.38      277.476      2290.84            0            0            0            0      -157896       214899     -33.4514            0      2250.34            0            0  1.63488e+09  2.09402e+06      14901.8 -2.03638e+11       433038            0            0     -1084.13     -34076.6       -11018            0     -245.355 -4.44218e+11     -11952.3   -0.0001498            0     -832.579  1.21738e+06            0     -70661.6            0  5.34951e+11  0.000556646            0 -8.68721e-05      -134805 -2.69663e-05            0            0            0  -0.00405901      301.087            0       5807.2      3828.35 -0.000553152            0     -15047.9      2.02216            0            0      29876.4     -407.516      46263.4            0  1.04014e+09     0.152522     -11.1238            0            0      -422621      -706135
           0 -7.96505e+07            0     -1101.22  9.29755e+13            0            0   0.00320565            0            0     -1653.43      9776.07            0      1.95938     -97.9961 -2.22189e+07      4555.78      45.7596            0       999945  3.97002e+11            0      1841.59       3.0889  1.15731e-05     -78.2257      1800.65 -5.70457e+09     -248.616     -16.1919     -223.945 -1.03904e-06            0            0     0.625123      11199.1       147659     -40.0859            0      687.194            0            0  6.00575e+08      -523370      54.4199 -5.58014e+11      -669345            0      70.3394      166.486         1878      1124.55            0     -305.556 -2.81022e+12     -157.671            0      1.26501      -42.679  1.06303e+06            0     -93037.1            0 -3.43142e+11  0.000171522            0  4.23413e-05      42970.6            0            0            0            0    0.0254577      9.12741            0      6784.18       152.95  0.000129836            0     -119.351      54.6708            0            0      147.282      1874.81     -2336.79            0 -3.41367e+09    0.0355844     -19.2604            0      24.3526      -489668      -232792
 2.26678e+15  4.98183e+17  1.38426e+15  8.25168e+09  3.62428e+23  3.07789e+14 -2.03528e+10 -4.34326e+08  5.82612e+12 -2.59391e+10 -6.99151e+11 -3.59657e+11  2.76378e+15  3.02187e+11  2.98986e+10  1.06945e+17  9.79014e+12 -1.80646e+08 -3.85421e+12  1.35025e+15 -8.91981e+20  2.71697e+11  9.14901e+11 -7.73958e+09       483015 -7.02305e+08 -5.70457e+09  2.11337e+20  3.48282e+10  8.26187e+08  8.67437e+09       147445 -4.01157e+16 -1.27521e+09 -1.63211e+09  3.64156e+12 -2.10394e+14 -1.34379e+09 -5.69075e+14  1.64619e+10  2.33812e+13  1.77696e+10 -2.33123e+18  5.55295e+14  1.87631e+10  5.61417e+20 -8.49733e+14   4.9254e+10  -3.0384e+11 -1.19742e+11  2.71117e+10  3.90247e+09  9.47734e+11   1.4036e+10  5.70462e+21  5.53443e+10       168783  1.48753e+09 -6.42134e+09 -3.06537e+15  9.46934e+13  3.15201e+14   9.0946e+11  1.67211e+21  5.23272e+06  -2.6571e+14     -30352.4 -9.54529e+14      89745.4  1.18411e+10 -3.64135e+14  1.89916e+15   1.7105e+08  1.93839e+09  -4.1844e+09 -7.95693e+11  2.69719e+09       578990  1.97234e+09 -2.79259e+10 -1.40584e+08 -1.30798e+14  4.33121e+09 -2.42538e+11 -3.29508e+10 -1.36075e+11  -8.0175e+06   3.2792e+18 -3.76382e+07  2.86796e+08  4.15759e+10 -4.69722e+09  3.84644e+14 -3.29557e+14
           0 -6.88821e+07            0         1528  1.86983e+14            0            0     0.212532            0            0       145961       129663  1.29312e+07      185.201      9665.77 -2.20949e+08      638.385      5004.81            0  2.56425e+06  9.37364e+10            0     -28883.2     -27.6831 -9.14426e-05     -2494.38     -248.616  3.48282e+10      40624.9       2089.5     -16435.2  5.73122e-05  6.30346e+07            0     -5.60195      79538.1      -688114     -11.8593            0      32334.2            0            0 -2.13023e+09   1.3369e+06      16472.3 -1.71057e+12  1.27812e+06            0     -630.396     -27645.5      -137998      6519.72            0      7183.25 -6.01809e+12      21538.8  -0.00013754            0     -5812.96  1.65367e+06            0      -245642            0  5.34389e+11   0.00135203 -5.48554e+06 -0.000104089      -261330  -0.00011079      2.87218            0            0     0.167199      888.788            0      32199.9      84.4949  -0.00020648     -45.1492     -10304.2     -90.9326     -77369.6            0      -125674      -2090.5      36679.8   0.00901905  6.94203e+09    -0.110061      14.8628            0      4.02575      -192217 -2.01381e+06
           0 -2.48151e+07            0     -2.14862  3.22205e+13            0            0            0            0     -2.27249      8042.84      6371.15            0      22.6061      1207.05 -1.43522e+07            0      532.751            0       801018  8.89309e+10            0     -2629.61            0            0      277.476     -16.1919  8.26187e+08       2089.5      547.423     -727.411            0            0            0            0       189400      22320.6     -2.83222            0      1376.34            0            0  1.86009e+08            0      2053.44 -2.96049e+11       165999            0            0     -1119.89     -11251.5      -1065.6            0      849.443 -9.83603e+11      2292.58  1.20541e-05            0     -412.052       464801            0     -44494.5            0  -1.3382e+11  0.000132133      -184407            0     -55907.5  1.05496e-06            0            0            0            0      108.888       -7.238      539.536      280.384  5.23823e-05            0     -2282.34     -1.17923            0            0     -13126.5      19.4762      9166.91            0 -4.06735e+08     0.016621     0.880957            0            0      -185039      -177746
           0  4.55068e+08 -4.84253e+07      8.59348  1.59589e+14            0            0   -0.0882107     -3455.34      43.4008     -60247.3     -55887.2  1.07449e+07     -300.475     -20806.8  2.99898e+08     -2261.31     -4631.47            0  1.07673e+07 -2.93721e+11            0       100198     -10.9752  0.000190566      2290.84     -223.945  8.67437e+09     -16435.2     -727.411       204809 -3.09969e-05 -2.81286e+07            0            0  1.09716e+06       920625      68.1535            0      8099.43            0            0 -3.40642e+09   1.8757e+06      -149201  1.42755e+12 -2.22265e+06            0     -247.396      21126.8       149587      -190096            0       -31374  5.90277e+12      11483.9  0.000108709            0      7123.59 -5.08686e+06            0       267379            0 -7.05423e+11  -0.00128125  5.54142e+07 -7.75354e-05       385764  7.86324e-06     -2.78751            0            0     0.029125     -1168.26            0      8404.79      10786.2   0.00359933     -25.6178     -11503.4     -25.8676            0            0       105382      461.136      -197201  -0.00402467   -3.901e+10   -0.0458022      1.03509            0     -12.0881  1.03526e+06  3.55881e+06
     -1.6767       336.52     -12.2864  3.65826e-06   2.4946e+08            0            0  2.58661e-07   0.00861319 -3.40999e-05 -0.000288609  0.000680833     -4.12292  6.35347e-05            0      50.5609 -0.000342228  2.53245e-06   0.00176952     -4.43497      -680073            0 -0.000341669 -3.10641e-06 -9.75908e-12            0 -1.03904e-06       147445  5.73122e-05            0 -3.09969e-05  1.28489e-09      113.064            0   4.0812e-07            0     0.394723            0      -1.3439  0.000240399    0.0295463 -2.04151e-05      542.513      2.86678   6.0676e-06       412928   -0.0383533  0.000127153  0.000189606 -2.02504e-05  1.39692e-05            0            0  7.25003e-05  3.50653e+06            0 -1.23937e-11 -1.05234e-06 -8.08411e-06     -1.92669            0     0.220765            0      -330507   3.8815e-09            0 -1.08387e-11    -0.932968 -4.71289e-11   8.3488e-09    0.0209466   -0.0377204 -8.06629e-08  2.49323e-06 -1.29053e-05 -0.000105586 -1.63187e-05 -7.52331e-10  1.27823e-06  4.06432e-05  9.57034e-07            0  1.87621e-05  0.000662403 -8.61414e-05 -0.000204948  4.96496e-09      241.504 -5.33399e-09   2.7557e-08 -8.47411e-07 -3.59058e-06     0.213787     0.723385
