 6.01702e+18  -3.2326e+20  -3.6711e+19  8.72454e+08 -2.57458e+21  5.89131e+16            0            0 -9.06732e+13  1.28459e+13            0            0  2.46513e+16  1.08653e+11            0 -1.19114e+18 -2.14231e+12            0 -1.01603e+14 -5.78366e+16  5.63953e+21            0            0 -1.71279e+11     -12833.4            0            0 -1.62626e+21            0            0            0     -154.219 -1.01357e+16  1.63264e+10 -2.47684e+09            0  -1.7929e+14            0 -6.31238e+15            0 -5.60901e+14  2.63021e+11  2.34492e+21  8.87247e+13            0 -9.03929e+20  1.26833e+16 -2.61464e+11 -4.99532e+12            0            0            0            0            0            0 -5.47556e+09      104.206            0            0  7.48892e+16  2.51315e+18      -5540.2  7.58122e+13 -2.64986e+21      8419.34  2.67671e+17      635.812 -8.41598e+14     -812.196  6.97025e+08            0            0  6.30359e+06 -3.32088e+08  3.41466e+08            0            0      25550.3            0            0            0            0            0            0 -2.53263e+11            0     -4074.75  3.41111e+22  1.10914e+06 -1.29684e+06            0  5.83242e+09 -3.45476e+13  8.37263e+13
 -3.2326e+20   5.1367e+25  3.24494e+22   1.9228e+14   1.1838e+26  1.47909e+20 -9.96036e+14 -5.78408e+11   1.1041e+18 -3.07984e+16 -5.69745e+16 -1.46422e+16 -2.42859e+20  1.13908e+16 -4.41011e+13  1.64874e+23  1.62118e+18  -3.3522e+13 -5.72046e+17  5.31565e+20 -5.89108e+26  6.80625e+16 -3.67021e+15 -1.25725e+14  6.95811e+08 -2.47312e+14 -2.51722e+14   1.9243e+27 -8.22617e+14 -2.84094e+13  1.61398e+15  6.66801e+07 -1.99982e+21 -1.34679e+13 -9.99816e+12 -9.85619e+17 -6.86226e+18 -7.58721e+12 -3.30977e+19 -1.51326e+15  7.62209e+17 -3.80431e+15 -4.63639e+26  7.04503e+18 -1.93676e+16  3.59138e+26 -2.34013e+20  2.00115e+15  -1.6602e+16 -8.66836e+13  5.30155e+15  -4.4479e+15  4.18465e+17 -6.37261e+14  3.63247e+13 -9.39151e+14  1.08839e+08 -4.83461e+12  2.88816e+13 -5.62578e+21 -8.53977e+20  1.15988e+09 -8.53142e+17  1.99231e+26 -1.67189e+07 -3.42905e+20 -5.73004e+07  -7.6597e+19 -5.53726e+07 -1.04301e+14 -3.05041e+18  2.50364e+18 -3.42316e+11 -2.56794e+12 -1.47273e+13 -1.41417e+17 -6.63914e+14  6.98982e+07  4.27429e+12  6.53818e+14  -2.9634e+12 -1.45406e+18  1.39282e+13  6.75973e+15 -2.63975e+16 -3.50407e+15 -1.05157e+09  9.37078e+25 -6.67659e+10   2.1244e+11  6.05687e+16 -1.08218e+15  1.62962e+18  -3.6761e+18
 -3.6711e+19  3.24494e+22  3.64973e+23            0  2.67945e+23  2.33163e+19            0            0  2.30807e+16 -2.13013e+14 -4.70685e+14            0            0 -1.90246e+13            0  8.76137e+19            0            0 -6.63332e+15  6.44636e+19 -8.67379e+23            0            0  1.13015e+13       636845            0            0  1.08084e+24            0            0  -2.8752e+12     -94457.4            0  9.52197e+11  4.55393e+10            0 -1.44274e+16            0 -1.81021e+17            0 -1.35982e+16            0 -2.53165e+24            0            0 -5.71717e+23 -1.71203e+18            0   1.0018e+15            0            0            0            0            0            0            0       -99821            0            0 -1.28205e+19            0  1.53075e+06  4.33584e+15 -6.59698e+23      -449099 -8.16486e+19            0  1.00688e+17            0 -2.59878e+10            0            0            0  3.86988e+11            0  3.97419e+14            0            0            0            0            0            0            0            0  8.28258e+13            0            0  3.58564e+23  6.15181e+08 -2.86579e+08            0            0  3.73571e+15 -1.56047e+17
 8.72454e+08   1.9228e+14            0       329173 -2.88849e+14            0            0   -0.0709742            0     -11722.8  -1.6003e+06 -1.63617e+07            0     -11092.5      9487.66  9.19791e+11            0     -5004.28            0  3.27469e+09 -4.75137e+15            0 -1.65549e+06     -2291.83            0      42966.8      -215842  7.64194e+15       635620     -71.5092      168.069   3.9552e-05 -8.93008e+08            0     -304.633            0 -4.21452e+07      479.035 -4.84001e+07       275808            0            0 -2.40898e+15  1.96466e+07       184838  4.29079e+15  4.49019e+09            0      -504213     -50426.6 -1.76808e+06  1.40785e+06            0       106809            0     -2749.28 -4.27783e-05            0     -15867.3   -3.084e+10            0   0.00682459            0  1.50446e+15   0.00012222            0 -0.000787487  2.72428e+07            0            0  3.75352e+06 -1.06821e+06   -0.0951961     -168.663            0 -1.30784e+07     -53223.9  -0.00292252       106.41      64913.2     -10460.9            0            0  1.11602e+06 -3.67374e+07      16894.7 -0.000170747  5.17289e+15     -0.20889      94.6369            0     -19499.6  2.25984e+07  2.08702e+07
-2.57458e+21   1.1838e+26  2.67945e+23 -2.88849e+14  3.79557e+27   2.8227e+20 -2.64507e+15 -4.61963e+12  1.48042e+18  9.45763e+15  2.19761e+17  5.92865e+16 -5.21035e+20   4.0302e+16  7.61607e+13  5.45941e+23   7.5284e+17  -1.1733e+14 -1.58678e+17  2.55989e+21   2.4194e+27  1.09309e+17 -1.18433e+17 -2.38682e+14  7.51406e+08 -3.03963e+15  8.44777e+14  2.30785e+27 -3.29258e+15 -9.17044e+13  8.37667e+15  2.70562e+08 -4.29472e+21 -9.49875e+12 -2.23938e+13   1.8466e+18 -2.57141e+18 -4.35314e+13 -1.95463e+19  1.50177e+16  1.51776e+18  -2.1747e+16 -7.30274e+26 -8.22385e+18 -1.28965e+17 -2.29895e+27 -3.79577e+21  9.10014e+15 -6.02459e+16  5.87697e+15 -8.63602e+16 -2.99029e+16    9.615e+17 -7.10925e+15 -4.29945e+13 -8.55144e+15  1.52404e+09  9.54248e+12  1.69496e+14 -5.22485e+22 -4.26028e+21  2.97058e+09 -1.27474e+18  2.65159e+27 -2.51737e+08 -5.75832e+20  1.17818e+08 -2.82346e+20  1.90393e+08 -1.77687e+14  1.59242e+19 -2.01016e+19  4.72095e+11  -1.5482e+13 -8.67082e+13 -1.84745e+17 -7.64186e+15   3.9209e+09 -1.84019e+13  5.95498e+15 -6.18942e+12  4.63626e+18  8.05875e+12  5.41215e+16 -1.90873e+17 -3.24262e+16 -1.96443e+09  2.95096e+26  -3.8742e+10  4.52675e+11 -2.15521e+17  4.33653e+15  9.75885e+18 -6.70324e+17
 5.89131e+16  1.47909e+20  2.33163e+19            0   2.8227e+20  1.08765e+18            0            0  5.75696e+13 -8.17637e+11            0            0            0 -3.96772e+10            0  3.78638e+17            0            0  -2.8356e+13  4.74072e+16 -4.05164e+21  1.05842e+14            0 -1.76749e+10     -8832.36            0            0  8.70115e+21            0            0            0            0            0 -5.73921e+09 -8.67479e+07            0 -8.97143e+13            0 -1.65928e+15  3.32286e+10  2.58528e+14            0 -7.51652e+21            0            0  4.96472e+20 -3.09948e+15            0  9.82524e+10            0            0            0            0            0            0            0            0            0            0 -2.96378e+16 -6.63685e+16      4690.29  -2.1302e+13 -7.27413e+20      6081.82            0            0   1.8634e+14            0            0            0            0            0  1.55363e+08            0            0            0            0            0            0            0            0            0            0            0            0            0 -3.21557e+21      36612.2            0            0            0  1.17749e+13 -6.97662e+14
           0 -9.96036e+14            0            0 -2.64507e+15            0     2.75e+07     -3.72183            0            0            0            0            0      -177548     -55572.3   9.6356e+12  3.05579e+07      5515.63            0 -1.21663e+11  1.59507e+17            0 -5.07465e+07            0    0.0175233      -161627            0 -3.16963e+16            0            0            0            0            0            0            0            0  3.81722e+08            0            0            0            0            0  6.67373e+15            0            0  2.19105e+16  4.33969e+10            0            0      -713633            0            0            0 -1.12853e+06            0 -1.46662e+06  -0.00944087            0     -21422.8 -3.62124e+10            0    0.0501613            0  4.21565e+16   0.00799091            0            0  2.61194e+09            0            0            0 -2.41238e+07            0            0            0            0            0    0.0102539            0       597677            0            0            0  1.27974e+07            0            0            0  2.42393e+16     -4.64612            0            0            0 -2.71569e+08  3.01003e+08
           0 -5.78408e+11            0   -0.0709742 -4.61963e+12            0     -3.72183     0.087303     -1532.11      84.5857      768.333      277.895       340854     -165.845            0 -2.14972e+09     -4333.51     0.178317            0  2.62809e+07  7.02236e+12            0     -66.3415     0.253236 -2.33056e-06     0.146349     0.200348 -2.93585e+13      25.1785            0     -4.81423  2.86586e-07  9.79134e+07            0     0.046188            0      -141576   -0.0193076       -17925      44.6312       -14424      37.2063 -6.70724e+12     -17687.6     -14.8409  1.95768e+12  7.15827e+06     -16.4799      33.9457      10.2005     -127.779            0            0      8.95249    0.0541663      2.96676 -3.90949e-07            0    -0.379906  8.25629e+07  1.60213e+07 -1.05017e-05            0 -4.37915e+12 -2.61884e-05       235475  1.76855e-07  1.14822e+06   3.6678e-07   -0.0108945     -1149.14      1096.67   0.00120768    0.0253673            0      459.625            0  7.70466e-07  -0.00971961      6.17344            0            0  -0.00581935      88.6417            0     -30.5208  3.20729e-05  -2.1533e+12   0.00040208            0            0     0.404287     -12034.9      -139787
-9.06732e+13   1.1041e+18  2.30807e+16            0  1.48042e+18  5.75696e+13            0     -1532.11  2.60577e+12 -1.70943e+10 -5.72429e+08            0 -1.43806e+12 -8.18729e+07            0  4.54658e+15  2.98213e+10            0 -2.97358e+11  3.00447e+14 -2.69437e+19  9.05303e+09            0 -7.53677e+07      1.28422            0            0  5.62517e+19            0            0 -3.49646e+06      1.14671 -3.07841e+13 -4.62658e+06 -2.84389e+06            0  3.67683e+10            0 -2.40254e+13            0  5.55894e+11            0 -1.72456e+19  1.94746e+11            0  1.53388e+19 -1.94127e+13  8.65672e+07 -3.08259e+09            0            0            0 -5.02006e+10            0            0 -3.90644e+06    -0.414085 -1.27342e+06            0 -2.04712e+14 -9.68296e+13      33.3606 -1.11585e+12  5.41614e+17      24.1169 -1.11162e+14            0  6.27919e+11     -4.05195       120284            0            0     -14613.9  2.05839e+06            0  4.83281e+08  5.45928e+06     -13.2729            0            0            0 -1.28594e+09  2.46358e+06            0 -7.46214e+08            0     -9.20157  5.42457e+18     -662.724      2582.07  3.69664e+07 -4.31279e+06   8.0029e+10 -8.37627e+11
 1.28459e+13 -3.07984e+16 -2.13013e+14     -11722.8  9.45763e+15 -8.17637e+11            0      84.5857 -1.70943e+10  9.78249e+08  2.09684e+07            0 -2.87472e+11  3.82303e+06            0 -1.12505e+14 -2.03172e+08     -3854.41  1.87594e+09 -6.15001e+12  8.90111e+17 -4.54517e+08            0      75823.4    -0.398367            0            0  -1.5683e+18            0     -4098.87       128081   -0.0148132  3.27128e+11       196406      33989.6            0 -3.05012e+09            0  9.68169e+11            0 -1.29096e+10  3.09811e+06  3.47025e+17 -8.88668e+09            0 -4.79129e+17  5.96877e+11 -4.22454e+06 -3.36078e+07            0            0            0  1.71366e+09            0      6076.57       257282   -0.0126601      12137.2            0  6.43341e+12  2.85469e+13     -1.00738   6.6706e+09 -3.32301e+16     -0.39173  9.85205e+12            0 -3.18261e+10     0.013247      12385.6 -2.46729e+08            0      409.201     -41659.2       299298 -1.77037e+07  1.40993e+06      1.13518            0            0            0 -3.31784e+08     -18634.1            0  1.25426e+07            0     0.117751  3.86708e+17      8.93236     -14.2036  9.53913e+06       338579 -2.74485e+09   3.3869e+09
           0 -5.69745e+16 -4.70685e+14  -1.6003e+06  2.19761e+17            0            0      768.333 -5.72429e+08  2.09684e+07  9.80059e+10  2.78679e+09            0  4.44276e+06    6.354e+07 -1.00786e+14            0  7.65458e+06            0  5.02052e+12  3.43992e+18            0  -1.7242e+08     -76507.1            0  3.27453e+07 -2.23359e+06 -5.18269e+18  4.58953e+08   3.3697e+06 -9.50511e+07   -0.0252279            0            0            0 -3.74426e+10  3.25883e+10 -3.28739e+06            0 -9.19094e+06            0            0  1.17255e+18 -2.79993e+10  2.34245e+08 -5.41975e+17  6.11449e+11            0 -1.66308e+07 -2.15004e+08 -4.93606e+09 -1.46086e+09            0  8.52327e+07            0  3.10765e+08    0.0404307            0 -9.76081e+06  8.36645e+12            0     -1.45495            0 -3.39548e+17     -2.36069  9.00203e+12            0  8.80224e+09      0.01006            0            0            0            0  1.00069e+06            0  2.91763e+10  1.11805e+09     -2.16781  -1.3608e+06  6.42449e+06      -180783            0            0 -1.47439e+09 -2.54102e+08   7.6788e+07            0  2.35362e+18      39.0136      42067.4            0            0 -6.47738e+09 -2.40053e+09
           0 -1.46422e+16            0 -1.63617e+07  5.92865e+16            0            0      277.895            0            0  2.78679e+09  2.30507e+10            0       547191  3.83317e+07 -1.87153e+14            0  1.45432e+06            0  1.23114e+12  4.71148e+17            0   3.0758e+08     -56372.3   -0.0290487  1.77504e+07  1.10577e+07 -1.46298e+18   2.6261e+08  1.61009e+06 -6.05048e+07    0.0347416  3.49655e+12            0     -7493.26  2.23867e+11  1.10308e+09      -138868            0   2.1125e+08            0            0  4.21285e+16  1.69171e+09  8.29693e+08 -7.18549e+17 -1.16629e+11            0 -1.24022e+07 -1.71209e+08 -1.18478e+09  1.29432e+09            0 -8.24096e+07            0 -3.54283e+07     0.196538     -16077.8 -1.74633e+07  2.87078e+12            0    -0.538588            0 -1.99806e+17     -0.58286 -5.07669e+11            0  1.64839e+10            0            0            0            0     -81.2154       308257            0  2.29109e+09  4.19325e+08     0.328536            0 -5.87797e+06       891587            0            0 -4.39335e+08 -2.61507e+09 -2.20504e+08      1.42565  1.61234e+18      54.5944     -39645.4            0  5.76136e+06 -2.61325e+09 -6.21864e+09
 2.46513e+16 -2.42859e+20            0            0 -5.21035e+20            0            0       340854 -1.43806e+12 -2.87472e+11            0            0  8.55717e+17  6.65599e+10 -3.34829e+08 -5.44585e+17  2.60842e+13  9.16016e+07            0   1.3882e+16  6.73811e+21 -5.32852e+11            0            0      15271.7  3.82867e+09            0 -8.16263e+21   2.2435e+10            0  8.79855e+09     -168.614            0 -5.12542e+08 -6.56691e+07            0 -8.05795e+13            0    2.135e+13            0  3.29601e+12            0 -3.70021e+20 -1.07821e+15  1.17196e+11 -2.36353e+21  5.35974e+15  7.42411e+09            0            0            0            0  2.54345e+13  -1.3037e+08  2.73441e+08   5.4433e+10            0  5.35392e+09            0  6.28858e+16            0     -7715.71            0  2.35089e+20     -3906.64  9.64977e+15     -4956.08 -2.90964e+14     -678.987  1.43316e+08            0            0  2.29589e+08 -1.67433e+07            0            0  6.58079e+10     -2990.88            0  4.65623e+09            0 -1.03527e+12 -3.99389e+09 -2.98642e+10            0            0            0  1.36055e+22      -392180            0  2.19986e+10  5.13711e+10 -3.02158e+13 -1.38314e+14
 1.08653e+11  1.13908e+16 -1.90246e+13     -11092.5   4.0302e+16 -3.96772e+10      -177548     -165.845 -8.18729e+07  3.82303e+06  4.44276e+06       547191  6.65599e+10  6.12911e+06      78686.8  3.46042e+13 -3.21954e+08      13451.5  1.08125e+08 -5.28358e+10 -1.13838e+17 -8.44939e+06  1.29213e+06      21619.4     -0.12715      88798.7         2733  6.71743e+17       628988      10093.8      -518278    0.0137291 -1.10685e+11      804.878      930.828   3.6813e+08  4.09908e+08      353.952  5.90454e+09       740423 -4.46154e+07       492648  7.88507e+16 -1.38944e+09  6.10516e+06  5.13007e+16 -3.35485e+10      56400.3       783475      -297759 -1.80982e+06      -438190 -1.09572e+08       212479      6573.55       383794    0.0243088      1899.26     -20883.3 -1.23842e+12  2.85317e+11     0.261375  2.22853e+08  6.06276e+16     0.498803  9.38736e+10    0.0135074  -2.4943e+10   0.00173607      13059.6 -8.13289e+08  6.15354e+08      68.0999      1842.27      1907.02  9.05748e+06       544239    0.0413101     -205.416      -157203      90.3973 -3.31084e+08     -602.741 -2.68761e+06  2.22882e+06       786627   -0.0113349  8.71976e+16      15.3393     -5.76927  1.48596e+07       226606  1.64305e+08 -4.48247e+08
           0 -4.41011e+13            0      9487.66  7.61607e+13            0     -55572.3            0            0            0    6.354e+07  3.83317e+07 -3.34829e+08      78686.8  1.74917e+06 -1.86858e+12            0      91980.4            0  7.05902e+08  2.67556e+15            0  8.59761e+06     -159.225  -0.00101613       259436     -14377.3 -8.21012e+15  3.60371e+06        59969 -4.08511e+06            0            0            0     -21.1776 -4.13826e+09 -1.16316e+07       1176.5            0       636425            0            0  1.69734e+14 -2.07711e+07  3.10896e+07 -1.03154e+16  5.01955e+09            0       -35028 -2.42117e+06 -3.44705e+07  2.86225e+07            0       437332     -11.7964      -351531   0.00374789            0      -169184  4.23864e+10            0  -0.00107154            0 -1.78859e+15   -0.0109663 -6.37396e+09            0 -5.00278e+08  0.000574778            0            0            0     0.468477      8902.54            0 -1.84038e+07   2.1057e+06    0.0203801            0      -820009      689.664            0            0 -1.16354e+07 -4.63149e+06  1.16625e+07            0  2.72967e+16     0.173814      30.3986            0            0 -1.10255e+07 -1.21804e+08
-1.19114e+18  1.64874e+23  8.76137e+19  9.19791e+11  5.45941e+23  3.78638e+17   9.6356e+12 -2.14972e+09  4.54658e+15 -1.12505e+14 -1.00786e+14 -1.87153e+14 -5.44585e+17  3.46042e+13 -1.86858e+12  5.82944e+21  6.02136e+15 -3.98053e+11  -2.1941e+15  1.51454e+18  8.90915e+23  4.12841e+14  5.61651e+13 -2.88752e+11   1.9197e+06  -1.4318e+12 -1.44036e+12  7.38923e+24 -1.84483e+13 -2.69881e+11  1.12208e+13       219238 -1.04474e+19 -2.79601e+10 -3.32599e+10 -7.72959e+15 -1.60939e+16 -2.02295e+10 -1.85621e+17 -1.61221e+13  3.59762e+15   -1.263e+13 -1.27522e+24  2.39637e+16 -1.31702e+14  7.03898e+24 -1.53782e+18  9.19378e+12 -5.80727e+13  9.69255e+12  8.35301e+13 -2.07047e+12  3.48326e+15 -3.83204e+12  3.31718e+11 -5.63643e+12 -2.56938e+06   9.4109e+09  5.38079e+11  1.45567e+19  1.95608e+18  2.19413e+06 -3.35874e+15 -2.63369e+24  -1.1851e+06 -1.88915e+18      -149677 -2.51979e+17     -68045.2 -5.42808e+11 -4.31952e+15 -1.38537e+15  -3.8725e+08  -4.9862e+10 -7.44039e+10 -4.12724e+14 -1.36493e+13  1.16861e+07  3.92944e+09  3.42873e+12  -3.7956e+10  5.26988e+15   8.2739e+10  4.04503e+13 -1.49498e+14 -2.77326e+13 -5.51248e+06  4.41219e+24 -1.98568e+08  1.51175e+09 -3.23524e+14 -3.72533e+12  1.73451e+16 -5.58844e+15
-2.14231e+12  1.62118e+18            0            0   7.5284e+17            0  3.05579e+07     -4333.51  2.98213e+10 -2.03172e+08            0            0  2.60842e+13 -3.21954e+08            0  6.02136e+15  2.95483e+12            0   -2.351e+10 -7.74312e+13 -3.99273e+19  1.33576e+10            0 -8.80456e+06      185.642            0            0  6.55361e+19            0            0            0   -0.0374287 -8.96535e+12            0      -285581            0  -1.6903e+12            0 -6.83518e+10            0            0            0 -1.47046e+20  1.29562e+12            0  1.54243e+19 -2.33193e+13  7.78693e+06 -1.56818e+09            0            0            0 -3.50306e+10            0      -466677 -1.27846e+07     -1.16384            0            0 -2.63011e+14 -4.49367e+13      48.3598 -1.81015e+10  2.50443e+18      43.9291  3.93226e+12     -23.1215  1.87866e+12    -0.698855 -1.08068e+06            0            0      8730.88      28093.5      -111126            0            0     -56.1245            0            0            0  2.85718e+09            0            0            0            0     -7.68216 -2.07886e+19     -30108.9            0 -3.86527e+08  1.89192e+07  1.38589e+11  2.07142e+11
           0  -3.3522e+13            0     -5004.28  -1.1733e+14            0      5515.63     0.178317            0     -3854.41  7.65458e+06  1.45432e+06  9.16016e+07      13451.5      91980.4 -3.98053e+11            0        22230            0  6.04415e+08  4.68156e+14            0 -1.00177e+06            0 -8.57215e-05     -7945.59      3232.25 -3.03357e+15       715022      10243.9      -348673  8.27412e-06   1.8089e+09            0            0 -7.98747e+07       850567      50.3336            0       378255            0            0    2.304e+14      -191140  3.74801e+06  -1.3084e+15  5.54716e+08            0            0      -276205 -3.17202e+06 -2.44436e+06            0       109623            0       385182  7.43387e-05            0     -17237.5  6.99466e+09            0  -0.00113398            0  1.12996e+13  0.000396961 -6.77423e+08            0 -6.20738e+07  3.77794e-07            0            0            0    0.0260939      1616.39     -93.0397  1.90469e+06     -52461.3  0.000804603            0     -97041.1      545.709            0            0 -3.33272e+06       113417       976697  0.000737544 -1.93673e+13    0.0865228     -4.32319            0      1128.05 -2.45293e+06 -1.77445e+07
-1.01603e+14 -5.72046e+17 -6.63332e+15            0 -1.58678e+17  -2.8356e+13            0            0 -2.97358e+11  1.87594e+09            0            0            0  1.08125e+08            0  -2.1941e+15   -2.351e+10            0  8.02011e+12 -5.30194e+13  1.67053e+19            0            0  1.18242e+08      4.04297            0            0 -2.48465e+19            0            0            0    0.0425548  2.56049e+13            0  6.04722e+06            0 -5.44162e+10            0  1.34778e+13            0 -8.49531e+09            0  1.67214e+19 -1.07314e+11            0 -7.56471e+18  4.99659e+12            0    2.249e+10            0            0            0            0            0       512996            0     0.275349            0            0  8.28732e+13  6.63168e+13     -20.3994            0  2.52502e+18     -3.02846  1.31794e+14            0 -8.35808e+11            0    5.193e+06            0            0      697.354      -123185            0            0            0      7.07533            0            0            0            0            0            0            0            0      2.84241 -8.75403e+18            0            0            0            0 -5.25135e+10   8.4043e+11
-5.78366e+16  5.31565e+20  6.44636e+19  3.27469e+09  2.55989e+21  4.74072e+16 -1.21663e+11  2.62809e+07  3.00447e+14 -6.15001e+12  5.02052e+12  1.23114e+12   1.3882e+16 -5.28358e+10  7.05902e+08  1.51454e+18 -7.74312e+13  6.04415e+08 -5.30194e+13  5.62588e+17  2.34943e+21 -1.31847e+12  1.15623e+12 -4.29597e+10       -32788  1.89189e+09  8.14152e+09  2.46139e+22  5.50547e+10  1.82455e+09  1.00411e+11     -2621.16  1.19325e+17 -2.93358e+09 -1.10254e+09  3.95359e+13 -4.86717e+14 -1.00081e+08 -6.19782e+15 -6.93554e+10   1.0446e+14  1.32895e+11 -2.36228e+22  -3.5362e+14  2.55231e+11  6.27805e+20 -1.09526e+16 -2.82518e+10  4.89526e+11  1.09109e+11 -1.37108e+12 -6.87582e+11 -2.29585e+13  4.04959e+09  2.28723e+09   4.1164e+10      7411.41  6.93214e+08 -1.29048e+09 -9.61484e+16   4.6038e+16      11575.2 -7.30531e+13  1.80313e+21      14205.6 -1.36406e+17      3285.07 -1.02441e+14      3324.62  5.44101e+09 -2.12234e+14  1.68419e+14  2.42856e+07  2.66377e+09 -2.76756e+09  5.52663e+12  3.39992e+11      41797.8 -1.70237e+08  -2.1787e+10 -2.61148e+08 -8.88908e+13 -6.72837e+08 -2.00796e+11 -1.16143e+12 -7.59295e+10      59204.4 -4.30796e+21  3.49962e+06  2.82253e+06  4.08269e+12  5.77291e+10  3.03787e+13 -9.29129e+14
 5.63953e+21 -5.89108e+26 -8.67379e+23 -4.75137e+15   2.4194e+27 -4.05164e+21  1.59507e+17  7.02236e+12 -2.69437e+19  8.90111e+17  3.43992e+18  4.71148e+17  6.73811e+21 -1.13838e+17  2.67556e+15  8.90915e+23 -3.99273e+19  4.68156e+14  1.67053e+19  2.34943e+21  7.97505e+28 -1.91886e+18  9.97599e+16    3.129e+15 -1.49443e+10 -8.31323e+13  7.58306e+15 -2.71517e+28  -2.0138e+15  2.34507e+14 -3.20701e+16 -9.21537e+08  4.40536e+22   2.0374e+14  2.19955e+14   1.1652e+19  7.70419e+19  1.29176e+14  8.23232e+20  4.39335e+16 -1.92089e+19  3.82307e+16  7.42751e+27 -1.63469e+20  3.07322e+17 -5.63159e+27  9.12084e+21 -4.01711e+16  3.20911e+17   1.1515e+16  5.17109e+17 -1.94384e+17 -2.17606e+18  4.95621e+15  1.53244e+14  1.13307e+16  2.88702e+07  1.84457e+14 -3.50467e+14 -4.67799e+22  3.11758e+22  5.68436e+09  9.29455e+18  1.81343e+28 -2.26823e+09  1.04648e+22  1.48456e+09  7.12834e+20  1.06835e+09  1.52416e+15  2.77267e+20 -2.28967e+20  8.69343e+12  -2.8742e+13  3.86199e+14  3.12254e+18  3.94796e+16  1.85234e+10 -1.41564e+14 -5.37357e+15   4.6792e+13  1.43734e+20 -3.20865e+14 -1.12937e+17  4.05671e+17  1.54588e+16   1.8886e+10  2.18585e+28  1.47813e+12 -4.01319e+12 -7.14519e+18  2.86269e+16 -3.69604e+19  2.97983e+18
           0  6.80625e+16            0            0  1.09309e+17  1.05842e+14            0            0  9.05303e+09 -4.54517e+08            0            0 -5.32852e+11 -8.44939e+06            0  4.12841e+14  1.33576e+10            0            0 -1.31847e+12 -1.91886e+18  6.93898e+10            0 -1.58697e+06      1.68317            0            0  3.37268e+18            0            0            0            0            0      -587501            0            0 -5.27577e+10            0            0  3.36828e+06  2.54304e+10            0 -3.61999e+18  3.77652e+10            0  1.23311e+18 -5.39614e+11            0            0            0            0            0  4.20253e+11            0            0      -508876            0            0            0 -8.36021e+12 -9.80716e+12      1.77422 -3.37816e+10 -7.49467e+17      1.43818            0     -1.04203  1.99165e+10    -0.457731      33914.4            0            0     -911.719            0            0            0            0     -1.82847            0            0            0            0            0            0            0            0            0  6.57815e+17     -426.958            0            0 -6.55644e+06  3.84192e+09 -5.28644e+10
           0 -3.67021e+15            0 -1.65549e+06 -1.18433e+17            0 -5.07465e+07     -66.3415            0            0  -1.7242e+08   3.0758e+08            0  1.29213e+06  8.59761e+06  5.61651e+13            0 -1.00177e+06            0  1.15623e+12  9.97599e+16            0  6.52417e+09            0            0  1.83833e+07       645507  7.49982e+17 -2.40092e+07      -336169  4.11785e+07  -0.00725894 -8.34737e+11            0            0 -3.77885e+10 -9.87958e+08      17955.8            0 -2.12636e+07            0            0  2.02785e+17  5.11025e+08  -5.5792e+07  2.65535e+17  2.01479e+11            0            0  5.50066e+07 -2.82926e+07 -5.45541e+08            0  9.40562e+07            0  1.17088e+08    0.0357493            0  2.20245e+06    2.439e+12            0    -0.042711            0 -1.16137e+16    -0.196684            0    0.0119308 -1.44308e+10  -0.00888322            0            0            0            0     -48318.2            0 -1.71496e+09   6.8804e+07   -0.0469535      37356.9 -5.84262e+07       179246            0            0 -1.47368e+09  1.50314e+08 -5.33306e+07    -0.340346  1.53118e+18            0       1023.6            0            0  -1.6435e+09 -1.82624e+09
-1.71279e+11 -1.25725e+14  1.13015e+13     -2291.83 -2.38682e+14 -1.76749e+10            0     0.253236 -7.53677e+07      75823.4     -76507.1     -56372.3            0      21619.4     -159.225 -2.88752e+11 -8.80456e+06            0  1.18242e+08 -4.29597e+10    3.129e+15 -1.58697e+06            0        94998  0.000538744            0      266.587 -4.97506e+15     -4953.73            0     -467.408 -2.56339e-05  6.06495e+09      468.906      2498.18            0  1.74341e+07     -9.64168  1.69034e+09     -387.153 -1.61285e+07            0  3.47206e+15 -6.16168e+07            0 -9.56683e+14  3.30344e+09            0  5.47537e+06     -724.386     -11649.7            0  1.79431e+06            0       2.7836            0 -0.000558373            0            0    2.937e+10  2.30168e+09  -0.00358142  2.97684e+07 -1.13805e+15  -0.00194781  2.40507e+09   0.00031633 -8.25745e+07  0.000645292      18.6784            0            0   -0.0472553     -236.768            0       233722            0 -0.000573399            0       427.77      -218.52            0            0            0      -136224            0   0.00165177  2.13781e+15    0.0897102     -3.02912            0       886.63  -1.3382e+07  2.79631e+08
    -12833.4  6.95811e+08       636845            0  7.51406e+08     -8832.36    0.0175233 -2.33056e-06      1.28422    -0.398367            0   -0.0290487      15271.7     -0.12715  -0.00101613   1.9197e+06      185.642 -8.57215e-05      4.04297       -32788 -1.49443e+10      1.68317            0  0.000538744  3.03717e-07   0.00269807  0.000166777  2.20891e+10  -0.00267145            0   0.00405491  3.80952e-11     -480.521 -0.000577099 -0.000140481            0     -486.695            0      221.332   -0.0002425     -1.03044   -0.0440949 -7.12061e+10      446.731    0.0222415  5.02612e+09     -11662.6            0    -0.106215            0    0.0717423            0      76.0805  -0.00164364 -0.000107372  -0.00832723  9.04519e-11  6.66743e-05            0      -124982      2836.17  2.05001e-08     -4.23289  3.05061e+09  1.58622e-08     -5328.89 -2.31753e-08      745.451 -5.78623e-10 -0.000161475            0     -1.97103 -4.04735e-06  1.03184e-05 -0.000143413            0  -0.00888047 -1.29722e-08            0   0.00214589            0       2.9199 -0.000108946   -0.0274323    -0.176198            0 -2.84799e-09 -1.25088e+10 -1.51456e-05   6.3951e-07    0.0199779   -0.0584955      55.0186      147.077
           0 -2.47312e+14            0      42966.8 -3.03963e+15            0      -161627     0.146349            0            0  3.27453e+07  1.77504e+07  3.82867e+09      88798.7       259436  -1.4318e+12            0     -7945.59            0  1.89189e+09 -8.31323e+13            0  1.83833e+07            0   0.00269807  3.84319e+06     -35248.4 -1.50251e+16 -1.43614e+06        26458       654214            0            0            0            0 -9.69053e+08  1.13302e+08     -739.489            0       746457            0            0   4.4175e+15  6.71161e+07  4.18597e+07 -1.37068e+15   4.6419e+09            0            0      -264109 -2.42569e+07 -1.97137e+07            0       -59784            0 -3.44208e+06   -0.0031581            0     -75680.8  5.50953e+10            0   -0.0065623            0  3.14507e+15   0.00691913            0   -0.0015481 -4.16362e+08 -0.000397639            0            0            0    -0.312772      10642.2            0  1.21259e+07  1.23228e+07  -0.00426135            0 -3.01703e+06     -225.194            0            0  9.86529e+06 -2.82888e+06  1.43387e+07            0 -2.80522e+15        2.586     -88.2232            0            0 -2.83297e+07 -1.42424e+08
           0 -2.51722e+14            0      -215842  8.44777e+14            0            0     0.200348            0            0 -2.23359e+06  1.10577e+07            0         2733     -14377.3 -1.44036e+12            0      3232.25            0  8.14152e+09  7.58306e+15            0       645507      266.587  0.000166777     -35248.4       568363 -9.64857e+15      -148509     -1605.15     -79970.2 -2.42374e-05            0            0      35.4365  7.03026e+07  6.13528e+07     -910.957            0       254352            0            0  1.72297e+15  -1.6191e+07       171445 -6.49772e+15 -7.47639e+09            0      58650.6        45596  1.43552e+06  2.28195e+06            0     -94054.5            0     -53826.6            0      92.3054     -5411.75  3.73264e+10            0  -0.00816102            0 -1.16247e+15   0.00236801            0  0.000784853  1.09795e+08            0            0            0            0     0.466271      332.421            0  1.45435e+07       525302   0.00204761            0     -28598.9         4595            0            0       155091   1.5695e+07      -810617            0 -3.61354e+15     0.570234     -209.696            0      60175.9 -2.65101e+07   -4.809e+07
-1.62626e+21   1.9243e+27  1.08084e+24  7.64194e+15  2.30785e+27  8.70115e+21 -3.16963e+16 -2.93585e+13  5.62517e+19  -1.5683e+18 -5.18269e+18 -1.46298e+18 -8.16263e+21  6.71743e+17 -8.21012e+15  7.38923e+24  6.55361e+19 -3.03357e+15 -2.48465e+19  2.46139e+22 -2.71517e+28  3.37268e+18  7.49982e+17 -4.97506e+15  2.20891e+10 -1.50251e+16 -9.64857e+15  1.92968e+29 -6.44055e+16 -1.74624e+15  7.64505e+16  4.10638e+09 -1.32366e+23 -5.99241e+14 -3.74444e+14 -4.65242e+19 -2.50595e+20 -2.09793e+14 -1.65052e+21  -1.7944e+17  4.66924e+19  2.86738e+17 -1.65613e+28  1.57588e+20  -8.9652e+17  1.84549e+28 -2.74268e+21  2.21032e+16 -7.65902e+17 -3.44854e+16  6.82042e+17  2.45602e+17  1.19837e+19 -1.44965e+16  1.64541e+15 -9.61563e+15  5.36295e+09 -1.71261e+14  2.60434e+15 -1.72512e+23 -5.55465e+22  4.75317e+10  -3.6463e+19  1.20195e+27  1.19798e+11 -1.83184e+22  -2.7144e+09 -4.43989e+21  2.20725e+09 -2.57535e+14 -1.35834e+20  1.15298e+20 -5.90596e+12 -2.24316e+14 -8.83821e+14 -7.89029e+18 -5.35943e+16  1.52716e+10  2.95448e+14  2.09886e+16   6.0126e+13 -5.45369e+19  5.05149e+14   2.3601e+17 -4.43929e+17 -2.51873e+17 -7.20866e+10  1.53562e+28 -2.16306e+12  8.27977e+12  2.46975e+18  -3.9064e+16  6.31687e+19 -1.77557e+20
           0 -8.22617e+14            0       635620 -3.29258e+15            0            0      25.1785            0            0  4.58953e+08   2.6261e+08   2.2435e+10       628988  3.60371e+06 -1.84483e+13            0       715022            0  5.50547e+10  -2.0138e+15            0 -2.40092e+07     -4953.73  -0.00267145 -1.43614e+06      -148509 -6.44055e+16  5.83912e+07       407404 -1.19987e+07   0.00197254  2.86532e+11            0     -658.409  1.13427e+09 -6.43389e+08     -406.382            0  2.61446e+07            0            0 -1.37403e+16  8.64015e+07  1.02042e+08 -3.79129e+16  2.91638e+10            0 -1.08986e+06 -1.61339e+07  -2.1417e+08  2.97936e+07            0  4.12429e+06            0  1.18068e+07  -0.00704665            0 -1.20385e+06  1.43562e+11            0   -0.0429975            0  1.56902e+16    0.0380503 -2.68104e+10  -0.00397051 -2.33449e+09  -0.00342597      520.895            0            0      5.12668      68444.6            0   1.5689e+08       799175    0.0150116     -3122.18 -4.81945e+06     -15020.4            0            0 -8.79281e+07 -3.93541e+07  2.48587e+07     0.116828   4.0142e+16     -3.73051      321.112            0      16801.5 -3.27125e+07 -8.75556e+08
           0 -2.84094e+13            0     -71.5092 -9.17044e+13            0            0            0            0     -4098.87   3.3697e+06  1.61009e+06            0      10093.8        59969 -2.69881e+11            0      10243.9            0  1.82455e+09  2.34507e+14            0      -336169            0            0        26458     -1605.15 -1.74624e+15       407404      14196.3       -71328            0            0            0            0  3.34143e+08  2.76454e+06     -17.0774            0       150493            0            0  7.73412e+13            0  1.73693e+06 -9.17522e+14  3.99102e+08            0            0     -86974.8 -2.39589e+06      -557585            0      62854.7            0       158116  3.76075e-05            0     -11250.7  4.95514e+09            0  -0.00105135            0 -1.28371e+14  0.000459448 -1.16003e+08            0 -5.03156e+07  5.77426e-06            0            0            0            0      1109.84     -98.9565       311553       276716  0.000420065            0      -136318     -31.4573            0            0 -1.31352e+06      51917.2       840621            0 -9.87569e+13    0.0809067      2.96151            0            0 -2.84711e+06 -1.03876e+07
           0  1.61398e+15  -2.8752e+12      168.069  8.37667e+15            0            0     -4.81423 -3.49646e+06       128081 -9.50511e+07 -6.05048e+07  8.79855e+09      -518278 -4.08511e+06  1.12208e+13            0      -348673            0  1.00411e+11 -3.20701e+16            0  4.11785e+07     -467.408   0.00405491       654214     -79970.2  7.64505e+16 -1.19987e+07       -71328  7.95265e+07 -0.000526766  -6.0574e+10            0            0  7.47712e+09  3.39369e+08      1866.48            0  4.47278e+06            0            0 -3.10347e+16  5.38281e+07 -4.88081e+08   9.5048e+15  -3.8434e+10            0      -101603  6.23314e+06  1.22957e+08 -4.07426e+08            0 -9.16916e+06            0  5.32804e+06   0.00315748            0       763655 -3.31736e+11            0    0.0264492            0 -9.22736e+15   -0.0169971  6.43222e+10  -0.00141123  1.68006e+09            0     -180.402            0            0            0     -46512.4            0   2.4872e+07  3.87188e+07    0.0179655     -984.809 -2.14561e+06     -2602.28            0            0  3.86991e+07  5.39965e+06 -7.14397e+07   -0.0246979 -7.05612e+16    -0.635297      14.8775            0     -20524.2  1.33268e+08  8.09772e+08
    -154.219  6.66801e+07     -94457.4   3.9552e-05  2.70562e+08            0            0  2.86586e-07      1.14671   -0.0148132   -0.0252279    0.0347416     -168.614    0.0137291            0       219238   -0.0374287  8.27412e-06    0.0425548     -2621.16 -9.21537e+08            0  -0.00725894 -2.56339e-05  3.80952e-11            0 -2.42374e-05  4.10638e+09   0.00197254            0 -0.000526766  1.51152e-09      11113.8            0  2.95508e-07            0      11.1802            0     -23.1196   0.00488346      1.50061  0.000611487 -6.13042e+07      5.24511   0.00192634  3.29753e+08     -95.3685   0.00344989   0.00835608 -0.000342596   0.00212664            0            0   0.00106893 -3.98724e-06            0 -1.23117e-11  -4.9225e-06 -4.15686e-05     -7295.34            0  1.59214e-09            0  -1.1412e+08  3.30962e-09            0 -1.10194e-11     -187.857 -4.47089e-11 -6.87559e-07     0.238512    -0.146476  -8.5808e-08   5.0316e-06 -3.83871e-05   -0.0144131  -0.00385531 -6.31379e-10   3.1726e-06  0.000435477  4.29101e-06            0  2.08506e-05    0.0116614   -0.0391925  -0.00333953  6.14789e-10  6.22966e+08 -9.61952e-09 -8.56124e-09  -0.00691242 -0.000309425      2.03788      10.6547
