 1.15389e+15 -4.36152e+13 -1.21399e+14  1.30507e+06  -2.8097e+19  2.57608e+12            0            0 -2.05911e+10  7.12929e+08            0            0  1.00743e+13   2.0711e+07            0   -2.568e+13  1.96681e+09            0 -7.53738e+10 -2.77246e+12  1.33857e+17            0            0 -5.32639e+08     -196.998            0            0  7.33061e+15            0            0            0     -2.12578 -1.58754e+12   6.4893e+07 -1.13272e+07            0 -3.31519e+11            0 -7.07812e+12            0 -4.41001e+11  1.49251e+07  6.27888e+14  7.74458e+11            0 -9.45119e+16  3.93436e+11 -1.72111e+08 -1.81917e+09            0            0            0            0            0  6.49498e+16 -1.11592e+07     -5.08015            0            0  6.49747e+11  5.40267e+13 -3.07717e+10   2.1828e+10 -1.08585e+18       131.97  4.01985e+13      7.54883 -1.54518e+11     -11.9032  2.19065e+06            0            0      81523.8 -2.50489e+06  1.92089e+06            0            0      88.9143            0            0            0            0            0            0 -9.48926e+06            0     -115.825  9.78501e+15      18126.1     -32209.2            0       822429  -5.9438e+10  1.18374e+11
-4.36152e+13  6.02441e+15  6.86455e+13  1.76392e+08  3.11966e+21  4.52151e+12 -1.63286e+08 -1.98591e+06  1.69916e+11 -1.06545e+09 -8.91289e+09 -2.02282e+09 -5.78676e+13  1.65264e+09  4.78105e+07  7.39472e+14  2.65045e+11 -6.14658e+07 -2.81003e+11  1.85494e+13 -2.17252e+19  3.62324e+09 -3.04022e+09 -2.57656e+08      6533.57 -1.54066e+08 -1.47191e+08  1.85234e+18 -1.29246e+08 -4.35949e+07  9.05409e+08      543.536 -2.23291e+14 -3.48632e+07 -3.14663e+07 -3.54556e+10 -5.36929e+12 -5.59544e+07 -2.31771e+13 -5.79097e+08  3.84474e+11  -2.8513e+08 -4.80652e+16  4.28017e+13 -1.31584e+09  1.62508e+19 -1.17478e+13  1.02943e+09  -4.1874e+09 -1.48944e+08  1.12445e+09 -7.43624e+08  3.31063e+10 -5.15021e+08  1.68797e+20 -8.37337e+08      376.454 -8.24306e+06  2.65262e+07 -5.09826e+13 -1.02575e+13   4.9907e+12  -1.6051e+11  5.70549e+19     -192.568 -3.07622e+13     -444.775 -8.50507e+12     -501.615 -2.87791e+08 -4.38461e+12  1.37165e+13 -3.02048e+06 -7.53929e+06 -5.25069e+07 -1.48189e+10 -5.70184e+06      951.733  2.25879e+07  5.73869e+08 -6.30415e+06 -1.76007e+12   1.0887e+08  3.39759e+09 -8.13195e+08 -1.79415e+09     -22625.3 -9.68157e+15      -755629  3.20369e+06  3.23895e+08 -1.02695e+08   2.8513e+12 -5.32023e+12
-1.21399e+14  6.86455e+13  2.13251e+16            0    1.861e+20  1.74665e+13            0            0  9.79717e+10 -2.17886e+08 -2.26805e+09            0            0 -6.51064e+07            0  9.02982e+12            0            0 -8.67612e+10   5.4967e+13 -5.87327e+17            0            0  6.17306e+08      114.465            0            0  4.44505e+15            0            0 -9.40184e+07     -20.0498            0   6.6329e+07  4.13243e+06            0 -2.97019e+11            0 -3.57347e+12            0 -1.85114e+11  3.03953e+06 -2.52389e+15            0            0 -2.78378e+17 -1.44541e+12            0  6.59652e+09            0            0            0            0            0  -6.6772e+15            0     -25.4291            0            0 -2.48024e+12            0   1.5704e+11  2.06409e+10 -2.52727e+18     -143.815  -2.1641e+14            0  3.06722e+11            0 -1.85312e+06            0            0            0  5.15463e+07            0  1.04394e+09            0            0            0            0            0            0            0            0  5.48065e+07            0            0 -8.15691e+15       282950      -115480            0            0  3.03558e+11 -5.52731e+12
 1.30507e+06  1.76392e+08            0      3558.69 -2.57403e+14            0            0  -0.00331153            0     -5.04298     -2876.75     -41105.1            0     -17.7824      135.339  3.33159e+07      -5693.6     -150.047            0  1.05355e+06 -1.72332e+12            0     -9919.18     -54.4608            0      292.837     -1499.61  2.66051e+10      2204.13     -2.63584      11.9158  4.09575e-06 -1.05976e+06            0     -10.6514            0      -280423      39.6864      -414791      1601.03            0            0 -2.69067e+09  1.22703e+06      159.688  2.06039e+12  1.68637e+06            0     -1417.93     -390.436     -5485.66      1922.22            0      788.898  1.38478e+13     -32.4622 -4.59263e-06            0     -346.887  -3.7262e+06            0       314460            0  1.79655e+12   2.3738e-05            0 -7.73073e-05      55193.1            0            0      59386.4     -54782.6  -0.00978107     -8.93539            0     -15739.8     -39.3423 -0.000333441       6.4541      657.527      -255.45            0            0      7196.67     -11324.2      106.789 -4.38645e-05  1.25002e+10   -0.0229786      17.6436            0      -19.258  1.15759e+06       312926
 -2.8097e+19  3.11966e+21    1.861e+20 -2.57403e+14  2.53819e+28 -3.52274e+17 -3.09268e+14  -3.7082e+12 -8.35674e+16  1.35631e+15  2.05327e+16   1.4201e+16  3.96747e+19  1.05043e+15  5.38888e+14  2.12516e+21 -6.70287e+16  1.13414e+14   2.4422e+17  1.27481e+19  1.24387e+25  4.07418e+14 -1.10234e+16  1.32208e+14 -6.47381e+06 -3.26378e+14  2.86786e+14  1.43576e+24  5.52419e+14  5.61987e+13  5.41374e+14  5.37884e+08 -3.81441e+19  2.40272e+13  4.47696e+12  1.19026e+17  1.71148e+18 -3.60924e+13  1.86343e+19  4.32066e+15 -1.51424e+17 -5.89757e+14 -5.05427e+21 -3.35348e+19 -1.13813e+15 -2.52967e+25 -3.74704e+19  9.87494e+14 -6.60069e+13 -4.33315e+14 -1.18459e+16 -1.94974e+15    5.358e+15 -1.26737e+15 -1.17561e+26 -9.89046e+14  4.06328e+09  4.03883e+13  -1.6753e+14 -6.82369e+19  2.32585e+19  6.78061e+17  7.30347e+15  3.50211e+25 -2.65032e+09  3.13875e+19  8.30874e+08 -6.22186e+18  8.35126e+08 -4.68461e+13  3.35047e+18 -2.19819e+19   4.2506e+12  2.28903e+13 -3.01406e+13  6.46274e+15  8.80448e+13  1.38325e+10 -4.28733e+13  6.60104e+14 -9.61976e+12  1.01642e+17 -4.48102e+13  1.85975e+15 -9.76381e+14  -3.6248e+15 -3.53707e+09 -5.93691e+22  3.56762e+11  9.62145e+10 -6.67585e+13  1.27212e+14  5.78466e+18   2.6705e+18
 2.57608e+12  4.52151e+12  1.74665e+13            0 -3.52274e+17  1.09539e+13            0            0  3.11927e+09 -1.04894e+07            0            0            0 -1.75465e+06            0  6.69061e+11            0            0 -4.88717e+09  4.97875e+11 -3.54644e+16  1.82649e+09            0 -1.26422e+07     -48.3537            0            0  1.19052e+15            0            0            0            0            0 -5.22817e+06       -92218            0  -2.1569e+10            0 -4.23574e+11  1.31878e+07  4.62092e+10            0 -1.86121e+14            0            0  5.06311e+15 -3.28436e+10            0  7.97526e+06            0            0            0            0            0  6.84616e+16            0            0            0            0 -7.54985e+10 -3.29765e+11  6.25652e+09  -1.3974e+09  9.23236e+15      25.1842            0            0  8.57539e+09            0            0            0            0            0       264034            0            0            0            0            0            0            0            0            0            0            0            0            0 -2.82675e+14      212.962            0            0            0  1.01381e+10 -3.29311e+11
           0 -1.63286e+08            0            0 -3.09268e+14            0      7082.83   -0.0198884            0            0            0            0            0     -39.3487     -111.133  1.88418e+08      8188.12      26.7225            0 -6.77129e+06  1.09937e+13            0     -48825.3            0   0.00022644     -183.177            0 -5.62984e+10            0            0            0            0            0            0            0            0       649436            0            0            0            0            0  1.11898e+09            0            0   2.0591e+12  1.90101e+06            0            0     -877.296            0            0            0     -1450.61 -1.74591e+13     -1820.37 -0.000161304            0      -73.106     -12828.5            0       340693            0  7.81598e+12  0.000190126            0            0       554629            0            0            0      -148003            0            0            0            0            0   0.00058032            0      960.345            0            0            0        12456            0            0            0  2.37427e+10   -0.0992336            0      35.5509            0 -1.63714e+06       756914
           0 -1.98591e+06            0  -0.00331153  -3.7082e+12            0   -0.0198884   0.00836449     -8.15538     0.109739      3.49907      2.26765      3444.95    -0.653986            0      -578196     -21.4313    0.0162507            0      26770.9    8.008e+09            0     -1.24024    0.0184742 -5.98482e-07   0.00235019   0.00391834 -9.73507e+08      0.27047            0    -0.104651  2.58492e-07       339738            0   0.00436438            0     -3612.43  -0.00357838     -525.844     0.856413     -264.653     0.080674 -1.76935e+07      -4074.2   -0.0446108  3.26406e+09      8972.39    -0.200737     0.231031     0.204927     -1.19678            0            0     0.228374 -3.31705e+10      0.15789 -2.05563e-07            0   -0.0256661        16622      7443.03      -1091.2            0 -1.97699e+10  -1.1715e-05      990.055  5.89185e-08      3631.12  1.36905e-07 -0.000904452     -63.6435      167.534  0.000467156   0.00459641            0      1.38142            0 -5.30522e-07  -0.00176281     0.192267            0            0  -0.00123942      1.95446            0    -0.706449  2.17744e-05  1.52363e+07  0.000177183            0            0   0.00143891      73.3059     -6326.11
-2.05911e+10  1.69916e+11  9.79717e+10            0 -8.35674e+16  3.11927e+09            0     -8.15538  7.64357e+08 -1.17354e+06      -191708            0 -6.67076e+08     -20801.1            0  2.72052e+10  8.42971e+06            0 -2.79583e+08  1.76803e+10 -1.69713e+15       835711            0      -291631   -0.0579781            0            0  2.98119e+13            0            0     -7946.78    0.0166046 -6.11438e+09     -22586.3     -16454.1            0  2.23212e+08            0 -3.30232e+10            0  5.44749e+08     -2096.44 -2.56405e+12  2.10341e+09            0  1.30447e+15  -1.4319e+09      71898.2 -1.44299e+06            0            0            0 -6.22114e+06            0  6.14212e+15     -9460.54  -0.00395198      -5901.5            0 -3.33446e+09 -2.62252e+09  2.51779e+08 -3.96608e+08  5.57844e+14     0.544594 -2.03985e+10            0   1.8576e+08   -0.0733735      677.436            0            0     -242.145        18875            0      88231.6      726.213    -0.239289            0            0            0 -3.51165e+06      35006.5            0     -37798.4            0    -0.346567 -1.17862e+12    -0.702499      79.6478      452.817     -796.352   4.6328e+08 -2.15279e+09
 7.12929e+08 -1.06545e+09 -2.17886e+08     -5.04298  1.35631e+15 -1.04894e+07            0     0.109739 -1.17354e+06      15762.4      1678.09            0 -3.37648e+07      220.659            0 -1.09514e+08     -10385.3     -4.47592       409808 -8.54673e+07  1.16965e+13     -9939.67            0      69.7838  -0.00122922            0            0 -1.12688e+11            0     -3.47982      69.5614 -4.57112e-05  1.52187e+07      225.873      45.9092            0 -2.33168e+06            0  3.11985e+08            0 -2.98709e+06      62.2626  1.26271e+10 -2.26418e+07            0 -9.41542e+12  9.22552e+06     -814.782     -3575.88            0            0            0      50316.9            0 -4.81082e+13      147.922 -8.48278e-05      13.1407            0  2.36631e+07  1.78003e+08 -1.82151e+06       554782 -7.50925e+12  -0.00208277  4.31392e+08            0 -1.91551e+06  5.53337e-05      12.5145      -152655            0      1.61695      -90.114       493.83     -772.361       41.168   0.00358426            0            0            0      -198876      -61.873            0      144.414            0   0.00101422  3.93677e+10    0.0337426    -0.102602      25.6473      11.4201 -3.66545e+06  1.59856e+06
           0 -8.91289e+09 -2.26805e+09     -2876.75  2.05327e+16            0            0      3.49907      -191708      1678.09  2.88969e+07  1.19641e+06            0      1133.58       131726  7.66639e+08            0      36962.3            0  2.96189e+08  1.87167e+14            0      -157925     -337.894            0      42148.4     -2695.59 -2.47735e+12       248052      12507.4       -98723 -0.000382993            0            0            0 -3.60301e+06  5.24267e+07       -42216            0     -19673.3            0            0  2.06191e+11 -2.83777e+08      29166.8 -6.16668e+13  2.38535e+07            0     -8708.01      -258418  -2.5833e+06      -298332            0       105115 -6.69098e+14       380723  0.000612216            0     -34264.1  1.32621e+08            0 -1.13082e+07            0 -1.34544e+14   -0.0574449  1.94526e+09            0   2.5735e+06   0.00014381            0            0            0            0      8994.11            0  5.85078e+06       137161    -0.119285       -13952        14208     -739.209 -3.33622e+06            0 -1.50403e+06     -12990.4      88701.9            0   6.0475e+11     0.811797      1150.27            0            0 -3.79126e+07  -3.7157e+06
           0 -2.02282e+09            0     -41105.1   1.4201e+16            0            0      2.26765            0            0  1.19641e+06  1.36494e+07            0      264.995       117820 -3.04613e+09       381309        13259            0  1.05328e+08  1.61772e+13            0       507810     -312.137 -0.000872908      28176.3        15740 -1.30194e+12       212038      9188.49     -87484.7  0.000878652  9.76739e+08            0     -61.0488  2.78183e+07  8.05904e+06     -2633.84            0       306072            0            0 -7.29475e+09  2.59787e+07       174658 -9.81023e+13 -3.05195e+07            0     -8126.74      -333647      -882604       341054            0      -154613 -4.87832e+14     -17651.4   0.00457591     -104.534     -87050.1  6.76475e+07            0 -6.64368e+06            0 -1.21305e+14    -0.016844 -1.44332e+08            0  5.51303e+06            0            0            0            0     -1.90294       4167.3            0       646569      72816.1   -0.0161114            0     -12772.9      5017.73            0            0  -1.0329e+06      -185979      -299842    0.0774402  5.27417e+11      1.35064     -1554.92            0      1289.75 -2.09641e+07 -2.18769e+07
 1.00743e+13 -5.78676e+13            0            0  3.96747e+19            0            0      3444.95 -6.67076e+08 -3.37648e+07            0            0  7.26737e+14  2.77724e+07 -1.43929e+06  7.02286e+09  1.09299e+10       776547            0  1.27807e+12  6.65754e+17 -7.93865e+07            0            0      416.745  6.90066e+06            0  6.71315e+15  2.06542e+07            0  1.63875e+07     -5.02304            0 -4.28647e+06      -631654            0 -1.94543e+11            0  4.17228e+10            0  5.52103e+09            0  -8.3044e+14 -1.99366e+13  2.91148e+07 -5.92801e+17  3.88921e+11   1.0987e+07            0            0            0            0  5.46789e+09  1.25383e+06 -7.77654e+17  2.25178e+08            0  4.19372e+07            0  1.45223e+12            0  -9.9106e+10            0 -9.70566e+17     -147.223  2.96137e+12     -146.756 -9.44681e+10     -20.4731  1.32841e+06            0            0  6.77721e+06      -270946            0            0  1.42908e+07     -583.361            0  1.19036e+07            0 -3.11705e+09 -9.54626e+07 -9.87898e+07            0            0            0  7.58488e+15     -3172.26            0       486595  1.33072e+07 -3.00361e+11 -5.91517e+11
  2.0711e+07  1.65264e+09 -6.51064e+07     -17.7824  1.05043e+15 -1.75465e+06     -39.3487    -0.653986     -20801.1      220.659      1133.58      264.995  2.77724e+07      1206.66      130.766  2.58878e+08     -67689.2      54.9777      86042.4 -2.86701e+06 -7.42807e+12     -616.226      1189.13      69.5924  -0.00137129      84.1957      3.12456  8.48988e+11      288.092      31.1586     -447.341  7.94919e-05   -2.066e+07      3.56459      4.44304      29189.2      33572.6      3.93193  6.77687e+06      593.816     -39116.6       30.265   1.0049e+10 -1.19071e+07      730.403   4.6688e+12 -2.95092e+06      46.7742      293.298     -316.949       -712.3     -93.2504     -11227.1      239.599  4.72104e+13      470.272   0.00012104      7.05113     -59.9598 -1.35105e+07  6.27861e+06  1.41507e+06      67723.7  1.56162e+13   0.00926708  1.43939e+07  0.000145296 -2.39285e+06  1.48425e-05      47.2197 -1.73809e+06  4.87109e+06     0.964372      13.3822      10.8178      1533.14      54.9847  -0.00013419     -1.91533     -223.916     0.174203      -567541     -8.85651     -2414.02      109.657       769.84  0.000439289  2.24731e+10     0.215956    -0.240024      115.406      26.5556       210168      -817224
           0  4.78105e+07            0      135.339  5.38888e+14            0     -111.133            0            0            0       131726       117820 -1.43929e+06      130.766      24865.8 -1.08622e+08      1804.34      3117.53            0      -385084 -3.08573e+11            0        58104     -5.26217 -0.000128395      2129.74     -131.398  6.98405e+10      14100.5      1557.03     -29149.5            0            0            0     -1.02966 -2.72002e+06     -56557.5       102.96            0      4292.71            0            0  2.75826e+08 -1.52007e+06        30366 -6.46752e+12       557925            0     -136.997     -22163.9      -125671      41546.4            0      4133.86 -2.28982e+13     -1543.37  0.000509335            0     -4188.23  4.54514e+06            0      -146750            0 -6.30432e+12  -0.00167256 -8.91643e+06            0      -693687  8.19212e-05            0            0            0    0.0584302      549.633            0     -23975.2      1926.61  0.000840666            0     -9480.23      22.2816     -93661.5            0     -89308.4      -1668.6      93754.2            0  5.61934e+10    0.0205609      6.58153            0            0     -90470.1 -2.16243e+06
  -2.568e+13  7.39472e+14  9.02982e+12  3.33159e+07  2.12516e+21  6.69061e+11  1.88418e+08      -578196  2.72052e+10 -1.09514e+08  7.66639e+08 -3.04613e+09  7.02286e+09  2.58878e+08 -1.08622e+08  4.46889e+15  4.47844e+10  -5.4799e+07 -3.45698e+10  4.67488e+12  4.01378e+18   9.1348e+08  2.72964e+09      -448337      520.827 -5.63137e+07 -3.85852e+07  3.24356e+17 -3.95909e+08 -2.28786e+07  5.14259e+08       72.701 -6.61233e+13  2.15952e+06 -4.09371e+06 -1.21255e+10 -6.82893e+11 -2.44317e+06 -7.54209e+12 -5.06448e+08  8.44364e+10 -4.89311e+07 -4.73405e+15  3.51313e+12 -6.39478e+08  2.59027e+19  -1.1366e+13  2.88957e+08 -8.41989e+08  7.51751e+08  1.03424e+09 -9.90326e+07  1.66187e+10 -1.99647e+08  6.04824e+19 -1.96497e+08     -3873.88  7.68996e+06  7.82677e+07 -4.24177e+12  1.82009e+12   2.5722e+11 -2.79312e+10 -8.57651e+18     -1511.42 -1.14874e+13      -4.0403 -1.64159e+12      145.513 -8.42693e+07  2.98049e+11 -3.30518e+12       586745 -1.64947e+07 -1.60081e+07  -7.9849e+08 -3.24855e+07      11258.9 -3.76717e+06  1.31803e+08  -4.5686e+06  7.74513e+11  3.58762e+07  9.16253e+08 -3.87535e+08 -9.57667e+08     -6092.06  7.13662e+16      -149683  1.26858e+06 -2.19396e+08 -1.24852e+07  2.86681e+11 -1.39304e+10
 1.96681e+09  2.65045e+11            0      -5693.6 -6.70287e+16            0      8188.12     -21.4313  8.42971e+06     -10385.3            0       381309  1.09299e+10     -67689.2      1804.34  4.47844e+10  1.08232e+09      812.461 -2.20446e+07 -4.55003e+09 -1.95106e+15  1.07871e+06            0     -37092.7      1.61164            0      11108.4   4.9658e+13      1638.42            0     -5593.27 -0.000726719 -2.36422e+09            0     -1977.12            0 -1.07107e+09            0  3.35316e+08            0  3.27007e+06     -3925.55  -2.2442e+13  1.13876e+10     -7325.61  9.23463e+14 -1.26603e+09     -80131.1      -811640            0     -55316.1      32559.8 -6.17397e+06      1595.02  8.14734e+15     -29277.6   -0.0246114     -502.535      684.007 -3.29135e+09 -1.04364e+09    3.133e+08 -7.01716e+06  2.35147e+15       1.0699  1.44839e+09    -0.319233  4.00575e+08   0.00692288     -3926.26            0            0      305.595      126.425       -824.3            0            0    -0.679126            0            0            0  4.80551e+06            0      38089.2      23669.6            0    -0.405508 -1.12114e+13     -401.621      170.403     -5721.91      62706.7  5.59131e+08  5.53403e+08
           0 -6.14658e+07            0     -150.047  1.13414e+14            0      26.7225    0.0162507            0     -4.47592      36962.3        13259       776547      54.9777      3117.53  -5.4799e+07      812.461      1828.37            0       513918  5.88781e+11            0     -16841.9            0 -1.90234e-05     -209.624      59.4982 -3.48008e+09      6776.53      638.729     -6026.81  2.74747e-06  5.84779e+06            0            0      -125198      6004.75       8.7765            0      6319.15            0            0  7.99767e+08       -13503       8763.1 -1.94982e+12       708579            0            0     -5962.77     -27324.3     -8672.97            0      2466.11 -7.40278e+12       8193.7  3.16591e-05            0     -1021.72  2.23083e+06            0      -160089            0 -1.63678e+11   0.00015444 -2.19452e+06            0      -204806 -1.12252e-06            0            0            0   0.00791663      241.043     -10.9436      6027.11     -94.9142  5.72729e-05            0     -2840.93      36.9285            0            0     -59771.2      104.402      18483.6  0.000463638  6.72904e+08    0.0239072     -1.94307            0      3.13638      -294938      -752640
-7.53738e+10 -2.81003e+11 -8.67612e+10            0   2.4422e+17 -4.88717e+09            0            0 -2.79583e+08       409808            0            0            0      86042.4            0 -3.45698e+10 -2.20446e+07            0  2.46265e+10 -9.60567e+09  3.50523e+15            0            0  1.47145e+06     0.365495            0            0 -2.46297e+13            0            0            0    0.0031207  1.57931e+10            0       112644            0 -6.19634e+08            0  5.88148e+10            0   -2.915e+07            0  4.42283e+12 -3.47212e+09            0 -1.82484e+15  1.28015e+09            0  3.32326e+07            0            0            0            0            0 -4.56412e+15            0     0.016962            0            0  4.82722e+09  5.64297e+09 -4.90985e+08            0  2.12185e+15     -0.19594  8.09047e+10            0 -6.66483e+08            0      77637.5            0            0        29.61     -3558.97            0            0            0     0.440784            0            0            0            0            0            0            0            0     0.334496 -3.76314e+12     -9.05251            0            0            0 -1.12646e+09  6.95697e+09
-2.77246e+12  1.85494e+13   5.4967e+13  1.05355e+06  1.27481e+19  4.97875e+11 -6.77129e+06      26770.9  1.76803e+10 -8.54673e+07  2.96189e+08  1.05328e+08  1.27807e+12 -2.86701e+06      -385084  4.67488e+12 -4.55003e+09       513918 -9.60567e+09  6.58681e+12  1.76191e+16 -2.63132e+07  2.45996e+08 -3.31845e+07     -105.953       920650  1.81531e+06   4.8155e+15  4.92228e+06  1.37069e+06  1.98504e+07     -6.69534  4.48764e+12 -2.88502e+06 -1.22712e+06  6.26194e+08 -1.32206e+11      -445633  -1.7008e+12 -1.06094e+07  2.08378e+10  3.07632e+06 -6.18709e+14 -7.31459e+11  7.43157e+06  4.02677e+16 -1.33655e+11 -4.79936e+06  5.49653e+07   2.8834e+07 -1.49331e+08 -2.73397e+07 -5.76287e+08  2.08615e+06  2.49321e+17  1.30327e+07      11.4055       610614      -812683 -2.45941e+11  2.34539e+11  1.57887e+10 -5.21426e+09  1.22754e+17      44.9128 -5.08135e+12       9.7649 -3.94358e+09      10.2325   4.8458e+06 -1.08857e+11  3.18347e+11      79876.7  4.96284e+06 -3.74897e+06  1.93041e+08  8.43553e+06      123.485      -203035 -7.71724e+06      -236225 -3.82759e+10 -1.82756e+06  -4.1078e+07 -1.22541e+07 -1.85524e+07      420.921 -7.57954e+14        14208      12702.3  7.70783e+06  1.80519e+06  2.26029e+10 -4.57942e+11
 1.33857e+17 -2.17252e+19 -5.87327e+17 -1.72332e+12  1.24387e+25 -3.54644e+16  1.09937e+13    8.008e+09 -1.69713e+15  1.16965e+13  1.87167e+14  1.61772e+13  6.65754e+17 -7.42807e+12 -3.08573e+11  4.01378e+18 -1.95106e+15  5.88781e+11  3.50523e+15  1.76191e+16  1.09368e+24 -3.55278e+13  8.79764e+12  2.63611e+12 -4.23918e+07  5.79652e+10  1.61745e+12 -7.72025e+21  3.35456e+11  3.36502e+11  -1.2164e+12 -2.42507e+06  1.87961e+18  2.07683e+11  2.49682e+11    7.723e+14  2.19313e+16  4.70345e+11  2.41882e+17  9.03527e+12 -4.33205e+15  7.68241e+11  2.29674e+20 -3.47136e+17  1.21098e+13 -7.96216e+22  3.01083e+16  -7.1419e+12  2.85404e+13  5.10164e+12  3.03533e+13 -1.59439e+13 -1.39828e+14  2.03098e+12 -1.55835e+24  3.71507e+12 -1.24989e+06  8.89871e+10  2.53168e+11 -6.18707e+16  1.65223e+17  4.59129e+14  1.13087e+15  6.40573e+23 -7.65969e+06  3.94374e+17  3.78457e+06  3.04034e+16  4.70421e+06  1.81334e+12  1.50677e+17 -4.50169e+17  2.71419e+10 -2.61443e+10  4.67456e+11  1.36422e+14  5.69871e+11  3.98736e+07  -2.8483e+11 -2.36467e+12  4.40049e+10  6.78672e+16 -1.03854e+12 -1.69466e+13  3.31957e+12  1.05614e+13  1.85562e+08  1.91832e+21  4.71037e+09 -2.75458e+10 -1.30474e+13  9.98425e+11 -2.81791e+15  1.47665e+16
           0  3.62324e+09            0            0  4.07418e+14  1.82649e+09            0            0       835711     -9939.67            0            0 -7.93865e+07     -616.226            0   9.1348e+08  1.07871e+06            0            0 -2.63132e+07 -3.55278e+13  2.04081e+06            0     -1940.46   0.00163494            0            0  8.97182e+11            0            0            0            0            0     -916.669            0            0 -2.26271e+07            0            0      2290.42  7.78144e+06            0 -1.67225e+11  1.28834e+08            0  2.78405e+13 -1.31889e+07            0            0            0            0            0  1.65706e+07            0  1.41466e+14      -384.74            0            0            0  -4.5065e+07 -7.90735e+07  4.30762e+06 -3.81894e+06 -2.21882e+13    0.0117017            0   -0.0043137   1.8556e+06  -0.00252803      57.5276            0            0     -4.39298            0            0            0            0   -0.0119614            0            0            0            0            0            0            0            0            0  2.43844e+10     -2.51983            0            0      -251.22  7.73207e+06 -4.28031e+07
           0 -3.04022e+09            0     -9919.18 -1.10234e+16            0     -48825.3     -1.24024            0            0      -157925       507810            0      1189.13        58104  2.72964e+09            0     -16841.9            0  2.45996e+08  8.79764e+12            0  2.22181e+07            0            0        73737      2546.57  2.66112e+12     -45347.5     -3601.15       147043 -0.000425917 -5.34204e+08            0            0 -6.10982e+06  -1.4421e+07       811.73            0     -62919.9            0            0  8.54888e+10    1.638e+07     -6838.97  1.71118e+13 -4.05521e+06            0            0       238158     -70750.3      -398273            0       424873 -2.81673e+14       507491   0.00145953            0      25542.5  6.59362e+07            0      -640577            0 -1.46567e+14   -0.0151222            0   0.00068175 -8.95603e+06 -0.000470902            0            0            0            0     -1324.38            0 -1.12838e+06      29361.2  -0.00891121      1286.11      -328703      2416.48            0            0 -5.10041e+06        24717      -205203   -0.0423539   1.5047e+12            0      102.331            0            0  -2.5565e+07 -1.58947e+07
-5.32639e+08 -2.57656e+08  6.17306e+08     -54.4608  1.32208e+14 -1.26422e+07            0    0.0184742      -291631      69.7838     -337.894     -312.137            0      69.5924     -5.26217      -448337     -37092.7            0  1.47145e+06 -3.31845e+07  2.63611e+12     -1940.46            0      4836.32  0.000330525            0       3.9887 -2.54789e+10     -37.7468            0     -14.0063 -3.31286e-06  1.60049e+07      30.5039      189.062            0       212386     -1.70773  3.01502e+07     -10.9048      -204327            0  4.65183e+09 -8.72177e+06            0 -1.13891e+12  2.82979e+06            0      33168.2     -14.4448     -71.5606            0      2966.09            0 -1.13112e+13            0 -0.000169834            0            0  5.54242e+06       774086      -372728       138777 -4.07308e+12 -0.000616929  7.72536e+06  6.46471e-05      -231159  0.000153131      1.27099            0            0   -0.0125347     -28.8405            0      604.532            0 -0.000548109            0      9.54077     -11.5485            0            0            0     -95.6999            0  0.000780168  1.30222e+10   0.00733757      -1.1986            0      1.30906      -978874  9.37984e+06
    -196.998      6533.57      114.465            0 -6.47381e+06     -48.3537   0.00022644 -5.98482e-07   -0.0579781  -0.00122922            0 -0.000872908      416.745  -0.00137129 -0.000128395      520.827      1.61164 -1.90234e-05     0.365495     -105.953 -4.23918e+07   0.00163494            0  0.000330525  2.60651e-07   0.00015899   1.3594e-05  1.15455e+06 -0.000112518            0  0.000225937 -7.99356e-12       5.8653 -0.000113853 -2.84127e-05            0      -3.3314            0      30.4643 -5.36613e-05    -0.136624  -0.00014816      -586665      187.689  0.000211736  1.85244e+07     -33.0985            0   0.00113461            0    0.0013184            0     0.385319 -0.000128008  2.36349e+08 -0.000900021  3.27644e-10   3.1734e-05            0     -82.0457      6.42179      7.09941   -0.0611043  7.49387e+07  2.07965e-08     -50.3347 -1.61267e-08      8.52888 -4.65512e-10 -1.94281e-05            0     -1.12766 -2.47692e-06  1.62487e-06 -5.85237e-05            0 -6.32251e-05  3.80583e-10            0  0.000164119            0     0.312835 -0.000130527  -0.00238656 -0.000531619            0 -6.71463e-09      -268222 -1.42943e-05   1.1727e-06  2.64953e-05 -0.000335315      9.26615      22.4615
           0 -1.54066e+08            0      292.837 -3.26378e+14            0     -183.177   0.00235019            0            0      42148.4      28176.3  6.90066e+06      84.1957      2129.74 -5.63137e+07            0     -209.624            0       920650  5.79652e+10            0        73737            0   0.00015899      17902.2     -114.309  1.45874e+09     -3658.19      366.702      3203.05            0            0            0            0      -353695       565825     -39.1894            0      3231.27            0            0  4.02117e+09  2.71923e+06      23942.9 -7.93879e+11   1.1947e+06            0            0     -1483.05       -51749     -17313.4            0     -382.187 -2.05975e+12     -17296.1 -0.000173832            0     -1082.94  3.64614e+06            0      -187003            0  2.21866e+12  0.000614126            0 -0.000102409      -319904  -3.1011e-05            0            0            0  -0.00452289      373.551            0      9548.27      6162.99 -0.000620814            0     -20532.2      1.96535            0            0      43619.8     -677.295      66850.7            0  2.94144e+09     0.170034     -12.5159            0            0      -661995 -1.42045e+06
           0 -1.47191e+08            0     -1499.61  2.86786e+14            0            0   0.00391834            0            0     -2695.59        15740            0      3.12456     -131.398 -3.85852e+07      11108.4      59.4982            0  1.81531e+06  1.61745e+12            0      2546.57       3.9887   1.3594e-05     -114.309      2512.16 -1.97974e+10     -362.542     -21.2244     -320.376 -1.18003e-06            0            0     0.780135      24622.9       385118     -47.1905            0      991.511            0            0    1.508e+09      -671676      88.5863 -2.20457e+12 -1.89874e+06            0      103.849      221.804      2874.45      1786.23            0     -438.066 -1.26019e+13     -222.395            0      1.62789     -58.1697  3.06428e+06            0      -240923            0 -1.38673e+12  0.000182308            0  4.94251e-05        97744            0            0            0            0    0.0296342       11.285            0      11211.5       246.54  0.000155852            0     -166.677      70.9084            0            0      238.896      3126.55     -3354.25            0 -8.51838e+09    0.0393477     -22.2042            0       37.573      -805493      -463183
 7.33061e+15  1.85234e+18  4.44505e+15  2.66051e+10  1.43576e+24  1.19052e+15 -5.62984e+10 -9.73507e+08  2.98119e+13 -1.12688e+11 -2.47735e+12 -1.30194e+12  6.71315e+15  8.48988e+11  6.98405e+10  3.24356e+17   4.9658e+13 -3.48008e+09 -2.46297e+13   4.8155e+15 -7.72025e+21  8.97182e+11  2.66112e+12 -2.54789e+10  1.15455e+06  1.45874e+09 -1.97974e+10  1.07313e+21  9.29757e+10  2.76981e+07  1.84708e+10       325981 -1.26377e+17 -3.88746e+09 -4.35787e+09  1.32195e+13 -1.14006e+15 -3.09173e+09  -2.1429e+15 -2.59226e+10  1.04288e+14  6.22385e+10 -1.13604e+19  2.13368e+15  6.26336e+10  5.05951e+21 -4.21614e+15  1.29938e+11 -9.32019e+11 -3.27443e+11  2.35465e+11  5.42438e+10   4.9608e+12  4.77035e+10  4.95748e+22  1.50931e+11       335448  2.79955e+09 -1.39839e+10 -1.75979e+16 -2.88934e+13  1.65313e+15   2.6614e+12  1.27811e+22  1.15318e+07 -1.66967e+15     -84715.8 -4.41345e+15       179751  2.90473e+10 -1.68496e+15  4.76088e+15  3.02584e+08  4.21873e+09 -1.05266e+10 -2.81548e+12  6.06922e+09  1.21169e+06    5.574e+09 -7.37943e+10 -3.07748e+08 -6.08745e+14  1.20356e+10 -6.22568e+11  -9.2826e+10 -3.63416e+11 -1.40391e+07  1.92645e+19 -8.89526e+07  6.18404e+08  1.28143e+11  -1.6904e+10   1.1718e+15 -1.34821e+15
           0 -1.29246e+08            0      2204.13  5.52419e+14            0            0      0.27047            0            0       248052       212038  2.06542e+07      288.092      14100.5 -3.95909e+08      1638.42      6776.53            0  4.92228e+06  3.35456e+11            0     -45347.5     -37.7468 -0.000112518     -3658.19     -362.542  9.29757e+10      63547.4      2886.43     -24522.5  7.07809e-05  1.07512e+08            0     -7.38213       191353 -1.89324e+06     -12.4636            0      50703.8            0            0 -5.32002e+09  1.81845e+06      27802.9 -7.17871e+12  3.74651e+06            0      -982.78     -40871.8      -220502      11330.4            0        10586 -2.90729e+13      31569.4 -0.000168785            0     -8034.27  5.06217e+06            0      -669793            0  2.38163e+12   0.00160969 -9.36674e+06 -0.000129957      -674494  -0.00013206      3.98992            0            0     0.206159      1159.95            0        55925      209.232 -0.000331366     -57.8404     -15068.8      -122.99      -192435            0      -189068     -3743.01      56229.3   0.00852404  2.05511e+10    -0.127695       17.788            0        6.453      -307645 -4.25224e+06
           0 -4.35949e+07            0     -2.63584  5.61987e+13            0            0            0            0     -3.47982      12507.4      9188.49            0      31.1586      1557.03 -2.28786e+07            0      638.729            0  1.37069e+06  3.36502e+11            0     -3601.15            0            0      366.702     -21.2244  2.76981e+07      2886.43      671.074     -958.505            0            0            0            0       391558      56303.8     -3.00977            0      1865.84            0            0   4.5131e+08            0      3080.51 -1.10299e+12       418134            0            0     -1440.12     -15869.6     -1596.34            0      1101.52 -4.18073e+12      2967.32  1.37897e-05            0     -502.508  1.24333e+06            0      -106529            0 -4.89223e+11  0.000134917      -275187            0      -128986  1.07598e-06            0            0            0            0      125.856     -8.50905      805.095      425.016  6.03378e-05            0     -2914.17     -1.43749            0            0     -17615.3        30.73      12280.2            0 -6.55902e+08    0.0172296     0.953725            0            0      -279684      -332241
           0  9.05409e+08 -9.40184e+07      11.9158  5.41374e+14            0            0    -0.104651     -7946.78      69.5614       -98723     -87484.7  1.63875e+07     -447.341     -29149.5  5.14259e+08     -5593.27     -6026.81            0  1.98504e+07  -1.2164e+12            0       147043     -14.0063  0.000225937      3203.05     -320.376  1.84708e+10     -24522.5     -958.505       293280 -3.59402e-05 -4.50763e+07            0            0  2.45615e+06  2.45298e+06      79.9528            0      12633.1            0            0  -8.4963e+09  2.43115e+06      -242386  5.81992e+12 -6.14557e+06            0     -360.959        29287       228261      -304129            0     -44284.7  2.58303e+13      16338.8  0.000125199            0      9441.03 -1.53577e+07            0       715314            0 -2.98335e+12  -0.00135454   8.6764e+07 -9.28419e-05       944503  8.65671e-06     -3.70782            0            0    0.0345284     -1463.06            0      15479.7      17398.7   0.00421943     -32.5752       -15206     -34.7735            0            0       154549      818.039      -286458  -0.00357384 -1.05541e+11   -0.0514832      1.15899            0     -18.9194  1.70657e+06  7.21208e+06
    -2.12578      543.536     -20.0498  4.09575e-06  5.37884e+08            0            0  2.58492e-07    0.0166046 -4.57112e-05 -0.000382993  0.000878652     -5.02304  7.94919e-05            0       72.701 -0.000726719  2.74747e-06    0.0031207     -6.69534 -2.42507e+06            0 -0.000425917 -3.31286e-06 -7.99356e-12            0 -1.18003e-06       325981  7.07809e-05            0 -3.59402e-05  1.22327e-09      150.896            0  4.21636e-07            0     0.859033            0     -1.55927  0.000294113    0.0530667 -2.54716e-05      1121.45      3.03564  7.99876e-06  1.42251e+06    -0.113686  0.000150295  0.000232213 -2.28495e-05  1.87038e-05            0            0  8.46572e-05  1.23727e+07            0 -1.18726e-11 -1.11058e-06 -8.81434e-06     -4.89029            0     0.490365            0 -1.00169e+06  3.62787e-09            0 -1.05921e-11     -1.84024 -4.41206e-11  8.40649e-08     0.039517   -0.0401093 -7.62035e-08  2.55822e-06 -1.33577e-05 -0.000144759 -2.16965e-05 -7.29471e-10  1.29514e-06  4.63007e-05  1.02424e-06            0  1.84344e-05  0.000788052 -0.000119408 -0.000242611  3.73718e-09      923.894 -4.74024e-09  2.08364e-08 -1.15632e-06 -4.55763e-06     0.281633      1.19899
