     1370.79     -1.54769      139.666     0.210834     -20.8806      30.4318            0            0   -0.0671461      13.9722     -11.5298            0      7.94001        1.287            0     -4.88098     0.913248            0     -8.43496     -5.26424    -0.930883            0            0     -216.271    -0.169755            0            0      6.70499            0            0     -21.8694  -0.00963486    -0.359283      24.7849     -12.9276     0.716459      -3.2252            0     -35.8943      12.3524     -33.8249     0.478594      3.59682      3.06292            0      2.39731      1.67277     -12.6656     -163.647            0            0      9.78274            0            0      6.01892     -1.83804     0.168028            0            0     0.720222      85.0561    -0.327122     0.978746     -8.34185     0.423799      36.5789    0.0112052     -4.72858    -0.102532     0.175238            0            0     0.323287     -1.00475     0.738994     -3.44917            0     0.186367            0      -42.049            0            0            0            0   -0.0821247      1.48039   -0.0651999      28.0605     0.109225   -0.0537972            0    0.0362704     0.630794     -2.22274
    -1.54769       16.613     -7.53692      1.23682      86.8685      2.16418    -0.302464    -0.706658     0.969482     -1.11829     -10.2336    -0.832094     -2.17795      7.07685     0.437034      8.32836      2.06132     -1.14664      -1.1162       4.9627     -16.1545      3.62236     -1.12098     -2.75829      0.25782    -0.936696     -0.77191      83.9965    -0.285298     -0.75838      1.31024    0.0980133     -2.37057    -0.642041    -0.875914    -0.191316     -2.40653     -2.56826     -2.45979    -0.179459      1.56694    -0.511049     -17.2473      4.64487     -1.25454      38.8079     -4.05666      3.61792     -5.95876     -3.38155      1.54649     0.102916     0.608099     -2.16381      43.0779     -5.60765    0.0500923    -0.128707     0.432528      -6.9224    -0.985019      11.3633    -0.181574      33.1189   -0.0683069      -1.6596   -0.0608087     -15.3441    -0.122331     -1.33836     -1.82681      3.47494     -0.56155    -0.149569     -1.23296     -4.88113    -0.012882      0.17541     0.757222     -4.02168   -0.0913388     -1.29159      4.68512       3.1596    -0.330755      -2.7121    -0.534085     -1.79269    -0.245239     0.283081     0.732849    -0.239747       1.6281     -1.76483
     139.666     -7.53692      2166.93   -0.0804628       107.85      30.1751            0   0.00612979     -20.7729       35.466     -74.7546      15.0384      1.89347      3.45116     -6.32937     -5.43511    -0.516674     -4.16841      40.2614     -119.703      24.8267     -5.19253     -1.45317      151.182    0.0455848     -7.04745            0      3.73071     -6.49576     -1.66473     -22.2406   -0.0530251     0.267305      15.3294      8.74992            0      -5.5513     -19.4802      66.6564      67.5951     -93.9796     0.371126      12.0672     -2.70819     0.815887     -66.5085      11.1963            0     -165.981      12.4839     -22.1558     -3.09439     0.555625      1.36614     -34.5622     -3.04778  -0.00623172            0            0      9.26235      2.18195     -11.0643      1.85626     -9.16761    -0.232671      -17.834    0.0421736     -9.55711            0     0.114931            0            0     0.157545      3.88066  8.90945e-22       28.915      -0.8094     -0.75236      1.85064      667.444            0            0     -4.43604     -35.5113     0.338817     -15.9524   -0.0259671      7.33389     0.428049     0.848788            0    0.0352228      -8.3745      4.91611
    0.210834      1.23682   -0.0804628      64.8641     -13.8607     -5.49026            0  -0.00480066            0   -0.0141399     -7.67161     -69.2972            0    -0.202747      2.22368     0.979838    -0.119404     -7.87219            0     0.882469     -3.70454       2.8212     -5.72771     -1.47141            0      3.16696     -20.7357      1.71881      18.5055   -0.0737086      1.62267   0.00466729   -0.0474102            0    -0.824925   -0.0700055    -0.339658       4.9543    -0.125004      5.08858            0            0     -2.61123     0.336826     0.815401      14.4336      1.55342            0     -6.03693     -19.9315     -25.8921       1.1881            0      12.2789      9.37052    -0.371464  -0.00529178            0     -19.0137     -1.53292            0      1.92781            0      2.81938   0.00731473      2.14106   -0.0205924      0.18512            0            0    0.0614696    -0.033941  -0.00511377    -0.544321   0.00289404     -16.6738    -0.292738    -0.146365     0.630684      2.74784     -10.0459            0            0      46.0813     -12.7159        1.296  -0.00635012      5.18125   -0.0226771      4.61832            0    -0.119404      2.71206     0.219124
    -20.8806      86.8685       107.85     -13.8607      5122.96     -6.23782     -6.57875     -12.5682     -7.10967      15.3254      122.704      106.822      32.0356      49.9533      30.0022      178.435     -4.57593      23.7395      14.0386      8.43516      80.3459       3.0876     -16.4404      27.2889    -0.199589     -12.7403      11.3291      932.618      11.2351      13.4305      32.5631     0.930259     -6.00135      5.31381      3.28226      7.97846      6.31138     -6.98672      26.4983      86.2733     -12.7583     -10.3222     -18.8277     -41.3785     -7.87908     -684.101     -108.751      24.6941      17.1273      16.0333     -104.812     -21.4578      -3.3473     -45.8234     -164.193     -21.8739      8.78102      8.30274     -24.2744     -67.9624      26.0458       16.968     0.950429      203.992     -2.04366       26.911     0.886691     -111.729       1.8198     -2.93871      5.81654     -28.0883      8.95077      4.88309      3.76619      21.0863      2.08831      15.7639     -11.3007      107.099     -1.23277     -3.95017     -26.8887     -13.7144     -5.04105     -34.2255     -1.37533     -166.966      1.11598     0.563385      3.26899      2.73628      34.1175      5.64444
     30.4318      2.16418      30.1751     -5.49026     -6.23782       1302.1            0            0      2.67692    -0.984432     -601.654      54.6283     0.511481     -1.38209      11.3661      1.42196   -0.0687868      1.39666     -3.68855      62.7662     -5.49342      260.355       14.444     -28.6774    -0.332916     -13.2211     0.306457      10.5314     -5.70264    0.0595872     -720.294 -0.000949712            0     -20.2802    -0.376035      25.1103      -1.5226      1.28205      7.08581      297.338      31.2133            0     -11.1194     0.634811      2.04648      0.71937     -2.63406            0      13.0247       9.0357      24.4076       396.17      2.06264     -5.35142      -1.1849      188.466    0.0945348            0     -9.86945     -2.20503     -5.15913      2.92971   -0.0269309     -10.6193     0.908365       5.0864    0.0134356       2.6277  -0.00549846            0            0            0            0     -6.89466            0     -3.52111     -1.68191     0.278903            0      198.354     0.171998     0.053194            0     -455.317    -0.634687      12.6824            0     -6.94141    0.0159623      3.29545            0   -0.0429565       1.7563     -18.7656
           0    -0.302464            0            0     -6.57875            0       8.7345   -0.0046257            0            0            0            0            0    -0.112227    -0.959753      1.32894    0.0438348     0.396668            0    -0.830357      5.60581      4.60459     -7.39833            0   0.00609898    -0.837328            0     -2.07265            0    -0.031864            0            0            0            0            0   -0.0728777     0.196072            0            0            0            0            0     0.285006            0            0      3.53446     0.454168            0            0     -5.92622            0            0            0     -5.14849     -2.96862      -7.4301   -0.0185713            0    -0.898463    -0.035623            0     0.548983            0       3.4301    0.0166903            0            0     0.647326            0            0            0    -0.024254            0            0     0.270445            0            0    0.0156111            0      5.57032            0            0            0      10.2186            0            0            0      2.59761   -0.0219304            0    0.0513591            0    -0.962152     0.194901
           0    -0.706658   0.00612979  -0.00480066     -12.5682            0   -0.0046257     0.386655  -0.00675917    0.0165314     0.334652     0.328887    0.0176495    -0.354599            0    -0.794368   -0.0210406    0.0408521            0      0.64052     0.669983    0.0205518   -0.0441882    0.0299377  -0.00292923   0.00135393   0.00259057     -6.79289    0.0925204  -0.00367093   -0.0476488   0.00546194     0.481498            0     0.018189            0    -0.208812   -0.0195575  -0.00665024     0.305675    -0.161862    0.0186414    -0.804376   -0.0603387   -0.0113865      1.67346     0.406597   -0.0933518    0.0523664     0.229216    -0.190682   -0.0228614            0     0.135182     -1.06663     0.191082  -0.00581325            0   -0.0630753     0.252422    0.0910364    -0.295659            0     -1.54609    -0.216049    0.0089957  0.000936288     0.831732   0.00427214 -0.000488041  -0.00345378   0.00530525    0.0119423    0.0145457 -4.01502e-23    0.0642104            0  -0.00540267  -0.00794378     0.348699            0            0  -0.00704681     0.667235            0     -0.17868    0.0707002     0.489935   0.00754392            0            0  0.000386326    0.0565971    -0.291211
  -0.0671461     0.969482     -20.7729            0     -7.10967      2.67692            0  -0.00675917      10.0596     -2.76997      -2.7169            0  -0.00132783    -0.180347            0     0.594813     0.147465            0     -2.37726      8.78772     -2.87032      1.26067   -0.0507292     -7.10789  -0.00370005            0            0      2.09701            0            0     -1.82409   0.00606205    -0.145707    -0.930631    -0.884814    0.0541789     0.217506            0     -8.14817       1.8013      4.80731  -0.00966819     -1.83487     0.510647            0      7.52895     -1.16188     0.589237      1.16396            0            0      0.66516    -0.216545            0      3.38906    0.0152263   -0.0120502    -0.225171            0     -1.09684    -0.473848      1.29182     -1.07169     0.435672     0.136074      -1.9614            0     0.669195   -0.0390267    0.0063183            0            0    -0.101283     0.818717            0     0.858318   0.00250761   -0.0744528            0     -6.35756            0  -0.00797562      3.39647    -0.417447   -0.0341019            0   -0.0176388   -0.0862477  0.000390647    0.0136267   0.00313852  -0.00394494      0.85715      -1.2898
     13.9722     -1.11829       35.466   -0.0141399      15.3254    -0.984432            0    0.0165314     -2.76997      6.71066      4.93433            0    -0.524931      0.36301            0    -0.431879   -0.0323452    -0.188112     0.640006     -9.19848      3.66888     -4.70954      3.43615     0.245582   -0.0197664            0            0    -0.667349            0    -0.158874     0.102233   -0.0030384    0.0634285      1.74993     0.513712   -0.0250772    -0.415612            0      13.8761     -1.78191     -4.89206    0.0440146      1.67987    -0.987605            0     -10.2678      1.39016     -1.19589     -6.23812    0.0227218     -1.10638      -1.1981     0.298253            0     -4.78943      2.40808   0.00112582    0.0899629            0      1.44554      6.37693     -1.72411     0.319927     -1.49357   -0.0909584      8.85646            0     -1.26612   0.00503046    0.0228727   -0.0243383            0     0.123794    -0.673437      4.46709     -2.29837    0.0177862     0.193368            0      9.71004            0   -0.0564819      -1.0927      1.16784    0.0215127   -0.0992624   0.00939179      2.04386   0.00476021  -0.00278805    0.0222288    0.0107256     -1.23388    -0.239368
    -11.5298     -10.2336     -74.7546     -7.67161      122.704     -601.654            0     0.334652      -2.7169      4.93433      7160.26      541.654     -5.28906      2.54517       144.64     -1.90145    0.0415438      152.467      1.89174     -46.3547      49.7957     -143.272     -97.1456     -3.45452    0.0876029      55.9562     -3.39243     -30.6947      219.218      54.4714      530.994   -0.0268876            0      9.43584            0     -15.8314      8.25979     -393.037     -2.90571     -53.3645     -15.3643            0      30.2018        -10.5     -20.2617     -55.3925      5.60598            0     -63.1651      516.157     -1213.61     -320.207    -0.027113      84.7961     -54.5906      198.218    0.0258397            0     -187.253      8.65929      2.66024     -11.8219            0     -22.0984     -2.06068      216.233            0     -2.92301    0.0411391            0            0            0    -0.106071       58.381      128.008      807.026      44.3731     -3.96834      -146.48      1422.61      -9.1572    -0.665549            0     -6.77499      -2.7773      133.771    0.0253116      31.0142     0.112028      22.3844            0            0     -10.6662      6.78682
           0    -0.832094      15.0384     -69.2972      106.822      54.6283            0     0.328887            0            0      541.654      4013.08            0     0.543611      246.549     -9.75805     0.875871      165.078            0      6.61399      5.53606     -17.5464      37.0926      -1.5556   -0.0124523           38      4.18903     -14.2822      191.471      85.1718       63.653    0.0374223      3.96175            0    -0.856984      90.4131     0.507187     -30.4885            0      247.029            0            0     -2.41088     0.975946      116.005     -82.8879     -1.39868            0     -6.37713     -515.719     -475.019     -26.7222            0     -206.062     -38.0049      4.98479     0.494631    -0.636268     -487.131      3.12933            0     -5.17284            0     -30.2541    -0.981169      4.26645            0      2.82605   -0.0110854            0            0            0    -0.131317      35.1159      -2.5106      59.7462      28.7774      1.16465            0      275.561      20.8809            0            0     -1256.79     -28.0289     -38.2569     0.702792      27.2822     0.129054     -30.1671            0     0.875882     -4.63815     -2.50427
     7.94001     -2.17795      1.89347            0      32.0356     0.511481            0    0.0176495  -0.00132783    -0.524931     -5.28906            0      408.132      1.67718     -0.10641    -0.550269      1.16901     0.130741            0      2.40267      7.51952    -0.676066    -0.141324            0     0.226243     0.442277            0      7.66456     0.738423     0.106938     0.205683   -0.0123904            0     -1.18332    -0.286096            0     -1.25115            0     0.137611            0     0.441514            0     -4.32607     -31.8142     0.452296     -24.2853      2.16765     0.473103            0     -1.48391            0            0      1.24592     -2.76897     -2.68651      30.0045    -0.172635      10.2788            0      3.17017            0      -3.4084            0      -9.3336    -0.266209      2.78636    -0.272541      -2.3455   -0.0706545    0.0894667            0    0.0412286      18.7899    -0.093204     0.010561    -0.902618     0.193858    -0.697301            0      4.25729            0   -0.0341308     -61.0398      9.25064            0            0            0        17.12   -0.0126505            0    0.0135176     0.449212     -3.63906     -3.00452
       1.287      7.07685      3.45116    -0.202747      49.9533     -1.38209    -0.112227    -0.354599    -0.180347      0.36301      2.54517     0.543611      1.67718      7.88625      1.16344      4.30213    -0.838415      1.75433     0.551785     -1.35955     -8.46424      -1.0504     0.598978      1.29799     -0.08748     0.799728    0.0220177      63.9564      1.27255     0.919807     -1.19924    0.0263544    -0.262144     0.112416     0.184095     0.266512    0.0184704     0.354448      1.14471      1.91608    -0.181531    0.0843759      5.51237     -2.04921       1.3028        15.81     -1.58081     0.247009     0.137213     -2.01013    -0.993784    -0.766824    -0.320223      1.82805      18.5922      3.99368    0.0436842     0.186924      -1.7202     -2.84411     0.925117       4.9259     0.128652      14.3687      1.91973     0.949913    0.0310246     -6.69663   0.00675436     0.339347     -1.08735      1.81941     0.288155     0.420861      0.41558     0.538796      0.11288    0.0542992   -0.0947162     0.270941   0.00651602    -0.638631    -0.571848     -4.48031    0.0791262      1.95451    0.0216041      4.92416     0.110092   -0.0529739      0.39802    0.0966482    -0.109911    -0.484007
           0     0.437034     -6.32937      2.22368      30.0022      11.3661    -0.959753            0            0            0       144.64      246.549     -0.10641      1.16344      274.947     -1.79714    0.0290352      119.254            0    -0.299009     0.401912     -21.7488      52.2689    -0.189628   -0.0112718      42.9484     -1.82074      10.4546      78.7717      59.3055     -69.8474            0            0            0    -0.104514      -26.896    0.0385571      9.14162            0       52.809            0            0     0.134985    -0.352743      47.7508     -37.5785     0.590226            0    -0.777312     -89.7734     -189.927      20.2895            0      33.8081     -13.1685      45.4524     0.340891            0     -142.793      1.73905            0    -0.701076            0     -9.28927     -0.45212     -10.2371            0     -2.44674    0.0279949            0            0            0    0.0255485       24.509      -2.1589     -13.9174      4.74125     0.897033            0     -99.5775      1.07983    -0.136204            0     -227.285     -1.76538      239.198            0      18.2072    0.0149472      1.13466            0            0    -0.371171      -1.4784
    -4.88098      8.32836     -5.43511     0.979838      178.435      1.42196      1.32894    -0.794368     0.594813    -0.431879     -1.90145     -9.75805    -0.550269      4.30213     -1.79714      164.595      1.37164     -4.06239    -0.503386      4.54708      10.7289      1.90304     0.883221     0.462488    0.0844278     -1.23152    -0.751987      66.8477     -3.84942     -1.49516       5.2073    0.0566069     -2.67365     0.174347    -0.391164    -0.256613     -1.15138    -0.435411     -3.07871     -5.49568      1.35262    -0.341602     -7.10319      1.77701      -2.8425      208.678     -14.3509      3.91472     -5.01912      14.7866      4.89332     0.838348        1.197     -3.37352        58.35     -1.78527     -3.42807     0.456986      5.04944     -1.57087     0.492246       2.2565     -0.12389     -23.5013    -0.744507     -2.22919   0.00584113     -11.0674     0.141797     -1.50003     0.537036     -3.00544     0.347366      -1.2806     -1.47861   -0.0158397    -0.176243      10.9053    -0.477433     -7.17567    -0.276905      2.07532       6.0544      5.21817    -0.654214      -4.8692    -0.553007      38.5258    -0.184511     0.382718     -1.82892    -0.121608   -0.0896276   -0.0332311
    0.913248      2.06132    -0.516674    -0.119404     -4.57593   -0.0687868    0.0438348   -0.0210406     0.147465   -0.0323452    0.0415438     0.875871      1.16901    -0.838415    0.0290352      1.37164      24.8779    0.0530081    -0.264874     -1.96693     -4.40275      2.16322    0.0708242     -1.31358     0.191022            0     0.170556      5.19784    0.0104571            0   -0.0971046 -0.000172123   -0.0730502            0    -0.137414            0     -1.42202            0     0.112368            0    0.0513182   -0.0193189     -23.4913      3.70329   -0.0216914      7.36138      -1.3865    -0.822592     -4.45623            0    -0.247614    0.0830891    -0.292581    0.0287824      5.87364    -0.870054   0.00140185   -0.0270792    0.0278544     -1.41941    -0.194254      2.14725   -0.0254361      3.82624     0.369243      0.22092    -0.124973      1.94184   0.00719567   -0.0553637            0            0     0.165561   0.00781705   -0.0388605    -0.014586            0     -0.33195            0     -2.53673            0    0.0102337            0     0.131647    0.0306859            0   -0.0279331     -5.07032    -0.383133    0.0380472   -0.0361379     0.413165       1.4244     0.616711
           0     -1.14664     -4.16841     -7.87219      23.7395      1.39666     0.396668    0.0408521            0    -0.188112      152.467      165.078     0.130741      1.75433      119.254     -4.06239    0.0530081      272.055            0     0.316096      3.54536      36.9167     -50.6542            0  -0.00447982      18.2859      2.37469    0.0131279      152.733      89.4952     -117.893   0.00586665     0.402341            0            0      2.06648    0.0922102      6.51118            0      169.395            0            0      2.22948    0.0483141      83.0527      -39.294      1.90323            0            0     -162.644     -207.977     -50.5636    0.0102221      85.1923     -14.0236      177.616    0.0678426            0     -144.502      2.63543            0     -2.80448            0    -0.749861     0.176914     -9.42702            0     -2.37801  -0.00304695   -0.0138427            0            0     0.006694      36.2306     -12.5625      24.0436      1.30496     0.367412            0      -55.895      3.90673            0            0     -558.064     0.256429      208.144     0.071373    -0.129493    0.0516965     -1.53521            0     0.063998     -2.11269     -1.62133
    -8.43496      -1.1162      40.2614            0      14.0386     -3.68855            0            0     -2.37726     0.640006      1.89174            0            0     0.551785            0    -0.503386    -0.264874            0      167.497     -15.4375      4.35601            0            0      26.3574    0.0233286            0            0    -0.206193            0            0      2.37352  0.000651362     0.239374            0      3.88423    -0.101598    -0.414651            0      12.0911    -0.850343   -0.0112405            0      2.14374    -0.567507            0     -8.22456     0.820094            0       92.855            0            0     -1.24744            0            0     -1.91315    -0.480556   0.00786898            0            0      1.20572     0.746455      -1.8598      0.13276      2.90624   0.00470858      3.07193            0     -1.76447            0     0.574335            0            0    0.0088842    -0.155147            0     0.585364            0     0.173099            0      67.9141            0            0            0   -0.0338033            0            0     0.011351      -1.5507  -0.00464797            0            0            0     -1.63897      2.89031
    -5.26424       4.9627     -119.703     0.882469      8.43516      62.7662    -0.830357      0.64052      8.78772     -9.19848     -46.3547      6.61399      2.40267     -1.35955    -0.299009      4.54708     -1.96693     0.316096     -15.4375      117.731     -2.63606       21.305     -12.4055     -57.3038    -0.305629      1.20035     0.528101      18.8411     0.492305      2.13353     -26.0905   -0.0825501      2.92208     -5.33669     -9.78445      1.30218     -4.00391     -4.64365     -13.7677      38.0567      6.14164     0.348941     -17.4929      -4.3252   -0.0199794       16.732     -5.19892     -1.79302     -56.9677      15.3645     -4.78266      18.9528      0.80207      1.61847      9.63794      5.28822        0.185     0.661031     0.100109     -3.99267     -3.68806      4.41034    -0.632906      6.89825     0.682906     -42.6383    0.0789715     0.433091     0.142741      1.50615     -2.95373      5.14894     0.928922      7.27035     -18.6199      15.1156     0.743791      1.35474      0.68712     -74.8394     0.203925     -1.85468     -5.04194     -24.5954    -0.129086     -2.84888     0.633869     -12.1769     0.349681     0.279907      1.16063      0.24372      2.65043     -12.9629
   -0.930883     -16.1545      24.8267     -3.70454      80.3459     -5.49342      5.60581     0.669983     -2.87032      3.66888      49.7957      5.53606      7.51952     -8.46424     0.401912      10.7289     -4.40275      3.54536      4.35601     -2.63606      233.738     -9.67573       1.9317       8.7989    -0.476077     0.120126      2.49898     -86.1153     0.278049      2.07609      2.52374    -0.114364      5.55136      1.23231      2.09098      1.33856      2.90528      7.02353      7.78531      3.91867     -5.38289     0.325727      22.8335     -11.2178      3.33376     -76.7013      2.84159      -7.0344      10.2074      14.9013      8.33573      -5.9485    -0.800039      2.53855     -114.542      9.09536    0.0565304     0.458283     0.562461     -2.71972      4.42563     0.556732     0.382221      118.787    -0.158377      5.57852     0.151282      14.7269     0.338258      2.34144      16.7679     -29.4859      1.53501   -0.0276812      3.51491      12.6915     0.188715      3.06623     -2.80185      14.7314     0.109805      13.5429     -13.3236      2.26685     0.368286      4.57818      1.22806      77.0746      0.43242     -0.72082     -7.96375     0.682108     0.422844      1.15736
           0      3.62236     -5.19253       2.8212       3.0876      260.355      4.60459    0.0205518      1.26067     -4.70954     -143.272     -17.5464    -0.676066      -1.0504     -21.7488      1.90304      2.16322      36.9167            0       21.305     -9.67573      597.886     -365.715     -7.18909    0.0165828     -26.0009    -0.849913      2.44249      17.2483      9.67286     -177.418   0.00366996     0.247567     -4.64103            0      2.51567     -2.08488     -93.4119      3.45478      118.478      7.30391            0     -16.2701      3.64929       7.0093      17.0384     -2.39918            0            0     -161.817      32.0843      132.135      74.3081     -103.602      15.6684     -186.979   -0.0238132            0     -39.3289     -3.16335     -1.75432      4.05217     -1.17907       3.1265     0.534829      3.52853    -0.162581      2.53247    -0.145428     0.065066            0            0    -0.183331      1.06853     -134.144     -74.6684    -0.805509    -0.475503      2.99521      183.267     -1.01221            0            0      142.416    -0.375911      29.4468    0.0439181     -8.04845    -0.200624      5.16411            0    -0.145476      3.03484     0.307855
           0     -1.12098     -1.45317     -5.72771     -16.4404       14.444     -7.39833   -0.0441882   -0.0507292      3.43615     -97.1456      37.0926    -0.141324     0.598978      52.2689     0.883221    0.0708242     -50.6542            0     -12.4055       1.9317     -365.715      633.657    -0.556366   0.00305712      40.1926      1.34164      12.8454     -22.1418      -13.885     -23.3252   -0.0198177    -0.333437   -0.0523778            0      1.76468      -1.9975       -8.199            0     -86.3786     0.462383            0     0.702827     0.931544     0.814318      1.88087      1.45864            0     -2.07504      131.437     -83.5592     -82.3811      2.67135      182.048     -7.32876      369.063    0.0317514            0      50.1417      1.48906   -0.0643012     -1.06469    -0.029022     -10.2776    -0.227604      9.27014   0.00483343     -2.31024   -0.0213607            0            0            0   -0.0194659     -3.68889      221.184     -109.423      2.34328     0.146344       17.429      -297.88      2.44751            0            0     -397.608     0.466477     -37.5163   -0.0591499      19.4428    -0.012855      1.71755            0  -0.00288236     -2.31223     -5.79038
    -216.271     -2.75829      151.182     -1.47141      27.2889     -28.6774            0    0.0299377     -7.10789     0.245582     -3.45452      -1.5556            0      1.29799    -0.189628     0.462488     -1.31358            0      26.3574     -57.3038       8.7989     -7.18909    -0.556366      283.615    0.0533108            0     0.087984     -1.46979    -0.473201            0      12.6142  -0.00471719     0.599886      2.09775      21.1773    -0.492083     0.595708    -0.265517      18.7757     -7.67198     -3.50204            0      5.97223     -4.59266            0     -14.1517      4.60241            0      172.243    -0.776697     -1.40521      -9.4676      0.24268            0     -13.2029     -4.01151    -0.165589            0            0      3.60778     0.342588     -3.82802     0.687842      -10.873    -0.262547     -15.9394    0.0467465     -1.37004     0.193716    0.0262986            0            0   -0.0116726     -3.06511            0      4.72186            0    -0.264318            0      139.101    -0.656143            0            0        1.291    -0.216299     0.181966     0.084899      6.92101    0.0292739    -0.434794            0    0.0153964     -3.80379      10.2942
   -0.169755      0.25782    0.0455848            0    -0.199589    -0.332916   0.00609898  -0.00292923  -0.00370005   -0.0197664    0.0876029   -0.0124523     0.226243     -0.08748   -0.0112718    0.0844278     0.191022  -0.00447982    0.0233286    -0.305629    -0.476077    0.0165828   0.00305712    0.0533108     0.155638      0.01433   0.00101157     0.598917 -0.000282836   0.00149104     0.217589 -1.97283e-05  0.000713625    -0.033204    -0.016042   -0.0070391   -0.0265473            0    0.0583329   -0.0788268  -0.00244955  -0.00412178     -3.12117     0.305378   0.00335189     0.731453    -0.182014            0   -0.0175658   -0.0296423    0.0123964    -0.115284    0.0980152  -0.00225402     0.849496    -0.213893  0.000518522   0.00743597            0    -0.177981    0.0073758      0.24624  -0.00108996     0.641149    0.0353128   -0.0434777   -0.0319074     0.206857  -0.00163011  -0.00104055            0    -0.002835  -0.00826732   0.00236906    -0.017198    0.0190086 -0.000515032  -0.00586118            0   -0.0338485            0   0.00337793   -0.0859048 -0.000715656  -0.00333382            0   -0.0022428    -0.629023   -0.0696298   0.00137828  0.000872433   -0.0114729     0.117099     0.116061
           0    -0.936696     -7.04745      3.16696     -12.7403     -13.2211    -0.837328   0.00135393            0            0      55.9562           38     0.442277     0.799728      42.9484     -1.23152            0      18.2859            0      1.20035     0.120126     -26.0009      40.1926            0      0.01433      254.005    -0.404971   -0.0356683      2.36289      25.9014      70.3822            0            0            0            0     -3.54162     0.437032      -5.5045            0     -29.4115            0            0      2.92091     0.652309      46.6805     -6.35587      1.16281            0            0       22.563     -110.055     -56.8062            0      38.6387     -1.84931      2.60056   -0.0712947            0     -59.9851      1.32157            0     -1.18444            0      2.16431     0.198706     -4.57892   -0.0279617     -1.22632   -0.0130392            0            0            0  -0.00773517      19.1501    -0.669349      14.4072      13.1503    -0.174694            0     -316.879     0.973072            0            0      28.2096    -0.537255      227.576            0     0.744223     0.117083     -2.90603            0            0     -1.43337      -1.1598
           0     -0.77191            0     -20.7357      11.3291     0.306457            0   0.00259057            0            0     -3.39243      4.18903            0    0.0220177     -1.82074    -0.751987     0.170556      2.37469            0     0.528101      2.49898    -0.849913      1.34164     0.087984   0.00101157    -0.404971      24.5193    -0.598247     -2.87733    -0.738944     -1.84862   -0.0015605            0            0    0.0484699     0.283959     0.331739     -4.91769            0      5.76538            0            0      1.06045    -0.144659     -0.21175      -10.883     -1.25846            0     0.360689      3.93943      8.56606      2.97575            0     -3.28856     -6.20995     -2.63913            0    0.0516863     0.510039     0.919046            0     -1.08048            0     -1.61824    0.0409066     -1.73453   0.00940778     0.376055            0  -0.00560536            0            0    0.0106673     0.432378            0      9.03698      0.59152    0.0529346            0     0.812202      2.09311            0            0     -4.81946      2.76231     -8.00218            0     -2.80943    0.0251305     -3.21701            0     0.170555     -1.36291    -0.293362
     6.70499      83.9965      3.73071      1.71881      932.618      10.5314     -2.07265     -6.79289      2.09701    -0.667349     -30.6947     -14.2822      7.66456      63.9564      10.4546      66.8477      5.19784    0.0131279    -0.206193      18.8411     -86.1153      2.44249      12.8454     -1.46979     0.598917   -0.0356683    -0.598247      1007.62      4.82004      1.56717     -2.16177      1.08007     -23.8264    -0.602178     -1.49593      2.45813     -6.76098    -0.326112     -1.55855      7.41341      6.48732      2.53252       -62.86     -1.83869      2.53302      128.535     -30.3426      6.78693     -24.9212     -28.5148       2.9687      3.20418       1.1029      5.57236      184.939      19.6154      2.19142      1.50124      -5.3705     -42.6178      1.27166      59.8938     0.266173      112.186      29.3506     -0.85497    -0.124386     -137.729       1.2274      3.21458     -10.4435      16.6764      2.16487      1.76371     -4.87624     -13.1811      0.24593      4.41781      2.42089     -28.3451   -0.0242281     -7.29252      3.85915     -26.7189    -0.681155     -12.9909     -5.86485      44.2062    -0.259439     0.713224      4.94094    -0.355714      15.9495     -6.65034
           0    -0.285298     -6.49576      18.5055      11.2351     -5.70264            0    0.0925204            0            0      219.218      191.471     0.738423      1.27255      78.7717     -3.84942    0.0104571      152.733            0     0.492305     0.278049      17.2483     -22.1418    -0.473201 -0.000282836      2.36289     -2.87733      4.82004      180.295      58.2408     -42.4495    0.0131108      1.03926            0     -0.26065      1.39706     -0.76321    -0.556224            0      144.417            0            0     -1.78402     0.270398      34.7067     -20.6366      1.53995            0     -1.93992      -128.09     -237.825     -15.5323            0      54.7127     -7.50295      139.277   -0.0426283            0     -147.905     0.966811            0     -1.59895            0      1.33498     0.207364     -7.90482   -0.0178323      -1.4324   -0.0306967    0.0161619            0            0    0.0318147       25.953    -0.235039      30.3138     0.806396     0.234482     -2.89446     -49.9267     -1.74375    -0.128794            0     -269.448      -1.8934      88.0944     0.165931      3.26289   -0.0459252      1.28213            0    0.0172022    -0.264006     -1.44428
           0     -0.75838     -1.66473   -0.0737086      13.4305    0.0595872    -0.031864  -0.00367093            0    -0.158874      54.4714      85.1718     0.106938     0.919807      59.3055     -1.49516            0      89.4952            0      2.13353      2.07609      9.67286      -13.885            0   0.00149104      25.9014    -0.738944      1.56717      58.2408      84.0586     -6.89048            0            0            0            0      19.7371     0.194779    -0.909033            0      61.7904            0            0      1.05927     0.128256      31.4951      -19.762      1.09415            0            0     -33.2564     -107.838     -15.7109            0      45.8397     -7.39258      118.883    0.0269548            0     -67.6195      1.35151            0     -1.70125            0     -2.04822     0.144324     -3.33903  -0.00210578     -1.39837 -0.000160718            0            0            0  -0.00695081      18.1569     -10.6269       2.6019      3.87646    0.0248838            0     -104.943    -0.126124            0            0     -136.974     0.120744      134.295            0     -1.15799    0.0374255     0.333828            0            0     -1.76931    -0.617358
    -21.8694      1.31024     -22.2406      1.62267      32.5631     -720.294            0   -0.0476488     -1.82409     0.102233      530.994       63.653     0.205683     -1.19924     -69.8474       5.2073   -0.0971046     -117.893      2.37352     -26.0905      2.52374     -177.418     -23.3252      12.6142     0.217589      70.3822     -1.84862     -2.16177     -42.4495     -6.89048      1547.42   0.00285768    -0.632843      11.6459     0.128557      4.26324      2.49426      10.3202     -3.57678     -174.291     -18.8943            0       2.6106    0.0993372     -263.858      12.1578     -1.40543            0     -20.8595      181.019      209.969     -470.445    0.0316262     -154.796      3.78021     -95.0791   0.00268467            0      142.344    -0.889974      3.33764     -0.90044    0.0874769     -1.84435    -0.772528      78.4148   -0.0207433    0.0261141   0.00792125    -0.034747            0            0   -0.0955089     -21.1992     -81.0351       64.517       21.266    -0.266459     -11.3192     -243.551     -1.43432  -0.00160379            0      524.804    -0.558573     -427.274    -0.140844      -16.992   -0.0313115   -0.0618414  0.000631152   -0.0969533      0.32035      15.6835
 -0.00963486    0.0980133   -0.0530251   0.00466729     0.930259 -0.000949712            0   0.00546194   0.00606205   -0.0030384   -0.0268876    0.0374223   -0.0123904    0.0263544            0    0.0566069 -0.000172123   0.00586665  0.000651362   -0.0825501    -0.114364   0.00366996   -0.0198177  -0.00471719 -1.97283e-05            0   -0.0015605      1.08007    0.0131108            0   0.00285768    0.0138027    0.0934817            0  0.000847882            0    0.0249548   0.00274366   -0.0117784    0.0463137    0.0163702  -0.00323628    0.0240205     0.021698  0.000315098     0.189495  -0.00262661    0.0356466     0.026596   -0.0106605    0.0126518  -0.00498221  0.000487154    0.0278949     0.210258            0 -8.15129e-05  -0.00124437   -0.0111769    -0.042935            0    0.0721649   0.00010965    -0.066491    0.0316108            0 -6.79079e-05    -0.209775 -0.000640423 -4.09423e-05  0.000948848 -0.000805177 -0.000921933    0.0030379   -0.0214733  -0.00737593   -0.0012038  -0.00626356   0.00289342     0.029925  0.000168648            0    0.0462492    0.0638658  -0.00307934   -0.0270722   0.00455134   0.00527183 -0.000120124   0.00158214 -0.000101822 -0.000653282    0.0123187    0.0288646
