 9.64971e+15 -2.06996e+15 -2.80056e+15  6.51565e+06  -1.6745e+20  3.28762e+13            0            0 -6.91508e+11  7.71337e+09            0            0  7.16018e+13  1.52825e+08            0 -2.63969e+14  6.53529e+10            0 -1.03385e+12 -3.49437e+13 -1.30849e+19            0            0 -2.21826e+09     -542.408            0            0  6.84701e+17            0            0            0     -5.92379 -1.36603e+13  2.56154e+08 -4.21361e+07            0 -3.73786e+12            0  -3.9123e+13            0  -6.1843e+12  1.17282e+08  3.66633e+16  2.85242e+12            0 -2.99759e+19  1.14261e+13 -1.07161e+09 -1.30833e+10            0            0            0            0            0            0 -5.32169e+07      3.57308            0            0   1.9944e+13  7.88849e+14 -4.94055e+09  6.07654e+11 -1.74109e+20      363.103  3.63293e+14      21.5336 -3.56522e+12     -32.4029  8.61857e+06            0            0       230118 -8.43548e+06  6.95011e+06            0            0      273.859            0            0            0            0            0            0 -1.30346e+08            0      -172.22  7.54711e+17      41498.9     -75925.1            0  7.14691e+06 -4.42499e+11  1.16474e+12
-2.06996e+15  1.57807e+18   8.9363e+15  5.16244e+09  6.93505e+22  3.30315e+14 -7.50688e+09 -3.71802e+07  3.21531e+13  -6.6557e+10 -5.12045e+11 -9.26001e+10 -2.32489e+15   6.8827e+10  1.19929e+09  8.21642e+16  4.94542e+13 -1.49572e+09 -2.24222e+13   1.2612e+15 -3.71201e+22  2.10552e+11 -1.07171e+11 -6.26073e+09       101806 -4.96519e+09 -4.77405e+09  9.73032e+20 -5.87456e+09 -1.12849e+09  3.11004e+10      8585.01 -1.10249e+16  -8.0181e+08 -6.75323e+08 -4.52316e+12 -3.36697e+14 -9.64275e+08 -7.45599e+14 -2.26167e+10  3.11578e+13 -1.24761e+10  -1.6237e+19  8.92203e+14 -7.78474e+10  3.27091e+22 -2.09087e+15  3.64637e+10 -1.72527e+11  -4.5545e+09  4.65999e+10 -3.93961e+10  4.42226e+12 -1.65907e+10  3.93314e+20 -2.53312e+10      10953.9 -1.90859e+08  6.67984e+08  -8.7341e+15 -8.85436e+14  4.31296e+12 -2.59746e+13  4.58891e+22      2316.13 -1.62998e+15     -7378.38 -1.11149e+15     -7689.76 -6.52825e+09 -2.29665e+14  2.56834e+14 -4.89016e+07 -1.55889e+08 -1.11031e+09 -9.47819e+11 -3.68927e+08      19809.6  4.21771e+08  1.71491e+10 -1.50913e+08 -1.01635e+14  1.89213e+09  1.24824e+11 -5.78055e+10 -6.83021e+10      -188897 -1.24821e+19 -9.75192e+06  4.55178e+07  2.43547e+10 -5.07982e+09  1.62264e+14 -2.57505e+14
-2.80056e+15   8.9363e+15  1.32624e+18            0  1.06142e+21  6.11729e+14            0            0  8.39264e+12 -6.18136e+09 -6.12562e+10            0            0 -1.28975e+09            0  6.27028e+14            0            0 -3.25548e+12  1.86914e+15 -2.27716e+20            0            0  7.09431e+09      846.569            0            0  8.17149e+17            0            0 -1.29816e+09     -154.126            0  7.17661e+08  4.54943e+07            0 -9.00847e+12            0 -5.23857e+13            0 -7.10848e+12   6.2925e+07  -4.0411e+17            0            0 -4.74579e+20 -1.14123e+14            0  1.28556e+11            0            0            0            0            0            0            0     -284.095            0            0 -1.88956e+14            0  6.76768e+10  1.58665e+12 -1.96466e+21     -1132.64 -5.32257e+15            0  1.95017e+13            0 -2.00155e+07            0            0            0  4.65915e+08            0  3.20759e+10            0            0            0            0            0            0            0            0  1.92947e+09            0            0 -1.71821e+18  1.77661e+06      -758016            0            0  5.37641e+12 -1.29153e+14
 6.51565e+06  5.16244e+09            0      11184.3 -5.06128e+14            0            0  -0.00655884            0     -32.5006     -17913.9      -219844            0     -78.4288      394.511  5.20063e+08      -115460      -364.78            0  8.98399e+06  -3.9826e+14            0     -38963.2      -137.76            0      1012.36     -5156.91  1.73028e+12      9258.75     -5.20198       41.155  6.90908e-06 -5.62306e+06            0      -24.151            0 -1.85434e+06      69.7641 -1.36532e+06      6376.65            0            0 -9.93632e+10  2.71911e+06      960.576  5.09766e+14  2.71338e+07            0     -6158.84      -1299.7     -25371.8      10171.1            0         2856            0     -97.0606 -8.87382e-06            0     -915.898 -6.09972e+07            0        28295            0  1.97807e+14  5.24817e-05            0 -0.000135132       855925            0            0       325361      -117739   -0.0165712     -18.5929            0      -105337     -249.635  -0.00057023      12.8913       2096.2      -649.17            0            0      27028.2     -87119.9      508.654 -3.64271e-05  4.95546e+11   -0.0316845       25.032            0     -101.451  3.98771e+06  1.71376e+06
 -1.6745e+20  6.93505e+22  1.06142e+21 -5.06128e+14  4.99535e+28  -1.0142e+19 -5.40873e+14 -5.79019e+12 -1.05928e+18  6.52663e+15  9.88382e+16  3.51077e+16  1.21477e+20  3.88393e+15  6.91008e+14  1.39978e+22 -8.96716e+17  4.65843e+13  1.25855e+18  6.17425e+19  3.73436e+27  1.88921e+15 -5.48974e+16  1.99405e+14  1.90486e+08 -9.44553e+14  5.89198e+14  5.49776e+25  5.55615e+14  1.50643e+13  1.28004e+15  6.18705e+08 -2.21019e+20  4.77295e+13  3.22452e+12  7.82155e+17  7.40461e+18 -7.42471e+13  5.20921e+19  9.36451e+15 -6.48785e+17 -1.97845e+15 -1.04974e+23 -4.44982e+19 -6.85074e+15 -4.81782e+27 -5.67346e+20  3.14696e+15 -4.23718e+15  1.13942e+15 -3.32987e+16 -5.38659e+15  8.80488e+16 -3.35587e+15 -1.57433e+25 -3.48252e+15  6.21946e+09  5.57565e+13 -7.70131e+13 -1.10921e+21  6.89027e+19  1.02876e+17  1.12986e+18  4.41059e+27 -5.82907e+09  1.21341e+20  9.34062e+08 -7.01861e+19  1.02936e+09 -1.50466e+14  1.84639e+19 -4.07908e+19  4.66512e+12  1.88232e+12  -7.1025e+13  2.37888e+16  -5.1859e+14  2.15434e+10 -6.75163e+13  2.63476e+15 -1.30059e+13  4.60155e+18  -3.4781e+13  1.54407e+16 -6.78254e+15 -1.01903e+16 -2.90699e+09 -1.64262e+24  2.55511e+11  6.80002e+11  -1.3354e+15   5.8001e+14  1.48347e+19  1.09487e+19
 3.28762e+13  3.30315e+14  6.11729e+14            0  -1.0142e+19  2.15227e+14            0            0  1.55272e+11 -1.73078e+08            0            0            0 -1.98801e+07            0   1.5592e+13            0            0 -1.02401e+11  9.71205e+12  -1.4982e+19  2.79879e+10            0 -8.06925e+07     -202.484            0            0   1.7528e+17            0            0            0            0            0 -3.15921e+07      -524088            0 -3.67752e+11            0 -3.57402e+12  1.00951e+08  9.97282e+11            0 -1.69451e+16            0            0  1.55346e+18 -1.42545e+12            0  8.85618e+07            0            0            0            0            0            0            0            0            0            0 -3.26959e+12 -7.32468e+12  1.49995e+09 -5.85967e+10 -2.46674e+18      108.174            0            0  3.02739e+11            0            0            0            0            0  1.36104e+06            0            0            0            0            0            0            0            0            0            0            0            0            0 -3.57282e+16      757.332            0            0            0  1.17319e+11 -4.34161e+12
           0 -7.50688e+09            0            0 -5.40873e+14            0      52650.5   -0.0636154            0            0            0            0            0      -275.79     -526.279  2.15848e+09       253841      95.6772            0 -7.98078e+07  2.98728e+15            0      -292833            0  0.000578941     -940.828            0 -5.11858e+12            0            0            0            0            0            0            0            0  6.73527e+06            0            0            0            0            0  5.29895e+10            0            0  6.69827e+14  5.48221e+07            0            0     -4480.56            0            0            0     -7478.67            0     -9426.51 -0.000480935            0     -295.603  -2.7546e+07            0      47970.9            0  1.65627e+15  0.000488013            0            0  1.20839e+07            0            0            0      -623816            0            0            0            0            0   0.00147062            0      4598.75            0            0            0      73849.4            0            0            0  1.70428e+12    -0.212212            0            0            0 -9.79297e+06  6.09943e+06
           0 -3.71802e+07            0  -0.00655884 -5.79019e+12            0   -0.0636154    0.0112502     -101.989     0.461523      14.5638      7.59996      10156.3      -1.9673            0 -2.84186e+06     -287.595    0.0257032            0       137310  7.60041e+11            0       -3.155    0.0299885 -6.76242e-07   0.00508828   0.00886916 -3.54745e+10     0.737953            0     -0.22767  2.84905e-07  1.18721e+06            0   0.00652874            0     -16222.6  -0.00446181     -1225.49      2.13228     -1462.58     0.257315 -4.25001e+08     -5933.76    -0.166998  6.43208e+11       107209    -0.508811     0.655192     0.455098     -3.57039            0            0     0.507682  1.49174e+09     0.298602 -2.61765e-07            0   -0.0447276       223036      41537.1     -71.8554            0 -1.49716e+12 -1.26422e-05      3024.84   6.7686e-08      33618.2  1.44135e-07   -0.0015168     -226.736      230.428  0.000529045   0.00609847            0      6.30478            0 -4.64395e-07   -0.0023105     0.390292            0            0  -0.00151536      4.65157            0     -1.62677  1.24658e-05  5.57294e+08  0.000162216            0            0   0.00471731     -1503.25       -21841
-6.91508e+11  3.21531e+13  8.39264e+12            0 -1.05928e+18  1.55272e+11            0     -101.989  9.65503e+10 -4.92201e+07 -7.48768e+06            0 -1.63937e+10      -583600            0  2.53734e+12  1.07221e+09            0 -1.47471e+10  8.66601e+11 -2.08057e+18  3.27012e+07            0 -4.71042e+06    -0.620415            0            0  1.19038e+16            0            0      -158676     0.179728 -2.08429e+11      -346449      -235686            0  9.98853e+09            0 -7.07824e+11            0  2.93887e+10     -60225.1 -5.94664e+14  2.96516e+10            0  1.64348e+18 -1.64929e+11  1.73592e+06 -3.94284e+07            0            0            0 -5.66381e+08            0            0      -175596    -0.051593     -92043.1            0 -3.49796e+11 -1.47885e+11  1.46669e+08 -4.22833e+10 -5.30662e+16      6.19159 -7.26022e+11            0  1.69525e+10    -0.773423      11438.7            0            0     -2652.44       246542            0  3.92047e+06      27175.7     -2.55037            0            0            0 -1.24049e+08       409863            0 -1.84653e+06            0     -1.98901 -7.48462e+14     -6.02499      725.476      19342.2     -26871.4  1.26338e+10 -7.25478e+10
 7.71337e+09  -6.6557e+10 -6.18136e+09     -32.5006  6.52663e+15 -1.73078e+08            0     0.461523 -4.92201e+07       220423      21563.2            0 -3.19721e+08      2087.34            0 -4.75278e+09      -438373     -23.0029  7.25548e+06  -1.3908e+09  4.86562e+15      -128437            0       370.36  -0.00436837            0            0 -1.62657e+13            0     -19.7981      456.964 -0.000164136  1.72355e+08      1151.38      219.941            0 -3.48429e+07            0  2.22852e+09            0 -5.33882e+07      634.508  9.70278e+11 -1.06137e+08            0 -4.23051e+15  3.51919e+08     -6564.53     -33124.4            0            0            0  1.51249e+06            0  5.82073e+12      913.687 -0.000326758       68.172            0  8.30323e+08  3.36741e+09      -348113  1.96306e+07 -7.93433e+14  -0.00787894  5.05096e+09            0 -5.80295e+07   0.00019971      64.1181   -1.767e+06            0      5.88219     -391.133      2307.03     -11290.8      524.897    0.0127825            0            0            0 -2.39366e+06      -240.42            0      2401.26            0   0.00193583  4.93996e+12     0.100166    -0.309332       373.27      129.172 -3.19916e+07  1.86557e+07
           0 -5.12045e+11 -6.12562e+10     -17913.9  9.88382e+16            0            0      14.5638 -7.48768e+06      21563.2  3.71472e+08  1.20306e+07            0      10567.2       845665 -5.52531e+09            0       187289            0  4.66972e+09  7.74687e+16            0 -1.11928e+06      -1685.1            0       281733       -18471 -3.01874e+14  2.21429e+06      67761.7      -709399  -0.00128944            0            0            0 -9.14075e+07   7.1305e+08      -157802            0      -169887            0            0   1.4843e+13 -1.26288e+09       355667 -3.01238e+16  8.40987e+08            0       -74402 -1.73077e+06 -2.43134e+07 -3.24805e+06            0       744795 -4.93786e+13  2.76928e+06    0.0030456            0      -184185  4.44097e+09            0 -2.04494e+06            0 -3.31261e+16    -0.191102  2.09751e+10            0   7.0847e+07  0.000459342            0            0            0            0      37706.2            0  8.23745e+07  1.70622e+06    -0.403808     -56643.7      63642.8     -3781.34 -2.05034e+07            0 -1.17314e+07      -200687       666561            0  6.69085e+13      1.98076      3637.32            0            0 -3.13269e+08  -4.6102e+07
           0 -9.26001e+10            0      -219844  3.51077e+16            0            0      7.59996            0            0  1.20306e+07  1.21105e+08            0      1758.56       601082  -5.5651e+10  1.32631e+07      44131.7            0  1.33754e+09  7.91722e+15            0  2.80947e+06     -1298.69  -0.00250653       177902       100822 -1.37014e+14  1.50432e+06        38377      -562322   0.00249146  8.73081e+09            0     -227.679  6.31592e+08  9.84977e+07     -8014.28            0  1.93647e+06            0            0 -3.78984e+11   1.0055e+08  1.66832e+06 -3.99936e+16 -8.06076e+08            0     -58060.3 -1.78235e+06 -6.72079e+06  3.72818e+06            0      -897673            0      -304445    0.0162077     -436.599      -392426   1.9551e+09            0      -901386            0 -2.47481e+16   -0.0443233 -1.28809e+09            0   1.3663e+08            0            0            0            0     -5.55799        13743            0   7.3808e+06       747807   -0.0444662            0     -69534.1      21727.4            0            0 -4.55088e+06 -2.44466e+06  -2.1048e+06     0.116847  4.21248e+13      3.19398      -4193.1            0        11654 -1.26121e+08 -1.94509e+08
 7.16018e+13 -2.32489e+15            0            0  1.21477e+20            0            0      10156.3 -1.63937e+10 -3.19721e+08            0            0  4.37836e+15  1.71574e+08 -6.31139e+06 -1.11457e+14  3.17056e+11  2.58599e+06            0  1.37793e+13  1.27858e+20 -6.29872e+08            0            0      993.685  3.51922e+07            0   4.8323e+17  1.23661e+08            0  8.62732e+07     -11.7915            0 -1.45596e+07 -1.99655e+06            0 -1.87593e+12            0  1.30954e+11            0  6.50894e+10            0 -4.60282e+16 -6.04453e+13  2.43366e+08  -1.5793e+20   9.4996e+12   6.5562e+07            0            0            0            0   1.0864e+11  2.38058e+06  1.29854e+18  9.01568e+08            0  1.42627e+08            0  3.50795e+13            0 -1.21358e+10            0 -5.45731e+19     -347.786  2.26764e+13     -362.965 -1.85902e+12     -47.1198  4.67284e+06            0            0  1.61584e+07      -766798            0            0  1.17161e+08        -1340            0   5.5872e+07            0  -2.7286e+10 -2.43821e+08 -4.45292e+08            0            0            0  5.23386e+17     -12104.6            0  4.06765e+06  9.73851e+07 -1.46204e+12 -4.31244e+12
 1.52825e+08   6.8827e+10 -1.28975e+09     -78.4288  3.88393e+15 -1.98801e+07      -275.79      -1.9673      -583600      2087.34      10567.2      1758.56  1.71574e+08      7947.82      595.408  3.94678e+09 -1.95398e+06      192.713  1.02287e+06 -3.38107e+07 -1.87981e+15     -5455.76      6383.04      251.721  -0.00329333      416.016      13.8568  7.06302e+13      1780.98      118.787     -2348.59  0.000198091 -1.68755e+08      12.0089      14.2611       532112       339950      10.2392   3.2902e+07      3346.23      -466392      209.731  5.30952e+11 -3.80459e+07      6301.74  1.33658e+15 -8.49329e+07      270.385      1765.19     -1506.68     -5086.96     -595.588      -224209       1167.7  1.43429e+13      2254.82   0.00053947      24.9104     -230.416  -3.7805e+08  8.06756e+07       197794  1.62056e+06  2.07801e+15     0.022566  1.14474e+08  0.000364134 -5.12984e+07  3.29698e-05      166.969 -1.35389e+07  1.40201e+07      2.38636      40.0525       34.204        14811      479.801 -0.000171375     -5.66343     -1004.93     0.471028 -4.97007e+06     -22.7781       -13058      1160.61      4092.68  0.000411976  1.03985e+12     0.434226    -0.462239       1283.1      203.126   4.3584e+06 -6.30021e+06
           0  1.19929e+09            0      394.511  6.91008e+14            0     -526.279            0            0            0       845665       601082 -6.31139e+06      595.408      78842.2 -1.65316e+09      36631.1      7687.17            0      -506249 -9.10811e+13            0       227432     -11.7673 -0.000215307      7183.01     -421.805  3.47717e+12      60545.9      4130.06      -107986            0            0            0     -2.06408 -3.50117e+07      -428303      193.853            0      16013.3            0            0  1.38648e+10 -3.38033e+06       183279  -1.4162e+15  1.33253e+07            0     -526.047     -73453.6      -582078       236059            0      14309.7  -9.2345e+11     -7504.86  0.000942174            0     -11203.5  7.71859e+07            0     -5236.67            0 -7.27719e+14  -0.00280294 -4.78295e+07            0 -1.01177e+07  0.000133802            0            0            0     0.101055      1152.27            0      -169713      11680.8   0.00137093            0     -30617.5      50.8389      -286851            0      -325576     -12627.5       344889            0  2.67854e+12    0.0286096       9.9111            0            0      33673.9  -1.1436e+07
-2.63969e+14  8.21642e+16  6.27028e+14  5.20063e+08  1.39978e+22   1.5592e+13  2.15848e+09 -2.84186e+06  2.53734e+12 -4.75278e+09 -5.52531e+09  -5.5651e+10 -1.11457e+14  3.94678e+09 -1.65316e+09  1.00447e+17  3.09929e+12 -5.42392e+08 -1.41922e+12  9.22918e+13 -1.52029e+20  2.34314e+10  2.64855e+10 -2.26071e+08      4097.62 -6.15618e+08 -6.17168e+08  6.53161e+19 -5.53848e+09  -2.8214e+08  5.91181e+09      484.686 -1.24016e+15 -1.83201e+07 -4.39149e+07 -9.21392e+11 -1.73584e+13 -3.35135e+07 -9.31906e+13 -7.81044e+09  3.03093e+12 -6.36118e+08 -7.04702e+17  5.58763e+13 -1.35788e+10  1.75416e+22 -6.04807e+14  3.52337e+09 -1.32172e+10  6.69383e+09  2.04086e+10 -1.24261e+09   7.8554e+11 -2.20536e+09  7.23406e+19 -2.88357e+09     -18954.6  1.11984e+07  6.90288e+08  1.33828e+14  5.05468e+13  8.61281e+10  -1.6071e+12 -7.31089e+21     -5071.18 -2.24967e+14      -291.32 -7.53941e+13      216.656 -6.90187e+08  -3.2509e+12 -5.93136e+12      -180003 -1.18621e+08 -1.24172e+08 -3.69892e+10 -1.11653e+09      53099.8 -4.30218e+06  1.86531e+09 -4.49839e+07  1.08256e+13  2.49777e+08  1.75022e+10 -7.34664e+09 -1.27918e+10     -20079.6  9.42796e+18      -566965  7.40633e+06  -3.5301e+09 -2.68449e+08  3.73356e+13 -3.78326e+12
 6.53529e+10  4.94542e+13            0      -115460 -8.96716e+17            0       253841     -287.595  1.07221e+09      -438373            0  1.32631e+07  3.17056e+11 -1.95398e+06      36631.1  3.09929e+12  1.39334e+11      13049.9 -1.19162e+09  -2.2842e+11 -2.49756e+18  4.21363e+07            0      -603746      17.3512            0       250016  1.94565e+16      41820.7            0      -126804  -0.00812172 -8.21037e+10            0     -28659.4            0  -4.6752e+10            0  7.29877e+09            0  1.79748e+08      -124822  -5.2453e+15  1.61697e+11      -285636  1.40534e+18   -1.481e+11 -1.97426e+06  -2.2673e+07            0 -1.61304e+06  1.14991e+06 -5.60682e+08      40648.8  -6.2152e+15      -552748    -0.259401     -8020.46      12243.7 -3.74052e+11  -5.9045e+10  1.81886e+08 -7.48868e+08  1.53908e+18      11.9508  5.24138e+10     -3.59569   3.6704e+10    0.0816488     -61195.6            0            0      3407.68      1640.13       -11705            0            0      -7.8085            0            0            0  1.96549e+08            0       861391   1.1835e+06            0     -2.34502 -3.76407e+15     -3605.29       1732.5      -238362   2.1586e+06  1.44939e+10  1.88352e+10
           0 -1.49572e+09            0      -364.78  4.65843e+13            0      95.6772    0.0257032            0     -23.0029       187289      44131.7  2.58599e+06      192.713      7687.17 -5.42392e+08      13049.9      3474.29            0  3.28654e+06  9.93639e+13            0     -50484.8            0 -2.47602e-05     -468.305      164.153 -2.65352e+11      22344.9      1318.02     -17152.7  3.62153e-06  2.43638e+07            0            0 -1.25736e+06      45734.9      14.6414            0      19127.8            0            0   2.3791e+10     -33288.4        40902 -3.17171e+14  1.08005e+07            0            0     -15599.2      -100592     -36573.6            0      6659.76            0      22608.7  3.72323e-05            0     -2106.08  2.84035e+07            0     -10447.7            0  2.48355e+13  0.000192515 -9.26915e+06            0  -2.3171e+06 -6.20924e-07            0            0            0    0.0104962      389.911     -18.8384      30754.5     -428.372  7.05691e-05            0     -6903.23      72.3688            0            0      -174023      568.481      53763.7  0.000326069  4.97291e+10    0.0266522     -2.41665            0      12.9122      -910939  -3.0927e+06
-1.03385e+12 -2.24222e+13 -3.25548e+12            0  1.25855e+18 -1.02401e+11            0            0 -1.47471e+10  7.25548e+06            0            0            0  1.02287e+06            0 -1.41922e+12 -1.19162e+09            0  5.41251e+11 -2.00028e+11  1.86852e+18            0            0  9.98672e+06      1.66782            0            0  -4.6578e+15            0            0            0    0.0142183  2.28039e+11            0       676466            0 -1.11873e+10            0    5.334e+11            0 -6.36854e+08            0   4.3209e+14 -2.07413e+10            0 -1.05695e+18  6.22381e+10            0  3.86702e+08            0            0            0            0            0  9.04588e+15            0     0.106203            0            0  2.00858e+11  1.33985e+11 -1.21419e+08            0  1.06191e+18       -1.419  1.19329e+12            0 -2.54374e+10            0       504052            0            0      138.416     -19675.9            0            0            0      1.98671            0            0            0            0            0            0            0            0     0.812489 -2.20613e+14     -34.5799            0            0            0 -1.23683e+10  9.70272e+10
-3.49437e+13   1.2612e+15  1.86914e+15  8.98399e+06  6.17425e+19  9.71205e+12 -7.98078e+07       137310  8.66601e+11  -1.3908e+09  4.66972e+09  1.33754e+09  1.37793e+13 -3.38107e+07      -506249  9.22918e+13  -2.2842e+11  3.28654e+06 -2.00028e+11   1.2633e+14  1.80501e+19 -4.02501e+08  2.47332e+09 -2.08274e+08     -445.183  7.53305e+06  1.54009e+07   6.3499e+17  5.73067e+07  9.11578e+06  1.79264e+08     -28.4157  6.03983e+13 -1.71108e+07 -6.89925e+06  2.10082e+10 -2.24199e+12 -1.83503e+06 -1.41828e+13 -1.19434e+08  4.34454e+11  3.70242e+07 -5.56346e+16 -4.09599e+12  1.03196e+08  4.98306e+18 -5.78915e+12 -4.62124e+07  5.96057e+08  2.38927e+08 -1.69462e+09 -3.58796e+08 -2.03038e+10   1.8845e+07  2.07065e+18  1.09152e+08      82.9249  3.77548e+06 -5.62745e+06 -1.06657e+13  5.26377e+12  4.01151e+09 -2.14116e+11  9.36728e+18      173.719 -6.94772e+13      43.1443 -1.21683e+11      42.4947  2.99307e+07 -1.45978e+12  1.57122e+12       346011  2.52803e+07  -2.0622e+07  3.32481e+09  1.25936e+08      544.822 -1.18317e+06 -6.19553e+07 -1.38626e+06 -5.61467e+11 -8.46218e+06 -4.09438e+08 -2.28688e+08 -1.68375e+08      961.049 -8.69797e+16      49901.8      56361.8  1.44694e+08  2.41054e+07  2.70388e+11 -6.01055e+12
-1.30849e+19 -3.71201e+22 -2.27716e+20  -3.9826e+14  3.73436e+27  -1.4982e+19  2.98728e+15  7.60041e+11 -2.08057e+18  4.86562e+15  7.74687e+16  7.91722e+15  1.27858e+20 -1.87981e+15 -9.10811e+13 -1.52029e+20 -2.49756e+18  9.93639e+13  1.86852e+18  1.80501e+19  1.31065e+28 -1.32721e+16 -6.74825e+15  3.63116e+14 -4.11645e+09  8.14854e+13  4.03603e+14 -2.76841e+25   7.3837e+13  6.52884e+13 -1.09538e+14 -2.49197e+08  6.43141e+20  4.00124e+13  3.19641e+13  4.70774e+17  8.50173e+18  4.87309e+13  5.07831e+19  2.92389e+15 -2.44921e+18  1.16587e+14  4.84785e+23 -4.75753e+19  4.04318e+15 -2.50905e+27  2.57219e+19 -1.68379e+15  6.42322e+15  1.38065e+15  1.16189e+16 -6.57335e+15 -2.05926e+16  5.84618e+13  1.09088e+25  1.49824e+14 -2.04314e+08  1.10441e+13  3.21084e+13 -2.66253e+20  5.99359e+19   1.4594e+16  1.03226e+18  6.81953e+27 -1.27099e+09  1.12642e+20   3.7416e+08  2.29173e+19  4.97748e+08  2.79102e+14  5.24226e+19 -6.08764e+19  2.74708e+12 -4.34432e+12  6.25361e+13   6.2314e+16  3.09334e+14  3.47571e+09 -3.64907e+13 -2.49822e+14  8.19705e+12  2.57098e+19 -1.24592e+14 -2.36356e+15   1.6037e+15  3.19206e+15  1.01634e+10  4.65939e+24  3.11255e+11 -3.11726e+12 -6.99878e+15  3.09611e+14 -7.90929e+18  4.24194e+18
           0  2.10552e+11            0            0  1.88921e+15  2.79879e+10            0            0  3.27012e+07      -128437            0            0 -6.29872e+08     -5455.76            0  2.34314e+10  4.21363e+07            0            0 -4.02501e+08 -1.32721e+16   2.4465e+07            0      -9652.3   0.00560618            0            0  1.06794e+14            0            0            0            0            0     -4320.03            0            0 -3.00703e+08            0            0      13672.3  1.31115e+08            0 -1.19924e+13  5.60199e+08            0  1.15874e+16 -5.10607e+08            0            0            0            0            0  4.56457e+08            0            0     -2215.31            0            0            0 -1.47285e+09  -1.3657e+09       725426 -1.25446e+08 -1.19573e+16    0.0398193            0   -0.0147732  5.24098e+07  -0.00805151      282.799            0            0     -14.6317            0            0            0            0    -0.036434            0            0            0            0            0            0            0            0            0  6.48541e+11     -6.90694            0            0     -2599.41  6.12765e+07 -4.40993e+08
           0 -1.07171e+11            0     -38963.2 -5.48974e+16            0      -292833       -3.155            0            0 -1.11928e+06  2.80947e+06            0      6383.04       227432  2.64855e+10            0     -50484.8            0  2.47332e+09 -6.74825e+15            0  1.09741e+08            0            0       310936      10230.6  1.87976e+14      -244588     -12587.3       636216 -0.000918255 -3.62444e+09            0            0 -1.39688e+08 -1.24703e+08      1780.09            0      -342321            0            0  4.07176e+12  4.32421e+07      -107411  2.11385e+15 -8.94136e+07            0            0   1.0399e+06      -271615  -2.6062e+06            0  1.84876e+06            0  2.22259e+06    0.0050725            0      89232.6  1.66783e+09            0       -74837            0 -2.20638e+16   -0.0306177            0   0.00140196 -1.65833e+08  -0.00100834            0            0            0            0     -3496.62            0 -9.40817e+06       206783   -0.0174872      3136.74 -1.32459e+06      7720.19            0            0 -2.50339e+07       249456      -924561    -0.048507  8.86441e+13            0       186.93            0            0 -1.00422e+08 -1.02118e+08
-2.21826e+09 -6.26073e+09  7.09431e+09      -137.76  1.99405e+14 -8.06925e+07            0    0.0299885 -4.71042e+06       370.36      -1685.1     -1298.69            0      251.721     -11.7673 -2.26071e+08      -603746            0  9.98672e+06 -2.08274e+08  3.63116e+14      -9652.3            0      10016.7  0.000455432            0      11.1501 -1.35928e+12      -127.15            0     -35.7112  -4.6002e-06  6.96214e+07      59.7051       348.53            0  1.25632e+06     -2.47849  8.25712e+07     -27.1091 -1.40148e+06            0  1.37992e+11 -1.57539e+07            0 -1.48686e+14   3.9975e+07            0       117543     -35.3565      -298.57            0      34250.3            0 -4.01002e+11            0 -0.000315455            0            0  7.70662e+07  5.56154e+06     -26552.3  1.89064e+06 -3.96464e+14 -0.000899917  3.15085e+07  9.19383e-05 -2.78077e+06  0.000206702      2.51332            0            0   -0.0178572     -48.1003            0      3323.96            0 -0.000721077            0       22.772     -24.0837            0            0            0     -571.686            0  0.000579066  6.06655e+11   0.00826387     -1.41981            0      5.59321 -3.11536e+06  4.02208e+07
    -542.408       101806      846.569            0  1.90486e+08     -202.484  0.000578941 -6.76242e-07    -0.620415  -0.00436837            0  -0.00250653      993.685  -0.00329333 -0.000215307      4097.62      17.3512 -2.47602e-05      1.66782     -445.183 -4.11645e+09   0.00560618            0  0.000455432  2.34746e-07  0.000297916  2.57764e-05  3.75657e+07 -0.000245572            0  0.000452822 -7.02313e-12      19.7053 -0.000146697 -3.46906e-05            0     -11.9601            0      55.2804 -8.74333e-05    -0.628374 -0.000380879 -1.14974e+07      222.753   0.00067757   2.1539e+09     -321.366            0    0.0026358            0   0.00324198            0      2.90104 -0.000252391 -6.00232e+06  -0.00140711  2.11377e-10  4.26964e-05            0     -784.428      30.7518     0.355799    -0.548603  4.53099e+09  1.94503e-08      -149.96 -1.51471e-08       65.695 -4.23718e-10 -2.47351e-05            0     -1.20541 -2.23152e-06   1.8708e-06 -6.94175e-05            0 -0.000202331 -4.96851e-10            0  0.000293258            0      1.06607 -0.000129579  -0.00445895  -0.00219007            0 -3.27093e-09 -7.63328e+06 -1.07023e-05  9.02992e-07  9.18427e-05 -0.000947359      22.6565      63.6366
           0 -4.96519e+09            0      1012.36 -9.44553e+14            0     -940.828   0.00508828            0            0       281733       177902  3.51922e+07      416.016      7183.01 -6.15618e+08            0     -468.305            0  7.53305e+06  8.14854e+13            0       310936            0  0.000297916      67197.8     -509.924  1.67058e+11     -15272.5      1114.23      12090.7            0            0            0            0 -5.09073e+06  4.16713e+06     -74.7183            0      14189.6            0            0  1.61991e+11  6.76912e+06       154285 -1.72846e+14  2.60303e+07            0            0     -5258.44      -258964      -100494            0     -1203.77            0     -67445.7 -0.000477348            0      -3054.3  6.78763e+07            0     -18558.7            0  5.22425e+14   0.00110359            0 -0.000196791  -5.0248e+06 -5.85624e-05            0            0            0  -0.00492549      852.646            0      68478.6      40324.9  -0.00119802            0     -70530.6     -3.17245            0            0       180300     -5163.38       265263            0  1.36246e+11     0.261008     -19.0379            0            0 -2.86231e+06 -8.20655e+06
           0 -4.77405e+09            0     -5156.91  5.89198e+14            0            0   0.00886916            0            0       -18471       100822            0      13.8568     -421.805 -6.17168e+08       250016      164.153            0  1.54009e+07  4.03603e+14            0      10230.6      11.1501  2.57764e-05     -509.924      9577.55   -1.502e+12     -1555.71     -63.8107      -1350.5 -2.10733e-06            0            0      1.95481       357729  2.84946e+06     -92.3332            0      4186.63            0            0  6.18158e+10 -1.65823e+06      583.766 -5.98492e+14 -3.49267e+07            0      498.487      814.761      14513.5      11254.9            0      -1773.5            0     -981.399            0      4.48977     -198.658  5.26832e+07            0     -23575.2            0 -1.55561e+14  0.000289839            0  9.52937e-05  1.45549e+06            0            0            0            0    0.0571557      25.8477            0      82342.7      1676.23  0.000294009            0     -634.775      200.575            0            0      2493.49      26245.6     -14196.4            0 -3.46533e+11     0.060209     -39.2033            0      219.682 -3.19691e+06 -2.74916e+06
 6.84701e+17  9.73032e+20  8.17149e+17  1.73028e+12  5.49776e+25   1.7528e+17 -5.11858e+12 -3.54745e+10  1.19038e+16 -1.62657e+13 -3.01874e+14 -1.37014e+14   4.8323e+17  7.06302e+13  3.47717e+12  6.53161e+19  1.94565e+16 -2.65352e+11  -4.6578e+15   6.3499e+17 -2.76841e+25  1.06794e+14  1.87976e+14 -1.35928e+12  3.75657e+07  1.67058e+11   -1.502e+12  1.11803e+24   6.3359e+12  -6.5892e+10  1.82624e+12  1.01619e+07 -1.25112e+19 -1.95757e+11 -1.97551e+11  2.77017e+15 -1.46931e+17 -1.15514e+11 -1.56511e+17 -4.92934e+12  1.71214e+16   5.6682e+12 -7.80739e+21  1.13375e+17   5.3619e+12  2.09283e+25 -1.45143e+18  9.38556e+12  -7.8067e+13 -1.97002e+13  2.63845e+13  4.50977e+12  1.48723e+15  2.98805e+12  2.62927e+23  9.57167e+12  1.41269e+07  1.03674e+11 -5.78508e+11 -5.73065e+18  -6.0635e+16  2.91046e+15  4.72881e+14  1.55871e+25  3.57271e+08 -2.40802e+17 -3.12615e+06 -1.15008e+18  4.97305e+06  1.36348e+12 -1.79058e+17  1.89964e+17  7.47469e+09  1.43434e+11 -4.45841e+11 -3.75909e+14  7.29444e+11  3.95784e+07  2.20608e+11  -4.0458e+12 -2.18844e+10 -6.96975e+16  4.49042e+11 -3.95252e+13 -1.23854e+13 -2.73982e+13 -2.34535e+08  1.16225e+22 -2.49941e+09  1.78772e+10   1.8671e+13 -1.84488e+12  1.23118e+17 -1.33227e+17
           0 -5.87456e+09            0      9258.75  5.55615e+14            0            0     0.737953            0            0  2.21429e+06  1.50432e+06  1.23661e+08      1780.98      60545.9 -5.53848e+09      41820.7      22344.9            0  5.73067e+07   7.3837e+13            0      -244588      -127.15 -0.000245572     -15272.5     -1555.71   6.3359e+12       365579      10473.9      -118035  0.000161821  7.76892e+08            0     -22.2896  3.70953e+06 -1.71266e+07     -12.8931            0       268151            0            0 -2.57315e+11  5.76209e+06       223908 -2.06681e+15  9.55954e+07            0     -5684.56      -183775 -1.36349e+06      96103.8            0        48998 -1.91838e+12       145174 -0.000620941            0     -29448.6  1.15262e+08            0     -77204.1            0  1.03295e+15   0.00358402 -7.07047e+07 -0.000310325 -1.35232e+07 -0.000289988      13.3226            0            0     0.485286      3285.92            0       511153      3025.06 -0.000455333     -159.069     -68888.8     -412.319      -796549            0      -919389     -40023.9       273599    0.0103974  1.43384e+12    -0.237353      36.3117            0        41.46 -2.01833e+06 -3.04943e+07
           0 -1.12849e+09            0     -5.20198  1.50643e+13            0            0            0            0     -19.7981      67761.7        38377            0      118.787      4130.06  -2.8214e+08            0      1318.02            0  9.11578e+06  6.52884e+13            0     -12587.3            0            0      1114.23     -63.8107  -6.5892e+10      10473.9      1503.82     -2885.08            0            0            0            0  4.29688e+06       322478     -4.11192            0       6377.3            0            0  1.41053e+10            0      15662.5 -1.93517e+14  6.86253e+06            0            0     -4041.72     -62531.1     -6739.21            0      3146.54            0      8337.01  1.65425e-05            0     -1128.69  1.73497e+07            0     -7833.05            0 -1.70136e+13  0.000184465  -1.3057e+06            0 -1.57795e+06  1.47188e-06            0            0            0            0      220.807     -16.2159      4186.18       2198.8  8.14933e-05            0      -7795.7     -3.23174            0            0     -55848.1      203.005      38170.5            0 -7.57228e+09    0.0204436      1.32102            0            0      -869473 -1.48112e+06
           0  3.11004e+10 -1.29816e+09       41.155  1.28004e+15            0            0     -0.22767      -158676      456.964      -709399      -562322  8.62732e+07     -2348.59      -107986  5.91181e+09      -126804     -17152.7            0  1.79264e+08 -1.09538e+14            0       636216     -35.7112  0.000452822      12090.7      -1350.5  1.82624e+12      -118035     -2885.08  1.23131e+06 -6.62656e-05 -2.61547e+08            0            0  3.66742e+07   1.9788e+07      169.293            0      66397.4            0            0 -3.71946e+11  6.36689e+06 -1.68429e+06  9.93738e+14 -1.33813e+08            0     -1576.74       107390  1.21878e+06 -1.94995e+06            0      -172946            0      73282.8   0.00040121            0      29577.8 -3.08248e+08            0      73120.2            0 -6.49985e+14  -0.00249986  4.83773e+08 -0.000194076  1.64308e+07  1.25178e-05     -10.5851            0            0    0.0734619     -3530.13            0       149934       118054   0.00797657      -84.844     -43492.5     -108.998            0            0       657177      8234.85 -1.22969e+06  -0.00350037 -5.59659e+12   -0.0833786      2.01415            0     -111.424  8.77798e+06  4.43445e+07
    -5.92379      8585.01     -154.126  6.90908e-06  6.18705e+08            0            0  2.84905e-07     0.179728 -0.000164136  -0.00128944   0.00249146     -11.7915  0.000198091            0      484.686  -0.00812172  3.62153e-06    0.0142183     -28.4157 -2.49197e+08            0 -0.000918255  -4.6002e-06 -7.02313e-12            0 -2.10733e-06  1.01619e+07  0.000161821            0 -6.62656e-05  1.13451e-09      446.182            0  5.18138e-07            0       3.2555            0      -2.8556  0.000620613     0.244576  -6.6194e-05      22270.9      3.64307  2.74885e-05  1.63971e+08     -3.31891  0.000311944  0.000553385 -4.11136e-05  5.62439e-05            0            0  0.000159575      -272900            0 -1.43265e-11 -1.48317e-06 -1.30183e-05     -46.3775            0    0.0254371            0 -1.77631e+08  3.33814e-09            0 -1.00829e-11     -14.1471 -3.90316e-11  2.16195e-07     0.117008   -0.0420207 -7.08712e-08  2.88778e-06 -1.61529e-05 -0.000534168  -7.3035e-05 -6.72892e-10  1.42311e-06   7.9276e-05  1.43197e-06            0  1.86096e-05   0.00157861 -0.000503119 -0.000473479  1.89524e-09      19626.5 -3.60234e-09   6.0405e-10 -1.22929e-05 -1.31398e-05     0.993377      3.43402
