      666033     -306.255      2410.56      5.00413     -60556.5      437.324            0            0     -53.6664      434.218     -49.7805            0      3165.32       37.757            0     -774.906      25.1525            0     -318.585     -351.434      756.539            0            0     -4989.68     -1.07494            0            0      4793.43            0            0     -28.7684  -0.00709134     -52.9913      590.248     -258.443            0     -116.161            0     -3692.87      168.568     -1452.21      14.7348      1107.42      365.194            0     -961.567      94.0613     -340.736     -5381.76            0            0     0.460023            0            0       5700.7      4.88534  -0.00917507            0            0      41.9657      8675.52     -30.6296      20.9648     -15849.4      4.08558      5829.65    0.0811133     -239.969     -0.37742      5.08734            0            0      5.95578     -26.1585      21.1943            0            0      1.41778            0     -603.115            0            0            0            0     -1.79646      8.32541    -0.726986      9685.05      1.92977     -1.45646            0      0.98141     -5.82046     -48.1028
    -306.255      898.858     -149.789      10.8214      97286.4      11.9366     -2.59806     -2.99278      14.4118      -11.113     -60.5056       -18.89     -322.985      59.4413      2.75523      361.818      24.1023     -9.47613     -18.3316      78.9517      -6321.9      33.3189     -7.06436      -28.874     0.569886     -7.75214     -6.92455      18634.4     -1.80798     -5.49902      25.6279    0.0245543     -114.284     -5.26889     -6.85733     -3.57152     -30.6162     -19.1563     -146.916     -9.04213      21.8985     -4.69557      -1604.5      226.416     -10.1163      12928.2     -55.7994      32.4358     -79.3567     -12.0757      17.9746     -4.51216      7.62097     -23.4593      26003.1     -55.0931   0.00609831      -1.2356      3.58805     -74.8492     -31.7405      161.594     -2.78913      16177.1    -0.262557     -70.4588    -0.100961     -231.207    -0.211746     -11.8904     -22.3718      93.7679     -3.73746    -0.937404     -9.70083      -52.575   -0.0474134     0.173964      6.03612      30.0179    -0.787819     -15.3083      36.0952      63.6329     -3.51523     -32.2171     -2.15155      -3.5364     -1.35846      1.94767      5.51594     -2.04156      28.0199     -33.1938
     2410.56     -149.789      72356.1            0      69149.4      179.277            0     0.132953     -117.321      121.133     -49.7257            0     -141.661       5.4288            0     -107.271            0            0      174.395     -224.631      3663.54            0     -124.478      624.829    0.0643544            0            0     -659.853            0            0     -11.1731  -0.00897328            0      75.0829      33.8181            0     -33.1383            0      1463.36      673.207     -759.539      1.22187      278.478     -39.5375            0     -9837.92      45.3218            0      148.487            0            0            0            0            0     -7140.68            0  -0.00414571            0            0      30.2146            0     -51.9833      11.0765     -1726.51    -0.707763      176.812            0     -35.8056            0    -0.103876            0            0     0.395877      6.45617            0      13.9076            0     -1.06199            0      616.556            0            0     -12.7975  2.66076e-26      2.34073            0 -3.20845e-28     -368.669       2.4196    -0.735106            0            0     -43.3577     -25.0413
     5.00413      10.8214            0      82.7555     -3059.41     -1.13041            0  -0.00209272            0   -0.0204782     -7.08178     -132.437            0    -0.233498       2.7856      6.22824    -0.210295      -9.0531            0      2.39208     -210.239            0     -12.5638     -2.54263            0       4.9258     -26.7246      60.1339      16.6092    -0.226846     0.187535  7.27901e-05    -0.203153            0    -0.937303            0    -0.657617      5.82889       -1.074      11.1171            0            0      -34.838      2.47495      0.72966      674.594      3.30424            0     -11.5081     -17.1873     -33.3692      5.84544            0       14.477      827.725      -1.1507 -4.02358e-05            0     -21.1331      -2.3819            0      4.15188            0      218.322   0.00395684            0  -0.00576333     0.467569            0            0     0.108881    -0.131825  -0.00475216    -0.494552            0     -23.1084    -0.122274    -0.027984     0.660805      16.4985     -12.3809            0            0      48.7121     -20.1722     0.359118  -0.00165262      91.9493   -0.0169765      4.68803            0    -0.155733      6.45034     0.811179
    -60556.5      97286.4      69149.4     -3059.41  1.55423e+08     -2255.24     -1382.47     -1270.99     -2910.97      3836.88      20546.9        28612       116367      9438.02      5727.98       223062      -1979.8      4956.48      5871.02      5857.58       790423     -2910.84     -4922.68      7540.26     -23.7119     -2070.53      2420.37  4.47313e+06      1895.97      2410.59       3426.8      5.28791     -5044.77      1189.68      851.217      3217.94      2525.44     -494.804      41252.8      19491.7     -4637.39     -2263.08     -7274.46     -53240.6     -1167.67 -4.93831e+06     -37497.6      4829.59      10128.9     -601.507     -31576.3     -4332.84     -1187.05     -9885.22 -2.44492e+06     -5942.14      16.8177      1654.95     -5367.33     -17936.4      19298.5         3620      416.883  2.22839e+06     -223.287      25949.9       37.872     -38334.1      67.4872     -440.013      1825.58     -18682.3      1450.58      691.729       808.99      8637.15      337.123      467.584     -2355.55      8128.05     -197.403     -790.484     -5713.22     -2529.85     -1125.03     -9121.91     -103.607      -334185      174.517      88.3587      459.687      618.009      13672.5      3514.68
     437.324      11.9366      179.277     -1.13041     -2255.24      525.331            0            0      4.31744     -1.59719      -63.982      3.36789      4.71893     -1.00454     0.285897      7.14636            0     0.605186     -5.55382      58.3459     -218.935      303.744    -0.557559       -23.19   -0.0710985    -0.359738     0.302689      185.903    -0.227296            0     -43.3071            0            0     -14.0491    -0.276874            0     -2.18764    -0.104188     -46.7167      74.1926      39.6501            0     -109.731      1.18901            0      125.667     -3.23184            0      7.22329     -2.20682      5.04172      23.2933            0      0.89234       231.48       75.141            0            0     -1.42447     -2.13459     -16.1417      3.98972    -0.355624     -17.0811     0.160463     0.921624            0      3.69973            0            0            0            0            0     0.669527            0            0   -0.0586669     0.021092            0       39.885    -0.504106    0.0872005            0      1.24555            0      1.29909            0      -66.879    0.0105398     0.468122            0            0      2.14477     -34.7539
           0     -2.59806            0            0     -1382.47            0      13.0379  -0.00333941            0            0            0            0            0    -0.156344    -0.871292      10.4962    0.0840209     0.529843            0     -2.75362      355.659            0     -15.0009            0   0.00223294    -0.985468            0     -73.6715            0            0            0            0            0            0            0            0     0.407663            0            0            0            0            0      4.38281            0            0      193.151       1.0737            0            0     -7.36659            0            0            0     -7.46423     -291.946     -13.4276  -0.00035146            0     -1.30502   -0.0218782            0      1.28028            0      266.676   0.00851451            0            0      1.65553            0            0            0    -0.107523            0            0            0            0            0    0.0145785            0      8.22305            0            0            0      26.5933            0            0            0       45.032   -0.0201176            0    0.0652774            0     -2.58326     0.536359
           0     -2.99278     0.132953  -0.00209272     -1270.99            0  -0.00333941     0.132965  -0.00771216    0.0123471     0.195299     0.264022     0.192809     -0.23835            0     -3.06555   -0.0194597    0.0286701            0      1.03907      21.2059            0   -0.0410612    0.0213916 -0.000515585   0.00108677   0.00180127     -116.136    0.0533665            0   -0.0584268  0.000113421      1.83797            0    0.0103492            0    -0.210376   -0.0120613   -0.0300378     0.210325    -0.165606    0.0134869     -5.98747    -0.228373  -0.00674399      38.6886     0.467326   -0.0662756    0.0412867    0.0975921     -0.21246   -0.0110442            0     0.115303     -51.5753     0.139321 -3.93043e-05            0   -0.0389607     0.235361      0.23073    -0.335319            0     -59.8516   -0.0526502    0.0283302  0.000123382      1.01338   0.00055675 -0.000339467  -0.00336574     0.011003   0.00596742   0.00669541            0     0.049498            0  -0.00125001  -0.00477472     0.156234            0            0  -0.00418348     0.504204            0    -0.154541    0.0225077      2.93802   0.00333589            0            0  0.000270726    0.0495128    -0.414005
    -53.6664      14.4118     -117.321            0     -2910.97      4.31744            0  -0.00771216      37.3579      -6.8985     -1.11029            0     -2.07848    -0.399605            0      7.98574     0.446098            0     -9.81784      40.7158     -289.335       4.3983     -0.29776     -18.1234  -0.00213207            0            0      120.109            0            0    -0.388803  0.000411451     -1.80499     -1.93786     -1.95839            0     0.705504            0     -118.828      3.30586      17.6402   -0.0233355     -46.3821      6.37866            0      632.048     -4.32345      1.34133     -11.6059            0            0   0.00364471     -0.79918            0      525.988    0.0230574 -7.93446e-05     -0.46415            0     -3.09738     -4.25621      4.83434     -4.06837       83.318     0.107869     -25.9237            0      2.78418   -0.0168019    0.0142106            0            0    -0.168323      1.37966            0     0.200467   0.00431681   -0.0297816            0      -3.2372            0   -0.0198392      6.64667            0   -0.0979255            0   -0.0185494     0.131131  0.000383041    0.0307537   0.00506666  -0.00898639      3.56915      -7.1597
     434.218      -11.113      121.133   -0.0204782      3836.88     -1.59719            0    0.0123471      -6.8985      11.0382     0.860384            0     -11.1304     0.531606            0     -4.10741   -0.0650046   -0.0652435      1.87398     -23.4264      243.661      -6.2815     0.278048     0.331471  -0.00755576            0            0     -25.5182            0    -0.045674     0.160059 -0.000134081     0.528291      2.38363     0.681456            0    -0.892915            0      134.856    -0.905649     -11.6626    0.0721752      27.6661     -8.11601            0     -552.242      3.36341     -1.80124     -5.94875            0            0  -0.00114977     0.775385            0     -484.831      1.81205 -0.000110188     0.120937            0      2.65841      35.0889      -4.1998     0.694427     -147.889   -0.0467843      69.9596            0     -3.48579   0.00143332    0.0357182   -0.0514113            0     0.133354    -0.785652      6.30512    -0.206113    0.0251324    0.0511357            0     0.413436            0     -0.11536     -1.40598            0    0.0400322   -0.0340227   0.00644856      37.9934   0.00427562    -0.004304    0.0294643    0.0154166      -3.3542     0.229454
    -49.7805     -60.5056     -49.7257     -7.08178      20546.9      -63.982            0     0.195299     -1.11029     0.860384      6305.76      627.541            0      1.16629      201.739      6.88332            0       160.09     0.777984      31.7139      2286.64     -35.1123     -81.5749     0.252367   0.00862222      83.4448     -4.82013     -741.525      136.291      49.0732     -114.558  -0.00060662            0      1.64275            0     -13.1849        12.39     -511.952      6.54404      9.95097     -4.85576            0        283.1     -54.3805      2.26133     -1735.13      5.18489            0     -8.19419      -502.62     -1313.89      -85.763            0      198.499     -3670.28      536.238  0.000414504            0     -192.191      8.54492      2.26117     -15.7295            0      -1421.7    -0.844755      187.931            0      2.40679   0.00824988            0            0            0            0      40.2532            0      883.924      44.2168    -0.936135     -138.284      155.489     -3.77756     -1.16292            0     -795.729     -2.50071      157.143            0      360.707    0.0731258      22.9652            0            0     -19.9111       2.5224
           0       -18.89            0     -132.437        28612      3.36789            0     0.264022            0            0      627.541      7820.89            0     0.970173      362.449     -92.9238       1.9413      188.036            0      27.4191      409.577            0      68.3356     -2.75374  -0.00479002      71.0126       13.279     -564.147      220.725      88.1168     -173.085   0.00259718      35.0975            0     -1.01502      181.427      2.23867     -53.8668            0      464.305            0            0     -26.3769      8.37115      116.399     -5003.13     -5.88977            0     -12.4637     -1107.89     -894.636      113.683            0     -353.588     -4458.41      19.8473   0.00643844    -0.905418     -717.823      6.94567            0     -13.8474            0     -2446.93    -0.467822     -24.2697            0      8.71232            0            0            0            0    -0.146838      39.5242            0       137.12      39.1688    -0.239105            0     -78.6704      35.7266            0            0     -2399.74     -50.8854     -192.717     0.518341      593.301     0.137613      -49.049            0      1.43764     -17.0636     -8.74736
     3165.32     -322.985     -141.661            0       116367      4.71893            0     0.192809     -2.07848     -11.1304            0            0       136963      35.6927     -1.03149     -2.05836      31.3728      3.14286            0      167.633      7470.64     -31.8001            0            0      1.17411      9.12717            0      4057.81      10.5836      1.01272      18.3178  -0.00782526            0      -22.466     -4.83275            0      -35.669            0      13.1621            0      12.8118            0     -936.536     -3877.25      7.78267     -18486.7      77.7715      9.63322            0            0            0            0      44.2001     -13.9071     -4519.77      646.964            0      203.715            0       86.497            0     -124.965            0       -11116     -2.01563      253.709      -1.0781     -92.4359    -0.278191       1.8648            0            0      292.389     -1.25763            0            0      4.46227     -4.86151            0      46.9339            0    -0.987493      -1134.1      40.7767            0            0            0      4503.94     0.100862            0     0.268525      9.55908     -152.774     -137.445
      37.757      59.4413       5.4288    -0.233498      9438.02     -1.00454    -0.156344     -0.23835    -0.399605     0.531606      1.16629     0.970173      35.6927      10.3064      1.33334      31.9264     -1.50064      1.92325      1.32987     -3.01424     -500.461     -1.35763     0.660603      1.88496   -0.0298738      1.02814    0.0214365      2148.93      1.17859     0.904616     -3.11455   0.00104794     -1.73144     0.129442     0.230115      0.63729    0.0456331     0.327961      10.0407       2.9983    -0.410639     0.116294       79.483     -14.9503      1.39245      816.537     -3.56878     0.341549      1.30127     -3.50893     -2.42957    -0.371639    -0.627996      2.75404      1701.11      6.02344  0.000641288     0.228339     -1.94612     -4.83194      4.30243      10.8603      0.28522      1088.55     0.915095      7.66656   0.00783384      -15.711    0.0015683     0.457517     -2.04821      7.54287     0.275213     0.389547      0.47905      1.27323     0.123486  -0.00380812    -0.110324     -3.58207   0.00338655     -1.16433    -0.636898     -10.1355     0.117845      3.51178    0.0134961      97.2527    0.0944081   -0.0393717      0.46426     0.126352   -0.0667926     -1.34305
           0      2.75523            0       2.7856      5727.98     0.285897    -0.871292            0            0            0      201.739      362.449     -1.03149      1.33334      329.078     -14.5054     0.048251       125.66            0    -0.338342    -0.847689            0      79.3254    -0.205316  -0.00367495      34.1927     -2.48698      298.247       64.738       51.132     -198.329            0            0            0   -0.0757325     -77.8324    0.0872493      10.5791            0      34.3315            0            0     0.776848     -2.45617      52.9657     -1589.57     0.657706            0    -0.929217     -261.448     -483.838      77.2343            0      50.4047     -1057.87      57.1258   0.00336969            0     -165.202       2.1714            0     -1.14458            0      -631.75    -0.208877     -7.59392            0     -5.31587    0.0083086            0            0            0    0.0238194      19.6859            0     -25.3166      5.27758    0.0664098            0     -195.184     0.801053    -0.247713            0     -416.187     -2.40918      440.692            0      302.323    0.0122471      1.39914            0            0    -0.171862     -4.01383
    -774.906      361.818     -107.271      6.22824       223062      7.14636      10.4962     -3.06555      7.98574     -4.10741      6.88332     -92.9238     -2.05836      31.9264     -14.5054      7257.08      13.5046     -27.4058     -7.73019      68.0332      4690.85      28.9341      22.3145    -0.234021     0.154647     -10.0772     -5.48803      12999.9     -21.8523     -9.25277       53.108    0.0119224      -114.48     0.979153     -3.00174     -3.44757     -12.9348     -2.14292     -160.887     -45.0059      16.2219     -2.85873      -572.13      65.7898     -17.8335      69135.5     -190.443      30.7356       -55.84      124.359      48.1521      1.15248      13.5504     -32.9992      32184.9     -24.9231    -0.254426      3.48346       35.167     -16.5531      13.4084      26.6583     -1.62305     -7461.52     -2.02343     -89.8373  0.000439975     -146.888     0.200891     -11.4168      6.72695     -76.5511       2.2535     -6.85466     -10.3341     -10.1007     -1.02037      8.20642     -3.38248      18.0361     -1.84013      22.4936       39.817        68.77     -5.83079     -59.0306     -1.93144       4072.2    -0.909783      2.44762     -12.3828    -0.834251     -8.73845     0.639231
     25.1525      24.1023            0    -0.210295      -1979.8            0    0.0840209   -0.0194597     0.446098   -0.0650046            0       1.9413      31.3728     -1.50064     0.048251      13.5046       61.392    0.0717091    -0.860666     -9.60935     -364.067       6.2533            0     -2.76502    0.0909521            0     0.305564      228.686    0.0320688            0    -0.182925 -5.65754e-06    -0.722773            0    -0.247475            0     -3.83883            0      1.33793            0     0.127503   -0.0375602     -468.515      37.3802    -0.033673      504.464     -4.17767     -1.55988     -10.6128            0    -0.594216      0.19487    -0.879185    0.0471582      755.852     -1.41545 -0.000332192   -0.0421259    0.0490938     -3.31326     -1.87698      6.47793   -0.0773397      405.677     0.235891      2.05328   -0.0436899      6.55802   0.00118268     -0.10276            0            0     0.222745    0.0120531   -0.0927391            0            0   -0.0965492            0     -1.35546            0    0.0252885            0     0.384109    0.0641894            0   -0.0236839     -108.786    -0.457867    0.0619038   -0.0595046     0.755184       4.9671       2.2365
           0     -9.47613            0      -9.0531      4956.48     0.605186     0.529843    0.0286701            0   -0.0652435       160.09      188.036      3.14286      1.92325       125.66     -27.4058    0.0717091      259.036            0      1.78425      169.603            0     -45.7948            0  -0.00145118      1.02393      2.24726      10.8939      112.346       75.122     -171.129  0.000124743      3.27959            0            0     -8.16027     0.142279      1.64556            0      165.439            0            0      22.9911     0.116484      66.9698     -1598.31      3.65084            0            0     -252.443     -394.237     -79.5922            0      111.781     -1094.34      251.675  0.000584451            0     -136.035      3.49414            0      -5.3862            0     -80.6152    0.0737037     -5.31358            0     -5.09905  -0.00120524   -0.0136534            0            0   0.00739739      29.8831     -2.98058      24.0829    -0.310145    0.0114909            0     -164.151      4.73241            0            0     -937.174     0.477717      332.257    0.0484349     -8.31408    0.0428775     -1.10793            0    0.0622035     -3.94406     -4.67653
    -318.585     -18.3316      174.395            0      5871.02     -5.55382            0            0     -9.81784      1.87398     0.777984            0            0      1.32987            0     -7.73019    -0.860666            0       735.75     -42.9078      472.632            0            0        76.17    0.0136559            0            0     -8.25408            0            0     0.449726  4.78435e-05      3.44184            0       10.085            0     -1.53401            0      169.302    -0.346033    -0.406129            0      59.4609     -7.83842            0     -703.552      3.16457            0      302.847            0            0  -0.00719167            0            0     -293.893    -0.986684   0.00017976            0            0      3.56997      7.00142     -7.41404            0      327.346   0.00614438      75.9271            0     -7.85929            0      1.42795            0            0    0.0164513    -0.221207            0            0            0    0.0430887            0      40.9496            0            0            0            0            0            0    0.0135798     -48.9697  -0.00762936            0            0            0     -7.02471      16.9737
    -351.434      78.9517     -224.631      2.39208      5857.58      58.3459     -2.75362      1.03907      40.7158     -23.4264      31.7139      27.4191      167.633     -3.01424    -0.338342      68.0332     -9.60935      1.78425     -42.9078      690.513     -16.9371      9.19955      5.07996     -151.802    -0.242513       2.2912      1.84434      1288.69      2.12508      3.92351      13.5108  -0.00782904      55.3355     -11.6486     -16.8122     0.824514     -19.4238     -8.58551     -271.175      57.9083      18.1048      1.30983     -561.865     -90.3627      1.39924      1145.77     -20.8966     -4.25118     -144.664      33.1682     -58.9415     -4.12748     -3.41779      1.62092      1383.12       18.038   0.00559706      2.03392      -2.5697     -11.9504      14.0282      16.1995     -2.98982      1029.13     0.609566      -293.14    0.0532093      -1.8412    0.0974974      4.95012      -13.514      51.6995      2.34393      16.8895     -27.1541      8.39174      2.04876     0.686237     0.340549     -41.2052   -0.0313648     -8.26516     -14.6538     -9.46195     -1.22556     -6.38122     0.972567     -373.867     0.707315     0.409243      3.29655     0.862728      10.3335     -77.7393
     756.539      -6321.9      3663.54     -210.239       790423     -218.935      355.659      21.2059     -289.335      243.661      2286.64      409.577      7470.64     -500.461    -0.847689      4690.85     -364.067      169.603      472.632     -16.9371       631018     -658.769      45.7778      612.383     -7.52234      15.3661      147.245      -135041     0.225493      85.3357     -71.6088     -0.20627      1851.83      67.0181      112.441      145.887      258.446      330.115      3104.18      305.146     -495.028      21.9797      15302.2     -3779.86      176.411      -132914      238.513     -443.759      1140.45      504.922      809.602     -328.218     -63.2124      170.777      -464879      521.846   0.00909133      28.4933       43.669     -202.372      951.536      81.2075      39.7373       392651     -4.02541      1814.47       1.7653      1572.48      3.78622       142.47      1446.86     -5665.99      68.8021     -4.08108      175.396      972.371      9.58885      18.6466     -149.383     -132.915      9.74805      1135.69     -685.108     -264.512      27.0705      331.527      33.8864      63621.1      17.6148     -31.6725     -427.617      40.5659     -72.0675      175.196
           0      33.3189            0            0     -2910.84      303.744            0            0       4.3983      -6.2815     -35.1123            0     -31.8001     -1.35763            0      28.9341       6.2533            0            0      9.19955     -658.769      1187.93            0     -13.9256   0.00817958            0            0      461.714            0            0     -24.9902            0            0     -8.51822            0            0     -8.04811            0            0      39.1732      23.8464            0     -349.024      42.8749            0      1418.46     -4.55891            0            0            0            0      13.9517      238.623            0       1351.7      41.6014            0            0            0     -4.61644     -14.5259      9.06831     -4.25914     -465.019     0.265394            0   -0.0593974      2.89202   -0.0643122     0.146134            0            0    -0.334404            0            0            0            0     -0.13882            0      22.5484            0            0            0            0            0            0            0      48.7314    -0.287877            0            0    -0.313159      7.01533     -15.4712
           0     -7.06436     -124.478     -12.5638     -4922.68    -0.557559     -15.0009   -0.0410612     -0.29776     0.278048     -81.5749      68.3356            0     0.660603      79.3254      22.3145            0     -45.7948            0      5.07996      45.7778            0      1171.43    -0.999604            0      58.1228      3.04526      559.383     -17.3096     -6.63995       92.287 -0.000311363     -4.70692    -0.125119            0     -17.0175     -1.94568     0.413245            0     -27.4843     0.984848            0      50.4318      3.81055      2.25238      306.793    -0.398392            0     -4.47805      367.726     -42.0926     -69.3852            0      356.949     -781.686      734.048  0.000705844            0       78.611      1.85812            0    -0.596279            0     -946.609     -0.14604     0.813395   0.00436762     -4.23108  -0.00477167            0            0            0            0     -3.11986      12.7012     -135.679      4.16632   -0.0420935      15.8985     -486.591      5.41679            0            0     -1787.55      1.23736     -96.1044   -0.0695143      477.997  -0.00814461      2.49268            0            0     -6.82109     -2.10407
    -4989.68      -28.874      624.829     -2.54263      7540.26       -23.19            0    0.0213916     -18.1234     0.331471     0.252367     -2.75374            0      1.88496    -0.205316    -0.234021     -2.76502            0        76.17     -151.802      612.383     -13.9256    -0.999604      434.114    0.0195048            0     0.141349     -69.9124    -0.592703            0       1.0705 -0.000135701      6.01814      3.39092      32.0929            0      1.07784    -0.480375      161.696     -7.89813     -9.81297            0      107.402     -35.9045            0     -815.661      11.6116            0      539.977     -1.03219     -1.04161    -0.827179     0.534334            0      -1349.4     -2.58936  -0.00180435            0            0      7.07836      1.74514     -9.96031      1.98904     -956.671    -0.172761      4.27785    0.0108465     -4.38134    0.0472064    0.0417532            0            0   -0.0115909     -3.03858            0       1.7974            0   -0.0987391            0      75.4674     -1.10231            0            0            0     -0.38157            0    0.0567312       140.47    0.0185943    -0.605177            0    0.0201026     -10.8976       40.492
    -1.07494     0.569886    0.0643544            0     -23.7119   -0.0710985   0.00223294 -0.000515585  -0.00213207  -0.00755576   0.00862222  -0.00479002      1.17411   -0.0298738  -0.00367495     0.154647    0.0909521  -0.00145118    0.0136559    -0.242513     -7.52234   0.00817958            0    0.0195048    0.0139895    0.0041401    0.0003339      5.24881  -0.00104774  0.000241308    0.0103597 -2.05762e-07   0.00129739   -0.0104737  -0.00461214            0   -0.0153362            0     0.129495  -0.00890548  -0.00288509  -0.00152574     -11.9324      0.61617  0.000985123      9.66461    -0.105817            0   0.00435748            0   0.00964043   -0.0030127    0.0497218  -0.00304174      20.7752    -0.064368  3.50598e-06   0.00223387            0   -0.0798127   0.00958672     0.141718  -0.00065752       12.712   0.00427103     -0.07185  -0.00215811     0.135949 -0.000111917 -0.000391614            0  -0.00403224  -0.00237505  6.38754e-05  -0.00657682            0 -0.000342476  0.000154153            0   0.00054998            0   0.00160724   -0.0256389   -0.0342967  -0.00144373            0 -0.000361589     -2.57291    -0.015803  0.000472471  0.000269142  -0.00396121    0.0806788    0.0845927
           0     -7.75214            0       4.9258     -2070.53    -0.359738    -0.985468   0.00108677            0            0      83.4448      71.0126      9.12717      1.02814      34.1927     -10.0772            0      1.02393            0       2.2912      15.3661            0      58.1228            0    0.0041401      274.392     -0.65505     -4.05391     -17.7878      16.4734      31.7245            0            0            0            0     -9.78755      0.99863     -5.29682            0      16.5344            0            0      42.9306      4.16664      73.8473     -261.306       2.2299            0            0      4.03496     -239.281     -70.7555            0      20.4905     -162.549     -60.1309 -0.000920256            0     -56.7296      1.99893            0     -2.34216            0      141.019    0.0847318            0  -0.00618414     -2.85962  -0.00352381            0            0            0  -0.00378905      16.3633            0      13.2745      17.6889   -0.0521102            0     -494.845      0.44798            0            0      152.433     -1.18762       401.11            0      8.18112     0.100742     -2.69624            0            0     -3.22801     -2.96325
           0     -6.92455            0     -26.7246      2420.37     0.302689            0   0.00180127            0            0     -4.82013       13.279            0    0.0214365     -2.48698     -5.48803     0.305564      2.24726            0      1.84434      147.245            0      3.04526     0.141349    0.0003339     -0.65505      33.1889     -26.9157     -2.66595    -0.661043     -2.82361 -1.49682e-05            0            0    0.0521023     0.656891     0.659463     -5.17443            0      7.67119            0            0      14.5984     -1.05413     0.139534     -541.177     -2.78288            0     0.639762      4.15583      12.2163       4.7408            0     -4.33332     -561.768     -4.40346            0    0.0631129    -0.724906      1.47349            0     -2.38131            0     -128.158    0.0208161            0   0.00266349     0.883835            0            0            0            0    0.0102354     0.411623            0      12.6532     0.647934   0.00889491            0     -1.57517      2.55277            0            0     0.419364      4.57932     -13.6647            0     -48.4731    0.0216607     -3.76769            0     0.226284     -3.29215    -0.879146
     4793.43      18634.4     -659.853      60.1339  4.47313e+06      185.903     -73.6715     -116.136      120.109     -25.5182     -741.525     -564.147      4057.81      2148.93      298.247      12999.9      228.686      10.8939     -8.25408      1288.69      -135041      461.714      559.383     -69.9124      5.24881     -4.05391     -26.9157       821226      124.788      36.9925      40.4121      1.07348     -4421.16     -17.8849     -44.0728      127.771     -353.161     -37.1061     -260.951      222.173      339.719      69.0659     -22947.2     -223.292      52.7302       193621     -1757.16      271.748     -1010.65     -953.382     -32.1268      30.2003      51.2236      118.566       461551      612.347      0.64374       45.346     -186.121     -1890.23      174.707      3483.59      14.3412       242988       333.99       104.22    -0.743258     -8437.95      6.57596      91.5761     -529.986      1867.07      47.4828      44.4825      -118.65     -527.654      7.95282      23.3496      69.2451     -562.891     -2.51055     -351.397      145.483     -1023.31       -30.11     -518.095     -91.1895      23630.3      -6.0604      23.7131      149.055      -11.971      1019.16     -491.431
           0     -1.80798            0      16.6092      1895.97    -0.227296            0    0.0533665            0            0      136.291      220.725      10.5836      1.17859       64.738     -21.8523    0.0320688      112.346            0      2.12508     0.225493            0     -17.3096    -0.592703  -0.00104774     -17.7878     -2.66595      124.788      122.218      38.0685     -78.0902  0.000368198      6.67228            0    -0.218457     0.706601     -1.19258    -0.690285            0      129.021            0            0      -22.248      1.01822      24.5826     -646.902      2.25404            0     -2.68267      -183.55     -338.823      -3.7847            0      64.5936     -461.794       156.04 -0.000467865            0     -120.084     0.831413            0     -2.42419            0      94.9616    0.0678696     -2.64412  -0.00317034     -2.08704  -0.00660097    0.0172213            0            0    0.0254152      16.6815            0      25.2454    -0.413736  -0.00113141     -1.87483      -100.75     -2.01019    -0.202494            0     -422.686     -1.74786      119.728    0.0914677      30.8089   -0.0291423      1.39842            0    0.0257263    -0.160741      -3.0435
           0     -5.49902            0    -0.226846      2410.59            0            0            0            0    -0.045674      49.0732      88.1168      1.01272     0.904616       51.132     -9.25277            0       75.122            0      3.92351      85.3357            0     -6.63995            0  0.000241308      16.4734    -0.661043      36.9925      38.0685      65.3813     -18.1388            0            0            0            0      31.9871      0.26959     -1.09769            0      37.5493            0            0      10.2653     0.258792      19.6323     -739.755      1.84149            0            0     -46.5692     -174.662     -20.2849            0       46.062     -507.015      135.441  0.000206764            0     -56.6086      1.65511            0     -2.90803            0     -133.182    0.0471731    -0.665106 -0.000245986     -2.65843  0.000322675            0            0            0  0.000470982      12.8218     -2.08656       2.9693      2.99206   0.00610807            0     -165.908    -0.121605            0            0     -222.631    0.0966044       176.04            0     -15.5652    0.0256345     0.371267            0            0     -3.19687       -1.741
    -28.7684      25.6279     -11.1731     0.187535       3426.8     -43.3071            0   -0.0584268    -0.388803     0.160059     -114.558     -173.085      18.3178     -3.11455     -198.329       53.108    -0.182925     -171.129     0.449726      13.5108     -71.6088     -24.9902       92.287       1.0705    0.0103597      31.7245     -2.82361      40.4121     -78.0902     -18.1388      1878.88 -0.000358739     -6.56895       1.1692            0      42.5933      2.53717      8.43687      3.78359      2.73203     -3.42176            0     -49.4608      3.54127     -373.079      905.932     -6.03733            0     -1.84164      375.993      635.709     -538.596            0     -364.074      827.557      3.25659  0.000460828            0      240.212     -4.43915      1.30724      3.50087            0     -203.006    -0.138914      45.2383  -0.00444879      4.27734   0.00197176   -0.0408246            0            0   -0.0240603     -33.6155      -4.0905      29.2497      31.7295     0.203613     -3.46356     -305.725    -0.626267            0            0      383.037     0.304896     -950.525   -0.0970139     -403.726   -0.0256259    0.0532041            0    -0.135465      4.39616       12.299
 -0.00709134    0.0245543  -0.00897328  7.27901e-05      5.28791            0            0  0.000113421  0.000411451 -0.000134081  -0.00060662   0.00259718  -0.00782526   0.00104794            0    0.0119224 -5.65754e-06  0.000124743  4.78435e-05  -0.00782904     -0.20627            0 -0.000311363 -0.000135701 -2.05762e-07            0 -1.49682e-05      1.07348  0.000368198            0 -0.000358739  1.64366e-05    0.0205105            0   2.9217e-05            0   0.00147315            0  -0.00290936   0.00184953  0.000979966 -0.000135628    0.0100812   0.00485866 -1.81575e-06     0.298249 -0.000225741   0.00149208   0.00127358 -0.000315357 -0.000227322 -9.71198e-05            0   0.00110172     0.579574            0 -6.18753e-08 -4.65035e-05 -0.000342609  -0.00220807            0   0.00477687            0    -0.122638   0.00045263            0 -5.23699e-07   -0.0149183  -4.8608e-06 -2.16574e-06  5.67486e-05 -9.76861e-05 -2.67316e-05  9.16202e-05 -0.000774688 -0.000142935 -5.51845e-05 -4.47348e-05  0.000102325   0.00106823  3.61721e-05            0   0.00163239   0.00428135 -0.000145313  -0.00135899  8.50787e-05     0.008933 -2.91472e-06  8.37211e-06 -3.59883e-06 -2.62425e-05  0.000957441   0.00238332
