  1.9578e+23 -9.08851e+24 -3.46955e+23  1.80691e+12  2.76125e+19  1.22083e+22            0            0  -2.1834e+16  1.69223e+17            0            0  3.17919e+20  5.78426e+15            0 -6.00564e+23 -1.19632e+15            0 -3.50081e+16 -2.24864e+22  6.40729e+23            0            0 -1.31454e+14  -3.9507e+06            0            0  9.07676e+18            0            0            0       -46168 -4.18068e+20  1.36351e+13 -1.80774e+12            0 -3.69144e+17            0 -3.36097e+19            0 -2.18029e+17  8.84196e+14  2.83021e+23  1.86393e+16            0 -1.01674e+21  1.39503e+20 -1.37902e+15 -1.96527e+16            0            0            0            0            0            0 -6.53461e+12      4755.84            0            0  2.74304e+21  1.15307e+24     -16881.3  2.57996e+16     -2.82085  2.36211e+06  1.35172e+22       154626 -7.76734e+17      -163361  1.19815e+12            0            0  1.26356e+09 -1.67926e+11  1.79194e+11            0            0  5.74455e+06            0            0            0            0            0            0 -8.93958e+14            0      -924139  2.41332e+24  9.60856e+10  -1.4219e+08            0  2.63499e+14 -7.83081e+16  2.40427e+16
-9.08851e+24  6.57784e+29  1.79647e+27  2.20284e+17 -3.65261e+25  2.34141e+25 -6.06791e+18 -1.21483e+15   2.0438e+20 -3.42204e+20  -4.9387e+19 -1.09659e+19 -2.59989e+24  4.17165e+20 -1.45488e+17  4.05331e+28  4.29603e+20 -1.43402e+16 -1.48608e+20  1.64027e+26 -4.59483e+28  9.31217e+19 -8.09596e+17 -8.17411e+16  1.78079e+11 -1.04771e+18 -7.19239e+17 -5.71502e+23 -3.80779e+18 -2.18228e+16  4.59872e+18  1.19802e+10 -4.79867e+25 -8.33531e+15 -5.91913e+15 -1.23514e+22 -1.39949e+22 -1.99853e+15 -1.07567e+23  -1.6713e+18  2.09665e+20  -8.0946e+18 -7.60954e+28  1.01632e+21 -5.32965e+19  1.36166e+26 -3.19121e+24  6.92808e+18 -5.59221e+19  1.14936e+18  5.02949e+18 -7.86126e+18  1.33242e+21 -7.39031e+17  5.11564e+10  -1.1958e+18  2.35245e+10 -4.09764e+15  2.41592e+16 -1.71719e+26 -4.00337e+26  1.95596e+09 -3.01573e+20       -37601 -9.21451e+10 -1.68128e+25 -1.00075e+10 -3.97822e+22 -7.58233e+09 -1.05047e+17 -5.05413e+20  3.33746e+20 -5.40725e+13 -1.44443e+15  -6.7432e+15 -2.11665e+20 -2.37559e+18 -3.80485e+10  1.19538e+15  1.16758e+18 -1.83801e+15 -2.50161e+20  2.03927e+15  8.63724e+18 -4.53032e+19 -3.07323e+18 -1.27494e+11  1.27797e+28 -4.31119e+15  1.62086e+13  1.01475e+20 -3.29734e+19  5.47717e+21 -5.86153e+20
-3.46955e+23  1.79647e+27  1.30149e+28            0 -4.23234e+22  7.57572e+24            0            0  2.07105e+19 -1.05273e+19 -4.63864e+17            0            0 -1.39815e+18            0  1.69041e+26            0            0  -1.3881e+18  3.55301e+25 -1.56903e+26            0            0  4.28772e+15            0            0            0  6.58071e+20            0            0            0 -1.81924e+07            0            0            0            0 -1.12727e+19            0 -1.90136e+21            0 -3.12119e+18            0 -7.53283e+26            0            0  7.80274e+22 -2.86325e+22            0  4.67093e+18            0            0            0            0            0            0            0            0            0            0 -7.14598e+23            0  7.93457e+06            0            0 -2.50029e+07 -3.65876e+24            0  1.24401e+20            0            0            0            0            0  3.05085e+14            0  5.35896e+17            0            0            0            0            0            0            0            0            0            0            0   1.5905e+26            0            0            0            0  1.33592e+19 -2.80018e+19
 1.80691e+12  2.20284e+17            0  4.58213e+07 -2.27463e+13            0            0      -15.194            0 -1.05345e+07 -9.94127e+07 -9.07505e+08            0 -2.11975e+07       963674  2.79641e+16            0      -147554            0  1.06766e+14 -2.80422e+16            0  -1.5383e+08      -113355            0  1.82571e+07 -7.43566e+07  1.22716e+09  1.68753e+08     -3547.92      -486645  0.000778984 -2.27802e+12            0     -15044.7            0 -8.64657e+09      10347.4 -1.43664e+10  2.05861e+07            0            0 -2.79418e+16  2.52926e+08  3.56464e+07  1.33185e+14  2.43154e+12            0 -1.31807e+08 -8.61059e+06 -1.48762e+08   2.3394e+08            0  9.81973e+06            0      -316064 -0.000682877            0      -684208 -9.19569e+13            0   0.00131263            0            0  -0.00672211            0    -0.012103  2.48159e+09            0            0  6.36855e+07 -1.24349e+07     -1.18728     -5950.87            0 -2.05901e+09 -1.33734e+07   -0.0371866      2598.87  1.06012e+07      -790673            0            0  1.05225e+08 -8.57843e+09       818746  -0.00247616  3.28046e+16     -1193.61      689.399            0 -5.92731e+07  3.41322e+09  2.48879e+08
 2.76125e+19 -3.65261e+25 -4.23234e+22 -2.27463e+13  7.48366e+21 -1.68128e+21  6.15903e+14  1.11488e+10 -1.21598e+16  2.31449e+16  4.50288e+15  7.77601e+14  1.32703e+20 -2.41172e+16  5.27163e+12 -2.37749e+24 -3.30833e+16  3.13922e+11  1.05748e+16   -5.703e+21  4.35534e+24 -5.21559e+15 -5.37729e+14  3.75571e+12 -1.10774e+07 -4.31895e+13  9.10815e+13  1.86488e+19  6.19915e+13  7.19439e+11 -8.64734e+13      -604192  3.08208e+21  5.53791e+11  2.77577e+11   9.5842e+17  1.04661e+18   3.3596e+10  7.55812e+18   2.1086e+14 -1.10365e+16  2.64662e+14  4.33317e+24 -8.53951e+16  1.56777e+15 -1.58685e+22 -6.77384e+19  -2.8833e+14  1.77914e+15  1.01329e+14 -1.13708e+15  1.88398e+14 -4.21571e+16  -1.5183e+13 -3.85039e+06 -2.68336e+13       135639  3.03752e+11 -2.45295e+11  3.19102e+21  1.28666e+22      -139859  1.18415e+16      8.12433  3.95374e+06  8.01352e+20       890931  2.14241e+18       842599  6.81332e+12  6.03002e+16  -4.2801e+16  4.22214e+09  1.00148e+10  1.03408e+11  1.24327e+16 -9.05297e+13  4.54308e+06 -1.05378e+11  9.94471e+12   4.4754e+10  2.46091e+16  -1.4065e+11  9.23626e+11  2.61756e+14 -1.46597e+13   9.3417e+06 -1.90879e+24  3.07758e+11 -6.45547e+08 -9.08664e+15  3.94244e+15 -2.78304e+17  4.54502e+16
 1.22083e+22  2.34141e+25  7.57572e+24            0 -1.68128e+21   1.3833e+24            0            0  9.98217e+16  -7.2335e+16            0            0            0 -1.44049e+16            0  1.63487e+24            0            0 -6.06397e+16  1.16507e+23 -2.30276e+24  1.25402e+18            0 -8.75201e+13 -1.44755e+07            0            0  2.23437e+19            0            0            0            0            0 -3.04462e+13 -4.20181e+11            0 -1.35626e+18            0 -4.76099e+19  2.62901e+14  6.29525e+17            0 -1.08496e+25            0            0  1.80871e+21 -2.34134e+20            0  2.45765e+15            0            0            0            0            0            0            0            0            0            0 -7.76949e+21 -1.95573e+23      91921.7 -5.20588e+16            0  3.54119e+06            0            0  1.17119e+18            0            0            0            0            0  5.29087e+11            0            0            0            0            0            0            0            0            0            0            0            0            0 -6.72948e+23            0            0            0            0  2.23267e+17 -9.35314e+17
           0 -6.06791e+18            0            0  6.15903e+14            0  1.86328e+11     -6198.79            0            0            0            0            0 -5.80777e+09 -3.36202e+07  1.36618e+18  5.44829e+09  1.15485e+06            0 -2.18413e+16  5.64405e+18            0 -3.30726e+10            0      2.73755 -5.01839e+08            0  1.71354e+13            0            0            0            0            0            0            0            0  4.58588e+11            0            0            0            0            0  6.46057e+17            0            0  2.80634e+15  2.26778e+14            0            0 -9.08059e+08            0            0            0 -7.56974e+08            0 -1.02508e+09     -1.19899            0 -6.51303e+06 -3.93198e+14            0     0.051173            0  1.62302e-05     0.461185            0            0  1.08332e+12            0            0            0 -1.90906e+09            0            0            0            0            0     0.429304            0  6.62419e+08            0            0            0  7.98218e+09            0            0            0  2.27981e+17      -185830            0            0            0 -2.17462e+11  3.14692e+10
           0 -1.21483e+15            0      -15.194  1.11488e+10            0     -6198.79       35.027     -54688.1       148815      89233.6      25618.1   5.6659e+08 -1.22269e+06            0 -1.22422e+14      -197175      8.53999            0  1.10289e+12  8.16727e+13            0     -10776.4      22.9643 -8.97927e-05      129.112      123.662  1.15089e+08        11036            0     -1497.61  -3.3608e-06  4.31057e+11            0      4.21227            0 -3.26705e+07    -0.682103 -2.67277e+06      5887.17      -591728      13880.6 -1.10483e+14      -423340     -6902.58  -1.1882e+11  1.06652e+10     -10139.5      17652.8      2920.46     -18259.2            0            0      1397.61  9.59718e-06      377.552 -7.23672e-06            0     -26.1672  4.06135e+11  8.62674e+11 -4.22817e-06            0 -6.94528e-11 -0.000273686  1.62824e+09  4.27078e-06  1.25298e+08  8.87941e-06     -1.68033     -26828.9      19563.7    0.0284004      1.44647            0       119834            0  1.92131e-05    -0.385945      1498.19            0            0    -0.152391        12136            0     -4358.63  0.000800586  -6.7101e+13      3.89431            0            0      2482.47 -1.05947e+07 -3.22742e+06
 -2.1834e+16   2.0438e+20  2.07105e+19            0 -1.21598e+16  9.98217e+16            0     -54688.1  5.28997e+12 -1.87293e+12 -6.09858e+09            0 -1.64671e+14 -2.87734e+10            0  1.89142e+19  9.32024e+10            0 -8.08189e+11  8.58017e+17 -1.86265e+19  1.36965e+11            0 -4.67845e+08      8.67978            0            0  4.29267e+13            0            0            0      2.89729 -9.94921e+15 -3.24813e+07 -1.70392e+07            0 -2.18856e+11            0 -8.68889e+14            0  1.72015e+12            0 -2.62128e+19   3.1015e+11            0  5.63502e+16 -1.91033e+15  3.54755e+09 -1.02309e+11            0            0            0 -1.46909e+12            0            0 -3.64187e+07    -0.634196 -8.63052e+06            0 -6.60151e+16 -3.56465e+17     0.810023 -3.37936e+12 -5.39255e-06      7.88767 -5.19926e+16            0  5.10841e+12     -6.39506  1.02814e+06            0            0     -23322.3  8.24871e+06            0  7.04451e+09            0       -21.76            0            0            0            0  4.42735e+06            0 -1.96826e+10            0      -15.721  1.15109e+19      -552752      2097.59            0 -1.74167e+09  1.88277e+12 -1.49167e+12
 1.69223e+17 -3.42204e+20 -1.05273e+19 -1.05345e+07  2.31449e+16  -7.2335e+16            0       148815 -1.87293e+12  5.75675e+12   1.0907e+10            0 -1.53563e+15  8.31237e+10            0 -2.82264e+19 -3.37833e+10      -819599  2.65364e+11 -9.76076e+17  3.36774e+19 -3.67943e+11            0   2.6112e+07     -66.3125            0            0 -9.60856e+13            0  -1.6488e+06            0     -2.14649  5.79097e+15  6.98249e+07  1.09199e+07            0 -1.93752e+12            0  1.88175e+15            0 -2.16437e+12  4.57203e+09  2.76344e+19 -7.78033e+11            0 -9.16298e+16  3.10857e+15 -9.57431e+09 -5.80687e+10            0            0            0  2.68174e+12            0      4.81218  1.29565e+08      -1.1373  4.45359e+06            0  1.08823e+17  5.77296e+18     -1.29672  1.08263e+12 -1.01863e-05     -2.88591  2.14516e+17            0 -1.29648e+13      1.20926  9.45458e+06 -2.51359e+10            0      35251.8 -9.21992e+06  6.47841e+07 -1.25992e+10  2.46708e+09      99.9511            0            0            0 -3.29157e+10 -1.80501e+06            0  1.93135e+10            0      11.2633 -1.54739e+18       346040     -674.011  7.97549e+09  6.65827e+09  -3.0417e+12  4.16825e+11
           0  -4.9387e+19 -4.63864e+17 -9.94127e+07  4.50288e+15            0            0      89233.6 -6.09858e+09   1.0907e+10  3.53522e+12  8.99953e+10            0  7.22517e+09  3.52347e+09 -3.56686e+18            0  1.23548e+08            0  5.75495e+16  9.93951e+18            0 -5.93021e+09 -2.14605e+06            0   8.6932e+09 -4.38005e+08 -5.70962e+13  6.52617e+10  1.15457e+08 -8.34304e+09    -0.258378            0            0            0 -2.13543e+13  2.49857e+12 -3.54879e+07            0 -1.90815e+09            0            0  6.95649e+18 -1.59388e+11  1.67282e+10 -8.61372e+15  3.10671e+14            0  -2.4599e+09 -3.87592e+10 -2.50213e+11 -1.43164e+11            0  4.78454e+09            0  1.82597e+10            0            0 -2.35999e+08  1.26176e+16            0    -0.150542            0  1.19923e-06     -15.7779  1.72201e+16            0  1.13992e+11    0.0954775            0            0            0            0  2.00238e+07            0  2.07618e+12  1.62337e+11            0 -1.43482e+07 -3.80925e+09 -7.34267e+06            0            0 -7.66266e+10 -2.85361e+10  3.69267e+09            0  5.61058e+18       158699       165532            0            0  -5.3521e+11 -1.81158e+10
           0 -1.09659e+19            0 -9.07505e+08  7.77601e+14            0            0      25618.1            0            0  8.99953e+10  5.30561e+11            0  9.72099e+07  1.49972e+09 -1.98655e+18            0  1.48995e+07            0  1.06567e+16  1.27149e+18            0  1.19308e+10 -1.20232e+06    -0.219826  2.91627e+09  1.37791e+09 -2.23484e+13  2.70232e+10  3.88057e+07  -3.9729e+09     0.245556  3.84092e+15            0      -159579  8.50961e+13   1.0127e+11 -1.22878e+06            0  7.45574e+09            0            0  4.39891e+17  9.87181e+09  8.29785e+10  -7.2332e+15 -1.08677e+13            0 -1.39804e+09 -1.20132e+10 -4.18798e+10   7.5868e+10            0 -3.25778e+09            0 -1.76669e+09      1.15696      -385036 -2.99218e+08  3.23146e+15            0   -0.0406148            0 -1.85276e-05     -5.06506 -7.09251e+14            0  3.98655e+11            0            0            0            0     -453.333  4.28632e+06            0  1.41601e+11  4.55038e+10       4.3037            0 -3.66655e+08  2.69632e+07            0            0 -1.61409e+10 -2.46037e+11 -7.25643e+09       8.0651   2.9654e+18       128757      -113656            0  7.17101e+09 -1.31189e+11 -3.41425e+10
 3.17919e+20 -2.59989e+24            0            0  1.32703e+20            0            0   5.6659e+08 -1.64671e+14 -1.53563e+15            0            0  4.28381e+21  1.44916e+15 -1.63424e+11  -1.8895e+23  4.16147e+15  1.55652e+10            0  2.05002e+21  2.64358e+23 -4.12025e+14            0            0  1.87584e+06  9.49944e+12            0 -8.64755e+17  3.57983e+13            0  8.31912e+12       -21179            0 -1.65772e+11 -1.97545e+10            0  -5.6128e+16            0  5.81902e+16            0  5.03137e+14            0  4.90636e+22 -8.71724e+16  1.67065e+14 -4.76077e+20  2.58852e+19  9.41633e+12            0            0            0            0  3.54577e+16 -9.27089e+10       198397  2.53588e+13            0  1.81306e+12            0  9.34886e+20            0     -9648.39            0     -1.01306      -214516  1.94537e+20      -434569 -1.22581e+17     -49395.8  8.04001e+10            0            0  1.80381e+10 -3.46028e+09            0            0  9.94929e+13       184021            0   4.3308e+12            0 -9.45424e+13 -3.61975e+11 -1.49535e+13            0            0            0  3.13451e+23 -9.19406e+09            0  1.77503e+13  9.48657e+14 -2.62272e+16 -1.12699e+16
 5.78426e+15  4.17165e+20 -1.39815e+18 -2.11975e+07 -2.41172e+16 -1.44049e+16 -5.80777e+09 -1.22269e+06 -2.87734e+10  8.31237e+10  7.22517e+09  9.72099e+07  1.44916e+15  7.39406e+11  2.25198e+08  3.65147e+19 -2.17187e+11  1.04834e+07  5.91144e+10 -4.78911e+15 -2.57858e+19 -2.51116e+10  2.94546e+09  2.74502e+07     -77.4861  1.03635e+09 -4.54975e+07 -9.98423e+13  4.63952e+09  1.65257e+07 -2.42594e+09      10.6147 -1.12315e+16       962423       970175  9.23456e+12 -1.02536e+12       143005  4.48168e+13  1.75842e+09 -1.96417e+10  2.49313e+09  1.07541e+19 -4.69365e+11  3.80434e+10  1.01729e+17 -1.56329e+15  8.26401e+08  3.15337e+09 -1.59055e+09 -4.35528e+09 -3.57102e+09 -6.71791e+11  5.16467e+08       28.787  8.48126e+08      19.2683  2.83213e+06 -2.50537e+07 -1.24582e+17  2.38714e+17      1.68382  1.44109e+11  0.000102984      128.082  8.26582e+15      5.74499 -4.95367e+13    -0.164351  3.30934e+07 -4.02117e+11  2.20708e+11        22660  1.85631e+06  1.44528e+06  2.69624e+10  4.44084e+09      24.3832     -63849.3 -6.06987e+08      8030.41 -1.60698e+11       -82693  -6.3349e+09  1.06738e+10  1.74241e+09     -21.6192  2.94465e+19  2.34592e+06     -380.697  6.09768e+10   1.8301e+10  3.60557e+12 -2.86784e+11
           0 -1.45488e+17            0       963674  5.27163e+12            0 -3.36202e+07            0            0            0  3.52347e+09  1.49972e+09 -1.63424e+11  2.25198e+08  1.23704e+08 -3.87916e+16            0  1.90612e+06            0  2.09403e+13  1.55772e+16            0  5.43504e+08     -5835.44   -0.0165764  7.93797e+07 -3.84216e+06 -2.53816e+11  6.76471e+08  2.62843e+06 -5.03917e+08            0            0            0     -774.971 -2.70891e+12 -3.60179e+08      18448.9            0  3.83073e+07            0            0 -1.58786e+16 -2.01685e+08  5.04497e+09  -1.6348e+14  2.53963e+12            0 -6.78489e+06 -2.96233e+08 -2.05717e+09  3.08265e+09            0  2.60698e+07 -0.000883876 -4.41771e+07    0.0477063            0 -5.13997e+06  6.74886e+13            0 -0.000177369            0  5.23433e-07      -0.1229  -1.5624e+13            0 -2.23907e+10   0.00489284            0            0            0      4.36513       227974            0  -2.0618e+09  3.68865e+08     0.247097            0 -8.40391e+07      34170.6            0            0 -7.13742e+08 -7.16923e+08   7.0154e+08            0  9.33722e+16      728.063       171.92            0            0 -5.73547e+08  -1.1822e+09
-6.00564e+23  4.05331e+28  1.69041e+26  2.79641e+16 -2.37749e+24  1.63487e+24  1.36618e+18 -1.22422e+14  1.89142e+19 -2.82264e+19 -3.56686e+18 -1.98655e+18  -1.8895e+23  3.65147e+19 -3.87916e+16  2.24103e+28   4.1112e+19 -2.33368e+15  -1.2578e+19  1.14322e+25 -1.37348e+27  1.01423e+19  8.77218e+17 -5.60681e+15  1.39019e+10 -1.58462e+17 -1.06922e+17 -3.87213e+22 -8.87578e+17 -3.43081e+15  4.14821e+17  1.12699e+09 -6.18088e+24 -5.63912e+14 -4.60509e+14 -1.78667e+21 -1.03812e+21 -1.32905e+14 -1.29786e+22 -2.67636e+17  2.08875e+19 -6.90883e+17 -6.17537e+27  9.69995e+19  -6.7316e+18  3.36875e+25 -3.24408e+23  6.99935e+17 -4.00148e+18  3.49347e+17  1.50127e+18  1.86772e+17  1.61202e+20 -6.88804e+16  7.80386e+09 -1.01143e+17 -3.42061e+09 -9.67436e+13  4.59434e+15 -4.54583e+24 -2.38805e+24  1.53094e+08  -2.3533e+19     -85012.1 -1.06866e+10 -1.60546e+24 -8.00551e+08 -3.60937e+21 -4.93658e+08  -1.2231e+16 -1.59374e+19   8.3167e+17 -3.14656e+12 -3.43387e+14 -5.83901e+14  -1.6791e+19  -8.8019e+17  2.23173e+10  4.72955e+13  1.17306e+17 -4.62677e+14  8.43504e+18  2.77293e+14   6.9958e+17 -6.66663e+18 -4.42847e+17 -1.66318e+10  3.96456e+27  -3.5908e+14  2.32802e+12 -5.19022e+18 -3.25828e+18  6.94471e+20 -3.67474e+19
-1.19632e+15  4.29603e+20            0            0 -3.30833e+16            0  5.44829e+09      -197175  9.32024e+10 -3.37833e+10            0            0  4.16147e+15 -2.17187e+11            0   4.1112e+19  1.39685e+13            0 -9.75113e+10 -3.44295e+17 -4.45274e+19  3.11718e+11            0 -8.19044e+07       814.81            0            0  8.04759e+13            0            0            0     0.171675 -4.51847e+15            0 -2.65261e+06            0 -5.61226e+13            0 -3.70871e+12            0            0            0  -3.4216e+20  3.19305e+12            0  1.00629e+17 -3.61029e+15  1.08418e+09 -7.65911e+10            0            0            0  -1.5698e+12            0     -10.5813 -1.74024e+08     -3.31909            0            0 -1.35708e+17 -2.59253e+17      1.82153  -8.4341e+10  0.000133192      9.18621  1.98349e+15      -67.987   2.2644e+13     -2.82763  -2.1593e+07            0            0      17046.8       178293      -715735            0            0     -135.135            0            0            0  7.47803e+09            0            0            0            0     -20.1714  3.23343e+17 -3.20072e+07            0 -8.96914e+09  4.08485e+09  4.46967e+12    3.957e+11
           0 -1.43402e+16            0      -147554  3.13922e+11            0  1.15485e+06      8.53999            0      -819599  1.23548e+08  1.48995e+07  1.55652e+10  1.04834e+07  1.90612e+06 -2.33368e+15            0       134134            0   1.6063e+12   7.3039e+14            0 -2.11063e+07            0 -0.000408514      -698515       226468 -1.78773e+10  3.91368e+07       129184 -1.22086e+07  2.25215e-05  1.00029e+12            0            0 -1.52051e+10  8.04478e+07       359.07            0  6.57042e+06            0            0   1.1848e+14      -542666  1.75947e+08 -6.55249e+12  9.36618e+10            0            0 -9.86098e+06 -5.42513e+07 -8.65778e+07            0  2.12493e+06            0  6.85863e+06  0.000335255            0      -150252  3.80213e+12            0 -4.65061e-05            0  1.36568e-08   0.00192393 -4.85958e+11            0 -8.31912e+08  1.12918e-05            0            0            0     0.068004      11859.3     -766.769  6.20933e+07 -2.89921e+06   0.00280774            0 -3.21221e+06      8775.93            0            0 -6.16081e+07  7.74252e+06  1.67073e+07   0.00210038 -5.04415e+14      99.2303     -6.99549            0       610570 -9.27639e+07 -4.96763e+07
-3.50081e+16 -1.48608e+20  -1.3881e+18            0  1.05748e+16 -6.06397e+16            0            0 -8.08189e+11  2.65364e+11            0            0            0  5.91144e+10            0  -1.2578e+19 -9.75113e+10            0  2.87528e+13 -2.16078e+17  1.58011e+19            0            0  9.47276e+08      9.75233            0            0   -5.879e+13            0            0            0    0.0912498  1.11578e+16            0  4.80917e+07            0 -4.33001e+11            0  6.33648e+14            0 -3.55152e+10            0  3.96227e+19  -2.3486e+11            0 -3.48905e+16  7.46181e+14            0  9.45146e+11            0            0            0            0            0      10.2919            0     0.608954            0            0   3.7637e+16  3.25858e+17    -0.634331            0  4.34824e-05      24.7676  6.97406e+16            0 -9.02695e+12            0  8.76249e+07            0            0      1578.18      -649336            0            0            0       15.239            0            0            0            0            0            0            0            0      6.49065   -1.322e+19            0            0            0            0  -1.3149e+12  1.87909e+12
-2.24864e+22  1.64027e+26  3.55301e+25  1.06766e+14   -5.703e+21  1.16507e+23 -2.18413e+16  1.10289e+12  8.58017e+17 -9.76076e+17  5.75495e+16  1.06567e+16  2.05002e+21 -4.78911e+15  2.09403e+13  1.14322e+25 -3.44295e+17   1.6063e+12 -2.16078e+17  2.26443e+24  -1.0022e+24 -2.59167e+16  1.82869e+16 -3.88236e+14 -1.22406e+08  -8.9294e+13  3.93497e+14 -2.51408e+20   2.7439e+15   1.5863e+13  3.92291e+15 -9.74296e+06  5.70263e+22 -3.33103e+13 -9.56503e+12   6.1888e+18  -1.5162e+19  -6.3334e+11 -3.28718e+20 -1.09741e+15  4.75914e+17  5.17998e+15 -6.17298e+25 -8.25626e+17  3.96807e+15   1.8284e+22 -1.61371e+21 -1.20217e+15 -8.70823e+15  3.18333e+15 -1.91405e+16 -2.07252e+16 -9.55111e+17 -8.23842e+13  5.59173e+07  6.81569e+14  3.13258e+07  6.98838e+12 -6.78626e+12 -4.89313e+22  2.47332e+23       430881 -3.42935e+17      119.445  9.49703e+07 -8.36729e+22  8.75175e+06 -3.14392e+18  8.40646e+06  1.03276e+14 -6.24265e+17  3.57093e+17  5.58772e+10  1.39627e+13 -1.89896e+13   1.3431e+17  1.57999e+16  1.06005e+08 -6.71266e+11 -3.59537e+14 -3.49962e+12 -2.55154e+17 -1.73212e+12 -1.89899e+15 -5.49164e+16  -1.9832e+15  1.48508e+08  2.78049e+24  3.15298e+12  5.94301e+09  9.92674e+16  2.97646e+16  1.30396e+18 -2.35693e+18
 6.40729e+23 -4.59483e+28 -1.56903e+26 -2.80422e+16  4.35534e+24 -2.30276e+24  5.64405e+18  8.16727e+13 -1.86265e+19  3.36774e+19  9.93951e+18  1.27149e+18  2.64358e+23 -2.57858e+19  1.55772e+16 -1.37348e+27 -4.45274e+19   7.3039e+14  1.58011e+19  -1.0022e+24  1.57004e+28  -9.9709e+18  7.46424e+17   6.4617e+15 -1.53625e+10  3.25465e+16  1.05439e+17  1.86979e+22  5.09608e+16  9.09066e+14 -2.71501e+17 -8.95024e+08  5.17592e+24  5.62353e+14  4.63243e+14  8.10174e+20  8.38909e+20  1.38058e+14  1.01918e+22  1.48523e+17 -2.01662e+19    5.001e+17  5.23854e+27  -9.8476e+19  3.83959e+18 -1.00203e+25  3.19809e+23  -6.3933e+17  3.73849e+18  2.60601e+16   1.4151e+18 -1.24773e+18 -4.19796e+19  3.31934e+16 -3.42375e+08  4.70419e+16  3.97764e+08  4.70004e+14 -1.17379e+15  7.43857e+23  3.56885e+25 -2.29296e+07  1.07023e+19      84825.2  5.77691e+09  1.42815e+24  1.01324e+09  2.25085e+21  7.44385e+08  7.97072e+15  1.65442e+20 -9.62955e+19  5.17966e+12  5.93225e+12  5.62634e+14  1.95767e+19  5.10119e+17  8.30722e+09 -1.23508e+14  -5.8656e+16  1.93195e+14  8.06494e+19 -1.96981e+14 -5.51636e+17   4.7401e+18  1.10185e+17  1.16491e+10  1.55373e+27  3.96339e+14 -1.34562e+12 -3.40241e+19  3.86564e+18 -3.96092e+20  1.36533e+19
           0  9.31217e+19            0            0 -5.21559e+15  1.25402e+18            0            0  1.36965e+11 -3.67943e+11            0            0 -4.12025e+14 -2.51116e+10            0  1.01423e+19  3.11718e+11            0            0 -2.59167e+16  -9.9709e+18  7.66352e+12            0 -7.26219e+07      41.4176            0            0  2.20246e+13            0            0            0            0            0 -2.88295e+07            0            0 -7.86607e+12            0            0  2.48944e+08  5.78417e+11            0 -4.64149e+19  4.52737e+11            0  3.14975e+16 -4.67268e+14            0            0            0            0            0  8.94278e+13            0            0 -3.49329e+07            0            0            0 -2.29692e+16 -2.70635e+17     0.310926 -7.52099e+11  -8.7164e-05      -0.7257            0     -15.5097  1.32033e+12     -5.53171  2.92287e+06            0            0     -10945.4            0            0            0            0     -16.5284            0            0            0            0            0            0            0            0            0  6.61336e+18 -2.17011e+06            0            0 -1.86152e+10  8.47232e+11 -6.66758e+11
           0 -8.09596e+17            0  -1.5383e+08 -5.37729e+14            0 -3.30726e+10     -10776.4            0            0 -5.93021e+09  1.19308e+10            0  2.94546e+09  5.43504e+08  8.77218e+17            0 -2.11063e+07            0  1.82869e+16  7.46424e+17            0  4.12975e+11            0            0  5.56127e+09  1.53929e+08  3.65305e+13 -4.85789e+09 -1.56999e+07  5.41321e+09   -0.0881262 -1.61572e+15            0            0 -3.03769e+13 -1.07411e+11       299465            0 -1.34849e+09            0            0  2.24366e+18  5.38027e+09  -1.2456e+10  4.29812e+15   9.9903e+13            0            0  6.38374e+09  -3.4478e+09 -6.15924e+10            0  5.92991e+09            0  7.98356e+09     0.267673            0  6.56786e+07  3.48826e+15            0   -0.0107804            0 -1.29039e-06     -2.14293            0     0.128202 -5.43044e+11    -0.103726            0            0            0            0  -1.3126e+06            0 -2.14642e+11  1.43141e+10            0       721334 -6.19287e+09  8.93493e+06            0            0 -8.75188e+10  2.29909e+10 -3.19682e+09     -3.39264  5.39293e+18            0      5063.04            0            0 -9.46365e+10 -1.75043e+10
-1.31454e+14 -8.17411e+16  4.28772e+15      -113355  3.75571e+12 -8.75201e+13            0      22.9643 -4.67845e+08   2.6112e+07 -2.14605e+06 -1.20232e+06            0  2.74502e+07     -5835.44 -5.60681e+15 -8.19044e+07            0  9.47276e+08 -3.88236e+14   6.4617e+15 -7.26219e+07            0  1.76543e+06  0.000943714            0      33879.9 -3.85711e+08      -479857            0            0 -0.000238878  5.92964e+12      9054.99      44198.6            0  1.31136e+09     -80.1525  1.91865e+11     -11834.4 -1.49254e+08            0  1.64342e+16 -2.99822e+08            0  -1.1517e+13  9.24662e+11            0  5.04997e+08     -49322.2      -397009            0  1.59052e+08            0  0.000138336            0  -0.00201918            0            0  2.66352e+13  2.62671e+13 -0.000267118  2.73957e+08 -1.52586e-08 -0.000303501  2.82433e+12   0.00179172 -2.17261e+09   0.00312663      871.083            0            0    -0.214897     -3019.54            0  1.23314e+07            0 -0.000884819            0      24467.3     -5862.41            0            0            0 -1.08601e+07            0   0.00868321  8.83342e+14      155.633     -7.89905            0  1.03644e+06 -7.72653e+08  1.47831e+09
 -3.9507e+06  1.78079e+11            0            0 -1.10774e+07 -1.44755e+07      2.73755 -8.97927e-05      8.67978     -66.3125            0    -0.219826  1.87584e+06     -77.4861   -0.0165764  1.39019e+10       814.81 -0.000408514      9.75233 -1.22406e+08 -1.53625e+10      41.4176            0  0.000943714  1.11479e-06     0.180014    0.0074751     -63472.9    -0.122008            0     0.104514  2.21579e-10      -211981  -0.00533564  -0.00126883            0     -16012.3            0      6237.03  -0.00250525      -2.5213      -1.6377 -1.44625e+11      1033.33     0.927563  3.32355e+07 -1.57707e+06            0     -5.84192            0      1.02133            0      3167.28   -0.0234398 -2.18645e-09    -0.107438 -1.87818e-10  0.000227952            0  -5.4753e+07  9.97694e+06   6.9868e-10      -19.921  5.11244e-14  7.92901e-10 -2.83226e+06 -5.72431e-08      8220.68 -1.36835e-09  -0.00387654            0     -3.19933 -1.16507e-05  8.84453e-05 -0.000780118            0    -0.403153 -3.68442e-08            0    0.0544084            0       6.0893 -0.000168836    -0.384008     -6.28859            0 -5.85964e-09 -3.40602e+09   -0.0143045  7.02114e-07     0.251977     -30.3585      1656.76      278.704
           0 -1.04771e+18            0  1.82571e+07 -4.31895e+13            0 -5.01839e+08      129.112            0            0   8.6932e+09  2.91627e+09  9.49944e+12  1.03635e+09  7.93797e+07 -1.58462e+17            0      -698515            0  -8.9294e+13  3.25465e+16            0  5.56127e+09            0     0.180014  5.03004e+09 -3.66451e+07  1.02481e+11 -1.10527e+09  4.72948e+06  3.69699e+08            0            0            0            0 -2.72938e+12  5.65773e+10     -47690.5            0  2.10599e+08            0            0  1.44112e+17  2.67715e+09  3.38593e+10 -1.79721e+14  1.16891e+13            0            0 -1.52211e+08  -6.0956e+09 -1.07088e+10            0 -5.82706e+07            0  -7.1058e+08    -0.104389            0 -1.03223e+07  4.48004e+14            0   -0.0043535            0  3.54374e-06     0.453415            0   -0.0682617 -8.23367e+10   -0.0117994            0            0            0      -11.681  1.16372e+06            0  5.54128e+09  1.02397e+10   -0.0286025            0 -1.44508e+09     -67588.1            0            0  2.54987e+09 -1.83489e+09  3.72983e+09            0 -5.67356e+16      45200.6     -1963.27            0            0 -1.09062e+10   -6.027e+09
           0 -7.19239e+17            0 -7.43566e+07  9.10815e+13            0            0      123.662            0            0 -4.38005e+08  1.37791e+09            0 -4.54975e+07 -3.84216e+06 -1.06922e+17            0       226468            0  3.93497e+14  1.05439e+17            0  1.53929e+08      33879.9    0.0074751 -3.66451e+07  4.82334e+08  1.66556e+11 -1.02156e+08      -240004 -3.31343e+07  -0.00142349            0            0      4496.77  1.59229e+11  2.95231e+10       -49939            0  5.72971e+07            0            0  4.49105e+16 -5.40033e+08   1.4199e+08 -4.77178e+14 -1.06509e+13            0   3.9395e+07  1.84744e+07  2.85261e+08  9.12615e+08            0 -2.19697e+07            0 -1.62569e+07            0      13092.6      -542478  2.76565e+14            0  -0.00389699            0            0     0.165782            0    0.0292372  1.38467e+10            0            0            0            0      15.4149      28394.4            0  5.66589e+09  3.46062e+08    0.0636541            0 -1.10969e+07       854875            0            0  2.50866e+07   8.9695e+09 -1.67417e+08            0 -6.76716e+16      8158.25     -3808.64            0   4.5436e+08 -1.05819e+10 -1.55926e+09
 9.07676e+18 -5.71502e+23  6.58071e+20  1.22716e+09  1.86488e+19  2.23437e+19  1.71354e+13  1.15089e+08  4.29267e+13 -9.60856e+13 -5.70962e+13 -2.23484e+13 -8.64755e+17 -9.98423e+13 -2.53816e+11 -3.87213e+22  8.04759e+13 -1.78773e+10   -5.879e+13 -2.51408e+20  1.86979e+22  2.20246e+13  3.65305e+13 -3.85711e+08     -63472.9  1.02481e+11  1.66556e+11  4.05338e+18 -3.63644e+12 -1.01649e+10  7.90735e+11      4537.53 -2.96622e+19 -8.91325e+08  1.71676e+09  7.85257e+14  1.33988e+16  1.46462e+09 -2.59275e+16 -1.86361e+12  1.20068e+14   4.9634e+13  5.17746e+22 -2.54728e+14  1.02264e+13 -7.80331e+19  4.38963e+18 -9.92908e+12  3.14285e+12 -4.80074e+11  1.58591e+13  3.26426e+13 -9.52748e+14  8.03427e+11     -45825.5  1.35623e+12     -23138.3 -3.46211e+09  2.26697e+10  1.91835e+20 -4.42747e+20     -1752.02 -4.30169e+13    -0.414578       760950  -9.3952e+18      -6538.5  8.24626e+15      35258.3  1.90097e+11  4.83011e+14 -2.12168e+14  1.99024e+07 -1.27035e+09  -4.5794e+09 -3.72921e+13  -6.4438e+11      20796.6  7.70329e+08 -1.20928e+12  6.93019e+09  2.67897e+14 -6.63792e+08 -2.85399e+12  9.11489e+13 -2.43185e+12      -118162 -2.96936e+21 -2.66558e+07 -7.66827e+06 -7.53206e+13 -2.76007e+12  -4.5204e+15  8.03274e+14
           0 -3.80779e+18            0  1.68753e+08  6.19915e+13            0            0        11036            0            0  6.52617e+10  2.70232e+10  3.57983e+13  4.63952e+09  6.76471e+08 -8.87578e+17            0  3.91368e+07            0   2.7439e+15  5.09608e+16            0 -4.85789e+09      -479857    -0.122008 -1.10527e+09 -1.02156e+08 -3.63644e+12  2.93997e+10  4.68276e+07 -3.78504e+09    0.0612003  1.48265e+15            0     -63681.5  1.75958e+12 -1.94751e+11     -19390.5            0  4.20652e+09            0            0 -4.56823e+17  2.33717e+09  4.61672e+10 -1.75535e+15  4.11075e+13            0 -5.57978e+08 -5.28236e+09 -3.39027e+10   6.2054e+09            0  7.72281e+08            0  2.21035e+09   -0.0973925            0 -9.59349e+07   7.8601e+14            0   -0.0156593            0  1.52485e-05      1.29967 -1.58302e+14    -0.104378  -2.8692e+11   -0.0847628       113990            0            0      125.291   4.6348e+06            0  4.81841e+10  7.10085e+08     0.384412      -151292 -1.59232e+09 -2.06518e+06            0            0 -1.54426e+10 -1.71591e+10  3.90109e+09      3.11324   3.2741e+17     -45339.2       4630.7            0  1.07813e+08 -1.45956e+10 -2.25883e+10
           0 -2.18228e+16            0     -3547.92  7.19439e+11            0            0            0            0  -1.6488e+06  1.15457e+08  3.88057e+07            0  1.65257e+07  2.62843e+06 -3.43081e+15            0       129184            0   1.5863e+13  9.09066e+14            0 -1.56999e+07            0            0  4.72948e+06      -240004 -1.01649e+10  4.68276e+07       374104  -5.6677e+06            0            0            0            0  1.37339e+11  2.49706e+08     -159.816            0   5.6211e+06            0            0  -2.3758e+14            0  1.82197e+08  -1.0368e+13  1.48753e+11            0            0 -6.80879e+06 -8.65455e+07 -4.24125e+07            0  2.50408e+06            0  6.90301e+06  0.000376086            0      -210334  6.10921e+12            0 -8.84664e-05            0  1.29394e-08   0.00388474 -1.71987e+11            0  -1.4157e+09  3.76216e-05            0            0            0            0      17082.8     -1542.64  1.90186e+07  3.25846e+07   0.00275015            0 -9.02226e+06     -1051.92            0            0 -5.09524e+07  5.15928e+06  3.07114e+07            0 -7.46484e+14      205.368      9.40557            0            0 -1.92866e+08 -6.20254e+07
           0  4.59872e+18            0      -486645 -8.64734e+13            0            0     -1497.61            0            0 -8.34304e+09  -3.9729e+09  8.31912e+12 -2.42594e+09 -5.03917e+08  4.14821e+17            0 -1.22086e+07            0  3.92291e+15 -2.71501e+17            0  5.41321e+09            0     0.104514  3.69699e+08 -3.31343e+07  7.90735e+11 -3.78504e+09  -5.6677e+06  1.87797e+10   -0.0122471 -2.24537e+14            0            0  8.62334e+12  4.54633e+10      48521.5            0  3.66011e+08            0            0 -6.29409e+17  4.13229e+08 -1.53127e+11   3.9643e+14 -3.92702e+13            0            0  1.56829e+09  1.38478e+10 -8.64876e+10            0 -1.19502e+09            0  1.81516e+09     0.045094            0  4.10065e+07 -1.04015e+15            0   0.00819628            0 -3.87524e-06    -0.623807  4.94841e+13   -0.0222209  1.45711e+11            0     -24732.4            0            0            0 -2.06515e+06            0  1.07169e+10  1.50242e+10    -0.094389       -44866 -4.42139e+08      -257314            0            0   4.0905e+09  1.70598e+09 -7.83439e+09    -0.471479 -3.01974e+17     -3308.69      183.689            0 -1.42785e+07  2.93574e+10  1.45102e+10
      -46168  1.19802e+10 -1.81924e+07  0.000778984      -604192            0            0  -3.3608e-06      2.89729     -2.14649    -0.258378     0.245556       -21179      10.6147            0  1.12699e+09     0.171675  2.25215e-05    0.0912498 -9.74296e+06 -8.95024e+08            0   -0.0881262 -0.000238878  2.21579e-10            0  -0.00142349      4537.53    0.0612003            0   -0.0122471  4.15034e-09    3.415e+06            0 -3.20927e-06            0      208.032            0     -1061.64    0.0481435      5.82357    0.0161336 -7.82318e+08      10.1389    0.0747735  2.87715e+06       -36541     0.168447     0.279047  -0.00864901    0.0433426            0            0    0.0126353 -6.52483e-11            0  -1.7451e-11  -3.8871e-05 -0.000213988  -3.5165e+06            0  5.09701e-11            0 -6.88675e-17  3.44172e-09            0 -1.91454e-11     -1705.62 -9.56951e-11 -5.92807e-05     0.446951    -0.269861 -1.95204e-07    2.344e-05 -0.000189706    -0.314989     -0.14506 -1.05651e-09  1.16686e-05   0.00876725  4.40534e-05            0  4.64837e-05     0.134481     -1.33389   -0.0356436 -5.14305e-10  9.78493e+08 -9.45031e-06 -4.63045e-09    -0.126167    -0.136155      112.315      21.2411
