 1.07385e+13 -1.62617e+10 -1.58669e+11      40538.6  -2.1106e+13  2.89103e+08            0            0  -1.0505e+07  6.24757e+06            0            0  1.02174e+11       375029            0  -4.4654e+10       582693            0 -3.87439e+07 -6.41893e+08  7.40279e+11            0            0 -2.46661e+07     -37.0734            0            0  5.00224e+11            0            0            0      -0.3313 -1.86566e+09  3.44348e+06      -751411            0 -1.17553e+07            0 -6.99291e+10            0 -1.84796e+08       198615  1.57905e+11   6.2362e+09            0 -5.69317e+11  2.43956e+07 -3.58485e+06 -2.85448e+07            0            0            0            0            0   3.3433e+11      -408866      -0.4244            0            0  8.05224e+06   3.8507e+10 -6.07317e+06  4.48091e+06 -6.32269e+12      160.014   1.2758e+11       1.2079 -3.99268e+07     -2.60904      57075.7            0            0      11031.9      -149879       118368            0            0      21.1552            0            0            0            0            0            0       -51469            0     -179.799  1.45666e+12      2788.14     -4433.66            0      9944.11 -1.21445e+07  1.75458e+07
-1.62617e+10  9.19948e+10  3.53896e+09       225892  1.31326e+14  2.02003e+07       -83423        -7347  3.44473e+06      -389916 -3.02137e+06      -934625 -2.50369e+10  1.21524e+06      39306.3  4.88192e+10  3.33479e+06      -141494 -5.97725e+06  1.66248e+08 -4.96224e+12  1.39189e+06      -814304      -489372      49.9447      -156299      -160479  6.28318e+12     -96085.7     -86576.6       812349      3.31445 -1.06392e+10     -75596.8       -85074      -913871 -7.91153e+06      -200214 -9.06068e+09      -448502  6.63292e+06      -149127 -4.76941e+11  1.37331e+10      -468682  4.73843e+12  -2.5587e+07       850969 -2.69764e+06      -222204       805071      -253390  1.33443e+06      -580095  1.94339e+13 -1.07926e+06     0.727265     -18689.8      60866.2  -2.3584e+07 -3.27146e+08  3.93995e+07 -1.30115e+06   1.3364e+13      -29.068 -4.07956e+09     -2.95441 -8.56901e+07     -5.09912      -306803 -1.03179e+07  1.41816e+09     -17020.4       -18282      -130851 -3.48397e+06     -3100.65      8.79481      71860.8       731970     -12410.9 -5.41859e+06       391364   2.4549e+06      -193142 -1.39831e+06     -1455.45 -2.50181e+10     -4666.26      16256.9       128772     -50443.9  1.65546e+07 -3.06084e+07
-1.58669e+11  3.53896e+09  4.03978e+12            0  1.67931e+13  2.76586e+08            0            0  7.07911e+06      -290286 -2.54205e+06            0            0      -170880            0  3.29812e+09            0            0  -6.3819e+06  1.81108e+09 -4.47091e+11            0            0  4.02382e+06      3.11703            0            0  9.35431e+10            0            0      -368733    -0.433941            0       493984      36585.2            0 -1.56901e+06            0 -4.84269e+09            0 -1.08984e+07      6387.58 -9.15164e+10            0            0 -3.15993e+11 -1.24668e+07            0  1.46261e+07            0            0            0            0            0  2.67659e+10            0    -0.330361            0            0  -4.4703e+06            0  4.54502e+06       582472 -2.09681e+12     -21.7413 -9.91632e+10            0  1.13857e+07            0     -7161.16            0            0            0       433517            0       873866            0            0            0            0            0            0            0            0      46459.5            0            0 -1.65843e+11      6192.15     -2214.05            0            0  9.84457e+06 -1.09897e+08
     40538.6       225892            0       348.59 -7.68452e+08            0            0  -0.00106347            0    -0.146572     -70.1569     -1321.81            0     -1.01405       11.146       179313     -5.84074     -27.8206            0      927.111 -3.26223e+07            0      -254.46      -8.0943            0      21.8911     -124.368  5.48584e+06      119.323    -0.575642      1.15531  2.11687e-06     -3943.87            0      -2.2856            0     -34.2892      12.1414     -13051.5      78.1794            0            0 -2.10422e+06      30531.7      3.43566  4.87902e+07      313.479            0     -72.0727     -66.0035      -198.96      56.7436            0      72.5105  1.22171e+08     -3.34527 -1.50682e-06            0     -60.6729     -153.962            0      203.753            0  3.62496e+07  0.000101499            0 -4.02472e-05      41.5688            0            0      10.2903     -401.261    -0.004391     -1.67676            0     -297.954     -0.88405 -0.000307102       1.5372      68.0881     -39.7831            0            0      444.375      -221.22    -0.655634  -0.00023922  6.44683e+06   -0.0117138       7.8867            0      -0.7646      853.267      148.543
 -2.1106e+13  1.31326e+14  1.67931e+13 -7.68452e+08  2.52653e+18 -4.87006e+10 -5.70368e+08 -3.98731e+07  -8.2678e+09  1.64345e+09  1.34872e+10   1.6462e+10  1.11083e+14  2.50172e+09  1.81691e+09  3.86602e+14 -2.83023e+09  9.07594e+08  2.26819e+10   2.3634e+11  7.40685e+15 -1.22264e+09 -6.49725e+09  1.41807e+09     -16760.7 -6.17178e+08   6.9387e+08   1.8053e+16  9.60246e+08   4.7353e+08  1.20723e+09      8907.15 -6.68343e+12  1.97568e+08  1.20264e+08   9.9731e+09  7.17241e+09 -9.49558e+07  3.07033e+13  8.01939e+09  -1.6082e+10 -9.19014e+08 -9.85697e+13 -3.83463e+13  -5.4407e+08 -2.13386e+16 -2.20471e+11  1.69143e+09  3.39164e+09 -8.94665e+07 -1.50327e+10 -2.35142e+09   -2.456e+09 -3.04276e+09 -1.88353e+16 -1.84018e+09      38712.5  3.08108e+08 -1.00983e+09 -7.27681e+10  2.46428e+12  1.43291e+10  2.26387e+09  2.50004e+16      -345699  1.74114e+13      13555.1 -1.85509e+11      18232.6 -1.68472e+08  9.72132e+09 -3.46333e+12  8.02724e+07  1.54544e+08  1.10868e+08  6.75438e+09  1.61694e+08       321292  -3.4056e+08   1.2166e+09 -3.79115e+07 -4.21425e+09 -7.21861e+08 -1.94601e+09  -7.9124e+08 -5.30873e+09      -953960 -1.57049e+15  6.69191e+06  9.23961e+06  1.48265e+08  1.81556e+08  1.14583e+11  3.64329e+10
 2.89103e+08  2.02003e+07  2.76586e+08            0 -4.87006e+10   1.4788e+07            0            0        18680     -1107.62            0            0            0     -382.992            0  1.41769e+07            0            0     -30402.1  1.29446e+06 -2.41545e+09       209581            0     -7096.87    -0.109523            0            0  1.04169e+09            0            0            0            0            0      -3340.6     -74.3502            0      -9256.4            0 -4.88382e+07      4686.19       228983            0 -5.52645e+08            0            0  5.59417e+08     -24761.4            0      1457.35            0            0            0            0            0  2.12441e+09            0            0            0            0     -11915.7 -2.81842e+06        15392     -3441.35  6.33055e+08     0.300628            0            0      26109.3            0            0            0            0            0      182.903            0            0            0            0            0            0            0            0            0            0            0            0            0 -4.60765e+08     0.387057            0            0            0      27598.2      -551694
           0       -83423            0            0 -5.70368e+08            0      129.835  -0.00256751            0            0            0            0            0     -1.00279     -5.64359       440397      3.60352      2.30225            0     -2067.79  8.42905e+07            0     -511.865            0  6.08276e-05     -7.03864            0 -7.46568e+06            0            0            0            0            0            0            0            0      32.5353            0            0            0            0            0       415505            0            0  2.18562e+07      154.754            0            0     -46.6571            0            0            0     -58.0038 -6.81538e+07     -99.0024 -2.24238e-05            0     -5.85384     -3.26841            0       97.401            0   6.5899e+07  0.000309833            0            0      194.006            0            0            0     -503.785            0            0            0            0            0  0.000255338            0      43.5648            0            0            0       300.54            0            0            0    5.152e+06   -0.0213847            0     0.477009            0     -526.627      150.989
           0        -7347            0  -0.00106347 -3.98731e+07            0  -0.00256751   0.00792055     -0.04538    0.0104582     0.259483     0.266926      353.873    -0.119214            0     -10075.6   -0.0640785   0.00939901            0      60.0393       390450            0    -0.106871   0.00894847 -1.10029e-06  0.000563685   0.00103172      -901156    0.0495278            0   -0.0332657  4.16833e-07       4083.7            0   0.00288126            0     -1.30003  -0.00320093     -36.3328     0.166945     -1.13672      0.01026     -43517.4     -332.146  -0.00403759       327904      5.20506   -0.0417527    0.0367265    0.0528251    -0.181787            0            0    0.0692986      -954669    0.0610503 -2.04594e-07            0    -0.013805      1.77907      57.1135     -1.97967            0 -1.17578e+06 -0.000147258      37.9923  9.45277e-08      9.24439   3.1709e-07  -0.00020497   -0.0377114      3.90033   0.00064921   0.00282166            0    0.0797388            0 -1.71273e-06  -0.00133186    0.0675847            0            0  -0.00108495     0.438502            0    -0.170463  0.000364354        27499  0.000272028            0            0   0.00016952     0.876775     -8.82305
 -1.0505e+07  3.44473e+06  7.07911e+06            0  -8.2678e+09        18680            0     -0.04538        20297     -550.588     -80.2528            0      -479647     -20.1458            0  2.61362e+06      142.448            0     -7742.74       212397  -5.1828e+08       427.23            0     -728.103 -0.000529767            0            0  1.11525e+08            0            0     -11.6409  0.000136602      -382541     -64.0771     -58.9029            0      416.296            0 -1.67758e+07            0      12204.6     -1.68713 -3.29498e+07       882204            0  5.20528e+08     -4639.43      80.1377     -1256.51            0            0            0     -329.587            0  8.89876e+08     -18.5352 -3.04357e-05     -15.7696            0     -2286.12     -99932.2      2718.67     -4299.95  1.96451e+08    0.0295261  -3.5084e+06            0      2511.79 -0.000881459      0.82165            0            0     -1.75085      57.9149            0      27.5857     0.358631  -0.00367233            0            0            0      -13.801       163.81            0       -12.27            0   -0.0293324 -1.54356e+06  -0.00723957     0.584763     0.231392    -0.516271      5376.93     -16018.4
 6.24757e+06      -389916      -290286    -0.146572  1.64345e+09     -1107.62            0    0.0104582     -550.588      129.831      12.3806            0      -302720      3.74924            0      -193701     -3.08255    -0.282977      199.033     -18107.6  6.40371e+07     -89.3642      3.09049      3.13491 -0.000227533            0            0  -5.6551e+06            0    -0.175031      1.79583 -6.63796e-06      16753.8      11.2729      2.87679            0     -76.2993            0  2.78375e+06            0     -1176.73     0.774212  2.81058e+06      -167625            0 -6.68602e+07      529.441     -15.9621     -52.9383            0            0            0      46.9326            0 -1.21468e+08      5.07189 -6.87584e-06     0.617243            0       287.53       120829      -346.57      106.313 -4.46514e+07  -0.00191916  1.29176e+06            0     -453.384  1.15246e-05     0.311759     -8.10725            0       0.2055     -4.87643      28.4762     -4.25585     0.363784  0.000945338            0            0            0     -13.9851     -5.10667            0     0.799155            0    0.0014985  4.55062e+06   0.00489849   -0.0131896     0.234505     0.129669     -742.282      246.414
           0 -3.02137e+06 -2.54205e+06     -70.1569  1.34872e+10            0            0     0.259483     -80.2528      12.3806       171653      11880.3            0       13.234      2845.56       614100            0      1489.04            0      58566.3  8.66146e+08            0     -3335.98     -12.7725            0       995.71     -56.0035  -1.3764e+08      3243.49      456.249      -1898.4 -4.95422e-05            0            0            0     -1756.19      1530.97     -2970.89            0      212.814            0            0  4.08651e+07 -1.70053e+06      559.089 -3.53263e+08      1232.62            0     -112.672     -6377.33     -28347.3     -2213.02            0       2649.4 -1.38601e+09      7038.44  5.04581e-05            0     -1465.11      1385.33            0     -1886.39            0 -6.12492e+08   -0.0521217  5.18292e+06            0       588.25  8.11741e-05            0            0            0            0      403.105            0      26172.9      1029.29    -0.027946     -822.347      283.925     -28.2194     -201.426            0     -20435.3     -58.7965      4036.37            0  6.68451e+07      0.12634      102.014            0            0     -6606.51     -277.587
           0      -934625            0     -1321.81   1.6462e+10            0            0     0.266926            0            0      11880.3       160301            0      5.72626       3759.7 -5.54553e+06       128.29      1030.02            0      29554.4  1.26032e+08            0      3832.44     -17.4548 -0.000194121       728.98      308.545 -9.15455e+07      4003.26      524.323     -2158.97   0.00015724  1.34521e+06            0     -4.92879      16997.7      325.459     -268.192            0      6571.27            0            0 -3.03774e+06       244211      2100.03 -7.92533e+08     -1540.39            0      -155.42       -10023     -14127.4      2887.25            0      -4204.7 -1.41816e+09      370.184  0.000518534     -6.21551     -4874.17      988.042            0     -1507.14            0 -8.04164e+08   -0.0221895      -554266            0      1642.69            0            0            0            0    -0.305502      278.623            0      4182.35      711.922  -0.00571475            0     -507.538      264.998            0            0     -33117.2     -1277.52     -5674.56       0.1445  8.43729e+07     0.225619     -209.135            0      16.7944     -5058.21        -3247
 1.02174e+11 -2.50369e+10            0            0  1.11083e+14            0            0      353.873      -479647      -302720            0            0   8.0588e+12       563002     -28288.7 -6.26691e+08  3.47399e+06        44728            0  3.14335e+08  4.30343e+12      -945109            0            0      81.8506       158787            0  7.49717e+11       347150            0       399917    -0.856326            0      -240937     -44653.3            0  -6.8828e+06            0  6.91493e+08            0   2.5491e+06            0 -2.07924e+11 -1.75286e+11       276479 -4.96738e+12  2.80509e+07       238431            0            0            0            0  5.84081e+06     -2598.74 -2.42344e+12  8.92202e+06            0  2.30621e+06            0  2.07865e+07            0 -2.28317e+07            0 -6.90673e+12     -180.753  1.04473e+10     -24.7565 -2.63009e+07      -4.9308      36673.7            0            0  1.00353e+06     -17161.9            0            0       149879     -203.872            0       393972            0      -258700 -9.19585e+06 -1.85667e+06            0            0            0  1.19113e+12      190.461            0      5163.63       176833 -7.51929e+07 -9.03497e+07
      375029  1.21524e+06      -170880     -1.01405  2.50172e+09     -382.992     -1.00279    -0.119214     -20.1458      3.74924       13.234      5.72626       563002        42.76      7.20526       867139     -41.3955      5.83184      86.6991     -1238.31 -7.85586e+07      -11.422      15.5666      6.35687 -0.000516507      4.30624     0.118893  1.39578e+08      9.55387      2.85968     -19.4031  2.37468e-05     -43931.5     0.370475     0.579218      32.3983      1.67876     0.661404       124977      21.0666     -31.6349     0.754566  4.79258e+06      -182672      12.8464   6.0324e+07     -328.414      1.84118      9.36333     -15.9735     -18.2936     -2.23327     -21.8922      13.4339  2.55687e+08      26.5569  1.89019e-05     0.687904     -5.94161      -304.38      8869.81      530.914      26.8066  1.78226e+08    0.0212898      89039.4  4.55281e-05     -1146.36  7.83963e-06      2.37713     -190.213      23040.4     0.252812      1.44948      1.29764      17.3773      1.01948 -6.51902e-05    -0.266483     -14.4502     0.012453     -82.9686     -1.51347     -86.8341      1.28376      30.2441   0.00157233  6.61018e+06    0.0646179   -0.0604105       2.1898     0.622377     -16.3759     -224.435
           0      39306.3            0       11.146  1.81691e+09            0     -5.64359            0            0            0      2845.56       3759.7     -28288.7      7.20526       2122.5      -537589      1.68148      507.792            0     -205.731 -1.67927e+06            0      1768.48     -0.65393 -7.75891e-05       170.63      -10.319  2.15315e+07      688.539      217.577     -1925.41            0            0            0    -0.184742     -4760.85     -2.86649       26.691            0      232.094            0            0      94860.8     -37579.1      826.154 -1.42828e+08      117.799            0     -5.82235     -1638.54     -4964.77      1126.22            0      404.566 -1.85854e+08      60.7098  0.000144089            0     -637.938      182.181            0     -94.6386            0 -1.19442e+08  -0.00605149     -94511.4            0     -515.683   5.4345e-05            0            0            0    0.0255962      92.7366            0      -395.38      50.2057  0.000680124            0     -960.188      3.13961     -21.9646            0     -5320.61     -29.9264      5777.67            0  2.54067e+07    0.0100773      2.47891            0            0      -67.924     -908.821
 -4.4654e+10  4.88192e+10  3.29812e+09       179313  3.86602e+14  1.41769e+07       440397     -10075.6  2.61362e+06      -193701       614100 -5.54553e+06 -6.26691e+08       867139      -537589  1.32795e+12  2.52759e+06      -549484 -3.38585e+06  1.97794e+08  4.64126e+12  1.62092e+06  3.20632e+06       -31603       17.995      -253814      -175539  5.52541e+12 -1.20396e+06      -195221  2.11849e+06      1.99876 -1.42859e+10      17203.6     -50706.2 -1.20212e+06 -4.39467e+06       -27067 -1.32416e+10 -1.98955e+06  6.71386e+06      -118314 -2.26162e+11  5.40662e+09 -1.07942e+06  3.29256e+13 -1.17754e+08  1.08294e+06  -2.4431e+06  3.63301e+06  2.32761e+06     -36341.5  3.13827e+06  -1.0612e+06  3.10973e+13      -743070     -65.0473      69182.9       717601 -7.24811e+06   1.6908e+08  8.61559e+06 -1.00101e+06 -8.42826e+12     -321.141 -6.85703e+09   -0.0496538 -7.32727e+07      5.69203      -393916  3.88684e+06 -1.44974e+09      13680.8      -166006      -184353      -908047       -59882      598.832     -54293.4       741367     -39023.4  1.05065e+07       578592  3.67348e+06      -427314 -3.11248e+06     -1757.89  1.90847e+12     -4196.24      28401.3      -386639     -26448.7 -2.02107e+06      -738459
      582693  3.33479e+06            0     -5.84074 -2.83023e+09            0      3.60352   -0.0640785      142.448     -3.08255            0       128.29  3.47399e+06     -41.3955      1.68148  2.52759e+06      11459.5      1.40775     -382.544     -34383.5 -3.78413e+08      349.547            0     -58.4627    0.0104698            0      9.48952  1.27473e+08     0.903095            0     -5.08753 -3.73139e-06     -91587.7            0     -4.47913            0     -1306.83            0       105707            0      45.3285     -1.60304 -1.87979e+08  3.04553e+06     -2.14851  2.40471e+08     -2608.73     -55.8478     -438.278            0     -26.8533      11.3008     -207.309      1.55281  7.54586e+08     -33.5759 -8.07906e-05     -0.79626       1.1044     -1407.32     -25395.4      2110.24     -48.3114  4.59211e+08     0.037305       156229  -0.00172072      3455.18  4.53876e-05     -3.54878            0            0      1.38682     0.256512     -1.72828            0            0  -0.00682948            0            0            0      11.9408            0      21.6391      4.75012            0   -0.0217728 -5.25545e+07     -2.07745     0.730783     -1.86582      25.2124      4246.82      2597.89
           0      -141494            0     -27.8206  9.07594e+08            0      2.30225   0.00939901            0    -0.282977      1489.04      1030.02        44728      5.83184      507.792      -549484      1.40775      586.925            0      892.997  1.99906e+07            0      -643.95            0 -2.08208e-05     -28.0674      9.21506       300535      675.066      176.012     -761.575  2.41579e-06      40351.7            0            0     -446.514      1.08261      3.33532            0      678.311            0            0  1.01737e+06       383.66      460.762 -8.39134e+07      250.997            0            0     -876.215     -2105.63      -501.21            0      419.804 -1.15836e+08      1094.29  1.54428e-05            0     -306.904      165.993            0     -189.388            0 -8.49254e+06   0.00120191     -43980.8            0     -295.601 -2.66241e-06            0            0            0   0.00608722      79.1502     -4.90222      231.309     -5.08467  9.62157e-05            0      -547.75      10.9566            0            0     -6741.37      4.69292      2169.23   0.00433451      -113435     0.021094     -1.39516            0     0.217367     -381.632     -597.867
-3.87439e+07 -5.97725e+06  -6.3819e+06            0  2.26819e+10     -30402.1            0            0     -7742.74      199.033            0            0            0      86.6991            0 -3.38585e+06     -382.544            0       706345      -114087  1.12342e+09            0            0      3789.91   0.00370025            0            0 -5.70915e+07            0            0            0  2.61812e-05  1.03167e+06            0      419.776            0      -1188.9            0  3.10451e+07            0     -655.685            0  5.79622e+07 -1.53621e+06            0 -7.76004e+08      4522.47            0        29267            0            0            0            0            0 -6.92083e+08            0  8.82639e-05            0            0      3511.29       223190     -5521.98            0  6.59696e+08  0.000742886   1.4419e+07            0     -9288.97            0      112.922            0            0     0.232312     -11.2248            0            0            0   0.00712162            0     -16.8495            0            0            0            0            0            0    0.0295094 -4.81945e+07   -0.0802618            0            0            0     -13736.9      53894.2
-6.41893e+08  1.66248e+08  1.81108e+09      927.111   2.3634e+11  1.29446e+06     -2067.79      60.0393       212397     -18107.6      58566.3      29554.4  3.14335e+08     -1238.31     -205.731  1.97794e+08     -34383.5      892.997      -114087  3.58573e+07  1.74515e+09      -6870.8      34855.8     -37199.4    -0.487136      758.335      1045.68  9.58891e+09      2222.65      1615.15      10097.6    -0.024387  1.24751e+08     -3721.65     -1952.05      8363.65      -113109     -1528.64 -3.87079e+08     -910.255       212562      989.519  -3.6849e+09 -1.35434e+08      1852.88  7.10269e+09      -192503     -2513.15      21003.5      18958.1     -53115.6     -7110.35     -13582.7      1340.99  1.70556e+10      9287.63     0.022822      716.046     -1078.21     -72570.8  4.13106e+06      75332.4     -25357.3  1.75201e+10      1.39602 -3.84212e+08    0.0374776     -21846.5      0.05621      3014.92      -145369  1.82921e+07      254.184      6982.48      -6186.4      25206.9      1954.56     0.854482     -226.809     -5347.58     -200.655     -68210.1     -3831.87     -10575.6     -1762.18     -7096.52       15.674 -2.57423e+09      52.1306      57.6417      1785.78       513.39       112163   -1.525e+06
 7.40279e+11 -4.96224e+12 -4.47091e+11 -3.26223e+07  7.40685e+15 -2.41545e+09  8.42905e+07       390450  -5.1828e+08  6.40371e+07  8.66146e+08  1.26032e+08  4.30343e+12 -7.85586e+07 -1.67927e+06  4.64126e+12 -3.78413e+08  1.99906e+07  1.12342e+09  1.74515e+09  3.66582e+15 -2.05831e+08  2.89982e+07  7.60846e+07     -4969.98       842580  2.56916e+07 -3.49614e+14  4.25703e+06  1.01937e+07 -1.91487e+07     -212.556  1.29805e+12  7.00049e+06  1.02424e+07  2.76281e+08  5.13989e+08  2.57168e+07  1.42813e+12  1.01771e+08 -1.10815e+09  5.10507e+06  3.49459e+13 -1.71472e+12  6.40501e+07 -3.69596e+14  8.23483e+08 -8.72584e+07  2.82027e+08  7.99137e+07  2.12078e+08 -1.00439e+08  -8.8077e+07  3.44441e+07 -2.61372e+15  7.35682e+07     -8.28795  3.06183e+06  6.13822e+06 -5.00298e+08  7.34977e+10  7.85735e+07   1.4258e+08  2.30562e+15     -3084.18  7.78235e+11      391.657  4.45039e+09      678.999  2.81343e+07  5.09962e+09 -6.69136e+11    2.325e+06      -602706  1.73103e+07  4.78282e+08  3.17496e+06      7611.17 -1.34017e+07 -4.80107e+07  1.18414e+06  3.05541e+09 -5.58917e+07 -1.38101e+08  1.11179e+07  1.26318e+08       173081  1.70861e+14       451587 -1.98823e+06 -7.60856e+07  7.55819e+06 -6.24928e+07  1.39964e+09
           0  1.39189e+06            0            0 -1.22264e+09       209581            0            0       427.23     -89.3642            0            0      -945109      -11.422            0  1.62092e+06      349.547            0            0      -6870.8 -2.05831e+08      20035.8            0     -92.5693  0.000324967            0            0  7.04691e+07            0            0            0            0            0     -49.7633            0            0     -840.743            0            0      69.1704      3275.11            0 -4.24689e+07  1.04772e+06            0  2.05141e+08     -845.618            0            0            0            0            0      16987.3            0  3.98795e+08     -14.3951            0            0            0     -593.454     -58779.2      889.592     -795.836 -1.32766e+08    0.0122888            0 -0.000710198      491.061 -0.000593432       1.5312            0            0    -0.609858            0            0            0            0  -0.00329179            0            0            0            0            0            0            0            0            0   6.3225e+06    -0.397956            0            0     -3.11028       1810.4     -6102.69
           0      -814304            0      -254.46 -6.49725e+09            0     -511.865    -0.106871            0      3.09049     -3335.98      3832.44            0      15.5666      1768.48  3.20632e+06            0      -643.95            0      34855.8  2.89982e+07            0       135022            0            0      1425.32      72.9898  1.73344e+08     -562.454     -94.0811      2583.96  -4.7124e-05      -456211            0            0     -3873.89      -498.41      21.7421            0     -879.679            0            0  1.48681e+07       226044      73.4145  9.98623e+07     -128.054            0            0      7689.44     -2197.51     -3181.63            0      9799.38 -6.06702e+08      18666.5  0.000153197            0      1148.26      602.715            0     -143.892            0 -7.80503e+08   -0.0163136      84003.2  0.000142621     -1770.17 -9.92575e-05            0            0            0            0      -45.473      53.5184     -8573.74      187.842  -0.00256451      173.458      -8872.4      86.1622            0            0       -70249      63.8181     -3374.63   -0.0490053  1.79512e+08            0      19.8988            0            0     -4751.29     -2266.76
-2.46661e+07      -489372  4.02382e+06      -8.0943  1.41807e+09     -7096.87            0   0.00894847     -728.103      3.13491     -12.7725     -17.4548            0      6.35687     -0.65393       -31603     -58.4627            0      3789.91     -37199.4  7.60846e+07     -92.5693            0      1128.13  0.000296848            0     0.483474 -7.45377e+06     -3.10676            0     -1.85246 -2.56708e-06      94073.5      8.12926      63.3651            0      39.1363    -0.786392   1.4557e+06     -1.60802     -439.298            0  5.60323e+06      -345141            0 -4.48379e+07      860.904            0      2653.56     -2.40405     -8.03592            0      14.8483            0 -1.55062e+08            0 -7.86474e-05            0            0      359.624      2792.04     -378.499      141.699 -1.24324e+08  -0.00304423       141227  5.17877e-05     -283.137  0.000171646     0.171471            0            0  -0.00849228     -8.29788            0      17.4924            0 -0.000849321            0      5.77129     -2.69158            0            0            0     -3.00138            0   0.00613248  8.46889e+06   0.00560985     -0.78792            0    0.0788115     -1082.68      6507.86
    -37.0734      49.9447      3.11703            0     -16760.7    -0.109523  6.08276e-05 -1.10029e-06 -0.000529767 -0.000227533            0 -0.000194121      81.8506 -0.000516507 -7.75891e-05       17.995    0.0104698 -2.08208e-05   0.00370025    -0.487136     -4969.98  0.000324967            0  0.000296848   1.0316e-06  7.52887e-05  6.95128e-06      1860.59    -3.88e-05            0  0.000106866 -3.01868e-11     0.124492 -0.000125175  -4.0432e-05            0  -0.00297839            0      5.68072 -3.21424e-05  -0.00112117 -4.14106e-05     -3013.63      31.2815  3.91578e-05      2938.21   -0.0417252            0  0.000286895            0  0.000349623            0   0.00779695 -6.72067e-05      13247.7 -0.000734038  6.13899e-10   2.9872e-05            0    -0.021422    0.0890892    0.0292314  -0.00025702      8994.06  4.35713e-07     -3.26958 -5.35892e-08    0.0455089 -2.12871e-09 -9.63562e-06            0   -0.0542981 -7.93482e-06  1.94882e-06 -7.47745e-05            0 -1.21622e-05  6.59961e-09            0  0.000105279            0  0.000481598 -0.000235496  -0.00103361 -6.67939e-05            0 -2.14532e-07     -774.776 -4.53834e-05  3.32633e-06  5.26929e-06 -8.33706e-05    0.0428412    0.0637882
           0      -156299            0      21.8911 -6.17178e+08            0     -7.03864  0.000563685            0            0       995.71       728.98       158787      4.30624       170.63      -253814            0     -28.0674            0      758.335       842580            0      1425.32            0  7.52887e-05      1224.51     -5.11713      -494163     -170.906      45.6438      202.817            0            0            0            0     -532.237        54.55     -10.9072            0       95.496            0            0  2.71953e+06      53284.2      617.067 -1.63773e+07      205.455            0            0     -52.4977     -1909.48     -544.859            0      38.6446 -1.79431e+07     -830.128 -4.49355e-05            0     -162.568      126.935            0      -106.02            0  2.97695e+07   0.00206431            0 -4.15099e-05     -227.524 -1.76628e-05            0            0            0  -0.00218643      58.2502            0      168.891      161.393 -0.000570878            0     -1831.54     0.816202            0            0      1856.25     -12.2956      3712.83            0   1.1107e+06     0.072028     -4.54481            0            0     -426.748     -547.871
           0      -160479            0     -124.368   6.9387e+08            0            0   0.00103172            0            0     -56.0035      308.545            0     0.118893      -10.319      -175539      9.48952      9.21506            0      1045.68  2.56916e+07            0      72.9898     0.483474  6.95128e-06     -5.11713      173.551 -3.10539e+06     -18.5949     -2.52818     -18.8363 -5.07803e-07            0            0     0.136523      37.8472      38.3604     -11.8484            0      59.2398            0            0       968776     -14603.7      3.37522 -4.39479e+07     -295.559            0      4.30492      21.2121      89.4744      47.7619            0     -31.0538 -9.30683e+07     -19.6891            0     0.222566     -5.56173      106.994            0     -130.835            0 -2.33648e+07  0.000517767            0  2.11699e-05      72.7578            0            0            0            0    0.0109395       1.7216            0      179.277      5.87738  0.000112653            0     -11.2035      9.31261            0            0     -17.1068      53.3934     -169.638            0 -3.73488e+06    0.0166891     -7.62611            0      1.24226     -489.482     -177.347
 5.00224e+11  6.28318e+12  9.35431e+10  5.48584e+06   1.8053e+16  1.04169e+09 -7.46568e+06      -901156  1.11525e+08  -5.6551e+06  -1.3764e+08 -9.15455e+07  7.49717e+11  1.39578e+08  2.15315e+07  5.52541e+12  1.27473e+08       300535 -5.70915e+07  9.58891e+09 -3.49614e+14  7.04691e+07  1.73344e+08 -7.45377e+06      1860.59      -494163 -3.10539e+06   8.1938e+14  1.49371e+07  1.24576e+06  7.72498e+06      448.609 -1.28345e+12 -1.35316e+06 -2.34672e+06  8.57098e+07 -3.33338e+08 -2.66646e+06 -1.16557e+11  1.32459e+07  3.52452e+08  5.22184e+06 -2.44953e+13  9.10076e+10  4.42238e+06   2.4693e+14 -2.56747e+09  2.66382e+07 -1.21889e+08 -6.57587e+07  2.07692e+06     -47274.3  3.49661e+07  5.79788e+06  1.16452e+15  3.77438e+07      326.641  1.75964e+06 -7.80678e+06 -1.93462e+09  2.47553e+09  2.79845e+09  1.01798e+07  7.04686e+14       118010 -1.83323e+10     -93.7875 -9.98304e+09      401.369  6.51525e+06 -8.01465e+08  9.44983e+10       476881  2.38846e+06 -5.54743e+06 -1.27512e+08  1.00326e+06      3575.06  2.92847e+06 -2.09622e+07      -169847  -4.0632e+08  7.81548e+06 -1.06736e+08 -6.37402e+06  -6.9404e+07      -191674  2.23294e+13      -110868       720112  1.12152e+07 -1.38854e+06  2.02771e+09 -1.55436e+09
           0     -96085.7            0      119.323  9.60246e+08            0            0    0.0495278            0            0      3243.49      4003.26       347150      9.55387      688.539 -1.20396e+06     0.903095      675.066            0      2222.65  4.25703e+06            0     -562.454     -3.10676    -3.88e-05     -170.906     -18.5949  1.49371e+07       1883.3      240.998      -948.33  2.03199e-05       234129            0     -0.87722      68.0468     -121.944     -4.78159            0      1646.21            0            0 -2.44554e+06      24801.5      478.219 -9.44764e+07      414.372            0     -27.6634     -1813.62     -5261.91      53.6717            0      631.516 -1.38814e+08      1637.09  -3.0995e-05            0     -723.922      114.856            0     -238.142            0  2.09631e+07   0.00340387     -55260.1 -3.63452e-05     -305.344 -5.60571e-05      0.18065            0            0    0.0479791       119.02            0      618.472      3.49094 -0.000204505      -7.8185     -850.407      -10.329     -26.2993            0     -7690.92     -37.2149       1894.6    0.0251497  4.80023e+06   -0.0336422       4.2554            0     0.141381     -109.703     -1057.13
           0     -86576.6            0    -0.575642   4.7353e+08            0            0            0            0    -0.175031      456.249      524.323            0      2.85968      217.577      -195221            0      176.012            0      1615.15  1.01937e+07            0     -94.0811            0            0      45.6438     -2.52818  1.24576e+06      240.998      157.499     -102.218            0            0            0            0      1126.67      9.67321     -1.76352            0      169.114            0            0       503249            0      140.425  -4.0639e+07      131.112            0            0     -181.159     -1029.42     -104.191            0      176.366 -5.64258e+07      445.349  6.20522e-06            0     -129.129      81.0336            0     -108.033            0 -1.59177e+07  0.000829701     -4760.08            0     -159.083  1.29428e-06            0            0            0            0       35.625     -3.03241      28.9515      19.4128  7.67997e-05            0     -485.187    -0.319567            0            0        -1776     0.868033      1232.16            0      -776866    0.0137674     0.555033            0            0      -318.89     -230.755
           0       812349      -368733      1.15531  1.20723e+09            0            0   -0.0332657     -11.6409      1.79583      -1898.4     -2158.97       399917     -19.4031     -1925.41  2.11849e+06     -5.08753     -761.575            0      10097.6 -1.91487e+07            0      2583.96     -1.85246  0.000106866      202.817     -18.8363  7.72498e+06      -948.33     -102.218      16176.1 -1.73175e-05      -167648            0            0       3319.5      201.702       20.429            0      276.598            0            0  -5.0049e+06        47663     -5135.77  9.53239e+07     -890.534            0     -16.3413      2188.75      7482.98     -6902.71            0      -2936.6  1.80314e+08      1091.05  2.72741e-05            0      1137.93     -435.478            0      316.666            0 -2.91468e+07  -0.00437392       801810 -3.68561e-05      553.498  7.80077e-06    -0.250136            0            0    0.0116292      -195.05            0      181.227      402.709   0.00339248     -5.82194     -1625.01     -3.48574            0            0      5977.97      9.17987     -14303.2   -0.0180084 -3.94278e+07   -0.0210623     0.247015            0    -0.666015      865.139      2365.38
     -0.3313      3.31445    -0.433941  2.11687e-06      8907.15            0            0  4.16833e-07  0.000136602 -6.63796e-06 -4.95422e-05   0.00015724    -0.856326  2.37468e-05            0      1.99876 -3.73139e-06  2.41579e-06  2.61812e-05    -0.024387     -212.556            0  -4.7124e-05 -2.56708e-06 -3.01868e-11            0 -5.07803e-07      448.609  2.03199e-05            0 -1.73175e-05  3.08302e-09      2.86379            0  4.60005e-07            0  0.000501391            0    -0.243503  8.69076e-05  0.000362938 -5.72529e-06      4.37729     0.396708  1.34459e-06      151.335 -0.000112531  5.16654e-05  6.05156e-05 -1.04972e-05 -4.95261e-06            0            0  3.87228e-05      572.438            0 -1.90112e-11 -9.18955e-07 -7.18654e-06 -0.000947915            0   0.00155707            0     -104.285  6.96361e-08            0 -2.76852e-11  -0.00772353 -1.65408e-10 -1.60821e-08  3.76002e-05  -0.00143575 -1.74675e-07  2.36864e-06 -1.34969e-05  -1.3699e-05 -3.19454e-06 -3.57264e-09  1.60596e-06  2.45155e-05  8.13704e-07            0   2.6892e-05  0.000271213 -1.17742e-05 -8.87385e-05  9.41394e-08      2.43224 -1.22135e-08  7.76541e-08 -1.71418e-07 -9.06558e-07  0.000869454   0.00273178
