 6.98673e+17 -7.44164e+18 -1.53851e+18  1.70521e+08 -1.63299e+21  4.79045e+15            0            0 -2.64409e+13  1.06347e+12            0            0  3.55352e+15  1.05391e+10            0  -9.1765e+16  1.67511e+12            0 -2.64983e+13 -4.71459e+15 -1.27252e+21            0            0 -4.01521e+10     -4463.11            0            0 -7.17615e+20            0            0            0     -49.7674 -1.04638e+15  4.05685e+09 -6.20451e+08            0 -4.58655e+13            0 -1.14347e+15            0 -1.48519e+14  4.73402e+10  2.43315e+20  2.98278e+13            0 -6.84517e+20  9.65198e+14  -4.1801e+10 -6.94681e+11            0            0            0            0            0            0 -1.20093e+09      49.5445            0            0  5.21608e+15  1.70076e+17      -160765  1.96539e+13 -2.10531e+21      3029.32  2.94484e+16      191.879 -1.84127e+14     -265.825  1.52177e+08            0            0  2.01384e+06 -9.64773e+07   9.3175e+07            0            0      3940.94            0            0            0            0            0            0 -2.24127e+10            0     -1327.69  2.81658e+21       237720      -492379            0  5.70263e+08 -6.00966e+12  2.35535e+13
-7.44164e+18  2.64956e+23  2.87994e+20  7.79771e+12  1.86636e+25  2.59504e+18 -2.62095e+13 -2.41962e+10  6.65461e+16 -5.20409e+14 -2.07134e+15 -4.62876e+14 -6.43928e+18   2.3386e+14 -7.31807e+11  1.84469e+21  6.99958e+16 -1.71317e+12 -3.15118e+16  9.27404e+18 -4.05829e+25  1.47042e+15 -1.16454e+14 -6.12236e+12  4.30294e+07 -8.84896e+12 -8.82303e+12  1.53779e+26 -2.27788e+13 -1.35119e+12  5.60156e+13  4.49091e+06  -4.2555e+19  -7.0274e+11 -5.24419e+11 -2.56779e+16 -2.10969e+17 -4.95251e+11 -1.26361e+18 -5.70158e+13  4.22412e+16 -1.41975e+14 -4.27039e+24  4.89736e+17 -4.30202e+14  3.91904e+25 -9.03963e+18  6.84488e+13 -4.77771e+14 -6.79663e+12  1.76043e+14 -1.08963e+14  1.76813e+16 -2.46779e+13  5.62361e+14 -3.68746e+13  6.37875e+06 -2.15305e+11  1.17825e+12 -1.05531e+20 -1.11585e+19  7.28967e+09  -4.6076e+16   1.3986e+25       644509 -7.63611e+18 -3.54521e+06 -3.30265e+18  -3.6074e+06 -4.68532e+12 -1.96419e+17  1.72744e+17 -2.32079e+10 -1.36698e+11 -8.32717e+11  -4.4815e+15 -1.11056e+13  1.06754e+07  2.64786e+11  2.49378e+13 -1.49729e+11 -9.65019e+16  9.45575e+11   2.4711e+14  -4.8645e+14 -1.36272e+14 -7.04521e+07  9.17899e+23 -2.81285e+09  1.69774e+10  6.20122e+14 -2.17816e+13  9.53418e+16 -2.36341e+17
-1.53851e+18  2.87994e+20  5.52175e+21            0  8.59689e+22  6.81044e+17            0            0  2.38963e+15 -6.67639e+12  -2.9725e+13            0            0 -6.78386e+11            0  2.04951e+18            0            0 -6.30123e+14   1.9499e+18 -5.56661e+22            0            0  9.65289e+11        53523            0            0  1.68983e+23            0            0  -2.3218e+11     -11051.1            0  8.67003e+10  4.63879e+09            0 -7.77154e+14            0 -1.20707e+16            0 -1.29854e+15            0 -1.66324e+22            0            0 -1.73396e+23 -7.73277e+16            0  5.11879e+13            0            0            0            0            0            0            0     -16326.4            0            0 -3.72466e+17            0  1.74556e+07  3.96142e+14 -1.30667e+23     -56945.6 -3.24813e+18            0  7.62524e+15            0 -2.02666e+09            0            0            0  4.12304e+10            0  2.11536e+13            0            0            0            0            0            0            0            0  2.49846e+12            0            0 -4.25951e+22  7.44018e+07 -3.81012e+07            0            0  3.11699e+14  -1.6602e+16
 1.70521e+08  7.79771e+12            0       107407 -4.78745e+14            0            0   -0.0297142            0     -1636.54      -466058  -4.6976e+06            0     -1956.57      3414.97  7.94805e+10 -1.05176e+06     -2149.33            0  4.35649e+08 -3.34876e+15            0      -511301     -897.497            0      12268.4     -61889.2  5.06082e+15       163189     -27.9821      248.877  2.22006e-05 -1.54391e+08            0     -128.753            0 -6.92242e+06      245.074 -1.48099e+07      84139.4            0            0 -2.00573e+14  1.01171e+07      34405.3  4.08214e+15  8.78858e+08            0      -117241     -15228.1      -470961       291408            0        33335            0     -917.534 -2.63214e-05            0     -6334.69 -5.11978e+09            0      0.34119            0  5.45974e+14  6.76383e-05            0 -0.000420821  1.04714e+07            0            0  1.91825e+06      -598754   -0.0523776     -81.3749            0 -3.26212e+06     -9041.79  -0.00174245      53.0585        20587     -4140.53            0            0       341283 -5.36888e+06      5626.07 -9.40851e-05  7.85335e+14   -0.0665133      60.7181            0     -2934.37  1.19864e+07  1.07805e+07
-1.63299e+21  1.86636e+25  8.59689e+22 -4.78745e+14  2.67946e+28  2.03416e+20   -3.707e+15 -6.82108e+12  2.80926e+18  2.02104e+16  3.62167e+17  1.29195e+17 -1.93708e+20  2.45821e+16  1.00903e+15  2.01594e+23  2.81499e+18 -1.80664e+14 -3.78435e+17  1.60519e+21  6.84626e+27  1.14281e+17 -1.32366e+17 -3.44659e+14  2.13887e+09 -3.98282e+15  1.33282e+15  4.89622e+27 -1.89309e+15 -1.28015e+14  9.73517e+15  5.97734e+08 -2.45353e+21 -1.02215e+13 -3.72288e+13  3.09633e+18 -3.73245e+18 -1.06516e+14 -2.82358e+19  2.19489e+16  2.77266e+18 -2.77232e+16 -2.10862e+26 -1.92218e+19 -1.08193e+17 -1.38511e+28 -4.45557e+21  1.14355e+16 -5.35949e+16  4.25829e+15 -1.24678e+17 -2.61638e+16   1.9051e+18 -9.90253e+15   -4.323e+16 -1.09667e+16  4.82057e+09  5.05428e+13  1.23955e+14 -3.16719e+22 -1.40786e+21  5.13351e+11 -3.28622e+18   5.8957e+27  3.87429e+08 -1.67558e+20  3.34527e+08 -3.69836e+20  6.83552e+08 -1.76381e+14  4.03035e+19 -5.50545e+19  1.96205e+12 -2.20662e+13 -1.76315e+14 -2.46014e+17 -3.58118e+15  1.32013e+10 -4.47302e+13  8.06514e+15 -1.53715e+13  1.11315e+19  2.07791e+13  6.61436e+16 -1.28309e+17 -4.88596e+16 -2.85013e+09 -4.29432e+26 -3.05104e+10  1.20914e+12 -8.19842e+16  2.71607e+15  1.72262e+19 -7.73586e+17
 4.79045e+15  2.59504e+18  6.81044e+17            0  2.03416e+20  6.24811e+16            0            0  1.16649e+13 -4.76808e+10            0            0            0 -2.74317e+09            0  1.63102e+16            0            0 -5.22143e+12  2.70466e+15  -7.4581e+20  7.26261e+12            0 -2.91632e+09     -3138.48            0            0   2.3838e+21            0            0            0            0            0 -1.00566e+09 -1.54271e+07            0 -8.28499e+12            0 -2.12645e+14  4.81049e+09  4.82326e+13            0 -1.75654e+20            0            0  2.03618e+20 -2.37394e+14            0   9.5391e+09            0            0            0            0            0            0            0            0            0            0 -1.64132e+15  -3.1449e+15      97366.7 -3.83344e+12 -7.02864e+19      1622.18            0            0  2.78523e+13            0            0            0            0            0  3.19289e+07            0            0            0            0            0            0            0            0            0            0            0            0            0 -2.78012e+20      8515.45            0            0            0  1.72799e+12 -1.47475e+14
           0 -2.62095e+13            0            0   -3.707e+15            0  3.59428e+06    -0.858526            0            0            0            0            0     -18540.7     -12554.2  4.99568e+11  6.58751e+06      1501.97            0 -1.06375e+10   5.2546e+16            0 -1.00088e+07            0    0.0046929     -29002.3            0 -1.55687e+16            0            0            0            0            0            0            0            0  8.06348e+07            0            0            0            0            0  2.21165e+14            0            0  1.41269e+16  4.66971e+09            0            0      -135210            0            0            0      -225584            0      -286017  -0.00386268            0     -5450.22 -6.68765e+09            0      1.54562            0    1.815e+16   0.00311254            0            0   5.9015e+08            0            0            0 -8.53227e+06            0            0            0            0            0   0.00964057            0       120662            0            0            0  2.48981e+06            0            0            0  6.73936e+15     -1.16261            0            0            0 -6.64274e+07  9.67294e+07
           0 -2.41962e+10            0   -0.0297142 -6.82108e+12            0    -0.858526    0.0302586     -740.892      11.8809      227.633      83.2569      87624.2     -27.8067            0 -1.99097e+08     -1636.73    0.0807167            0  3.70694e+06  3.74898e+12            0     -21.1479     0.101121 -1.15629e-06     0.042769    0.0586047 -1.75131e+13      6.79504            0     -1.44838  2.32085e-07  1.75981e+07            0    0.0196676            0     -35098.4   -0.0103353     -6126.61       14.116     -6648.09      11.8477  -4.8643e+11     -10373.3     -2.85525   3.0348e+12  1.93586e+06     -4.61222      7.91303      3.17357     -36.3896            0            0      2.91763      7.09833      1.11065   -3.177e-07            0    -0.158966  1.23163e+07  1.85347e+06 -0.000531761            0 -3.01612e+12 -1.65761e-05      43031.6  1.09925e-07       410501  2.02619e-07  -0.00414349     -615.043      624.047   0.00075892    0.0128565            0      118.813            0 -6.58792e-07  -0.00505404      2.05215            0            0  -0.00332243      28.5217            0     -9.84128  1.81162e-05   1.6826e+11  0.000177113            0            0    0.0739418     -5382.74     -71552.1
-2.64409e+13  6.65461e+16  2.38963e+15            0  2.80926e+18  1.16649e+13            0     -740.892  1.86761e+12 -3.50681e+09 -2.50669e+08            0 -4.72087e+11 -2.01932e+07            0  6.05486e+14  1.45737e+10            0 -1.92611e+11  6.18586e+13 -2.08723e+19  2.20141e+09            0 -4.39411e+07     -2.58349            0            0  5.20344e+19            0            0 -1.95786e+06     0.928533 -7.92478e+12 -2.85957e+06 -1.78433e+06            0  6.80371e+10            0  -1.0847e+13            0  3.66365e+11            0 -1.73592e+18  1.57505e+11            0  1.76414e+19 -7.17559e+12  3.49095e+07 -1.06269e+09            0            0            0 -2.24346e+10            0            0 -2.06793e+06    -0.263623      -777585            0  -4.4095e+13 -1.62941e+13      2496.61 -7.12373e+11  -1.2396e+18      22.1975 -3.06141e+13            0  3.49336e+11     -3.27232      62902.7            0            0     -11928.3  1.49537e+06            0  1.78372e+08   1.4032e+06     -10.7241            0            0            0 -1.04665e+09  1.98701e+06            0 -1.61957e+08            0      -7.4907 -1.45011e+18     -18.7897      2469.96  4.74837e+06 -1.07415e+06  5.26737e+10 -6.29627e+11
 1.06347e+12 -5.20409e+14 -6.67639e+12     -1636.54  2.02104e+16 -4.76808e+10            0      11.8809 -3.50681e+09  5.77693e+07  2.63181e+06            0 -2.98155e+10       268877            0  -4.4809e+12 -2.26234e+07     -699.505  3.48744e+08 -3.61846e+11  1.74229e+17 -3.16644e+07            0      12541.8   -0.0676822            0            0 -4.07809e+17            0     -692.837      20556.3   -0.0034016  2.41112e+10      34817.1       6091.8            0 -8.46213e+08            0  1.25806e+11            0 -2.44054e+09       398526  1.09878e+16 -2.06946e+09            0 -1.83302e+17  5.52068e+10      -482852 -3.35565e+06            0            0            0  2.19605e+08            0       326681        39509   -0.0044046      2130.24            0  3.88685e+11  1.37666e+12     -21.5322  1.21721e+09 -2.58428e+15    -0.101081  7.75826e+11            0 -5.02501e+09   0.00301586      1907.07 -5.47306e+07            0      97.4578     -8670.87      58313.7 -1.87284e+06       101274     0.215363            0            0            0 -7.54678e+07     -4298.78            0       780300            0    0.0272061  3.72281e+16      1.08647     -3.89516       342425      20041.3 -4.95286e+08  6.87962e+08
           0 -2.07134e+15  -2.9725e+13      -466058  3.62167e+17            0            0      227.633 -2.50669e+08  2.63181e+06  2.48549e+10  7.04614e+08            0       677541  1.99676e+07 -9.38787e+12            0  2.90914e+06            0  6.39289e+11  1.49813e+18            0  -4.2242e+07     -27001.4            0  8.22624e+06      -566986    -2.57e+18  1.04458e+08  1.18725e+06 -2.44146e+07   -0.0118772            0            0            0 -7.31674e+09  7.87793e+09 -1.46964e+06            0 -3.55086e+06            0            0  7.50749e+16 -1.24531e+10  3.51185e+07 -5.57807e+17  5.17888e+10            0 -3.48478e+06  -5.3616e+07 -1.16931e+09  -2.5742e+08            0  2.30151e+07            0  8.49233e+07    0.0242389            0 -3.44903e+06  9.88512e+11            0     -61.6773            0 -3.22916e+17     -1.29233  1.49832e+12            0  2.63525e+09   0.00465552            0            0            0            0       428064            0  6.57536e+09  1.65253e+08     -2.58371      -601890  2.60072e+06     -63471.7            0            0  -3.9432e+08 -3.35095e+07  2.11333e+07            0   2.6193e+17      10.1026      23712.9            0            0 -2.07565e+09 -9.48317e+08
           0 -4.62876e+14            0  -4.6976e+06  1.29195e+17            0            0      83.2569            0            0  7.04614e+08  5.83614e+09            0      91854.8  1.20897e+07 -1.68733e+13  2.71551e+08       568675            0   1.4761e+11  1.00848e+17            0  8.13243e+07     -19249.8   -0.0169215  4.43935e+06  2.75984e+06  -6.9003e+17  6.02814e+07       573642 -1.56236e+07    0.0171926  5.32308e+11            0      -2761.6  4.40003e+10  8.25118e+08     -62753.8            0   5.6566e+07            0            0 -2.22614e+15  8.43968e+08   1.3388e+08 -7.26367e+17 -6.41595e+10            0 -2.51463e+06 -4.55091e+07 -2.81634e+08   2.3906e+08            0 -2.27968e+07            0 -9.05987e+06     0.109397     -5810.92 -6.19404e+06  3.16232e+11            0     -23.6371            0 -1.77754e+17    -0.317137 -8.24294e+10            0  5.20007e+09            0            0            0            0     -39.2528       132645            0  5.04218e+08  6.20286e+07    -0.173912            0 -1.56429e+06       310451            0            0 -1.21554e+08 -3.37361e+08 -5.97941e+07     0.691987  1.22784e+17       15.115       -22414            0       757622 -9.67577e+08  -2.7411e+09
 3.55352e+15 -6.43928e+18            0            0 -1.93708e+20            0            0      87624.2 -4.72087e+11 -2.98155e+10            0            0   1.4764e+17  8.05953e+09 -9.91084e+07   -4.757e+16  6.67811e+12  2.88458e+07            0  1.34851e+15   1.0858e+21 -5.68799e+10            0            0      5552.84  8.02058e+08            0 -2.58602e+21  4.21114e+09            0  1.96434e+09     -69.0666            0 -1.57279e+08 -2.00053e+07            0 -1.68273e+13            0  4.05898e+12            0  1.07768e+12            0 -1.24283e+20 -4.28161e+14  1.60213e+10 -2.16635e+21  4.82608e+14  1.70027e+09            0            0            0            0  5.58998e+12 -2.08853e+07  2.51576e+10   1.4018e+10            0  1.59612e+09            0   5.9246e+15            0      -275266            0 -8.34935e+19     -1719.71  1.26363e+15     -2094.11 -7.55152e+13     -276.618  3.82902e+07            0            0  9.58397e+07 -6.10984e+06            0            0  8.03369e+09     -5846.91            0  1.08797e+09            0 -3.80041e+11 -1.56705e+09 -7.72635e+09            0            0            0  1.46601e+21     -27349.2            0  1.31952e+09  5.31991e+09 -8.87392e+12 -4.95823e+13
 1.05391e+10   2.3386e+14 -6.78386e+11     -1956.57  2.45821e+16 -2.74317e+09     -18540.7     -27.8067 -2.01932e+07       268877       677541      91854.8  8.05953e+09       518098      14095.8  1.50418e+12 -4.82404e+07      2977.86  2.45438e+07 -3.47113e+09  -3.7794e+16      -676806       199189      4343.69   -0.0252079      12674.4      478.013  2.02531e+17      83633.1      2080.33     -76780.2   0.00336815 -9.28301e+09      165.118      200.244  4.29099e+07 -3.09324e+07      91.6671  9.22063e+08       114042 -1.03499e+07      76663.1  3.10794e+15 -3.64636e+08       572657  2.34909e+16 -7.95715e+09      8813.63      90140.6     -45213.8      -251631     -44961.8 -1.62011e+07        34284       411915      63450.3   0.00541305      392.715     -4266.32 -9.75379e+10   1.6128e+10      6.65735  4.98164e+07  1.72503e+16     0.153853  8.76952e+09   0.00291916 -4.24435e+09  0.000548723      2505.66 -2.13195e+08  1.75407e+08      19.5331      455.703      439.139  1.16929e+06      46232.8   0.00489249     -54.9217     -25733.3      16.8236 -8.92014e+07     -182.256      -423606       177642       126244  0.000893331  6.07971e+15       2.3021     -2.32107       620830      15147.5  4.84336e+07 -1.22045e+08
           0 -7.31807e+11            0      3414.97  1.00903e+15            0     -12554.2            0            0            0  1.99676e+07  1.20897e+07 -9.91084e+07      14095.8       673667 -2.18352e+11       323227      43019.8            0  8.88397e+07 -1.49432e+15            0  2.92809e+06     -68.7059 -0.000580916      79791.3     -4538.73 -3.70849e+15  1.01365e+06      26040.4 -1.28523e+06            0            0            0     -9.86233 -1.00673e+09 -4.64809e+06      654.881            0       208290            0            0  6.36243e+13 -1.20579e+07  6.14805e+06 -1.29648e+16  2.74929e+08            0     -8974.56      -790252 -1.01234e+07   6.4676e+06            0       149153     -1989.42      -106685   0.00247076            0     -73754.5  5.16039e+09            0   -0.0534849            0 -2.28736e+15  -0.00730234 -1.28128e+09            0 -1.95453e+08  0.000337987            0            0            0     0.300614      4687.73            0  -4.9908e+06       392507   0.00616457            0      -283643      299.626            0            0 -3.86276e+06      -734287  3.92169e+06            0   3.4287e+15     0.054623      21.3739            0            0 -2.21609e+06 -6.66204e+07
 -9.1765e+16  1.84469e+21  2.04951e+18  7.94805e+10  2.01594e+23  1.63102e+16  4.99568e+11 -1.99097e+08  6.05486e+14  -4.4809e+12 -9.38787e+12 -1.68733e+13   -4.757e+16  1.50418e+12 -2.18352e+11  1.49664e+20  5.10036e+14 -4.79539e+10 -2.63262e+14    6.348e+16 -1.99129e+23  1.79284e+13  3.14283e+12 -3.48109e+10       230935 -1.15072e+11 -1.14005e+11   1.2117e+24 -1.34897e+12 -2.94126e+10  1.00625e+12      31642.3 -4.89535e+17 -2.95758e+09 -4.12808e+09 -4.80732e+14 -1.08622e+15  -2.5994e+09  -1.5491e+16 -1.55503e+12  4.32646e+14 -1.08265e+12 -2.32811e+22  3.84324e+15 -6.96078e+12  1.77714e+24 -2.52797e+17  6.84162e+11 -4.14373e+12  9.04531e+11  5.40649e+12 -2.04933e+10  2.91954e+14 -3.48881e+11   1.1539e+13 -5.27421e+11      -583644 -1.43983e+08  6.70157e+10  4.58077e+17  2.23137e+16  2.23585e+07 -3.69745e+14 -5.98144e+23      -223329 -1.03342e+17     -18037.8 -2.38273e+16     -10858.3 -5.38545e+10 -1.20804e+15  3.76328e+14 -7.88683e+07 -6.98039e+09 -9.32391e+09 -2.46479e+13 -7.39386e+11  1.89224e+06  6.37529e+08  3.09991e+11 -4.22834e+09  4.95715e+14  1.28387e+10  3.84145e+12 -5.81028e+12 -2.13462e+12      -798970   2.1953e+23 -1.86401e+07  2.62814e+08 -5.16152e+12 -1.42912e+11  2.68985e+15 -6.59157e+14
 1.67511e+12  6.99958e+16            0 -1.05176e+06  2.81499e+18            0  6.58751e+06     -1636.73  1.45737e+10 -2.26234e+07            0  2.71551e+08  6.67811e+12 -4.82404e+07       323227  5.10036e+14  1.32314e+12      74309.1 -1.11603e+10 -1.16402e+13 -1.70291e+19  2.01842e+09            0 -3.94709e+06      56.1026            0  2.84419e+06  4.60478e+19       957289            0 -1.20842e+06   -0.0236184  -1.5652e+12            0      -151739            0 -2.01556e+11            0  7.59367e+10            0  1.52546e+09            0 -1.02682e+19  6.07499e+11 -9.88098e+06   1.1852e+19 -4.61038e+12 -2.60955e+07 -4.32475e+08            0 -2.84441e+07  3.11792e+07 -1.53227e+10       506091 -6.40964e+07 -4.57221e+06    -0.717137            0        80118 -3.41496e+13 -4.61516e+12      2208.89 -8.95974e+09  4.60047e+18      31.2595   1.4831e+12     -11.0222   6.4873e+11     0.153376      -322124            0            0      11331.3      7155.91     -55863.3            0            0     -25.7358            0            0            0  1.45883e+09            0  9.23679e+06  6.99877e+07            0     -5.95038 -4.82276e+18     -7756.86      3942.73 -4.04322e+07  5.83599e+07  4.49683e+10  1.19643e+11
           0 -1.71317e+12            0     -2149.33 -1.80664e+14            0      1501.97    0.0807167            0     -699.505  2.90914e+06       568675  2.88458e+07      2977.86      43019.8 -4.79539e+10      74309.1      12657.5            0  1.18568e+08  3.15529e+14            0      -405928            0 -4.58219e-05     -3136.41       1221.2 -2.23289e+15       243972      5420.02      -133929   6.1575e-06  4.11945e+08            0            0 -2.35588e+07      -223702      32.5604            0       152099            0            0  3.12197e+13      -107565       901789 -1.58526e+15  2.02549e+08            0            0      -109306 -1.13524e+06      -663454            0      45594.2            0       160469  5.61208e-05            0     -9133.85  1.38156e+09            0   -0.0757544            0  8.30004e+13   0.00033381 -1.65044e+08            0 -2.91663e+07  9.21836e-08            0            0            0    0.0204056      1035.01     -55.4072       615066     -10995.9  0.000270152            0     -40856.7        284.3            0            0 -1.34549e+06        21100       400898  0.000535517    1.352e+13    0.0343965     -3.63099            0      229.581 -1.62032e+06 -1.18141e+07
-2.64983e+13 -3.15118e+16 -6.30123e+14            0 -3.78435e+17 -5.22143e+12            0            0 -1.92611e+11  3.48744e+08            0            0            0  2.45438e+07            0 -2.63262e+14 -1.11603e+10            0  4.75786e+12 -9.69522e+12  1.27982e+19            0            0  6.27652e+07       4.7988            0            0 -2.24076e+19            0            0            0    0.0330979  6.01546e+12            0  3.45452e+06            0 -5.03546e+10            0  5.53163e+12            0 -5.10838e+09            0  8.81042e+17 -7.55658e+10            0 -7.38845e+18  1.71565e+12            0  7.09156e+09            0            0            0            0            0  9.07292e+07            0     0.273951            0            0  1.62642e+13   1.0067e+13     -1400.93            0    3.584e+18     -2.86444  3.27468e+13            0 -4.03746e+11            0  2.57549e+06            0            0      439.999     -80969.2            0            0            0      5.64046            0            0            0            0            0            0            0            0       2.1368 -1.75352e+17     -68.2413            0            0            0 -3.43546e+10  5.73125e+11
-4.71459e+15  9.27404e+18   1.9499e+18  4.35649e+08  1.60519e+21  2.70466e+15 -1.06375e+10  3.70694e+06  6.18586e+13 -3.61846e+11  6.39289e+11   1.4761e+11  1.34851e+15 -3.47113e+09  8.88397e+07    6.348e+16 -1.16402e+13  1.18568e+08 -9.69522e+12   3.3412e+16  1.28122e+21 -1.02856e+11  1.60888e+11 -7.17593e+09     -6980.59  4.42571e+08  9.97553e+08  6.80712e+21  5.55172e+09   3.2896e+08  1.21755e+10      -590.69  8.70853e+15 -5.17631e+08 -1.93822e+08  3.63335e+12 -5.12476e+13 -2.23376e+07 -8.00192e+14  -8.0848e+09  1.97948e+13   1.7303e+10 -5.67986e+20 -8.27821e+13  2.03424e+10 -3.20651e+20 -9.42427e+14 -3.45165e+09  5.85225e+10  1.42593e+10  -1.6066e+11 -5.96021e+10 -2.97077e+12  9.74903e+08  1.18974e+11  5.99415e+09      1520.37  1.20661e+08 -2.15695e+08 -5.42242e+15  2.21069e+15       250941 -1.32264e+13  4.02407e+20      3830.68 -1.06433e+16      713.376 -1.47121e+13      769.888  8.46808e+08 -4.57769e+13  3.94911e+13  5.85457e+06  5.63559e+08 -5.23184e+08  5.97936e+11  2.46044e+10      9111.46 -3.48254e+07 -3.26822e+09 -4.31818e+07  -1.9688e+13 -1.55927e+08 -2.89258e+10 -7.25285e+10 -9.07265e+09      13644.2 -6.44882e+20       544165       775338  1.39995e+11  3.74853e+09  4.43737e+12 -1.97328e+14
-1.27252e+21 -4.05829e+25 -5.56661e+22 -3.34876e+15  6.84626e+27  -7.4581e+20   5.2546e+16  3.74898e+12 -2.08723e+19  1.74229e+17  1.49813e+18  1.00848e+17   1.0858e+21  -3.7794e+16 -1.49432e+15 -1.99129e+23 -1.70291e+19  3.15529e+14  1.27982e+19  1.28122e+21  6.75621e+28 -5.62151e+17 -1.24496e+17  1.50969e+15 -7.82915e+09 -6.65786e+14  4.31186e+15 -3.35847e+28  -3.3447e+15  2.09107e+14 -5.20778e+15 -9.19828e+08  1.44341e+22  1.36281e+14  1.23562e+14  3.55893e+18  2.17141e+19  1.26324e+14   4.2285e+20  1.60865e+16 -1.57976e+19  9.66426e+15   5.3019e+26 -1.09814e+20  5.99083e+16 -1.30184e+28  3.47705e+20  -1.8367e+16  8.60078e+16  1.69908e+16  2.16543e+17 -6.84201e+16  -1.0918e+18  1.13546e+15  6.24428e+16  2.97706e+15 -1.70554e+09 -1.05456e+13  4.24223e+14 -2.04085e+22  2.32539e+21 -4.86028e+10  8.06971e+18  2.43184e+28 -5.09602e+09   2.3001e+21  8.33604e+08    4.756e+20  8.24257e+08  1.02532e+15  2.18039e+20 -1.95191e+20  4.77602e+12 -4.29144e+13  2.88062e+14  1.62686e+18 -2.58871e+15  5.51806e+09 -1.20934e+14 -1.12705e+15  4.22573e+13  1.14537e+20 -3.17294e+14 -2.01171e+16  1.11738e+17  2.90361e+16  2.20042e+10  3.39103e+27  3.46363e+11 -5.80298e+12 -8.67204e+17  6.09544e+15 -4.83674e+18  6.94323e+18
           0  1.47042e+15            0            0  1.14281e+17  7.26261e+12            0            0  2.20141e+09 -3.16644e+07            0            0 -5.68799e+10      -676806            0  1.79284e+13  2.01842e+09            0            0 -1.02856e+11 -5.62151e+17  5.69806e+09            0      -312434      0.10589            0            0  1.19986e+18            0            0            0            0            0      -122963            0            0  -6.0909e+09            0            0       582445  5.66858e+09            0 -1.15404e+17  1.03991e+10            0  5.31391e+17 -7.92476e+10            0            0            0            0            0  6.29399e+10            0            0     -92311.5            0            0            0 -6.08982e+11 -5.25549e+11      43.6317 -7.31552e+09 -2.69471e+17     0.467891            0    -0.227431  3.44433e+09    -0.124491      6122.59            0            0     -226.197            0            0            0            0    -0.473572            0            0            0            0            0            0            0            0            0  1.75508e+16     -70.0124            0            0      -385018  8.47567e+08 -1.33284e+10
           0 -1.16454e+14            0      -511301 -1.32366e+17            0 -1.00088e+07     -21.1479            0            0  -4.2242e+07  8.13243e+07            0       199189  2.92809e+06  3.14283e+12            0      -405928            0  1.60888e+11 -1.24496e+17            0  1.91995e+09            0            0  4.93187e+06       170507  4.84904e+17 -5.80786e+06      -128976  1.11914e+07  -0.00382286 -1.35211e+11            0            0 -8.55082e+09 -7.60048e+08      8674.72            0  -6.0271e+06            0            0  1.30803e+16   2.1704e+08 -1.01623e+07   9.1788e+16 -1.19786e+10            0            0  1.57792e+07 -6.22368e+06 -1.05354e+08            0  2.82673e+07            0  3.39374e+07    0.0218913            0       840280  2.49795e+11            0     -1.01804            0 -6.59802e+16    -0.116131            0   0.00589329 -4.98447e+09  -0.00437425            0            0            0            0     -22214.7            0 -3.95785e+08  1.08218e+07   -0.0586324      17148.7 -1.76585e+07      67487.6            0            0 -4.29363e+08  2.12055e+07 -1.54478e+07     -0.17577  1.76052e+17            0      601.988            0            0 -5.12909e+08 -8.41739e+08
-4.01521e+10 -6.12236e+12  9.65289e+11     -897.497 -3.44659e+14 -2.91632e+09            0     0.101121 -4.39411e+07      12541.8     -27001.4     -19249.8            0      4343.69     -68.7059 -3.48109e+10 -3.94709e+06            0  6.27652e+07 -7.17593e+09  1.50969e+15      -312434            0      45070.4  0.000905984            0      91.4193 -3.90301e+15     -1519.31            0     -210.922 -1.63718e-05  1.26541e+09      236.203      1273.78            0  2.93591e+06     -5.90452  6.10486e+08     -160.912 -8.50981e+06            0  1.91268e+14 -4.03857e+07            0 -8.95311e+14  8.23963e+08            0  1.54155e+06     -258.517     -3820.53            0       661182            0     -2805.31            0 -0.000565785            0            0  4.79202e+09  2.96324e+08    -0.217035  1.53926e+07 -9.58613e+14  -0.00144592  5.69069e+08  0.000195363  -3.5949e+07   0.00042337      8.16971            0            0   -0.0383985     -140.236            0        69748            0  -0.00119252            0      159.871     -103.805            0            0            0     -23835.8            0   0.00109098  6.31239e+14    0.0106892     -2.33349            0      114.466  -6.4686e+06    1.692e+08
    -4463.11  4.30294e+07        53523            0  2.13887e+09     -3138.48    0.0046929 -1.15629e-06     -2.58349   -0.0676822            0   -0.0169215      5552.84   -0.0252079 -0.000580916       230935      56.1026 -4.58219e-05       4.7988     -6980.59 -7.82915e+09      0.10589            0  0.000905984  2.16408e-07   0.00108214  9.71503e-05  2.39652e+10  -0.00120789            0    0.0016909  1.36693e-11     -139.104 -0.000287999 -5.98529e-05            0     -12.4951            0      189.457 -0.000220452     -1.57311    -0.017879 -6.87244e+09       255.87   0.00727545  4.91766e+09     -3084.99            0    0.0142969            0    0.0201831            0      24.8052 -0.000888038   -0.0209585  -0.00358226  1.08039e-10  8.69492e-05            0     -22455.5      751.212  1.33702e-06     -2.13204  5.02782e+09  1.53743e-08      -1412.2 -1.46669e-08      343.473 -4.04642e-10 -6.51688e-05            0     -1.89948 -1.72371e-06  2.49014e-06 -0.000104043            0   -0.0022855 -2.15194e-09            0  0.000936528            0      2.43884 -0.000148983    -0.014676   -0.0421971            0 -2.67048e-09 -3.19666e+09 -6.99727e-06  6.75441e-07   0.00497908   -0.0094266      22.2893       123.12
           0 -8.84896e+12            0      12268.4 -3.98282e+15            0     -29002.3     0.042769            0            0  8.22624e+06  4.43935e+06  8.02058e+08      12674.4      79791.3 -1.15072e+11            0     -3136.41            0  4.42571e+08 -6.65786e+14            0  4.93187e+06            0   0.00108214       955095     -8851.35 -6.78479e+15      -327520      9237.98       174788            0            0            0            0 -1.88405e+08  2.03647e+07     -327.108            0       200361            0            0  4.02525e+14  3.19836e+07  6.64035e+06 -3.70265e+14  9.12357e+08            0            0     -70683.1 -5.74332e+06  -3.5463e+06            0     -17110.1            0      -958034  -0.00183584            0     -26329.3  6.90408e+09            0    -0.279331            0  2.46141e+15   0.00380473            0 -0.000756874 -1.29137e+08 -0.000187758            0            0            0   -0.0103047      4492.29            0  2.61327e+06  1.80275e+06  -0.00381473            0      -840030     -79.2861            0            0  2.69228e+06      -359646  3.88314e+06            0  3.47669e+14      0.66223     -49.5522            0            0 -1.09292e+07 -6.20916e+07
           0 -8.82303e+12            0     -61889.2  1.33282e+15            0            0    0.0586047            0            0      -566986  2.75984e+06            0      478.013     -4538.73 -1.14005e+11  2.84419e+06       1221.2            0  9.97553e+08  4.31186e+15            0       170507      91.4193  9.71503e-05     -8851.35       143251 -5.49448e+15     -33100.6     -563.269     -20845.8  -1.1565e-05            0            0      13.1153  1.37671e+07  1.36708e+07     -409.441            0      68453.9            0            0  1.61937e+14 -7.76186e+06      26714.8 -5.93502e+15 -1.41378e+09            0      11942.3      11877.6       336856       415394            0     -25732.8            0     -14394.6            0       33.361     -1918.58  5.43191e+09            0    -0.358599            0 -1.96266e+14   0.00131973            0  0.000369447  3.30655e+07            0            0            0            0     0.225354      141.552            0    3.183e+06      77456.2   0.00109643            0     -7910.75      1598.48            0            0      41558.5  2.01534e+06      -219801            0 -7.25359e+14     0.158314     -117.955            0      7935.17 -1.22026e+07 -2.15471e+07
-7.17615e+20  1.53779e+26  1.68983e+23  5.06082e+15  4.89622e+27   2.3838e+21 -1.55687e+16 -1.75131e+13  5.20344e+19 -4.07809e+17    -2.57e+18  -6.9003e+17 -2.58602e+21  2.02531e+17 -3.70849e+15   1.2117e+24  4.60478e+19 -2.23289e+15 -2.24076e+19  6.80712e+21 -3.35847e+28  1.19986e+18  4.84904e+17 -3.90301e+15  2.39652e+10 -6.78479e+15 -5.49448e+15  2.02394e+29 -2.36564e+16 -1.24715e+15  3.55212e+16  4.16236e+09 -4.22036e+22 -4.65712e+14  -3.1761e+14 -1.53324e+19 -1.35227e+20 -2.31988e+14 -9.96898e+20 -9.18305e+16  3.82987e+19  1.39181e+17 -2.43602e+27   2.0133e+20 -2.79582e+17  3.15391e+28 -4.05299e+21  1.17005e+16 -3.42608e+17 -1.99874e+16  3.38939e+17  1.34502e+17  1.01397e+19 -3.19983e+15  3.83015e+17  1.93742e+15  4.92334e+09  -1.1909e+14  1.61215e+15 -5.38963e+22 -9.94612e+21  4.58399e+12 -2.62012e+19 -8.36241e+26  1.27418e+11 -6.11874e+21 -2.89164e+09 -2.81148e+21   1.9819e+09 -5.37232e+14 -1.39859e+20  1.25052e+20 -6.43204e+12 -1.47997e+14 -7.09794e+14  -3.6766e+18 -1.75568e+16  1.36648e+10  2.61097e+14    9.169e+15  2.38559e+13 -6.09663e+19   5.8874e+14  8.58491e+16 -1.50224e+17 -1.40245e+17 -7.09135e+10  4.14002e+27 -1.44221e+12  1.02757e+13  4.19304e+17 -1.35801e+16  6.19973e+19 -1.73999e+20
           0 -2.27788e+13            0       163189 -1.89309e+15            0            0      6.79504            0            0  1.04458e+08  6.02814e+07  4.21114e+09      83633.1  1.01365e+06 -1.34897e+12       957289       243972            0  5.55172e+09  -3.3447e+15            0 -5.80786e+06     -1519.31  -0.00120789      -327520     -33100.6 -2.36564e+16  1.19167e+07       129182 -2.76561e+06   0.00087778  3.91165e+10            0     -217.944  2.03118e+08 -1.42084e+08      -150.65            0  6.32955e+06            0            0 -7.32494e+14  4.07407e+07  1.47192e+07 -3.06832e+16  5.40552e+09            0      -198473 -3.83498e+06  -4.5859e+07  5.09882e+06            0  1.01953e+06            0   2.9618e+06  -0.00375297            0      -382267  1.66597e+10            0      -1.6736            0  7.55161e+15    0.0185929 -3.90762e+09  -0.00178769 -6.46466e+08  -0.00144869      151.666            0            0      2.83507      26204.3            0   3.0533e+07       133243  0.000720181     -1214.51 -1.21484e+06     -4726.35            0            0 -2.12229e+07 -4.56171e+06  6.09859e+06    0.0508504  2.85675e+15    -0.870493      160.642            0      2419.83 -1.30587e+07  -3.4949e+08
           0 -1.35119e+12            0     -27.9821 -1.28015e+14            0            0            0            0     -692.837  1.18725e+06       573642            0      2080.33      26040.4 -2.94126e+10            0      5420.02            0   3.2896e+08  2.09107e+14            0      -128976            0            0      9237.98     -563.269 -1.24715e+15       129182      6987.04     -25470.2            0            0            0            0   9.2077e+07       734855     -10.5563            0      56292.8            0            0  2.22586e+13            0       390138 -1.11047e+15  1.47164e+08            0            0     -31897.1      -796992      -137101            0        24265            0      61828.6  2.68192e-05            0     -5538.69  9.57403e+08            0   -0.0641367            0 -6.52471e+13  0.000357344 -2.63403e+07            0 -2.20567e+07   3.7901e-06            0            0            0            0      660.928     -54.8877      93970.5      57042.5  0.000195379            0     -53431.7     -15.2551            0            0      -490028      9237.73       320813            0 -2.32743e+13    0.0293869      2.32885            0            0 -1.76785e+06 -6.40752e+06
           0  5.60156e+13  -2.3218e+11      248.877  9.73517e+15            0            0     -1.44838 -1.95786e+06      20556.3 -2.44146e+07 -1.56236e+07  1.96434e+09     -76780.2 -1.28523e+06  1.00625e+12 -1.20842e+06      -133929            0  1.21755e+10 -5.20778e+15            0  1.11914e+07     -210.922    0.0016909       174788     -20845.8  3.55212e+16 -2.76561e+06     -25470.2  2.04675e+07 -0.000261824 -9.26029e+09            0            0  1.47488e+09  1.22967e+08      836.332            0  1.21647e+06            0            0 -1.10981e+15  3.04144e+07 -7.87997e+07  8.32534e+15 -5.29923e+09            0     -27221.3   1.6323e+06  2.94516e+07 -7.51192e+07            0  -2.5629e+06            0  1.25725e+06   0.00182924            0       271009 -3.74943e+10            0      1.18931            0 -3.84849e+15  -0.00972075   1.3207e+10 -0.000762019  5.26892e+08            0     -60.3662            0            0      0.29525     -20031.7            0  5.54314e+06   5.7201e+06    0.0248491     -437.651      -585713     -917.251            0            0  1.06703e+07       690524 -1.96314e+07   -0.0120381 -9.80716e+15     -0.20181      7.80678            0     -3371.65  4.63522e+07  3.59219e+08
    -49.7674  4.49091e+06     -11051.1  2.22006e-05  5.97734e+08            0            0  2.32085e-07     0.928533   -0.0034016   -0.0118772    0.0171926     -69.0666   0.00336815            0      31642.3   -0.0236184   6.1575e-06    0.0330979      -590.69 -9.19828e+08            0  -0.00382286 -1.63718e-05  1.36693e-11            0  -1.1565e-05  4.16236e+09   0.00087778            0 -0.000261824  1.39943e-09       3330.8            0  3.00136e-07            0       5.1614            0     -11.9373   0.00255174      1.02057  0.000322624   3.7538e+07      4.85989  0.000555262   4.6328e+08     -80.4851   0.00157684    0.0033597 -0.000169249  0.000971917            0            0  0.000576037 -0.000847842            0 -1.27013e-11 -3.37763e-06 -2.87361e-05     -1802.15            0  1.32111e-07            0 -2.68977e+08  3.36136e-09            0 -1.10123e-11     -110.586  -4.1474e-11 -2.96701e-07     0.212551     -0.12788 -8.14395e-08  4.18003e-06 -2.93032e-05  -0.00592658  -0.00106947  -6.4158e-10  2.60124e-06  0.000240042  2.92177e-06            0  1.93882e-05   0.00616159  -0.00980843    -0.001779  6.19269e-10  8.38668e+07 -4.68638e-09  -8.9104e-09 -0.000957994 -0.000128701      1.72331       8.5896
