 1.37078e+21 -3.27369e+23 -2.00662e+22  5.00257e+10 -4.43366e+20  3.49773e+19            0            0 -1.67075e+15  4.01561e+15            0            0  3.51054e+18  3.32534e+13            0 -1.93901e+21 -6.48292e+13            0  -2.3468e+15 -3.81876e+19  1.11038e+23            0            0 -6.05414e+12      -304100            0            0  -5.1309e+20            0            0            0      -3075.5 -2.98478e+18  5.38541e+11  -7.8491e+10            0 -1.13253e+16            0 -5.20471e+17            0 -1.28859e+16  1.94299e+13  1.16956e+22  1.59858e+15            0 -2.07894e+20  1.79582e+18 -2.60427e+13 -5.30033e+14            0            0            0            0            0            0 -2.35844e+11      1261.46            0            0  2.26907e+19   2.2268e+21     -6378.25  1.76558e+15     -6660.58       152559  7.24389e+19      12877.8 -3.06029e+16     -12518.7  3.58096e+10            0            0  9.91113e+07 -7.32029e+09  9.05467e+09            0            0       469645            0            0            0            0            0            0 -3.08682e+13            0       -70684  5.32756e+23  3.63273e+08 -1.49185e+07            0  3.11259e+12 -2.39097e+15  1.36141e+15
-3.27369e+23  1.68613e+29  5.20255e+26  3.72617e+16 -6.52559e+25   3.5121e+23 -7.76397e+17 -1.37767e+14   8.0784e+19 -4.22768e+19 -1.08915e+19 -3.25274e+18 -1.53599e+23  1.46898e+19 -2.22643e+16  8.48494e+26  1.83221e+20 -4.21423e+15 -5.17698e+19  1.80193e+24 -4.63438e+28  2.05953e+19 -6.37999e+17 -2.01898e+16  7.47625e+10 -9.35968e+16 -7.68345e+16  2.71783e+27 -4.00178e+17 -4.50297e+15  5.90088e+17   5.0738e+09 -2.18028e+24 -1.86017e+15 -1.36313e+15 -8.19328e+20 -2.59119e+21 -6.79388e+14 -9.76238e+21 -4.02022e+17  7.03694e+19 -1.09495e+18 -3.68089e+28  5.20366e+20 -9.44728e+18  3.37662e+26 -2.01372e+23   7.5795e+17 -7.74962e+18  9.84024e+16  1.00189e+18 -1.60783e+18  1.09726e+20  -1.4091e+17  3.56981e+10 -2.18489e+17  8.88558e+09 -8.58711e+14  6.09275e+15 -8.33081e+24 -3.46067e+24  4.74993e+09  -8.8965e+19  2.55056e+08 -2.98677e+10 -4.40984e+23  -4.5575e+09 -1.07266e+22 -3.84066e+09 -1.90052e+16 -2.45168e+20   1.7724e+20 -2.34343e+13 -3.44242e+14 -1.53667e+15 -3.61698e+19 -6.23119e+17 -9.10343e+09   3.8789e+14  1.75325e+17 -4.32491e+14 -1.25877e+20  8.90087e+14  1.67202e+18 -9.30506e+18 -6.72995e+17 -6.16206e+10  1.57829e+28 -8.91183e+13  9.45379e+12  4.11625e+19 -2.16042e+18  1.02488e+21   -2.924e+20
-2.00662e+22  5.20255e+26  4.35358e+27            0  4.62049e+23  1.49025e+23            0            0  6.78313e+18 -1.51716e+18 -1.40484e+17            0            0 -5.53692e+16            0  2.97472e+24            0            0 -8.56747e+17  3.46467e+23 -1.82949e+26            0            0  9.73998e+14  1.16544e+08            0            0  1.49982e+25            0            0            0 -9.00471e+06            0            0 -3.11057e+13            0 -2.72723e+18            0 -2.78021e+20            0 -1.36285e+18            0 -4.75809e+26            0            0 -3.03374e+23 -2.51532e+21            0  5.74064e+17            0            0            0            0            0            0            0            0            0            0 -4.13313e+22            0  2.04346e+07            0            0 -8.51752e+06 -1.56899e+23            0   3.3567e+19            0 -1.00392e+13            0            0            0  7.66158e+13            0  1.29721e+17            0            0            0            0            0            0            0            0            0            0            0  1.89319e+26            0            0            0            0  3.21158e+18 -2.43079e+19
 5.00257e+10  3.72617e+16            0  4.72556e+06 -6.88511e+13            0            0      -1.0917            0      -963636 -1.71448e+07 -1.73086e+08            0      -574585       110662  3.34423e+14            0     -33184.2            0  7.42139e+11 -1.74141e+16            0 -2.12827e+07     -20303.5            0  1.10626e+06 -4.79087e+06   7.7365e+14  1.44142e+07     -648.487     -27840.7    0.0002003 -6.53976e+10            0     -2488.37            0 -1.04219e+09      2540.57 -9.28771e+08   3.3718e+06            0            0 -9.07782e+15  8.81269e+07  4.65634e+06  2.48758e+14  1.41723e+11            0 -1.35166e+07      -873534 -2.36997e+07  3.02452e+07            0  1.36985e+06            0     -37207.3 -0.000212648            0      -127811 -2.92011e+12            0   0.00196376            0            0  -0.00122728            0   -0.0037952  2.77061e+08            0            0  1.80356e+07 -4.08972e+06    -0.366974     -1066.08            0 -2.21616e+08 -1.90878e+06   -0.0112743      586.148  1.05141e+06      -103978            0            0  1.46394e+07 -1.08394e+09       161596 -0.000756095  2.57208e+16      -17.286      277.048            0 -2.63274e+06  4.06895e+08   7.9598e+07
-4.43366e+20 -6.52559e+25  4.62049e+23 -6.88511e+13  1.11229e+24 -2.15291e+20 -7.71533e+13 -1.75103e+11 -4.20539e+16  3.89551e+16  2.07855e+16  4.33241e+15  3.75646e+19 -2.56125e+15 -1.24413e+12 -3.67142e+22  -1.8332e+17 -1.47366e+12  5.15955e+16    7.109e+20  6.81162e+25 -1.35285e+16  -5.5053e+15  4.26125e+12 -5.23027e+07 -2.50594e+14  1.88299e+14 -2.81473e+24 -2.01856e+14 -6.78803e+11  4.00179e+14        37224  1.11429e+21  1.23379e+12  3.44211e+11  4.91594e+17  2.18377e+18 -4.99507e+11  8.38268e+18  1.04802e+15 -2.31676e+16 -7.35789e+14  1.54746e+25 -6.63346e+17 -8.30742e+15 -9.10438e+23 -5.34645e+20  1.74015e+14  -1.2217e+15  6.32464e+14 -7.23586e+15 -1.43065e+15 -2.79394e+16 -3.06021e+14 -3.11535e+07 -4.22775e+14  1.05816e+07  1.03658e+12  5.63329e+12 -7.74085e+21 -1.40823e+21  -2.9228e+06  2.52222e+16  6.57166e+06  -1.3436e+07  8.33179e+19  7.21298e+06  8.11235e+17   6.3784e+06  9.51684e+12  5.50599e+17 -4.66872e+17  2.82863e+10 -3.57196e+11 -1.19583e+12  2.33334e+16  -1.1946e+15  5.40621e+07 -8.02067e+11   2.7514e+14  6.14385e+10  1.89992e+17  -7.8562e+11  2.22729e+15 -1.06914e+16 -1.04772e+15  4.33812e+07 -3.64276e+25  7.49069e+10 -2.79537e+09 -6.09933e+16  5.25223e+15 -8.71431e+16  2.47033e+17
 3.49773e+19   3.5121e+23  1.49025e+23            0 -2.15291e+20  1.63259e+21            0            0   2.7983e+15 -7.02916e+14            0            0            0 -3.28625e+13            0  1.73779e+21            0            0 -1.66055e+15  8.55136e+19  -1.5725e+23  2.18521e+16            0 -1.63747e+12      -457245            0            0  1.24989e+22            0            0            0            0            0 -4.92836e+11 -7.40844e+09            0 -1.71925e+16            0 -3.26432e+17  3.88685e+12  1.53979e+16            0 -3.95718e+23            0            0  3.09955e+20 -1.21595e+18            0   2.5487e+13            0            0            0            0            0            0            0            0            0            0 -2.58349e+19 -1.50749e+20      14371.1 -1.32678e+15            0       164304            0            0  1.86398e+16            0            0            0            0            0  9.84087e+09            0            0            0            0            0            0            0            0            0            0            0            0            0 -7.48547e+22            0            0            0            0  3.03201e+15 -3.11329e+16
           0 -7.76397e+17            0            0 -7.71533e+13            0  4.43327e+09     -207.881            0            0            0            0            0 -5.68933e+07 -2.08376e+06  6.66278e+15  7.55127e+08       123424            0 -7.14546e+13  1.78331e+18            0 -2.19862e+09            0     0.391501 -1.43471e+07            0 -9.35929e+15            0            0            0            0            0            0            0            0  2.62157e+10            0            0            0            0            0   1.0431e+17            0            0  4.06357e+15  5.31516e+12            0            0 -4.25512e+07            0            0            0  -4.9307e+07            0 -6.62734e+07    -0.167476            0      -581041 -8.87846e+12            0    0.0393649            0    0.0714683    0.0709441            0            0  8.21865e+10            0            0            0  -3.0657e+08            0            0            0            0            0    0.0741742            0  3.20298e+07            0            0            0  5.52702e+08            0            0            0  1.08725e+17     -1292.33            0            0            0 -1.33024e+10  4.57748e+09
           0 -1.37767e+14            0      -1.0917 -1.75103e+11            0     -207.881      1.63876        -9222      8633.23      10122.8      3231.59  1.55032e+07     -17118.6            0 -9.36557e+11     -37934.8      1.29576            0  5.06897e+09  3.53971e+13            0     -970.094      2.68262 -1.78675e-05      4.96583      5.30516 -3.65923e+12      630.844            0     -96.5784 -2.22641e-07   8.0567e+09            0      0.45867            0 -2.63905e+06    -0.115531      -205030      611.652       -92339      798.264 -2.91541e+13     -95488.1      -475.52  3.06015e+10  3.26838e+08     -472.881      1168.34      204.237     -1983.69            0            0      127.183  2.95639e-06      35.5911 -1.52577e-06            0      -3.3052  8.46885e+09  4.09239e+09 -4.00461e-06            0 -4.29534e-07 -6.84083e-05  2.12725e+07  9.15219e-07  1.30453e+07  1.73248e-06    -0.132951     -5523.68      4454.09   0.00566575     0.170397            0      8929.19            0  4.00175e-06   -0.0606918      106.773            0            0    -0.028669      1206.12            0     -424.578  0.000155867 -3.19707e+13    0.0381971            0            0      69.9837      -812873      -664501
-1.67075e+15   8.0784e+19  6.78313e+18            0 -4.20539e+16   2.7983e+15            0        -9222  3.73181e+12 -4.35766e+11 -2.13316e+09            0 -1.69519e+13  -1.6168e+09            0  5.53176e+17  7.04603e+10            0 -5.37246e+11  1.55716e+16 -3.12044e+19  5.76605e+10            0 -2.14494e+08      6.68159            0            0  2.20836e+18            0            0            0      1.93816 -7.19776e+14 -1.27773e+07 -7.32724e+06            0 -7.01373e+10            0 -1.45269e+14            0   1.0279e+12            0 -2.21899e+19  2.76107e+11            0  2.63342e+17 -2.33898e+14  6.69425e+08 -2.75431e+10            0            0            0 -2.86352e+11            0            0 -1.32963e+07    -0.567665 -3.47152e+06            0 -5.37002e+15 -6.70308e+15      3.08881 -2.10344e+12     -0.12459       14.884 -2.48738e+15            0  1.84903e+12     -5.06283       215838            0            0     -18342.9  3.85277e+06            0  1.96958e+09   5.6501e+07     -17.5475            0            0            0 -1.73741e+09  3.33118e+06            0  -6.7043e+09            0     -12.2397  2.19095e+19     -21068.9      2267.49  3.82113e+08  -1.7547e+08  5.86513e+11 -1.21714e+12
 4.01561e+15 -4.22768e+19 -1.51716e+18      -963636  3.89551e+16 -7.02916e+14            0      8633.23 -4.35766e+11  4.48123e+11  1.37211e+09            0 -5.73124e+13  1.54163e+09            0 -2.62862e+17 -8.46898e+09      -156088  5.87451e+10 -5.88632e+15  1.90736e+19 -5.21112e+10            0  4.01494e+06     -17.1265            0            0 -1.16155e+18            0      -214221            0    -0.472779  1.38097e+14  9.19412e+06  1.57909e+06            0 -1.86035e+11            0   1.0446e+14            0 -4.28046e+11    3.276e+08  7.62019e+18 -2.28624e+11            0 -1.46037e+17  1.27836e+14 -5.93236e+08 -5.01876e+09            0            0            0  1.75944e+11            0      1.84149  1.56916e+07    -0.297119       595997            0  2.97531e+15   3.5666e+16     -1.65285  2.24541e+11   -0.0790982     -3.56152  3.80198e+15            0 -1.65584e+12     0.294722       914086 -6.46306e+09            0      9214.39 -1.42801e+06  1.09382e+07 -1.26693e+09   2.8879e+08      27.6386            0            0            0 -8.87133e+09      -450083            0  2.15272e+09            0      2.89005  8.25954e+17       4367.2     -239.663  1.95139e+09   2.5736e+08 -3.21355e+11  1.08324e+11
           0 -1.08915e+19 -1.40484e+17 -1.71448e+07  2.07855e+16            0            0      10122.8 -2.13316e+09  1.37211e+09  8.70332e+11  2.43054e+10            0  2.25732e+08  6.00066e+08  -4.6272e+16            0  4.07515e+07            0  6.09489e+14  9.87927e+18            0 -1.83466e+09      -523448            0  7.01723e+08 -4.04101e+07 -5.21134e+17  8.35005e+09  2.46138e+07 -1.31599e+09    -0.106726            0            0            0 -1.20662e+12  4.90637e+11 -1.36892e+07            0 -1.54554e+08            0            0  3.91931e+18 -9.35993e+10  4.23472e+09 -2.19257e+16  2.02756e+13            0 -3.43412e+08 -4.14685e+09 -5.65127e+10 -2.66094e+10            0  9.51401e+08            0  3.42625e+09    0.0849575            0 -6.38266e+07  5.97186e+14            0    -0.343487            0  -0.00896559     -6.39471  4.89833e+14            0  6.27094e+10    0.0377339            0            0            0            0  5.10767e+06            0  3.64222e+11  3.31201e+10            0 -5.52658e+06 -1.91701e+08 -1.42742e+06            0            0 -1.58097e+10 -5.59136e+09  7.81982e+08            0   6.8082e+18      2925.81      98233.9            0            0 -1.02204e+11 -6.73531e+09
           0 -3.25274e+18            0 -1.73086e+08  4.33241e+15            0            0      3231.59            0            0  2.43054e+10  1.82636e+11            0  7.95002e+06  3.27045e+08 -4.49621e+16            0  6.59082e+06            0  1.34943e+14  1.48315e+18            0  3.05706e+09      -380159    -0.118242   3.3055e+08  1.73455e+08 -1.72636e+17  4.28911e+09  1.04881e+07  -7.6981e+08     0.121267  1.93588e+14            0     -46593.2  6.29298e+12  2.15948e+10      -545796            0  2.01263e+09            0            0  2.72936e+17  5.86384e+09  1.71117e+10 -2.68264e+16  -2.2318e+12            0 -2.53081e+08 -2.18823e+09 -1.22011e+10  1.94094e+10            0 -8.02033e+08            0 -3.93488e+08     0.650375      -105720 -1.02865e+08  1.91757e+14            0    -0.109778            0    -0.301156     -2.18956 -2.57785e+13            0  1.16794e+11            0            0            0            0     -244.049  1.40543e+06            0   2.8357e+10  1.14625e+10      2.48054            0 -7.20289e+07  6.53725e+06            0            0  -4.2304e+09 -5.74609e+10 -2.01473e+09      4.38558  4.55451e+18      3391.73     -84682.1            0  5.81048e+08 -2.62407e+10 -1.94802e+10
 3.51054e+18 -1.53599e+23            0            0  3.75646e+19            0            0  1.55032e+07 -1.69519e+13 -5.73124e+13            0            0  7.51356e+19  1.26389e+13 -8.80055e+09 -7.81818e+20  5.05701e+14  1.45423e+09            0  5.82763e+18  6.89235e+22 -2.66913e+13            0            0       232245  2.40429e+11            0 -2.80998e+21  1.26892e+12            0  3.55976e+11     -2231.22            0 -1.04111e+10 -1.34404e+09            0 -3.11704e+15            0  1.25669e+15            0  4.70082e+13            0 -3.32543e+20 -1.21901e+16  7.88627e+12 -2.86469e+20  4.97322e+17  2.77021e+11            0            0            0            0  1.11574e+15 -6.70456e+09      35961.5  1.45266e+12            0  1.14385e+11            0  1.20914e+19            0     -5750.27            0     -3585.97     -29170.6  1.62985e+18     -57467.4 -7.28191e+15     -6291.76  3.63129e+09            0            0  2.23293e+09 -2.49835e+08            0            0  5.84695e+12      12310.9            0  1.82402e+11            0 -1.19822e+13 -4.28277e+10 -8.57041e+11            0            0            0  1.13454e+23 -6.50614e+07            0  2.03717e+12  1.72812e+13 -1.32523e+15 -1.42301e+15
 3.32534e+13  1.46898e+19 -5.53692e+16      -574585 -2.56125e+15 -3.28625e+13 -5.68933e+07     -17118.6  -1.6168e+09  1.54163e+09  2.25732e+08  7.95002e+06  1.26389e+13  3.15934e+09  5.36163e+06  8.27239e+16 -1.31321e+10       489457  3.22401e+09 -1.37619e+13 -3.29907e+18  -8.6439e+08  8.83447e+07  1.01344e+06     -4.82117   1.2833e+07      -379073  4.43567e+17  8.05805e+07       499288  -5.0563e+07     0.547837 -6.48586e+13      30631.7      34906.5  7.64061e+10 -1.34094e+10      7683.73  5.87922e+11    5.339e+07 -9.83079e+08  4.40345e+07  1.11808e+18  -3.2962e+10  9.08476e+08  2.65729e+16 -1.18278e+13  1.12439e+07  8.03015e+07 -3.08314e+07 -1.39205e+08 -7.96569e+07 -1.06962e+10  1.48864e+07      2.47217  2.55291e+07      1.05801        89207      -956614 -7.79486e+14  3.48334e+14     0.494017  7.15539e+09     0.193867      8.29919  3.48559e+13     0.378121 -1.57106e+12   0.00461615       791400 -2.36111e+10   1.4782e+10      1420.92      67178.2      60884.8   6.8108e+08  1.19553e+08      1.51514     -3995.19 -1.31652e+07      1981.22 -9.92219e+09      -5361.5 -1.89499e+08  2.92973e+08  5.37156e+07     -1.28055  4.41558e+18      7059.05     -33.1804  3.31666e+09  1.68899e+08  8.34231e+10 -1.65456e+10
           0 -2.22643e+16            0       110662 -1.24413e+12            0 -2.08376e+06            0            0            0  6.00066e+08  3.27045e+08 -8.80055e+09  5.36163e+06   1.6693e+07 -4.70286e+14            0       492572            0  8.69608e+10  1.03701e+16            0  8.86827e+07     -1167.27  -0.00556727  5.53897e+06      -266523 -1.16437e+15  6.59141e+07       439104 -5.90604e+07            0            0            0     -143.151 -1.26989e+11 -8.42724e+07      5090.27            0  6.65239e+06            0            0 -4.89764e+15 -7.60258e+07  6.95187e+08 -4.27378e+14   1.4503e+11            0      -777028 -3.41323e+07 -3.83227e+08  4.84982e+08            0  4.49858e+06  -0.00046547 -5.24878e+06    0.0165288            0  -1.1047e+06  2.49597e+12            0 -0.000305729            0    0.0053764   -0.0362582 -3.50806e+11            0 -3.92387e+09   0.00175631            0            0            0      1.47479      45904.1            0 -2.52983e+08  6.07776e+07     0.087503            0 -1.03177e+07      5325.17            0            0 -1.20602e+08 -1.08921e+08  1.20046e+08            0  8.92072e+16      11.8902      74.1843            0            0 -7.81139e+07 -4.20455e+08
-1.93901e+21  8.48494e+26  2.97472e+24  3.34423e+14 -3.67142e+22  1.73779e+21  6.66278e+15 -9.36557e+11  5.53176e+17 -2.62862e+17  -4.6272e+16 -4.49621e+16 -7.81818e+20  8.27239e+16 -4.70286e+14  3.47876e+25  1.24408e+18 -5.74646e+13 -3.41185e+17  8.27998e+21 -6.57978e+25  2.00837e+17  1.17893e+16 -8.73318e+13  4.07771e+08 -9.63676e+14 -7.68252e+14  1.68482e+25  -8.7428e+15 -5.42042e+13  4.80126e+15  3.17824e+07 -1.91488e+22 -8.35529e+12   -7.778e+12 -7.55666e+18 -1.25365e+19 -3.15062e+12 -9.06408e+19 -4.79652e+15  5.35171e+17 -6.19832e+15 -1.98832e+26  3.25628e+18 -8.51488e+16  7.91481e+24 -1.73602e+21  5.50138e+15 -4.34903e+16  3.86843e+15   2.4839e+16  2.22959e+14   1.4942e+18 -1.18234e+15  4.32088e+08 -1.78364e+15 -1.62412e+08 -1.03613e+12  9.62562e+13 -6.73991e+21   6.9534e+20  2.15815e+07 -5.58869e+17 -9.18377e+07 -2.51561e+08 -3.47274e+21  -2.4308e+07 -6.32526e+19 -1.22185e+07 -1.53036e+14  -3.8714e+17 -5.66653e+14 -8.24316e+10  -6.9083e+12 -1.28448e+13 -1.88302e+17 -1.32046e+16  9.03265e+08  9.80736e+11  1.35573e+15  -8.0398e+12  3.34421e+17  8.71954e+12  1.30076e+16 -1.03815e+17 -7.41603e+15 -5.72309e+08  3.82306e+26 -5.13518e+11  1.03519e+11 -1.79368e+17 -1.43223e+16  7.81412e+18 -1.05657e+18
-6.48292e+13  1.83221e+20            0            0  -1.8332e+17            0  7.55127e+08     -37934.8  7.04603e+10 -8.46898e+09            0            0  5.05701e+14 -1.31321e+10            0  1.24408e+18  1.13379e+13            0 -6.95284e+10 -6.55766e+15 -7.90507e+19  1.42368e+11            0 -4.08912e+07      675.855            0            0  3.74255e+18            0            0            0    0.0741396 -3.52744e+14            0 -1.22475e+06            0 -1.87286e+13            0 -6.57937e+11            0            0            0 -3.32153e+20  3.02976e+12            0  4.88582e+17 -4.71273e+14  2.00607e+08 -2.19861e+10            0            0            0 -3.32817e+11            0     -13.2614 -6.84159e+07     -2.98392            0            0 -1.18807e+16 -5.23725e+15      7.47904 -5.60218e+10      3.22994      38.5415  1.16848e+14     -60.2327  9.24884e+12     -2.38536 -6.69364e+06            0            0      14670.4      87772.1      -392984            0            0     -119.398            0            0            0  6.42144e+09            0            0            0            0     -16.9478 -8.07144e+18 -1.29638e+06            0 -7.06769e+09  5.89734e+08  1.50761e+12  3.35212e+11
           0 -4.21423e+15            0     -33184.2 -1.47366e+12            0       123424      1.29576            0      -156088  4.07515e+07  6.59082e+06  1.45423e+09       489457       492572 -5.74646e+13            0        66629            0  2.44297e+10  9.84487e+14            0 -6.08296e+06            0 -0.000266627     -88205.2      32211.2 -1.92383e+14  7.34039e+06      41799.3  -2.7648e+06  1.55598e-05  6.13234e+10            0            0 -1.37782e+09   2.0462e+07      148.721            0  2.18597e+06            0            0  2.77903e+13      -428867  4.62348e+07 -3.05196e+13  9.50631e+09            0            0 -2.18217e+06 -1.95476e+07  -2.4159e+07            0       644817            0   2.1766e+06  0.000228601            0     -62628.4  2.67865e+11            0 -0.000149982            0  0.000266834  0.000919216 -2.12087e+10            0 -2.75957e+08     2.67e-06            0            0            0     0.044961      4624.85     -316.473  1.51692e+07      -925788    0.0020139            0      -708720      2509.78            0            0 -1.95316e+07  1.80582e+06  5.54028e+06   0.00138924 -6.97832e+14       3.2351      -5.9115            0      64139.4 -2.46277e+07 -3.37528e+07
 -2.3468e+15 -5.17698e+19 -8.56747e+17            0  5.15955e+16 -1.66055e+15            0            0 -5.37246e+11  5.87451e+10            0            0            0  3.22401e+09            0 -3.41185e+17 -6.95284e+10            0  1.82107e+13 -3.71023e+15  2.44264e+19            0            0  4.18039e+08      7.18539            0            0 -1.25093e+18            0            0            0    0.0701236     7.57e+14            0  1.96308e+07            0 -1.53127e+11            0  9.97389e+13            0 -1.94201e+10            0  3.30009e+19 -1.97424e+11            0 -1.59251e+17  8.10577e+13            0  2.39337e+11            0            0            0            0            0      11.0423            0     0.452657            0            0  2.93191e+15  5.80873e+15      -2.3179            0     0.946976       7.9738  3.49923e+15            0 -3.27251e+12            0  2.45342e+07            0            0      1167.65      -286567            0            0            0      11.5905            0            0            0            0            0            0            0            0      4.71641  -2.4819e+19            0            0            0            0 -4.00086e+11  1.44458e+12
-3.81876e+19  1.80193e+24  3.46467e+23  7.42139e+11    7.109e+20  8.55136e+19 -7.14546e+13  5.06897e+09  1.55716e+16 -5.88632e+15  6.09489e+14  1.34943e+14  5.82763e+18 -1.37619e+13  8.69608e+10  8.27998e+21 -6.55766e+15  2.44297e+10 -3.71023e+15  1.05609e+21 -2.10275e+22 -2.57972e+14  1.69597e+14 -4.55512e+12 -2.40558e+06 -5.89395e+11   1.7852e+12  3.22707e+22  1.46414e+13  1.60084e+11  2.52841e+13      -164846   1.0476e+20 -3.35442e+11 -1.05767e+11  1.62846e+16 -1.20607e+17     -8.1e+09 -1.41299e+18 -1.22656e+13  7.34115e+15  2.83339e+13 -1.42096e+24 -1.85879e+16  3.80141e+13  7.84383e+20 -5.04173e+18 -5.89594e+12 -3.45315e+13  2.10469e+13 -2.03425e+14 -1.85696e+14 -4.72849e+15 -6.43821e+11  1.61382e+06  5.49432e+12       579354  7.16126e+10 -8.88455e+10 -1.01147e+20  1.08833e+20      42713.7 -5.51758e+15      72923.3  1.39421e+06  -1.1104e+20       183447 -3.31272e+16       163454  7.55405e+11 -1.22084e+16  8.00168e+15  1.12324e+09  1.69508e+11 -2.46473e+11  9.46501e+14  1.41626e+14  2.17377e+06  -1.0495e+10 -2.30584e+12 -3.32623e+10 -5.25799e+15 -3.28531e+10 -1.99953e+13 -4.59907e+14 -1.87275e+13  2.95419e+06  9.03646e+22    3.016e+09   1.4229e+08   1.8004e+15  8.74162e+13  1.05083e+16 -4.92277e+16
 1.11038e+23 -4.63438e+28 -1.82949e+26 -1.74141e+16  6.81162e+25  -1.5725e+23  1.78331e+18  3.53971e+13 -3.12044e+19  1.90736e+19  9.87927e+18  1.48315e+18  6.89235e+22 -3.29907e+18  1.03701e+16 -6.57978e+25 -7.90507e+19  9.84487e+14  2.44264e+19 -2.10275e+22  6.57384e+28 -9.92893e+18  6.21171e+17  7.02324e+15 -2.80051e+10  8.14605e+15  4.20857e+16 -9.83616e+26  3.26713e+16   7.7428e+14 -1.73018e+17  -1.4516e+09   8.8949e+23  4.98265e+14  4.73988e+14   1.8266e+20  5.95751e+20  1.86675e+14  4.05873e+21  1.62308e+17 -2.88505e+19  2.51959e+17  1.06439e+28 -2.03471e+20  2.70651e+18 -9.27303e+25  9.10907e+22 -2.81115e+17  2.41382e+18  2.41558e+16  1.44461e+18 -8.83662e+17 -1.65014e+19  2.83748e+16 -3.33778e+07  4.39552e+16  3.87017e+08  4.21673e+14 -1.28694e+15  5.56373e+22  1.63275e+24 -1.25442e+08  1.50037e+19  4.77754e+09  6.18103e+09  1.93398e+23  1.95785e+09  2.26024e+21  1.30556e+09  5.53232e+15  3.11998e+20 -2.09273e+20  9.53444e+12 -3.29558e+12  6.74015e+14  1.31955e+19  3.76707e+17  1.72198e+10  -1.8958e+14 -3.52693e+16  1.36228e+14  1.64891e+20 -3.63322e+14  -5.0892e+17  3.41869e+18   1.0433e+17  2.17334e+10  1.02821e+28  3.47573e+13 -3.12049e+12 -6.03395e+19  1.03007e+18 -2.81116e+20  2.48924e+19
           0  2.05953e+19            0            0 -1.35285e+16  2.18521e+16            0            0  5.76605e+10 -5.21112e+10            0            0 -2.66913e+13  -8.6439e+08            0  2.00837e+17  1.42368e+11            0            0 -2.57972e+14 -9.92893e+18  1.96995e+12            0 -2.00639e+07      19.4445            0            0  5.59752e+17            0            0            0            0            0 -6.89154e+06            0            0 -1.48433e+12            0            0  5.43523e+07  2.09033e+11            0 -2.51276e+19  2.40163e+11            0  9.75254e+16 -3.23671e+13            0            0            0            0            0  1.06552e+13            0            0 -7.69325e+06            0            0            0 -1.13134e+15 -3.07887e+15      0.72736 -2.82967e+11     -1.22922      3.84323            0     -7.76138  2.68831e+11     -2.66034       498411            0            0     -5181.89            0            0            0            0     -8.37295            0            0            0            0            0            0            0            0            0    7.652e+18     -49268.6            0            0 -1.29901e+09  1.55806e+11  -3.2382e+11
           0 -6.37999e+17            0 -2.12827e+07  -5.5053e+15            0 -2.19862e+09     -970.094            0            0 -1.83466e+09  3.05706e+09            0  8.83447e+07  8.86827e+07  1.17893e+16            0 -6.08296e+06            0  1.69597e+14  6.21171e+17            0  7.60549e+10            0            0  4.37736e+08  1.34214e+07  1.04864e+17 -5.10423e+08 -2.83206e+06  6.81097e+08   -0.0314628 -5.81139e+13            0            0 -1.38811e+12 -1.54727e+10      90983.7            0 -2.59317e+08            0            0  1.15647e+18  2.37346e+09 -1.57493e+09   1.3288e+16  6.63639e+12            0            0  8.30441e+08 -6.38994e+08  -1.0672e+10            0  1.08849e+09            0  1.43844e+09      0.11487            0  1.60075e+07  1.51226e+14            0   -0.0186321            0   -0.0112948    -0.736538            0    0.0541026 -1.12006e+11   -0.0342289            0            0            0            0      -282693            0 -2.87742e+10  2.45962e+09            0       204673 -8.38559e+08   1.5775e+06            0            0 -1.69851e+10  3.83725e+09 -6.25358e+08     -1.31652  5.96663e+18            0       2799.9            0            0 -1.61708e+10 -7.40797e+09
-6.05414e+12 -2.01898e+16  9.73998e+14     -20303.5  4.26125e+12 -1.63747e+12            0      2.68262 -2.14494e+08  4.01494e+06      -523448      -380159            0  1.01344e+06     -1167.27 -8.73318e+13 -4.08912e+07            0  4.18039e+08 -4.55512e+12  7.02324e+15 -2.00639e+07            0       528592  0.000370876            0      3677.68 -4.27751e+14     -70535.2            0            0 -9.75659e-05  2.81638e+11      2326.21      12576.7            0  2.55091e+08      -32.605  2.06205e+10     -2773.55  -5.8566e+07            0  9.56912e+15 -1.72597e+08            0 -2.92208e+13  7.62736e+10            0  8.95093e+07     -7958.92      -102765            0  2.03779e+07            0  0.000100047            0  -0.00112882            0            0  1.42439e+12  3.20665e+11 -0.000661869  1.10559e+08 -0.000243533  -0.00200329  1.05916e+11  0.000963319 -5.13783e+08   0.00159595      152.143            0            0    -0.110971     -904.288            0   2.2847e+06            0 -0.000644545            0      4238.56     -1340.14            0            0            0 -2.43264e+06            0   0.00441947  2.09042e+15      3.79054     -5.47026            0      77663.9 -1.64533e+08  7.77922e+08
     -304100  7.47625e+10  1.16544e+08            0 -5.23027e+07      -457245     0.391501 -1.78675e-05      6.68159     -17.1265            0    -0.118242       232245     -4.82117  -0.00556727  4.07771e+08      675.855 -0.000266627      7.18539 -2.40558e+06 -2.80051e+10      19.4445            0  0.000370876  9.52176e-07    0.0318272   0.00139066  1.00172e+09   -0.0311675            0    0.0309089  1.58507e-10     -17314.4  -0.00231363 -0.000607424            0     -5477.26            0      1195.49 -0.000990379     -1.62329    -0.387617 -1.43746e+11       1004.4      0.29958  1.53592e+08      -213048            0     -1.75127            0     0.480775            0      688.963  -0.00955459 -2.73405e-09   -0.0433172  3.12784e-11  9.89751e-05            0  -4.9511e+06       206730  2.93705e-09     -13.6468  1.31181e-09  1.19183e-08      -165304 -5.20867e-08      3405.06 -1.24136e-09  -0.00121757            0      -3.0712 -1.01175e-05   4.3571e-05 -0.000434577            0    -0.162574 -3.21282e-08            0    0.0158378            0      5.39124 -0.000134702    -0.155707     -2.35402            0 -5.09715e-09 -1.14612e+10 -0.000594466  8.34582e-07     0.207173     -3.86121      581.718      245.116
           0 -9.35968e+16            0  1.10626e+06 -2.50594e+14            0 -1.43471e+07      4.96583            0            0  7.01723e+08   3.3055e+08  2.40429e+11   1.2833e+07  5.53897e+06 -9.63676e+14            0     -88205.2            0 -5.89395e+11  8.14605e+15            0  4.37736e+08            0    0.0318272  1.75183e+08  -1.3958e+06 -2.61619e+15  -5.5865e+07       415340  1.91599e+07            0            0            0            0  -6.6271e+10  4.07937e+09      -7081.4            0  1.71222e+07            0            0  2.48185e+16  5.37376e+08  2.14695e+09 -1.54609e+14  3.22642e+11            0            0 -8.17794e+06 -5.78682e+08 -7.72932e+08            0 -2.21101e+06            0 -6.95262e+07   -0.0194083            0 -1.10784e+06  8.03633e+12            0  -0.00362642            0    0.0180575    0.0608864            0   -0.0126886 -7.15808e+09  -0.00255555            0            0            0     -2.13565       119622            0  3.67567e+08  8.09392e+08    -0.018984            0 -8.51085e+07     -4613.16            0            0  2.13853e+08 -1.43754e+08  3.22144e+08            0 -2.55932e+16      382.716     -460.204            0            0 -7.50909e+08 -1.08169e+09
           0 -7.68345e+16            0 -4.79087e+06  1.88299e+14            0            0      5.30516            0            0 -4.04101e+07  1.73455e+08            0      -379073      -266523 -7.68252e+14            0      32211.2            0   1.7852e+12  4.20857e+16            0  1.34214e+07      3677.68   0.00139066  -1.3958e+06  1.94591e+07 -1.45394e+15 -5.34174e+06     -22181.6 -2.10152e+06 -0.000220725            0            0       450.75  4.12162e+09  2.21731e+09     -7519.02            0  5.02658e+06            0            0  8.26272e+15 -1.13504e+08  8.48995e+06 -5.75536e+14 -3.74336e+11            0  2.44833e+06  1.23289e+06  2.94291e+07  7.52706e+07            0 -1.90284e+06            0 -1.23048e+06            0      1243.34     -65779.1  5.46456e+12            0  -0.00365121            0            0    0.0235783            0   0.00578421  1.54649e+09            0            0            0            0      2.87019      3197.11            0  3.80718e+08  2.99711e+07    0.0120722            0      -703058      70544.2            0            0   2.8788e+06  7.12742e+08 -1.57465e+07            0 -3.21812e+16      73.5099     -948.964            0   1.2593e+07  -7.8747e+08 -2.99096e+08
 -5.1309e+20  2.71783e+27  1.49982e+25   7.7365e+14 -2.81473e+24  1.24989e+22 -9.35929e+15 -3.65923e+12  2.20836e+18 -1.16155e+18 -5.21134e+17 -1.72636e+17 -2.80998e+21  4.43567e+17 -1.16437e+15  1.68482e+25  3.74255e+18 -1.92383e+14 -1.25093e+18  3.22707e+22 -9.83616e+26  5.59752e+17  1.04864e+17 -4.27751e+14  1.00172e+09 -2.61619e+15 -1.45394e+15  2.35846e+26 -1.53832e+16 -1.38728e+14   1.4812e+16  1.78336e+08 -8.14627e+22 -4.35654e+13 -2.64623e+13  -1.9314e+19 -3.72021e+19 -8.28987e+12 -2.66663e+20 -2.10149e+16  2.39229e+18  6.68776e+16 -5.86461e+26  4.92691e+18 -2.12393e+17  8.48757e+24 -1.27535e+21  3.81764e+14 -1.86169e+17 -2.00451e+15  8.17607e+16  5.61823e+16  1.51033e+18 -1.17681e+15  7.36512e+08 -4.41003e+14  1.80262e+08 -1.90187e+13  2.39955e+14 -1.11947e+23  -1.3301e+23   8.5284e+07 -1.90541e+18 -6.64055e+07  4.11988e+09 -1.34217e+22 -1.14404e+08 -3.23496e+20  1.29218e+08  8.93741e+13 -4.95793e+18   3.8261e+18 -1.80568e+11 -1.37843e+13 -5.38464e+13 -1.06346e+18 -2.21135e+16  2.78054e+08  1.43376e+13  1.99909e+15  9.27915e+12 -2.13587e+18  1.41362e+13  2.78555e+16  2.36619e+16 -2.64097e+16 -2.50989e+09  6.31532e+26 -1.38995e+12  1.76048e+11  7.93057e+17 -3.51253e+16  1.78707e+19 -5.62054e+18
           0 -4.00178e+17            0  1.44142e+07 -2.01856e+14            0            0      630.844            0            0  8.35005e+09  4.28911e+09  1.26892e+12  8.05805e+07  6.59141e+07  -8.7428e+15            0  7.34039e+06            0  1.46414e+13  3.26713e+16            0 -5.10423e+08     -70535.2   -0.0311675  -5.5865e+07 -5.34174e+06 -1.53832e+16  2.08146e+09  5.70883e+06  -3.2505e+08    0.0141551  3.39077e+13            0     -8643.95  6.47066e+10 -1.92454e+10     -4492.18            0   5.1924e+08            0            0 -1.31716e+17  6.24847e+08  4.42371e+09 -3.02399e+15    1.658e+12            0 -4.69578e+07 -4.40066e+08 -4.58522e+09  8.69862e+08            0   8.5786e+07            0  2.40211e+08   -0.0337648            0 -1.50417e+07  2.08607e+13            0   -0.0191932            0     0.115694     0.262371 -2.70445e+12   -0.0277039  -3.6418e+10   -0.0213924      10022.2            0            0      31.3144       678593            0   4.3299e+09  6.52543e+07     0.215253       -28064 -1.25582e+08      -229500            0            0 -1.79672e+09 -1.81464e+09  4.90131e+08     0.768152  2.54059e+17      -520.39       1524.5            0  4.09457e+06 -1.31406e+09 -5.79143e+09
           0 -4.50297e+15            0     -648.487 -6.78803e+11            0            0            0            0      -214221  2.46138e+07  1.04881e+07            0       499288       439104 -5.42042e+13            0      41799.3            0  1.60084e+11   7.7428e+14            0 -2.83206e+06            0            0       415340     -22181.6 -1.38728e+14  5.70883e+06      78780.6      -793231            0            0            0            0  7.86825e+09  4.16958e+07     -58.8877            0  1.19265e+06            0            0 -1.52313e+14            0  2.98698e+07 -3.05392e+13  9.64272e+09            0            0      -954141 -2.01246e+07 -7.61023e+06            0       502413            0  1.28575e+06  0.000165391            0     -56224.8  2.76352e+11            0 -0.000186799            0  0.000163588   0.00132046 -5.14509e+09            0 -3.03173e+08  1.50819e-05            0            0            0            0       4326.1       -434.4  3.27971e+06  6.32111e+06   0.00117355            0 -1.32717e+06     -195.453            0            0 -1.05328e+07       947483  6.53986e+06            0 -7.17746e+14      4.21715      5.36944            0            0 -3.28623e+07 -2.71925e+07
           0  5.90088e+17            0     -27840.7  4.00179e+14            0            0     -96.5784            0            0 -1.31599e+09  -7.6981e+08  3.55976e+11  -5.0563e+07 -5.90604e+07  4.80126e+15            0  -2.7648e+06            0  2.52841e+13 -1.73018e+17            0  6.81097e+08            0    0.0309089  1.91599e+07 -2.10152e+06   1.4812e+16  -3.2505e+08      -793231  1.77625e+09  -0.00313233 -5.78552e+12            0            0  3.49239e+11  5.46647e+09      12347.2            0  6.46707e+07            0            0 -1.90451e+17  2.09304e+08 -1.68329e+10  4.47873e+14 -1.78056e+12            0            0  1.43718e+08  2.11656e+09 -1.08264e+10            0 -1.51079e+08            0   1.5093e+08     0.013302            0  7.56535e+06 -3.14506e+13            0    0.0111367            0   -0.0328745    -0.121277  8.47916e+11  -0.00704456  2.05787e+10            0     -2437.22            0            0            0      -360093            0  7.28178e+08  1.85224e+09   -0.0272152     -7775.96  -4.3187e+07       -32135            0            0  5.91932e+08  2.06982e+08  -1.1216e+09    -0.131067 -2.57626e+17     -54.0154      64.7186            0 -1.59399e+06   3.4173e+09  4.28326e+09
     -3075.5   5.0738e+09 -9.00471e+06    0.0002003        37224            0            0 -2.22641e-07      1.93816    -0.472779    -0.106726     0.121267     -2231.22     0.547837            0  3.17824e+07    0.0741396  1.55598e-05    0.0701236      -164846  -1.4516e+09            0   -0.0314628 -9.75659e-05  1.58507e-10            0 -0.000220725  1.78336e+08    0.0141551            0  -0.00313233  2.66207e-09       251609            0 -7.97625e-07            0      62.7682            0     -165.527    0.0198376      3.27016   0.00352224 -5.60125e+08      8.60451    0.0205889  9.56493e+06     -3055.62     0.030054    0.0728979  -0.00220318    0.0140421            0            0   0.00454858 -7.05816e-11            0 -1.39173e-11 -1.49042e-05 -0.000107197      -269250            0  1.81763e-10            0 -2.06144e-12  3.01185e-09            0 -1.56915e-11     -652.317 -7.14751e-11  -1.6504e-05     0.337552    -0.200705 -1.41615e-07  1.07673e-05 -9.14304e-05   -0.0877534   -0.0504356 -8.23856e-10  6.44637e-06   0.00226251  1.47481e-05            0  3.24224e-05    0.0500597    -0.411208   -0.0137703 -1.55327e-12  1.81442e+09 -3.41712e-07 -9.29832e-09   -0.0869586   -0.0151412      31.9176      16.0392
