 2.31882e+14 -4.40275e+12 -1.15904e+13       386943 -1.93201e+17  2.70832e+11            0            0 -1.22421e+09  1.23925e+08            0            0  2.21495e+12  4.83241e+06            0 -3.92535e+12  9.90037e+07            0 -5.18827e+09  -2.8464e+11   1.3642e+15            0            0 -1.81213e+08     -92.6527            0            0  2.23734e+14            0            0            0     -1.06179 -2.67744e+11  2.31398e+07 -4.31008e+06            0 -8.97556e+09            0 -1.83549e+12            0 -2.79111e+10  3.12533e+06  3.32498e+13  2.57539e+11            0  -9.4726e+14   1.2213e+10 -4.33462e+07 -4.13821e+08            0            0            0            0            0  1.37211e+15 -3.47615e+06     -1.97829            0            0  1.08814e+10  6.81032e+12 -1.25493e+09  9.82758e+08 -1.27521e+16      67.8737   7.2137e+12      3.47023 -7.81336e+09     -5.90454       704581            0            0      39175.3 -1.01797e+06       727780            0            0      31.0752            0            0            0            0            0            0 -1.42363e+06            0     -127.432  4.00857e+14      9641.84     -16709.8            0       166753 -5.31797e+09   6.5507e+09
-4.40275e+12  3.19672e+14  3.17308e+12  2.74717e+07  1.59323e+19  2.41545e+11 -1.70849e+07      -406476  5.16823e+09  -9.7795e+07   -8.589e+08 -2.34263e+08 -6.64331e+12  1.98037e+08  5.29141e+06  5.53087e+13  7.00191e+09 -1.16564e+07 -1.01362e+10  9.37694e+11 -1.16917e+17  3.39032e+08 -3.07799e+08 -4.53872e+07      1569.19 -2.02613e+07 -2.17161e+07  3.45874e+16 -1.74776e+07  -7.7825e+06  1.19014e+08      135.852 -1.96042e+13 -6.45578e+06 -6.18188e+06 -1.33025e+09 -7.53275e+10 -1.22739e+07  -3.1124e+12 -8.23362e+07  1.27329e+10 -2.95652e+07 -1.27755e+15  7.32142e+12 -1.20692e+08  9.79681e+16 -1.60339e+11  1.31049e+08 -4.89516e+08 -2.21268e+07  1.66045e+08 -6.62577e+07  1.38085e+09 -7.04445e+07   7.9178e+17 -1.21339e+08      50.0317 -1.65797e+06  5.27145e+06 -4.01955e+11 -7.10897e+11   1.0317e+11 -3.63196e+09  3.37661e+17       47.823  -2.9114e+12     -108.753 -2.16201e+11      -140.57 -4.81814e+07 -8.58784e+10  2.78053e+12      -765197 -1.63141e+06 -1.02102e+07 -1.22235e+09      -668068      159.326  4.95925e+06  8.31865e+07 -1.09591e+06 -3.33463e+10  2.44232e+07  4.13018e+08 -6.38828e+07 -2.17111e+08     -13095.1 -2.03929e+14      -206146       830239  3.06453e+07 -1.08538e+07  9.23742e+10 -1.62613e+11
-1.15904e+13  3.17308e+12    9.842e+14            0  5.31968e+17  8.73104e+11            0            0  2.79556e+09 -1.85717e+07 -1.91677e+08            0            0 -7.34167e+06            0  9.08645e+11            0            0 -2.87727e+09   2.6835e+12 -2.74272e+15            0            0  1.00401e+08      25.8674            0            0  1.36814e+14            0            0 -1.30702e+07     -4.72615            0  1.13368e+07       736600            0 -3.94954e+09            0  -4.5371e+11            0 -5.57758e+09       341791 -6.41419e+13            0            0 -1.78941e+15 -2.09461e+10            0  7.16647e+08            0            0            0            0            0 -3.23763e+14            0     -5.44633            0            0 -2.00928e+10            0  3.12373e+09  4.36427e+08 -1.45301e+16     -34.1241 -1.87149e+13            0   7.4445e+09            0      -299468            0            0            0  9.88784e+06            0  7.93044e+07            0            0            0            0            0            0            0            0  4.08187e+06            0            0 -1.54329e+14        72376       -28393            0            0  1.40532e+10 -1.55463e+11
      386943  2.74717e+07            0      1493.51 -3.25077e+12            0            0   -0.0020669            0     -1.28694      -716.98     -11382.2            0     -5.87344      56.1877  7.05215e+06     -423.918       -78.04            0       168146 -2.72867e+10            0     -3278.72     -26.6588            0      110.376     -593.517  1.04272e+09      733.121     -1.48764       4.5448  2.95685e-06      -258619            0     -5.86584            0     -11301.6      25.9095      -157129      523.851            0            0 -1.98627e+08       584107      41.9467  3.57652e+10      70856.6            0     -464.189     -227.713     -1498.31      534.673            0      298.446  1.75155e+11     -13.9986 -3.08501e-06            0     -173.981     -92784.2            0      18768.1            0  3.17396e+10  1.60281e-05            0 -5.21048e-05      3445.84            0            0      3121.92     -28986.6   -0.0068356     -5.11056            0     -3677.56     -9.72108  -0.00021151      3.79956      274.954     -126.215            0            0      2574.87     -2582.82      27.9065 -7.58276e-05  7.79968e+08   -0.0179786      13.4238            0     -5.68777       161058        27485
-1.93201e+17  1.59323e+19  5.31968e+17 -3.25077e+12  1.04335e+25 -1.88975e+16 -4.06909e+12 -7.61358e+10 -4.18989e+14  1.41397e+13  1.43565e+14  1.36627e+14   1.0262e+18  1.41274e+13  7.98973e+12  1.49055e+19 -1.82761e+14  2.53472e+12  1.30383e+15  4.46577e+16  6.08381e+21 -8.98946e+12 -8.09514e+13  4.46406e+12 -1.41837e+07 -2.85699e+12  3.32158e+12  3.45188e+21  5.84426e+12   1.4744e+12  6.28102e+12  1.26815e+07  -4.4738e+17  5.69174e+11  2.94261e+11  5.02859e+14   2.3927e+15 -2.02244e+11  3.61394e+17  4.53416e+13 -1.04367e+15 -6.23928e+12 -1.00678e+19 -6.93917e+17 -5.05661e+12 -1.54482e+22 -4.86554e+16  9.00406e+12  2.01805e+13  7.64454e+11 -1.03669e+14 -1.93719e+13 -8.83458e+13 -1.32406e+13 -2.73729e+22 -6.84649e+12  8.15382e+07   9.3982e+11 -2.94217e+12 -4.28593e+16  1.90112e+17  1.19224e+15   2.0911e+14  2.15702e+22 -4.37734e+07  4.28787e+17  1.66489e+07 -1.62097e+16  1.85512e+07 -8.78599e+11  2.88197e+15 -2.35846e+17  1.24548e+11  4.74905e+11  2.84175e+11  8.11474e+13   1.3411e+12  2.17817e+08 -8.09331e+11  4.97665e+12 -1.10629e+11 -8.83881e+14 -1.56165e+12 -7.08911e+12 -8.97664e+12 -2.85814e+13 -3.17158e+08  -1.9831e+20  9.63612e+09  1.40246e+10  1.21494e+12  1.30912e+12  2.18154e+16  6.93468e+15
 2.70832e+11  2.41545e+11  8.73104e+11            0 -1.88975e+16  5.99422e+11            0            0  9.57379e+07      -950416            0            0            0      -213417            0  5.41422e+10            0            0  -1.7609e+08  2.58181e+10 -1.96592e+14  1.73676e+08            0 -2.24937e+06      -11.908            0            0  2.02749e+13            0            0            0            0            0      -973714     -18437.7            0 -3.06422e+08            0 -5.73432e+10   2.0176e+06  1.52081e+09            0 -5.07024e+12            0            0  3.70712e+13 -5.39231e+08            0       934652            0            0            0            0            0  2.83109e+14            0            0            0            0 -6.90841e+08 -2.17384e+10  1.37457e+08   -3.267e+07  5.11576e+13      6.36688            0            0  2.20763e+08            0            0            0            0            0      54660.7            0            0            0            0            0            0            0            0            0            0            0            0            0 -5.57235e+12      58.8683            0            0            0  4.98171e+08 -1.00941e+10
           0 -1.70849e+07            0            0 -4.06909e+12            0      1581.07  -0.00839479            0            0            0            0            0      -9.6138     -35.5337  2.93447e+07      444.907      11.0525            0      -713089  1.19715e+11            0     -11082.3            0  0.000112013     -54.6644            0 -2.43526e+09            0            0            0            0            0            0            0            0      18523.9            0            0            0            0            0   6.5025e+07            0            0  2.69246e+10      58161.1            0            0     -264.274            0            0            0      -432.15 -1.66839e+11     -581.221 -8.03695e-05            0     -27.2784     -3867.24            0      15199.6            0  1.00775e+11  0.000107044            0            0      28738.6            0            0            0     -58999.3            0            0            0            0            0  0.000292119            0      302.391            0            0            0      3130.41            0            0            0  1.07588e+09   -0.0557346            0      6.75539            0      -166776      47161.7
           0      -406476            0   -0.0020669 -7.61358e+10            0  -0.00839479   0.00689803      -1.0674    0.0413605      1.19241     0.972161      1510.42    -0.307095            0      -179167      -2.1206    0.0120851            0      5452.08  1.46011e+08            0    -0.559363    0.0131229  -5.5236e-07   0.00119953   0.00221826 -7.86312e+07     0.135838            0   -0.0634422  2.69377e-07       117913            0   0.00331836            0     -198.788  -0.00294617     -203.406     0.434152     -34.5044    0.0325522 -1.85426e+06     -2789.93   -0.0173378  1.10612e+08      520.822    -0.102449     0.105446     0.115004    -0.555631            0            0     0.135018 -6.08672e+08     0.103799 -1.96243e-07            0   -0.0185983      472.961      1979.59     -80.9705            0 -4.71891e+08 -1.34829e-05      425.674  5.50554e-08      368.374  1.41572e-07 -0.000508467     -4.97391      123.822  0.000461244    0.0039399            0     0.429648            0 -4.89954e-07  -0.00145921     0.119755            0            0  -0.00108548      1.06352            0    -0.397768  5.11907e-05  1.72087e+06  0.000188811            0            0  0.000570998      76.3962     -747.748
-1.22421e+09  5.16823e+09  2.79556e+09            0 -4.18989e+14  9.57379e+07            0      -1.0674  1.31359e+07     -59630.2     -9878.66            0 -4.56217e+07     -1424.32            0  1.26618e+09       127807            0 -5.65748e+06  5.22437e+08 -5.33289e+12      44608.2            0     -29111.5  -0.00772047            0            0  2.68898e+11            0            0     -673.601   0.00240374 -3.01361e+08      -2357.6     -1844.44            0  1.75836e+06            0 -2.48829e+09            0   1.0107e+07      -146.02 -3.83545e+10  2.03121e+08            0  4.65597e+12 -1.27778e+07      5302.04     -97011.6            0            0            0      -147988            0  1.54608e+13     -861.603 -0.000762379     -604.489            0 -1.68847e+07 -9.70096e+07  3.07314e+06 -5.17949e+06  2.00777e+12    0.0779998 -1.07782e+09            0  2.66601e+06   -0.0107621       57.924            0            0     -34.0245      2191.79            0      4086.84      38.9206   -0.0309258            0            0            0     -37322.4      4427.49            0     -1743.69            0    -0.112412 -4.66874e+09    -0.116678      12.1297      24.1899     -47.3765   1.2506e+07 -3.69866e+07
 1.23925e+08  -9.7795e+07 -1.85717e+07     -1.28694  1.41397e+13      -950416            0    0.0413605     -59630.2      2361.84      254.866            0 -6.31104e+06      44.3453            0 -1.57033e+07     -464.599     -1.37237      24459.2 -7.44117e+06  1.10529e+11     -1565.99            0      20.6429 -0.000507059            0            0 -2.30663e+09            0    -0.984177      17.3787 -1.95788e-05  2.21367e+06      69.5769      15.1286            0     -54002.2            0  6.93932e+07            0      -163527      11.1966  5.49994e+08 -6.46159e+06            0 -1.00681e+11       244469     -177.233     -703.208            0            0            0      3538.12            0 -3.54998e+11      39.6314 -3.05697e-05      3.97132            0       356993  1.93581e+07     -65823.8      21448.5 -7.93281e+10 -0.000877188  6.69416e+07            0     -81149.3  2.35153e-05      3.52731     -4900.77            0     0.669944     -30.8744      161.713     -105.444      6.53233   0.00135141            0            0            0     -6257.86     -23.1284            0       19.342            0   0.00096828  1.18746e+09    0.0155535    -0.046046      4.05636      2.00548      -290444      88904.9
           0   -8.589e+08 -1.91677e+08      -716.98  1.43565e+14            0            0      1.19241     -9878.66      254.866  4.25322e+06       215039            0      198.961        31441  5.68976e+07            0      10781.3            0  2.56962e+07  1.73028e+12            0     -44628.1     -99.9236            0      10502.8      -637.91 -6.53514e+10      50267.8      3518.02     -21621.1 -0.000164595            0            0            0      -207547  1.23799e+06       -15528            0      3305.19            0            0  9.25151e+09 -7.84048e+07      4243.32 -6.38473e+11       644653            0     -1723.32     -66350.8      -492476     -43294.3            0      25728.8 -4.81097e+12      83394.7  0.000249228            0     -10128.3  2.00884e+06            0      -412620            0 -1.34362e+12   -0.0269141   3.0492e+08            0       125890  6.52665e-05            0            0            0            0      3056.73            0       789262      21563.3   -0.0460177     -4843.22      3161.55     -215.724      -106025            0      -305974     -1729.38      34198.9            0  1.98264e+10     0.421079      470.045            0            0 -2.97513e+06      -204964
           0 -2.34263e+08            0     -11382.2  1.36627e+14            0            0     0.972161            0            0       215039  2.61792e+06            0      58.7642      32605.5 -4.29134e+08      18728.7      4839.02            0  1.07887e+07  1.94405e+11            0       123475       -107.2 -0.000407855      6959.26      3567.85 -3.45178e+10      47798.4      3015.13     -21583.3  0.000427406  1.63338e+08            0     -23.5882  1.75002e+06       217421     -1127.56            0        73519            0            0 -5.52684e+08  8.50138e+06      31726.7 -1.14857e+12      -775115            0      -1866.6     -92435.6      -193291      54848.8            0       -41264 -4.03189e+12     -2859.25   0.00207299     -36.3207     -28481.5  1.18974e+06            0      -270674            0 -1.44611e+12  -0.00905154 -2.60617e+07            0       286212            0            0            0            0     -0.90483      1634.58            0       100533      12874.9   -0.0074358            0     -3336.73      1656.05            0            0      -284348     -28659.5     -71406.5    0.0855075  2.05171e+10     0.697592     -730.034            0      251.288 -1.92085e+06 -1.22439e+06
 2.21495e+12 -6.64331e+12            0            0   1.0262e+18            0            0      1510.42 -4.56217e+07 -6.31104e+06            0            0  1.74563e+14  7.10389e+06      -472194 -5.52123e+10  6.20889e+08       298078            0  1.39273e+11  7.90132e+15 -1.61219e+07            0            0      213.408  1.91625e+06            0  3.28652e+14    5.146e+06            0  4.69071e+06     -2.72854            0 -1.66695e+06      -261547            0 -5.79728e+09            0  1.26068e+10            0  3.83461e+08            0 -4.86755e+13 -7.22961e+12  5.78275e+06 -8.00648e+15  1.37742e+10  3.39252e+06            0            0            0            0  4.87709e+08       616989 -6.45302e+15  7.67927e+07            0  1.60992e+07            0  2.76002e+10            0 -4.61438e+09            0 -1.35696e+16     -84.0583   5.8401e+11     -73.6364 -4.99453e+09     -11.3582       471968            0            0  3.55737e+06      -117972            0            0  2.85961e+06     -308.684            0  3.72992e+06            0 -1.25521e+08 -4.52364e+07 -3.04878e+07            0            0            0  3.25674e+14      -1684.6            0      96502.6  2.96163e+06 -3.13398e+10 -3.80434e+10
 4.83241e+06  1.98037e+08 -7.34167e+06     -5.87344  1.41274e+13      -213417      -9.6138    -0.307095     -1424.32      44.3453      198.961      58.7642  7.10389e+06      325.829      42.8107  4.55954e+07     -4041.19      22.4225      6898.49      -334430 -8.68224e+10     -129.905      290.553      27.6453 -0.000751557      26.4856     0.890026  3.59417e+10      78.0261      12.0601         -135  4.42723e-05 -3.99154e+06      1.48164      1.97987      2248.84      933.726      1.98126  2.02168e+06      161.366     -2879.63      7.14596   6.0711e+08 -4.55976e+06      154.496  5.81196e+10     -95526.9      13.4066      78.8873     -105.859     -176.875     -19.8143     -1063.63      77.5727  4.88227e+11      152.579  5.53738e-05       2.8657     -23.5731      -240478       921261      64689.3      3516.77   2.1002e+11   0.00575297  3.00609e+06  7.75946e-05      -134467  1.02303e-05      17.6574     -74388.4  2.12497e+06     0.535384      6.05996      4.76427      281.841      11.6626 -8.16674e-05    -0.871758     -76.2563    0.0638088     -24038.6     -4.48612     -677.244      20.2353      222.989  0.000622407  9.86563e+08     0.133258    -0.147619      24.5056      6.23363     -2787.51     -56029.6
           0  5.29141e+06            0      56.1877  7.98973e+12            0     -35.5337            0            0            0        31441      32605.5      -472194      42.8107      9878.88 -2.25765e+07      130.998      1540.15            0       -55567 -2.09459e+09            0      19384.3     -2.60253 -8.71034e-05      822.219     -54.8591  4.23984e+09       4567.6      730.241     -10485.4            0            0            0    -0.572904      -252428     -1426.86      63.1493            0       1324.1            0            0  1.00708e+07      -724383      7652.89 -1.09244e+11        27592            0     -45.3136     -8713.39     -38004.4      10626.9            0      1629.76 -2.75825e+11     -376.486  0.000316671            0     -1985.44       115129            0     -9080.91            0 -1.10169e+11   -0.0012415 -2.35995e+06            0     -47226.3  5.84268e-05            0            0            0     0.040045      302.498            0      -5337.4      496.615  0.000499781            0      -3826.5      10.8674     -4915.07            0     -31368.4       -368.5      33020.7            0  3.20364e+09    0.0156559      4.65707            0            0     -14057.5      -178455
-3.92535e+12  5.53087e+13  9.08645e+11  7.05215e+06  1.49055e+19  5.41422e+10  2.93447e+07      -179167  1.26618e+09 -1.57033e+07  5.68976e+07 -4.29134e+08 -5.52123e+10  4.55954e+07 -2.25765e+07  4.79884e+14  1.70547e+09 -1.46261e+07 -1.84176e+09  3.56818e+11  3.61665e+16  1.27793e+08  3.94877e+08      -927999      181.974 -1.09831e+07 -7.62611e+06  9.80427e+15 -6.85072e+07 -5.71304e+06  9.94387e+07      26.4517 -8.43572e+12       478597 -1.19205e+06 -5.85753e+08 -1.35407e+10      -674241 -1.47273e+12  -1.0064e+08  4.15407e+09 -7.50408e+06 -1.92751e+14  9.15715e+11 -8.82128e+07  2.20562e+17 -2.43416e+11  5.38207e+07 -1.43609e+08  1.58107e+08  1.58655e+08 -7.34494e+06  1.04776e+09 -4.10714e+07  4.09947e+17 -3.85988e+07     -1278.07  1.98183e+06   1.9614e+07 -3.90032e+10  1.21729e+11  7.20072e+09 -8.94765e+08 -7.06492e+16     -529.745 -1.58117e+12    -0.824571 -5.94088e+10      53.1403 -2.00541e+07  1.01848e+10 -9.53124e+11       199390 -4.79929e+06 -4.61896e+06 -9.75182e+07 -4.85373e+06       3779.2 -1.16958e+06   2.6796e+07 -1.12599e+06  2.11473e+10  1.16663e+07  1.86893e+08 -4.56769e+07 -1.63256e+08     -5101.14  2.13525e+15     -59621.2       459166 -2.99198e+07 -1.84602e+06   1.8925e+09 -6.41988e+08
 9.90037e+07  7.00191e+09            0     -423.918 -1.82761e+14            0      444.907      -2.1206       127807     -464.599            0      18728.7  6.20889e+08     -4041.19      130.998  1.70547e+09  1.43194e+07      72.4852      -389164 -1.17455e+08 -5.38645e+12      50603.3            0     -3253.78     0.194128            0      770.305  4.30204e+11      94.5944            0     -382.558 -9.07625e-05 -1.01941e+08            0     -194.738            0 -7.48084e+06            0  2.18052e+07            0      52466.1     -192.742 -3.01968e+11  9.70057e+08     -335.156  2.94269e+12 -9.89192e+06     -5148.79     -47664.9            0     -3108.11      1584.28      -128717      91.6125  1.82325e+13     -2327.87  -0.00292863     -44.5967      58.8141 -1.42868e+07 -3.38335e+07  3.30037e+06       -80635  6.98888e+12     0.138096   6.6782e+07   -0.0376622  5.10854e+06  0.000834184     -333.827            0            0      37.4988      13.1957     -80.8102            0            0   -0.0761967            0            0            0      44482.9            0      2541.85      953.523            0    -0.116336 -1.13073e+11     -54.8217      21.4004      -266.76      3234.78  1.34825e+07  8.34924e+06
           0 -1.16564e+07            0       -78.04  2.53472e+12            0      11.0525    0.0120851            0     -1.37237      10781.3      4839.02       298078      22.4225      1540.15 -1.46261e+07      72.4852      1142.04            0      96983.1  1.14417e+10            0     -6900.02            0 -1.57197e-05       -111.8      27.5885  3.21926e+06      2792.76      376.142      -2754.9  2.34602e-06  1.73113e+06            0            0     -14501.3      247.545      6.46154            0      2599.08            0            0  6.81166e+07     -3706.94      2774.63 -4.10864e+10      38191.9            0            0     -2916.21     -10251.9     -2805.72            0      1192.53  -1.1178e+11      3721.59  2.34491e-05            0     -608.619      67537.4            0     -11777.3            0 -4.57633e+09  0.000159186      -705795            0     -17430.2 -1.53426e-06            0            0            0   0.00667626      165.807     -7.32212      1740.26     -38.4877  4.79315e-05            0     -1409.71      22.6647            0            0     -25772.5      35.2454      8076.13  0.000906248      -879263    0.0222203     -1.64637            0      1.12244       -48731     -76843.2
-5.18827e+09 -1.01362e+10 -2.87727e+09            0  1.30383e+15  -1.7609e+08            0            0 -5.65748e+06      24459.2            0            0            0      6898.49            0 -1.84176e+09      -389164            0  5.84289e+08  -3.2351e+08  1.30782e+13            0            0       171620    0.0580751            0            0 -1.62491e+11            0            0            0  0.000521762  9.12059e+08            0      14849.6            0 -5.74227e+06            0  5.21847e+09            0      -667138            0   7.6736e+10 -3.92944e+08            0 -7.82102e+12  1.39847e+07            0  2.59189e+06            0            0            0            0            0 -1.31672e+13            0   0.00260706            0            0   2.9208e+07  2.44803e+08 -7.06606e+06            0  8.65427e+12   -0.0106993  5.02444e+09            0 -1.12212e+07            0      8685.73            0            0      4.84631     -482.536            0            0            0    0.0677622            0            0            0            0            0            0            0            0     0.127123 -7.70852e+10     -1.63989            0            0            0 -3.60173e+07  1.40297e+08
 -2.8464e+11  9.37694e+11   2.6835e+12       168146  4.46577e+16  2.58181e+10      -713089      5452.08  5.22437e+08 -7.44117e+06  2.56962e+07  1.07887e+07  1.39273e+11      -334430       -55567  3.56818e+11 -1.17455e+08      96983.1  -3.2351e+08   3.3399e+11  8.70092e+13 -2.51424e+06   2.5638e+07 -5.65695e+06     -25.0289       154034       248218  8.70641e+13       601525       233214  2.54048e+06     -1.64313  3.76203e+11      -518781      -233332  2.08128e+07 -1.79238e+09      -109980 -2.18605e+11      -844573  6.65063e+08       325275 -1.62427e+13 -1.19867e+11       742593  2.43603e+14 -2.01433e+09      -613173  6.68403e+06  4.04393e+06 -1.67126e+07 -2.58014e+06 -2.33024e+07       365248  1.16108e+15  1.95068e+06      2.33466       105681      -142129 -2.03867e+09  1.49776e+10   3.2222e+08 -1.16144e+08  7.02341e+14      11.2935 -4.54019e+11      2.24689 -9.33485e+07      2.61635       783093 -2.00279e+09  5.95478e+10      18998.5       995019      -698683  1.49592e+07       786967      27.3493     -35055.4 -1.16629e+06     -36988.5 -6.96745e+08      -394040  -4.8138e+06      -963668 -2.20306e+06      231.672 -1.50872e+13      3782.13      3671.22       703072       182072  1.02244e+09 -1.34488e+10
  1.3642e+15 -1.16917e+17 -2.74272e+15 -2.72867e+10  6.08381e+21 -1.96592e+14  1.19715e+11  1.46011e+08 -5.33289e+12  1.10529e+11  1.73028e+12  1.94405e+11  7.90132e+15 -8.68224e+10 -2.09459e+09  3.61665e+16 -5.38645e+12  1.14417e+10  1.30782e+13  8.70092e+13  6.01819e+20 -3.40741e+11  6.84165e+10  4.84804e+10 -1.05986e+06  8.17915e+08  2.40656e+10 -1.30171e+19  5.67536e+09   6.3036e+09 -1.63434e+10     -58987.7  1.63698e+16  4.11453e+09  5.10654e+09   2.7987e+12  3.30522e+13  1.07566e+10  3.37347e+15  1.23693e+11 -1.46036e+13   6.9011e+09  6.32727e+17  -6.2378e+15  1.15172e+11 -5.23833e+19  3.28718e+13 -9.19496e+10   3.4855e+11  7.33484e+10  2.99424e+11 -1.61486e+11 -6.21052e+11  2.72156e+10 -7.39685e+20  5.59934e+10     -1633.61  1.84497e+09  3.65593e+09 -6.25963e+13  1.14114e+15  2.01777e+12  2.73217e+12   4.1208e+20      -204158  3.83843e+15      97495.3  7.57615e+13       131735  3.03642e+10  2.91585e+14  -8.9175e+15  7.17561e+08 -3.68265e+08   9.2657e+09  1.15858e+12  5.52427e+09  1.03597e+06 -6.38491e+09 -3.61083e+10  7.34655e+08  1.29527e+14  -2.4043e+10 -1.99832e+11  2.51757e+10  1.30213e+11  1.06307e+07  4.12868e+18  1.35303e+08  -7.0221e+08 -1.24741e+11  1.10571e+10 -2.07728e+12  4.97727e+13
           0  3.39032e+08            0            0 -8.98946e+12  1.73676e+08            0            0      44608.2     -1565.99            0            0 -1.61219e+07     -129.905            0  1.27793e+08      50603.3            0            0 -2.51424e+06 -3.40741e+11       337658            0     -599.802  0.000708646            0            0  2.75591e+10            0            0            0            0            0     -296.635            0            0      -559806            0            0      608.898       444715            0 -7.92134e+09  3.86841e+07            0  2.94642e+11      -371617            0            0            0            0            0  1.22587e+06            0  1.12426e+12     -108.419            0            0            0      -700734 -9.06564e+06       161792      -154783 -2.45542e+11   0.00548116            0  -0.00180684      82796.8  -0.00116811      16.9205            0            0      -1.9077            0            0            0            0  -0.00504634            0            0            0            0            0            0            0            0            0  1.34679e+09      -1.2169            0            0      -46.212       669001 -2.27281e+06
           0 -3.07799e+08            0     -3278.72 -8.09514e+13            0     -11082.3    -0.559363            0            0     -44628.1       123475            0      290.553      19384.3  3.94877e+08            0     -6900.02            0   2.5638e+07  6.84165e+10            0  5.16723e+06            0            0      22232.2      899.211  1.00666e+11     -11487.7      -1367.8      42223.2 -0.000217362 -9.39818e+07            0            0      -483658      -431192      414.047            0     -16190.7            0            0  4.57369e+09  7.92235e+06      -1434.9  2.47906e+11      -101280            0            0      65142.5     -30517.4     -83205.5            0       127538 -2.56083e+12       170177  0.000789718            0      9369.55  1.13079e+06            0     -25047.9            0  -1.9655e+12  -0.00903461            0  0.000432079      -452526 -0.000253153            0            0            0            0     -552.808            0      -222236      6325.14  -0.00534076      632.927      -105255      898.937            0            0 -1.29794e+06      3667.68     -56972.2   -0.0491993  6.75885e+10            0      71.4422            0            0  -2.6475e+06 -1.02733e+06
-1.81213e+08 -4.53872e+07  1.00401e+08     -26.6588  4.46406e+12 -2.24937e+06            0    0.0131229     -29111.5      20.6429     -99.9236       -107.2            0      27.6453     -2.60253      -927999     -3253.78            0       171620 -5.65695e+06  4.84804e+10     -599.802            0       2797.2  0.000259434            0      1.82161 -1.13121e+09      -14.796            0     -6.81316 -2.80055e-06  4.57376e+06       18.461      122.829            0      9735.14     -1.26136  1.32273e+07     -5.42132     -22102.8            0  4.04304e+08 -4.89371e+06            0  -2.4791e+10       146744            0      12853.5     -8.27459     -34.4228            0      409.712            0 -1.67458e+11            0 -0.000128879            0            0       164197       165766       -26464      10535.9 -8.42593e+10 -0.000509186  2.57425e+06   5.0665e-05     -18544.5  0.000130123     0.722041            0            0    -0.010236     -19.3936            0      161.637            0 -0.000439558            0      5.20812     -6.59506            0            0            0     -26.2913            0   0.00146341  8.06988e+08    0.0066401     -1.03861            0     0.449987      -155049       930132
    -92.6527      1569.19      25.8674            0 -1.41837e+07      -11.908  0.000112013  -5.5236e-07  -0.00772047 -0.000507059            0 -0.000407855      213.408 -0.000751557 -8.71034e-05      181.974     0.194128 -1.57197e-05    0.0580751     -25.0289 -1.05986e+06  0.000708646            0  0.000259434  2.89157e-07  9.68868e-05  8.63659e-06      93693.1 -6.27742e-05            0  0.000139771 -1.18506e-11      2.17625 -9.58615e-05  -2.5859e-05            0    -0.229122            0      18.1379 -3.70356e-05   -0.0202857 -7.46497e-05     -72342.7       147.21  9.20212e-05       535896     -2.36777            0  0.000563391            0  0.000657743            0    0.0739322 -7.59945e-05  4.82454e+06 -0.000662952  3.30953e-10  2.53105e-05            0     -3.26056      1.86891     0.684123  -0.00641648  2.05199e+06  2.45586e-08     -21.2467 -1.75053e-08      1.00124 -5.37638e-10 -1.48296e-05            0    -0.987704 -2.93603e-06  1.52195e-06 -5.22996e-05            0 -2.69694e-05   1.1077e-09            0  0.000111143            0     0.026822 -0.000134155  -0.00150244 -0.000195785            0  -1.7531e-08     -24880.6 -1.78721e-05  1.42393e-06  1.13766e-05 -0.000160435      2.02656      3.08438
           0 -2.02613e+07            0      110.376 -2.85699e+12            0     -54.6644   0.00119953            0            0      10502.8      6959.26  1.91625e+06      26.4856      822.219 -1.09831e+07            0       -111.8            0       154034  8.17915e+08            0      22232.2            0  9.68868e-05       6358.9     -34.8716 -1.19287e+08     -1173.36      162.342      1145.64            0            0            0            0     -30208.6        20583     -23.4288            0      925.542            0            0  2.79858e+08  1.16551e+06      5970.46 -1.27626e+10      49310.2            0            0     -493.905       -15120     -4338.19            0     -18.9928 -2.44048e+10     -5637.05 -0.000106861            0     -507.508      81260.4            0     -10446.2            0   3.3328e+10  0.000462307            0 -6.18641e-05       -21728 -2.03727e-05            0            0            0   -0.0031276      196.482            0      2071.34      1505.57 -0.000401414            0     -8058.07      2.11223            0            0      13758.9     -152.983        22279            0  1.46026e+08     0.120794     -8.61456            0            0     -86232.8      -111374
           0 -2.17161e+07            0     -593.517  3.32158e+12            0            0   0.00221826            0            0      -637.91      3567.85            0     0.890026     -54.8591 -7.62611e+06      770.305      27.5885            0       248218  2.40656e+10            0      899.211      1.82161  8.63659e-06     -34.8716      926.896  -6.3037e+08     -121.143     -9.38747     -108.332  -8.1196e-07            0            0     0.400831      2179.47      14360.9     -28.7403            0      328.653            0            0  1.01929e+08      -301835      21.2404 -3.59243e+10     -74990.1            0      31.7184      91.1136      776.207      440.829            0     -149.485 -1.49522e+11     -82.4239            0     0.769097     -22.0119      72331.5            0     -13488.9            0 -2.26565e+10  0.000135885            0  3.09847e-05      7239.71            0            0            0            0    0.0191599      5.91978            0      2478.79      59.8701  9.08396e-05            0      -59.946      32.7186            0            0      33.3788      678.806      -1095.1            0 -5.03174e+08     0.028692     -14.6996            0      10.3353      -104103     -36824.3
 2.23734e+14  3.45874e+16  1.36814e+14  1.04272e+09  3.45188e+21  2.02749e+13 -2.43526e+09 -7.86312e+07  2.68898e+11 -2.30663e+09 -6.53514e+10 -3.45178e+10  3.28652e+14  3.59417e+10  4.23984e+09  9.80427e+15  4.30204e+11  3.21926e+06 -1.62491e+11  8.70641e+13 -1.30171e+19  2.75591e+10  1.00666e+11 -1.13121e+09      93693.1 -1.19287e+08  -6.3037e+08  7.17894e+18  4.10194e+09  1.64529e+08  1.78411e+09      28957.6 -3.72932e+15  -1.8752e+08 -2.72776e+08  1.97571e+11 -5.04239e+12 -2.50927e+08 -6.47819e+13  2.84081e+09  1.08356e+12  1.73489e+09 -1.03931e+17  7.31901e+13  1.54778e+09  7.94001e+18 -2.55036e+13  6.33168e+09 -3.54902e+10 -1.56097e+10  1.54425e+09 -1.40394e+08  5.67874e+10  1.38234e+09  7.45437e+19  7.01404e+09      32100.3  2.49595e+08 -1.02051e+09 -5.17884e+13  9.83365e+12  1.15079e+13  4.14086e+10  2.76893e+19  1.09301e+06 -2.22594e+13     -5555.67 -3.96042e+13      18706.6  1.71475e+09 -1.05345e+13   2.9426e+14  3.49242e+07  3.32067e+08 -6.86284e+08 -7.06314e+10  3.38529e+08       108684  3.21874e+08 -3.70992e+09 -1.86827e+07 -3.96473e+12   7.5632e+08  -2.8389e+10 -3.32953e+09 -1.73031e+10 -2.72111e+06   1.0852e+17  -7.8978e+06  5.56563e+07  4.22817e+09 -4.80489e+08  1.74392e+13 -1.31194e+13
           0 -1.74776e+07            0      733.121  5.84426e+12            0            0     0.135838            0            0      50267.8      47798.4    5.146e+06      78.0261       4567.6 -6.85072e+07      94.5944      2792.76            0       601525  5.67536e+09            0     -11487.7      -14.796 -6.27742e-05     -1173.36     -121.143  4.10194e+09      17098.2      1116.84     -7402.37  4.09337e-05  2.13132e+07            0     -3.25546      11930.6     -59517.1     -7.06143            0      13969.4            0            0 -3.25762e+08       701232      5928.16 -9.97991e+10       131207            0     -257.634     -13283.8     -55506.5      2031.35            0      3533.07 -2.85935e+11      10172.2 -9.36731e-05            0     -3123.15      99926.2            0     -32452.4            0  3.09182e+10   0.00100721 -1.91198e+06 -6.82971e-05     -38230.9 -7.96478e-05      1.47781            0            0     0.113844      529.877            0      10394.1        32.79 -0.000137424     -27.4395     -4815.52     -46.9783     -8201.27            0       -56517     -641.246        16213    0.0111574  8.81293e+08   -0.0772411      10.5918            0      1.55411     -33717.5      -287856
           0  -7.7825e+06            0     -1.48764   1.4744e+12            0            0            0            0    -0.984177      3518.02      3015.13            0      12.0601      730.241 -5.71304e+06            0      376.142            0       233214   6.3036e+09            0      -1367.8            0            0      162.342     -9.38747  1.64529e+08      1116.84      370.429     -412.434            0            0            0            0      42717.3      2510.54     -2.32332            0      734.117            0            0  3.62773e+07            0      933.344 -2.19989e+10        21654            0            0     -674.585     -5649.91     -506.701            0      522.921 -5.99395e+10      1386.01  9.84712e-06            0      -283.84      36066.2            0     -7430.52            0 -1.05101e+10  0.000126691     -80633.8            0     -10310.5  9.40626e-07            0            0            0            0       81.947     -5.25142       224.35      127.535  4.32274e-05            0     -1420.78    -0.785914            0            0      -7205.7      7.86961      5095.26            0 -7.10967e+07    0.0153603     0.751988            0            0     -44287.8     -32286.7
           0  1.19014e+08 -1.30702e+07       4.5448  6.28102e+12            0            0   -0.0634422     -673.601      17.3787     -21621.1     -21583.3  4.69071e+06         -135     -10485.4  9.94387e+07     -382.558      -2754.9            0  2.54048e+06 -1.63434e+10            0      42223.2     -6.81316  0.000139771      1145.64     -108.332  1.78411e+09     -7402.37     -412.434      99960.9 -2.46536e-05 -1.06593e+07            0            0       207095      84661.8      46.1973            0      3338.77            0            0  -5.8098e+08  1.08887e+06     -57163.6  8.58832e+10      -241557            0     -117.502      11143.8      64102.2     -73429.2            0     -15697.3   2.9805e+11      6081.78  7.76837e-05            0       4106.3      -322098            0      36847.6            0 -4.61981e+10  -0.00107111  2.22514e+07 -5.61459e-05      60833.6  6.81446e-06     -1.57329            0            0    0.0219089     -738.191            0      2871.66      4172.44   0.00253614     -16.5046     -6908.52     -14.4329            0            0      48161.5      145.565     -93404.6  -0.00558013 -5.62777e+09   -0.0365256     0.733471            0     -5.13302       197588       543223
    -1.06179      135.852     -4.72615  2.95685e-06  1.26815e+07            0            0  2.69377e-07   0.00240374 -1.95788e-05 -0.000164595  0.000427406     -2.72854  4.42723e-05            0      26.4517 -9.07625e-05  2.34602e-06  0.000521762     -1.64313     -58987.7            0 -0.000217362 -2.80055e-06 -1.18506e-11            0  -8.1196e-07      28957.6  4.09337e-05            0 -2.46536e-05   1.4773e-09      61.7818            0  3.93463e-07            0    0.0568123            0    -0.984712   0.00016871   0.00822358 -1.34575e-05      140.008      2.46562  3.84102e-06      36374.9  -0.00582695  9.30752e-05  0.000129358 -1.61303e-05 -1.05043e-06            0            0  5.63932e-05       272000            0 -1.35395e-11 -9.57017e-07 -7.22723e-06     -0.18761            0    0.0475836            0     -34753.6   4.7542e-09            0 -1.19312e-11    -0.226943 -5.47596e-11 -1.20104e-08   0.00364635   -0.0347496 -9.11837e-08  2.45793e-06 -1.23602e-05 -5.67769e-05 -9.56434e-06 -8.12767e-10  1.29521e-06  3.32515e-05  8.54855e-07            0  1.96871e-05  0.000487356 -4.59444e-05  -0.00015457   9.8627e-09      35.8158 -6.34613e-09  4.19333e-08 -4.80396e-07 -2.27014e-06    0.0543944     0.171155
