  3.0435e+19 -4.40201e+21 -4.02139e+20    2.925e+09 -2.24698e+21  3.93152e+17            0            0 -2.18167e+14  8.15296e+13            0            0  1.06787e+17   6.1795e+11            0 -1.01962e+19 -7.04923e+12            0 -2.65665e+14 -3.89349e+17  1.28602e+22            0            0 -5.06899e+11     -35860.2            0            0 -2.35137e+21            0            0            0     -364.083 -5.60654e+16  4.65298e+10 -7.02268e+09            0 -7.00653e+14            0 -2.29306e+16            0 -1.46162e+15  9.57711e+11  6.21847e+19  2.11976e+14            0 -5.47492e+20  5.53897e+16 -1.04832e+12 -2.12321e+13            0            0            0            0            0            0 -1.68863e+10      288.968            0            0  3.58541e+17  1.90696e+19      -4418.8  2.02319e+14 -3.01803e+21      18743.8  1.41283e+18       1761.4 -2.56244e+15     -1842.01  2.23134e+09            0            0  1.43244e+07 -8.52256e+08  9.05794e+08            0            0      63655.6            0            0            0            0            0            0 -1.24651e+12            0     -9439.06  8.89612e+22  5.69267e+06 -2.71565e+06            0  3.86252e+10 -7.90097e+13  2.19568e+14
-4.40201e+21  1.87124e+27  1.05149e+24  1.77218e+15  2.78936e+26  2.68145e+21 -1.25364e+16 -5.41279e+12   7.1663e+18 -5.31525e+17 -5.01139e+17 -1.30856e+17 -2.88957e+21  1.74793e+17 -3.73329e+14  4.00156e+24  1.38658e+19 -2.49161e+14 -4.11285e+18  9.83346e+21 -3.58524e+27  8.34785e+17 -3.23728e+16 -1.00427e+15  5.68738e+09 -2.60631e+15 -2.61296e+15  8.14532e+27 -9.14637e+15  -2.2648e+14  1.59904e+16  4.21011e+08 -2.99869e+22 -1.04633e+14 -7.65954e+13 -1.25618e+19 -8.06893e+19  -5.1007e+13 -3.22629e+20 -1.45345e+16  5.41384e+18 -3.68446e+16 -3.38054e+27  4.61951e+19  -2.4872e+17  7.12704e+26  -2.7185e+21  2.14973e+16  -1.9138e+17 -9.62901e+14  5.08014e+16 -5.24793e+16  4.06047e+18 -5.84771e+15  4.25125e+12  -8.3612e+15  6.46462e+08 -3.76431e+13  2.29226e+14 -7.17647e+22 -1.75465e+22  2.47302e+09  -6.1169e+18  6.86707e+26 -3.61543e+08 -4.93591e+21  -4.1821e+08 -6.30052e+20 -3.39226e+08 -8.86049e+14 -1.97061e+19  1.55771e+19 -2.10024e+12 -1.82803e+13 -1.06698e+14 -1.43346e+18 -9.68177e+15   3.4923e+08  2.86708e+13  6.19593e+15 -2.41253e+13 -9.27476e+18  8.86389e+13  6.23816e+16 -3.65643e+17 -3.25041e+16 -6.59601e+09  7.16741e+26 -9.25616e+11  1.20531e+12  1.17033e+18 -1.91805e+16  1.07226e+19 -2.45529e+19
-4.02139e+20  1.05149e+24  8.67391e+24            0  5.70943e+23  3.37552e+20            0            0  1.21011e+17 -2.96801e+15 -3.40319e+15            0            0 -2.36644e+14            0  1.80334e+21            0            0 -3.75154e+16  9.33072e+20 -4.23094e+24            0            0  7.21234e+13   4.1451e+06            0            0  4.07203e+24            0            0 -1.81365e+13      -473528            0  5.86714e+12  2.78591e+11            0 -1.35098e+17            0 -1.37426e+18            0 -7.66045e+16            0 -1.63201e+25            0            0 -9.19869e+23 -1.60891e+19            0  9.26126e+15            0            0            0            0            0            0            0      -467836            0            0 -1.32881e+20            0  2.57118e+06  2.49494e+16 -1.82643e+24 -2.04167e+06 -9.30095e+20            0  6.66076e+17            0 -1.79144e+11            0            0            0   2.1549e+12            0  3.17877e+15            0            0            0            0            0            0            0            0   9.1589e+14            0            0  3.06038e+24  5.39755e+09 -1.28043e+09            0            0  1.78399e+16 -8.11997e+17
   2.925e+09  1.77218e+15            0       747448  -1.5714e+14            0            0    -0.165691            0     -49668.7 -3.53752e+06 -3.63054e+07            0     -42664.7        20207  5.53435e+12            0     -9155.79            0  1.55042e+10 -7.11037e+15            0 -3.78978e+06     -4526.58            0       111742      -550015  8.30423e+15  1.69761e+06     -140.737     -879.521  6.01968e-05 -3.30237e+09            0     -580.343            0 -1.32654e+08      795.374 -1.16583e+08       633380            0            0 -3.23389e+15  3.21864e+07       576330   2.0937e+15  1.31211e+10            0 -1.44409e+06      -121996 -4.24337e+06   4.0477e+06            0       243927            0     -6131.73 -6.32274e-05            0     -30475.4 -9.80777e+10            0   0.00363102            0   1.3401e+15  0.000122011            0  -0.00135627  5.26815e+07            0            0  6.00139e+06 -1.64781e+06    -0.141964     -292.722            0 -3.28405e+07      -189393  -0.00436447      178.392       152123     -20917.1            0            0  2.57467e+06 -1.25588e+08      36848.1 -0.000263626   8.4886e+15    -0.727022      131.733            0     -86468.2  3.61387e+07  3.27327e+07
-2.24698e+21  2.78936e+26  5.70943e+23  -1.5714e+14  5.84552e+26  3.13813e+20 -1.91662e+15 -2.83506e+12  6.45118e+17  7.91342e+15  1.35772e+17   3.6932e+16 -3.84443e+20   4.0849e+16  8.13494e+13  8.79456e+23  2.34372e+17 -5.82289e+13 -1.15099e+17   2.9949e+21  9.73575e+26  8.50366e+16 -6.79617e+16 -1.21934e+14  3.51948e+08 -2.08946e+15  5.42524e+14  6.30418e+26 -2.40881e+15 -4.95434e+13  5.22379e+15  1.13706e+08 -4.38551e+21 -6.00728e+12 -1.09398e+13  1.15973e+18 -1.21947e+18 -1.88432e+13 -1.32959e+19   9.1317e+15  7.52005e+17 -1.37271e+16 -3.97591e+26 -3.71922e+18 -1.07158e+17 -2.83107e+26 -2.84768e+21  6.37606e+15 -4.42105e+16  3.49335e+15 -5.34884e+16 -2.18079e+16  6.38752e+17 -4.24745e+15 -3.18538e+11 -5.10632e+15  5.80226e+08  5.94333e+12  8.16747e+13 -4.36129e+22  -5.5278e+21  4.27818e+08 -6.05314e+17  6.09067e+26 -1.47751e+08 -5.79728e+20  5.74616e+07 -1.52746e+20  7.54439e+07 -9.90523e+13  6.78614e+18 -8.17047e+18  1.97287e+11 -7.10825e+12 -4.19273e+13 -1.22687e+17 -6.79482e+15  1.60455e+09  -8.2668e+12  3.67902e+15   -3.374e+12  1.92951e+18  4.07761e+12  3.20235e+16 -1.72911e+17 -2.00384e+16 -8.55102e+08  2.61567e+26 -2.26929e+10  1.76174e+11 -2.83579e+17  5.15656e+15  4.04214e+18 -3.18198e+17
 3.93152e+17  2.68145e+21  3.37552e+20            0  3.13813e+20  9.53929e+18            0            0  1.82554e+14   -6.849e+12            0            0            0 -2.98977e+11            0  4.50762e+18            0            0  -9.7755e+13  4.20381e+17 -1.22011e+22  6.31164e+14            0 -6.88623e+10     -29681.7            0            0  1.81689e+22            0            0            0            0            0 -2.14876e+10 -3.25348e+08            0 -4.82896e+14            0 -7.87511e+15  1.38824e+11  8.88374e+14            0 -3.05976e+22            0            0  4.75287e+20 -1.79942e+16            0  5.54442e+11            0            0            0            0            0            0            0            0            0            0 -1.87148e+17 -6.65689e+17      4881.29 -7.42335e+13 -1.44341e+21      17015.5            0            0   7.4588e+14            0            0            0            0            0  5.26379e+08            0            0            0            0            0            0            0            0            0            0            0            0            0 -1.19147e+22       195821            0            0            0  3.61169e+13 -2.20274e+15
           0 -1.25364e+16            0            0 -1.91662e+15            0  1.27325e+08     -12.1625            0            0            0            0            0      -979247      -169582  8.10678e+13  9.33251e+07      14392.8            0 -7.84117e+11  3.44916e+17            0 -1.65732e+08            0    0.0493931      -606673            0  -4.4952e+16            0            0            0            0            0            0            0            0  1.55212e+09            0            0            0            0            0  1.48898e+16            0            0  1.51789e+16  1.82192e+11            0            0  -2.4887e+06            0            0            0 -3.68118e+06            0 -4.86204e+06   -0.0202532            0     -58806.2 -1.52424e+11            0     0.037763            0  5.62243e+16    0.0161771            0            0  7.64879e+09            0            0            0 -5.28986e+07            0            0            0            0            0      0.01513            0  2.00079e+06            0            0            0  4.20981e+07            0            0            0  4.99455e+16      -23.103            0            0            0 -6.23764e+08  6.94156e+08
           0 -5.41279e+12            0    -0.165691 -2.83506e+12            0     -12.1625     0.211287     -2573.29      371.965      1781.47      639.428  1.00587e+06     -655.575            0 -1.32855e+10     -9481.19     0.334355            0  1.22228e+08  1.07703e+13            0     -158.298     0.519531  -4.7024e-06     0.393806     0.526328 -3.23803e+13      69.3303            0     -12.3163  3.26641e-07   3.7577e+08            0    0.0912279            0      -418856    -0.032805     -43770.6      106.253     -25941.7      93.1397 -1.18695e+13     -29641.4     -48.1585  9.92391e+11  2.17546e+07     -45.1603      101.435       25.478     -314.919            0            0       21.154   0.00161343      6.41078 -5.80066e-07            0    -0.752337  2.76966e+08  8.45428e+07 -5.77049e-06            0 -4.06884e+12 -3.78745e-05       881530  3.16535e-07  2.42528e+06  5.72723e-07    -0.024169     -1901.66      1732.38   0.00187037     0.045584            0      1186.82            0  1.73536e-06   -0.0168572      14.8194            0            0  -0.00933893      209.243            0     -72.0877  5.16874e-05 -3.76267e+12   0.00142373            0            0       1.8404     -20873.2      -232748
-2.18167e+14   7.1663e+18  1.21011e+17            0  6.45118e+17  1.82554e+14            0     -2573.29  2.97686e+12 -5.16632e+10 -9.08723e+08            0 -2.80781e+12 -2.21853e+08            0  1.94072e+16  4.53285e+10            0 -3.69472e+11   9.5863e+14 -2.86708e+19  1.93687e+10            0 -1.05938e+08      4.30259            0            0  4.25415e+19            0            0 -4.84243e+06       1.2657 -8.10306e+13 -6.25604e+06 -3.84012e+06            0  5.18506e+10            0 -4.12541e+13            0  6.87465e+11            0 -2.00855e+19  2.24796e+11            0  5.30214e+18  -4.0389e+13  1.62944e+08 -6.25776e+09            0            0            0 -8.49513e+10            0            0 -5.82171e+06    -0.433267 -1.74145e+06            0 -4.66772e+14 -3.50593e+14      12.5455 -1.40013e+12    2.859e+17       23.742 -2.78962e+14            0  9.08668e+11     -4.36171       174567            0            0       -15791  2.52254e+06            0   8.4872e+08  1.34431e+07     -14.7134            0            0            0 -1.39903e+09   2.7324e+06            0 -1.80962e+09            0      -10.144  6.33919e+18     -1715.61      2530.03  1.23056e+08 -1.32622e+07   9.0358e+10  -9.7063e+11
 8.15296e+13 -5.31525e+17 -2.96801e+15     -49668.7  7.91342e+15   -6.849e+12            0      371.965 -5.16632e+10  7.82658e+09  8.81234e+07            0 -1.58888e+12  2.74566e+07            0 -1.27642e+15 -8.13848e+08     -13314.8   6.1644e+09 -5.18593e+13  2.51871e+18 -2.58544e+09            0       282805     -1.59249            0            0 -3.15976e+18            0     -15169.1       469612   -0.0433685  2.28031e+12       702240       121467            0 -1.43176e+10            0  4.39315e+12            0 -4.22716e+10  1.41295e+07  1.01917e+18 -2.71164e+10            0 -4.34367e+17  3.28469e+12 -2.11021e+07 -1.80683e+08            0            0            0  7.70529e+09            0      333.351  1.01223e+06   -0.0336174      43880.2            0  3.88251e+13  2.72662e+14     -1.00111  2.22264e+10 -4.36332e+16     -1.01163  6.53982e+13            0 -1.22397e+11    0.0373708      50137.7 -7.42355e+08            0      1168.97      -134819  1.00066e+06 -8.23086e+07  9.40148e+06      3.39343            0            0            0 -9.77441e+08     -54681.3            0  8.04436e+07            0     0.343333  1.27036e+18      58.9097     -36.7705  8.59873e+07  2.78682e+06 -8.07862e+09   1.1184e+10
           0 -5.01139e+17 -3.40319e+15 -3.53752e+06  1.35772e+17            0            0      1781.47 -9.08723e+08  8.81234e+07  2.16516e+11  6.15695e+09            0  1.67864e+07  1.34394e+08 -6.26203e+14            0  1.38567e+07            0  2.19246e+13  5.09861e+18            0 -4.02774e+08      -148997            0  8.47662e+07 -5.62429e+06 -5.34676e+18  1.21326e+09  6.57144e+06 -2.28378e+08   -0.0394149            0            0            0 -1.13142e+11  9.14634e+10 -5.38553e+06            0 -1.80102e+07            0            0  1.99351e+18 -4.47537e+10  7.32379e+08 -2.57248e+17  1.80401e+12            0 -4.69746e+07 -5.56345e+08 -1.18487e+10 -4.24927e+09            0  1.96387e+08            0   7.1032e+08    0.0542025            0 -1.85826e+07  2.67065e+13            0    -0.766844            0 -2.72229e+17     -3.37456  3.13488e+13            0  1.90021e+10    0.0155949            0            0            0            0  1.72196e+06            0  7.07049e+10  3.94665e+09     -2.24181 -2.22573e+06  4.63038e+06      -355241            0            0  -3.3886e+09 -8.38866e+08  1.74051e+08            0  4.09563e+18      135.817        57607            0            0 -1.02937e+10 -3.33835e+09
           0 -1.30856e+17            0 -3.63054e+07   3.6932e+16            0            0      639.428            0            0  6.15695e+09  5.03769e+10            0  1.94484e+06   8.0209e+07 -1.06512e+15            0  2.57809e+06            0  5.35178e+12   6.9557e+17            0  7.00344e+08      -109897   -0.0476989  4.50498e+07  2.72793e+07 -1.55049e+18  6.84494e+08   3.0974e+06 -1.43183e+08    0.0525409  1.27445e+13            0       -14090  6.61702e+11  2.28508e+09      -225304            0  4.77997e+08            0            0  1.38241e+17  2.72927e+09  2.56995e+09 -3.38788e+17 -3.17402e+11            0 -3.50598e+07 -4.05583e+08 -2.80271e+09  3.58131e+09            0 -1.84309e+08            0 -8.18041e+07      0.27986     -30698.1 -3.28073e+07  9.02463e+12            0    -0.277722            0 -1.64668e+17    -0.859376 -1.76298e+12            0   3.3066e+10            0            0            0            0      -121.65       522998            0  5.62239e+09  1.46613e+09     0.741381            0 -1.37307e+07  1.74629e+06            0            0  -9.9224e+08 -8.81933e+09 -4.91725e+08      2.17492  2.63207e+18      187.012     -53773.1            0  2.50777e+07 -3.95099e+09 -9.72043e+09
 1.06787e+17 -2.88957e+21            0            0 -3.84443e+20            0            0  1.00587e+06 -2.80781e+12 -1.58888e+12            0            0  3.26229e+18  3.28181e+11 -9.17473e+08 -4.49322e+18  7.58168e+13  2.14605e+08            0  8.11243e+16  1.31011e+22 -2.08041e+12            0            0      39069.9  1.29712e+10            0 -1.15855e+22  7.77502e+10            0   2.7309e+10     -337.906            0 -1.25947e+09  -1.6357e+08            0 -2.95517e+14            0  4.53044e+13            0  7.35642e+12            0 -1.35043e+21 -2.28062e+15  4.75997e+11 -1.42759e+21  2.04963e+16  2.53683e+10            0            0            0            0  7.87436e+13 -5.32471e+08   1.0301e+07  1.48173e+11            0  1.34228e+10            0  2.64707e+17            0     -5326.19            0  4.44119e+20     -7185.96  4.43093e+16     -10886.6 -7.81551e+14     -1324.52  3.89151e+08            0            0  4.50509e+08 -3.72923e+07            0            0  3.02413e+11     -1545.75            0  1.41631e+10            0 -2.09571e+12 -8.12846e+09 -8.37814e+10            0            0            0  3.08168e+22 -1.87224e+06            0   1.3591e+11  2.94998e+11 -6.07103e+13 -2.86965e+14
  6.1795e+11  1.74793e+17 -2.36644e+14     -42664.7   4.0849e+16 -2.98977e+11      -979247     -655.575 -2.21853e+08  2.74566e+07  1.67864e+07  1.94484e+06  3.28181e+11  3.93922e+07       283997  3.52976e+14 -1.18526e+09      41217.3   3.1981e+08  -3.9154e+11 -2.87829e+17 -4.35431e+07  4.90918e+06      72015.5    -0.456921       391078      11769.9  1.20671e+18  2.81551e+06      33211.2 -2.14566e+06    0.0385759 -6.96743e+11      2625.35      2972.63  1.85983e+09  2.32594e+09      997.751  2.40183e+10  2.88523e+06 -1.29347e+08  1.95184e+06   2.1043e+17 -3.81098e+09  3.23788e+07  4.19696e+16  -1.6741e+11       242806  3.79037e+06 -1.20949e+06 -7.33987e+06 -2.12606e+06 -4.48115e+08       813197      326.046  1.44138e+06     0.060474      6169.61     -67444.2  -6.7495e+12   2.4209e+12     0.233567  6.63161e+08  9.45817e+16       1.1933  5.58871e+11    0.0421484 -8.66934e+10   0.00382911      46059.3 -2.18405e+09  1.58809e+09      173.644      5387.02      5670.88  3.87683e+07   3.2851e+06     0.119465     -577.789      -615195      260.543 -8.76741e+08     -1559.38 -1.03653e+07   1.2822e+07  3.01985e+06   -0.0421293  2.59192e+17      91.6661     -13.9122  1.19666e+08  1.73014e+06  4.73245e+08 -1.19627e+09
           0 -3.73329e+14            0        20207  8.13494e+13            0      -169582            0            0            0  1.34394e+08   8.0209e+07 -9.17473e+08       283997   3.5383e+06 -1.01762e+13            0       158563            0  2.67369e+09  3.69183e+15            0  1.84841e+07     -296.022  -0.00199799       639826       -34442 -8.31108e+15  9.06587e+06       111278 -9.46549e+06            0            0            0     -37.9762 -1.17593e+10 -1.91791e+07      1836.78            0  1.39629e+06            0            0 -6.28611e+14 -3.17062e+07  9.28497e+07 -4.68215e+15  1.39759e+10            0     -94431.7 -5.52367e+06 -7.81993e+07    7.729e+07            0       940402    -0.325397      -832205   0.00528789            0      -306511  1.29969e+11            0 -0.000559775            0 -1.30156e+15   -0.0152052 -2.12527e+10            0 -9.69414e+08  0.000830869            0            0            0     0.672693      14596.8            0 -4.34998e+07   6.9782e+06    0.0329578            0 -1.80468e+06      1285.91            0            0   -2.525e+07 -1.49061e+07  2.51756e+07            0  4.35809e+16     0.574543      39.7758            0            0 -1.43135e+07  -1.8398e+08
-1.01962e+19  4.00156e+24  1.80334e+21  5.53435e+12  8.79456e+23  4.50762e+18  8.10678e+13 -1.32855e+10  1.94072e+16 -1.27642e+15 -6.26203e+14 -1.06512e+15 -4.49322e+18  3.52976e+14 -1.01762e+13  8.67667e+22   3.4258e+16 -1.88565e+12 -1.02876e+16  1.84139e+19  3.64853e+24  3.27018e+15  3.39761e+14  -1.5518e+12  1.06584e+07 -9.67927e+12 -9.63144e+12  2.07868e+25 -1.27274e+14 -1.38159e+12  7.12325e+13       925223 -1.02097e+20 -1.47821e+11 -1.68293e+11 -6.11733e+16 -1.29146e+17 -9.11429e+10 -1.18125e+18 -9.55064e+13  1.65632e+16 -8.07784e+13 -6.43829e+24  1.04551e+17 -1.08085e+15  8.82036e+24 -1.13342e+19  6.46712e+13 -4.38968e+14  6.05431e+13  5.33216e+14 -1.48438e+13  2.16019e+16 -2.27489e+13  2.52424e+10 -3.30635e+13 -9.27593e+06   4.3948e+10  2.64729e+12  1.17634e+20  2.40123e+19  3.35592e+06 -1.58694e+16 -6.22571e+24 -5.05084e+06 -1.75035e+19      -750402 -1.36878e+18      -289453 -3.01847e+12  -1.7537e+16 -5.95195e+15 -1.74962e+09 -2.23321e+11  -3.4982e+11 -2.81198e+15 -1.24613e+14  4.52684e+07  2.00275e+10  2.10407e+13 -1.95496e+11  2.13212e+16  3.40573e+11  2.40133e+14 -1.33606e+15 -1.66652e+14 -2.25263e+07  1.74308e+25 -1.84391e+09  5.47881e+09 -4.00663e+15 -4.43111e+13  7.03364e+16 -2.67591e+16
-7.04923e+12  1.38658e+19            0            0  2.34372e+17            0  9.33251e+07     -9481.19  4.53285e+10 -8.13848e+08            0            0  7.58168e+13 -1.18526e+09            0   3.4258e+16  5.95431e+12            0 -3.88418e+10 -3.26406e+14 -5.70379e+19  3.85669e+10            0 -1.64374e+07      372.731            0            0  6.21913e+19            0            0            0   -0.0721416  -3.2003e+13            0      -512942            0 -4.91661e+12            0 -1.51493e+11            0            0            0 -2.45708e+20  1.98395e+12            0  7.51797e+18 -6.46822e+13  3.44967e+07  -4.2429e+09            0            0            0 -7.95646e+10            0     -12753.6 -2.48079e+07      -1.6841            0            0 -7.91714e+14 -2.15849e+14       24.558 -3.04489e+10  1.36252e+18      57.5851  1.19626e+13      -39.387  3.56675e+12     -1.12324 -2.18691e+06            0            0      11076.2        45750      -190577            0            0     -83.0501            0            0            0   4.1174e+09            0            0            0            0     -11.4808 -3.30027e+19     -97802.2            0 -1.71523e+09  4.97355e+07  2.17101e+11  2.76037e+11
           0 -2.49161e+14            0     -9155.79 -5.82289e+13            0      14392.8     0.334355            0     -13314.8  1.38567e+07  2.57809e+06  2.14605e+08      41217.3       158563 -1.88565e+12            0      32636.9            0  2.03324e+09  5.50101e+14            0 -1.85399e+06            0 -0.000144129     -16252.9      6577.89 -2.63309e+15  1.53555e+06      16161.9      -684278  1.03351e-05  5.40297e+09            0            0 -1.94228e+08   3.2329e+06      69.5562            0       700031            0            0  1.95655e+14      -261916  9.49305e+06  -5.0949e+14  1.31102e+09            0            0      -537941  -6.1159e+06 -5.68062e+06            0       201235            0       701439  9.28357e-05            0     -26581.9  1.79179e+10            0 -0.000485109            0  1.69468e+13   0.00048645 -1.92645e+09            0 -1.02672e+08  3.89181e-07            0            0            0    0.0317459      2255.85     -134.403  3.88934e+06      -154024   0.00112213            0      -182530      880.006            0            0 -6.17145e+06       321766  1.78855e+06  0.000922042  1.76419e+13     0.239912     -4.84296            0      3930.85 -2.99188e+06 -2.27122e+07
-2.65665e+14 -4.11285e+18 -3.75154e+16            0 -1.15099e+17  -9.7755e+13            0            0 -3.69472e+11   6.1644e+09            0            0            0   3.1981e+08            0 -1.02876e+16 -3.88418e+10            0  1.08255e+13 -1.86469e+14  1.93698e+19            0            0  1.80206e+08      4.81536            0            0   -2.083e+19            0            0            0    0.0493731  7.30786e+13            0  8.87935e+06            0 -9.69787e+10            0  2.51219e+13            0 -1.14318e+10            0  2.36362e+19 -1.34861e+11            0 -2.83792e+18  1.12861e+13            0  4.96899e+10            0            0            0            0            0      11561.8            0     0.298575            0            0  2.02759e+14  2.61287e+14     -8.32717            0    1.786e+18     -2.64576  3.59548e+14            0 -1.31928e+12            0  8.51367e+06            0            0      825.679      -164079            0            0            0      8.16846            0            0            0            0            0            0            0            0      3.39901 -1.01064e+19            0            0            0            0 -6.17403e+10  1.04426e+12
-3.89349e+17  9.83346e+21  9.33072e+20  1.55042e+10   2.9949e+21  4.20381e+17 -7.84117e+11  1.22228e+08   9.5863e+14 -5.18593e+13  2.19246e+13  5.35178e+12  8.11243e+16  -3.9154e+11  2.67369e+09  1.84139e+19 -3.26406e+14  2.03324e+09 -1.86469e+14  4.99857e+18  6.56363e+21 -7.67806e+12  5.14677e+12   -1.691e+11      -128392  6.18849e+09  4.01661e+10  5.09404e+22  2.99211e+11    6.938e+09  4.99956e+11     -8176.45  8.79882e+17 -1.10917e+10 -4.20032e+09   2.4047e+14 -2.78863e+15 -3.27748e+08 -2.97647e+16 -3.21736e+11  3.60227e+14  6.38032e+11 -8.82269e+22 -1.12743e+15  1.51343e+12  6.93259e+20 -6.44275e+16 -1.41849e+11  2.53858e+12   5.2012e+11 -6.41666e+12 -3.90827e+12 -1.07095e+14  1.27768e+10  1.33209e+08  1.80556e+11      21630.3  2.64662e+09   -4.825e+09 -6.18807e+17  4.67741e+17      12370.9 -2.59563e+14  3.33804e+21      46684.1 -9.56904e+17      11513.3 -5.14383e+14      10005.6  2.29397e+10 -6.75032e+14   5.1487e+14  7.26462e+07   9.0522e+09 -9.88887e+09  2.74237e+13  2.38322e+12       128849 -5.81111e+08 -9.46893e+10 -1.02241e+09 -2.78466e+14 -2.07133e+09 -8.61406e+11 -7.90902e+12 -3.68768e+11       182424 -1.40025e+22  2.32326e+07  7.97536e+06  3.89436e+13  4.98463e+11   9.6954e+13 -2.98665e+15
 1.28602e+22 -3.58524e+27 -4.23094e+24 -7.11037e+15  9.73575e+26 -1.22011e+22  3.44916e+17  1.07703e+13 -2.86708e+19  2.51871e+18  5.09861e+18   6.9557e+17  1.31011e+22 -2.87829e+17  3.69183e+15  3.64853e+24 -5.70379e+19  5.50101e+14  1.93698e+19  6.56363e+21  7.99966e+28 -3.82767e+18  1.47891e+17  4.05098e+15 -2.03956e+10  -3.8669e+14  1.28032e+16 -1.91019e+28 -4.07123e+15  2.77697e+14 -5.15409e+16 -9.61066e+08  1.08224e+23  2.59659e+14  2.77322e+14  2.40109e+19  1.55013e+20  1.44839e+14  1.30926e+21    6.878e+16 -2.21817e+19  6.20729e+16  9.04844e+27 -1.75415e+20  6.43232e+17 -1.73443e+27  1.76782e+22 -7.08187e+16  6.05647e+17  1.93427e+16  8.40116e+17  -3.6804e+17 -3.32607e+18  6.78855e+15  3.22548e+12  1.45592e+16  2.79755e+07  2.36766e+14 -4.52905e+14 -9.97614e+22  1.04253e+23  1.98045e+09  1.05521e+19   1.1273e+28 -1.55092e+09  2.43264e+22  1.77088e+09  9.69065e+20  1.10147e+09  2.13734e+15  2.93428e+20   -2.331e+20  8.74836e+12 -3.63048e+13  4.53009e+14  5.19622e+18   9.1553e+16  1.89638e+10  -1.5784e+14 -7.72418e+15  6.23253e+13  1.51231e+20 -3.33346e+14  -1.6661e+17  9.21485e+17  2.20847e+16  1.93814e+10  2.39254e+28  3.38906e+12 -3.70865e+12 -2.27334e+19  8.41956e+16 -3.64015e+19  5.43537e+18
           0  8.34785e+17            0            0  8.50366e+16  6.31164e+14            0            0  1.93687e+10 -2.58544e+09            0            0 -2.08041e+12 -4.35431e+07            0  3.27018e+15  3.85669e+10            0            0 -7.67806e+12 -3.82767e+18  2.81061e+11            0 -4.20077e+06      5.21668            0            0  4.71645e+18            0            0            0            0            0 -1.49571e+06            0            0 -2.05126e+11            0            0  9.56862e+06  5.93965e+10            0 -9.49051e+18  8.18596e+10            0  8.07295e+17 -2.14239e+12            0            0            0            0            0  1.34154e+12            0            0 -1.42295e+06            0            0            0 -3.53358e+13 -6.65209e+13      1.26126 -8.01685e+10 -9.21418e+17      2.66793            0     -2.60052  5.25073e+10    -0.936625      95246.1            0            0     -1873.51            0            0            0            0     -3.71923            0            0            0            0            0            0            0            0            0  1.35565e+18     -1977.44            0            0 -3.98722e+07  8.41174e+09 -1.14873e+11
           0 -3.23728e+16            0 -3.78978e+06 -6.79617e+16            0 -1.65732e+08     -158.298            0            0 -4.02774e+08  7.00344e+08            0  4.90918e+06  1.84841e+07  3.39761e+14            0 -1.85399e+06            0  5.14677e+12  1.47891e+17            0   1.5049e+10            0            0  4.86693e+07  1.68441e+06  8.26187e+17 -6.54514e+07      -667147  1.02758e+08   -0.0113982  -3.1551e+12            0            0  -1.1321e+11 -2.84533e+09      30250.9            0  -5.0379e+07            0            0  4.58083e+17  8.88455e+08 -1.77122e+08   1.3491e+17  6.01464e+11            0            0  1.33501e+08 -8.20536e+07 -1.59696e+09            0  2.15736e+08            0    2.754e+08    0.0509671            0  4.26239e+06   8.0916e+12            0   -0.0219103            0  1.06508e+16    -0.292724            0    0.0211138 -2.97559e+10   -0.0136098            0            0            0            0     -84840.9            0 -4.43954e+09  2.50897e+08   -0.0510501      64885.2 -1.37932e+08       359679            0            0  -3.4154e+09  5.10498e+08 -1.23653e+08     -0.53843  2.70355e+18            0      1464.15            0            0 -2.62823e+09 -2.97702e+09
-5.06899e+11 -1.00427e+15  7.21234e+13     -4526.58 -1.21934e+14 -6.88623e+10            0     0.519531 -1.05938e+08       282805      -148997      -109897            0      72015.5     -296.022  -1.5518e+12 -1.64374e+07            0  1.80206e+08   -1.691e+11  4.05098e+15 -4.20077e+06            0       163872  0.000305374            0      589.748 -4.61383e+15     -11539.7            0     -794.193 -3.54181e-05  1.96642e+10      780.361      4140.08            0  4.24775e+07     -13.9618  3.58844e+09     -718.078 -2.47666e+07            0  5.58672e+15 -8.74171e+07            0 -4.04368e+14  8.45649e+09            0  1.36323e+07     -1528.78     -24788.8            0  3.75831e+06            0    0.0709016            0 -0.000694008            0            0  8.21907e+10  1.01957e+10  -0.00165631  4.60605e+07 -8.69035e+14  -0.00232217  7.30212e+09  0.000494131 -1.47042e+08  0.000854088      34.6222            0            0   -0.0620952     -357.399            0       509348            0 -0.000444588            0      874.327     -379.632            0            0            0      -405191            0   0.00223869  3.31148e+15     0.260369     -3.66416            0      3495.84 -1.84821e+07   3.9265e+08
    -35860.2  5.68738e+09   4.1451e+06            0  3.51948e+08     -29681.7    0.0493931  -4.7024e-06      4.30259     -1.59249            0   -0.0476989      39069.9    -0.456921  -0.00199799  1.06584e+07      372.731 -0.000144129      4.81536      -128392 -2.03956e+10      5.21668            0  0.000305374  5.48811e-07   0.00637782  0.000311552  1.91487e+10  -0.00710823            0    0.0088033  6.13576e-11     -1609.52  -0.00100204 -0.000265515            0     -1465.24            0      357.715 -0.000393514     -1.25176   -0.0932118 -1.11548e+11      682.127    0.0656892  2.39762e+09     -30985.9            0    -0.353176            0     0.161451            0      171.107  -0.00341374  -2.9338e-06   -0.0162063  8.99242e-11  4.97439e-05            0      -357676      9960.63   1.0017e-08     -7.69628  2.08927e+09  1.98774e-08     -16409.1 -3.57716e-08      1370.26 -8.23424e-10 -0.000303239            0     -2.44402 -6.99747e-06  1.98228e-05 -0.000222229            0   -0.0311208 -2.24123e-08            0    0.0045656            0      3.66541 -0.000105876   -0.0559295    -0.521287            0 -3.76778e-09 -1.99221e+10 -4.71117e-05  7.64657e-07    0.0607996    -0.232686      83.7045      187.786
           0 -2.60631e+15            0       111742 -2.08946e+15            0      -606673     0.393806            0            0  8.47662e+07  4.50498e+07  1.29712e+10       391078       639826 -9.67927e+12            0     -16252.9            0  6.18849e+09  -3.8669e+14            0  4.86693e+07            0   0.00637782  1.14448e+07      -102623 -1.83198e+16 -4.37695e+06      59361.9  1.78882e+06            0            0            0            0 -3.35152e+09  3.71215e+08     -1411.83            0  1.94106e+06            0            0  7.68655e+15  1.25178e+08  1.51889e+08 -7.50731e+14  1.56938e+10            0            0      -723097 -6.64728e+07 -6.53081e+07            0      -161160            0 -8.76782e+06  -0.00509467            0      -167170   2.0265e+11            0  -0.00402924            0   3.5529e+15    0.0119893            0  -0.00293385 -9.75545e+08 -0.000699859            0            0            0    -0.545289      21172.9            0  3.50243e+07  5.02775e+07  -0.00647406            0  -8.0688e+06     -525.809            0            0  2.55373e+07 -1.10501e+07  3.74487e+07            0 -3.55461e+15       10.197     -140.003            0            0 -5.05012e+07 -2.61247e+08
           0 -2.61296e+15            0      -550015  5.42524e+14            0            0     0.526328            0            0 -5.62429e+06  2.72793e+07            0      11769.9       -34442 -9.63144e+12            0      6577.89            0  4.01661e+10  1.28032e+16            0  1.68441e+06      589.748  0.000311552      -102623  1.62278e+06 -1.18491e+16      -447349     -3531.65      -215814 -4.17859e-05            0            0      75.6132   2.3774e+08  2.09677e+08     -1696.02            0       652399            0            0  1.77662e+15 -2.96695e+07       614123 -3.55294e+15 -2.45205e+10            0       188145       124741  3.86448e+06  7.34027e+06            0      -241168            0      -141545            0      200.502     -11617.1  1.32989e+11            0  -0.00485989            0 -1.13356e+15   0.00410053            0   0.00151223  2.55448e+08            0            0            0            0     0.794543      645.765            0  4.09922e+07  2.10106e+06   0.00340447            0     -74828.6        10317            0            0       401214  6.02771e+07 -2.07848e+06            0 -6.73628e+15      2.23221     -327.169            0       299329 -4.73396e+07 -8.55588e+07
-2.35137e+21  8.14532e+27  4.07203e+24  8.30423e+15  6.30418e+26  1.81689e+22  -4.4952e+16 -3.23803e+13  4.25415e+19 -3.15976e+18 -5.34676e+18 -1.55049e+18 -1.15855e+22  1.20671e+18 -8.31108e+15  2.07868e+25  6.21913e+19 -2.63309e+15   -2.083e+19  5.09404e+22 -1.91019e+28  4.71645e+18  8.26187e+17 -4.61383e+15  1.91487e+10 -1.83198e+16 -1.18491e+16  9.72865e+28 -8.38747e+16 -1.63724e+15  8.85999e+16  3.04593e+09 -2.33759e+23  -5.4195e+14 -3.32622e+14 -6.99242e+19 -3.20429e+20 -1.59987e+14 -1.86532e+21 -1.94462e+17  3.87996e+19  3.36856e+17 -1.38392e+28    1.158e+20 -1.35414e+18  4.26434e+27 -3.10136e+21  2.65712e+16  -1.0236e+18 -3.81129e+16  7.76849e+17  3.33543e+17  1.22326e+19 -1.54584e+16  2.21895e+13 -8.73898e+15  3.69575e+09 -1.56911e+14  2.40263e+15 -2.49469e+23 -1.35368e+23  1.17539e+10 -3.00984e+19  2.27937e+26  8.16308e+10 -3.09936e+22 -2.20616e+09 -4.28851e+21  1.62393e+09 -2.24149e+14 -1.00688e+20  8.26286e+19 -4.22208e+12 -1.87293e+14 -7.51019e+14 -9.19595e+18 -9.37632e+16  1.10444e+10  2.30581e+14  2.34902e+16  5.61166e+13  -3.9979e+19  3.73078e+14  2.51698e+17 -7.10629e+17 -2.73703e+17 -5.35311e+10  1.22142e+28  -3.2799e+12  5.53454e+12  5.46538e+18 -7.48544e+16  4.69547e+19 -1.33948e+20
           0 -9.14637e+15            0  1.69761e+06 -2.40881e+15            0            0      69.3303            0            0  1.21326e+09  6.84494e+08  7.77502e+10  2.81551e+06  9.06587e+06 -1.27274e+14            0  1.53555e+06            0  2.99211e+11 -4.07123e+15            0 -6.54514e+07     -11539.7  -0.00710823 -4.37695e+06      -447349 -8.38747e+16  1.83474e+08       940279 -3.44062e+07   0.00359179  1.25331e+12            0     -1479.37  3.93812e+09 -2.18686e+09     -866.424            0  7.06029e+07            0            0 -3.06325e+16   1.6386e+08  3.78891e+08 -2.13413e+16  1.00476e+11            0 -3.68152e+06 -4.59436e+07 -6.04623e+08  9.63475e+07            0  1.11596e+07            0  3.16745e+07   -0.0114546            0 -2.71424e+06  5.36497e+11            0   -0.0269807            0  1.81536e+16    0.0667953 -1.11115e+11  -0.00761038 -5.67408e+09  -0.00620902      1319.93            0            0      9.16754       139900            0  4.66543e+08  3.21277e+06    0.0366392     -6206.89 -1.33269e+07     -35143.2            0            0  -2.3943e+08 -1.57728e+08  6.66773e+07     0.213883  8.84991e+16     -15.4482      528.406            0        89772 -4.91471e+07 -1.64502e+09
           0  -2.2648e+14            0     -140.737 -4.95434e+13            0            0            0            0     -15169.1  6.57144e+06   3.0974e+06            0      33211.2       111278 -1.38159e+12            0      16161.9            0    6.938e+09  2.77697e+14            0      -667147            0            0      59361.9     -3531.65 -1.63724e+15       940279      24043.3      -150825            0            0            0            0  8.68409e+08  6.79252e+06     -24.7873            0       299700            0            0  6.12023e+13            0  4.72893e+06 -3.83049e+14  1.01348e+09            0            0      -182899 -4.96716e+06 -1.40835e+06            0       123860            0       310453  5.10286e-05            0     -18676.5  1.36778e+10            0 -0.000482234            0 -8.89956e+13  0.000594962 -3.55486e+08            0 -8.93354e+07  7.55001e-06            0            0            0            0      1664.32     -153.146       681451       851339   0.00059219            0      -274304     -54.2766            0            0 -2.62183e+06       153307  1.65442e+06            0 -5.41191e+13      0.24212      3.54486            0            0 -3.87414e+06 -1.42799e+07
           0  1.59904e+16 -1.81365e+13     -879.521  5.22379e+15            0            0     -12.3163 -4.84243e+06       469612 -2.28378e+08 -1.43183e+08   2.7309e+10 -2.14566e+06 -9.46549e+06  7.12325e+13            0      -684278            0  4.99956e+11 -5.15409e+16            0  1.02758e+08     -794.193    0.0088033  1.78882e+06      -215814  8.85999e+16 -3.44062e+07      -150825  2.11311e+08 -0.000886844  -2.4548e+11            0            0  2.44281e+10  8.68941e+08      3367.64            0  1.09835e+07            0            0 -5.91802e+16  8.70466e+07 -1.66878e+09  4.78499e+15 -1.22405e+11            0      -250387  1.65704e+07  3.20565e+08 -1.26596e+09            0 -2.26542e+07            0  1.52401e+07   0.00476705            0  1.58629e+06 -1.15867e+12            0    0.0153779            0 -1.04427e+16   -0.0285215  2.03323e+11  -0.00236022  3.67669e+09            0      -401.64            0            0            0     -87268.4            0   7.0058e+07  1.50158e+08    0.0178287     -1811.73 -5.51852e+06     -5599.12            0            0  9.49225e+07  2.01946e+07 -1.76741e+08   -0.0418923 -1.28555e+17     -2.29216      23.6623            0     -80950.7  2.23151e+08  1.40362e+09
    -364.083  4.21011e+08      -473528  6.01968e-05  1.13706e+08            0            0  3.26641e-07       1.2657   -0.0433685   -0.0394149    0.0525409     -337.906    0.0385759            0       925223   -0.0721416  1.03351e-05    0.0493731     -8176.45 -9.61066e+08            0   -0.0113982 -3.54181e-05  6.13576e-11            0 -4.17859e-05  3.04593e+09   0.00359179            0 -0.000886844  1.60249e-09      27865.3            0  3.06482e-07            0      21.9529            0      -38.333   0.00765072       1.7909  0.000999451 -2.37594e+08      5.84058   0.00428627  1.09926e+08     -210.858   0.00629131    0.0161682 -0.000576735   0.00329036            0            0   0.00166055 -7.79091e-08            0 -1.17534e-11 -6.49435e-06  -5.4172e-05     -16315.8            0  5.84409e-10            0 -6.74494e+07  3.23673e-09            0 -1.26798e-11     -264.061 -4.67988e-11 -1.55242e-06     0.251051    -0.153147 -8.86965e-08  5.94664e-06 -4.69711e-05   -0.0249872  -0.00942297 -6.45152e-10  3.67686e-06  0.000691236  5.75109e-06            0  2.22455e-05    0.0182469   -0.0893856  -0.00519067  6.25686e-10  6.93009e+08 -2.19307e-08 -9.19041e-09    -0.022935  -0.00092633      2.27586      11.8684
