 2.04685e+18 -5.08951e+19 -7.48917e+18  3.86194e+08 -2.58639e+21  1.67783e+16            0            0 -4.91335e+13  3.68772e+12            0            0   9.2801e+15  3.34801e+10            0 -2.76291e+17  1.20535e+12            0 -5.28492e+13  -1.6333e+16  2.52912e+21            0            0 -8.30919e+10     -7287.91            0            0 -1.21518e+21            0            0            0     -87.1567 -3.26582e+15  8.11708e+09 -1.23221e+09            0 -8.28267e+13            0 -2.68749e+15            0  -2.9194e+14  1.11486e+11   1.4138e+21  5.06586e+13            0 -1.17991e+21  4.70159e+15 -1.03938e+11 -1.87226e+12            0            0            0            0            0            0 -2.55266e+09       60.227            0            0  2.39431e+16  6.53503e+17     -13242.6  3.87683e+13 -2.20816e+21      5130.03  8.87693e+16      337.107 -4.01682e+14     -467.648   3.2142e+08            0            0  3.54726e+06 -1.77021e+08  1.76863e+08            0            0      11325.7            0            0            0            0            0            0  -7.7299e+10            0     -2314.51  1.31201e+22       404192      -800392            0  1.76877e+09 -1.46466e+13  4.60763e+13
-5.08951e+19  4.22758e+24  3.19715e+21  4.17275e+13  5.81164e+25  2.09841e+19 -1.70584e+14 -1.23217e+11  2.92819e+17 -4.25812e+15 -1.18753e+16 -2.86099e+15  -4.1883e+19  1.74884e+15 -6.18005e+12  1.91012e+22  3.59608e+17 -8.11226e+12 -1.45417e+17  7.47912e+19 -1.60675e+26  1.12032e+16 -7.05053e+14 -2.94515e+13  1.72877e+08 -4.96294e+13 -5.06973e+13  6.54523e+26 -1.45747e+14 -6.60125e+12  3.20285e+14   1.8775e+07 -3.14334e+20 -3.27519e+12 -2.41657e+12 -1.70208e+17 -1.08194e+18 -2.05577e+12 -6.87285e+18 -3.18382e+14  1.93635e+17 -7.77314e+14 -6.77635e+25  1.96118e+18 -3.11453e+15  1.54847e+26 -4.31936e+19  3.95527e+14 -3.00599e+15 -3.26252e+13  1.06147e+15 -7.60813e+14  9.53713e+16 -1.34582e+14  1.42913e+14  -1.9796e+14  3.47567e+07 -1.06865e+12  6.13635e+12 -8.96415e+20 -1.01185e+20  1.38211e+09 -2.17861e+17  6.13399e+25       628397  -5.4296e+19 -1.49824e+07 -1.72126e+19  -1.4925e+07 -2.34744e+13 -8.28424e+17  7.04052e+17 -9.48318e+10 -6.26024e+11 -3.69833e+12 -2.76969e+16 -8.88534e+13  3.65062e+07  1.13564e+12  1.34542e+14 -7.10447e+11 -4.01781e+17  3.89093e+12  1.39419e+15 -3.93897e+15 -7.51241e+14 -2.91212e+08  4.03776e+24 -1.21385e+10  6.42375e+10  6.69939e+15 -1.62295e+14  4.14785e+17 -1.01612e+18
-7.48917e+18  3.19715e+21  4.45616e+22            0  1.71029e+23  3.96176e+18            0            0  7.46384e+15 -3.69142e+13 -1.20907e+14            0            0 -3.56361e+12            0  1.17054e+19            0            0 -2.06126e+15  1.10705e+19 -2.74434e+23            0            0  3.29492e+12       197512            0            0  4.74641e+23            0            0 -8.23394e+11     -32568.5            0  2.86557e+11  1.39221e+10            0  -2.6314e+15            0 -4.65249e+16            0 -4.24243e+15            0 -2.76333e+23            0            0 -3.12201e+23 -3.82742e+17            0  2.25776e+14            0            0            0            0            0            0            0     -41107.1            0            0 -2.42557e+18            0  2.31048e+06  1.32566e+15 -3.23698e+23      -163893 -1.62028e+19            0  2.82492e+16            0 -7.18696e+09            0            0            0  1.25266e+11            0  9.42024e+13            0            0            0            0            0            0            0            0  1.49433e+13            0            0 -6.97364e+22  1.86377e+08 -1.05515e+08            0            0  1.16477e+15 -5.12478e+16
 3.86194e+08  4.17275e+13            0       188507 -4.11822e+14            0            0   -0.0407525            0     -4392.07      -890285 -9.01359e+06            0     -4595.88      5705.81    2.744e+11      -789778     -3293.11            0  1.16504e+09 -3.57594e+15            0      -929919     -1434.69            0      22894.5      -115524  6.96605e+15       324028     -44.9282       281.52  3.00066e-05 -3.72703e+08            0     -197.211            0 -1.43282e+07        341.8 -2.68083e+07       153800            0            0 -1.13159e+15   1.3645e+07      81215.9  4.86665e+15  2.19642e+09            0      -243861     -27799.7      -929690       652752            0      60068.3            0     -1592.64 -3.64823e-05            0     -10085.8  -1.3143e+10            0     0.021372            0  1.22572e+15  9.46511e-05            0 -0.000553856  1.71501e+07            0            0  2.66736e+06      -797862   -0.0701882      -117.07            0 -6.70207e+06     -21989.1  -0.00231701      75.2223      36583.1     -6582.64            0            0       622257 -1.44765e+07      9885.43 -0.000126876  2.20198e+15   -0.0951084      75.7868            0     -7299.49  1.59122e+07  1.50318e+07
-2.58639e+21  5.81164e+25  1.71029e+23 -4.11822e+14  1.16338e+28   3.4173e+20  -3.7335e+15 -5.90346e+12  2.49433e+18  8.51137e+15  2.65635e+17  7.64902e+16 -5.38368e+20  3.48816e+16   1.0701e+14  3.43942e+23  2.98827e+18 -1.66594e+14 -3.95824e+17  2.34326e+21   3.7199e+27  1.39264e+17   -1.605e+17 -3.78346e+14  2.01491e+09 -3.73165e+15  1.08547e+15  4.63861e+27 -3.21954e+15 -1.18103e+14  1.08719e+16  4.44328e+08 -3.68877e+21 -1.46879e+13 -3.56242e+13  2.20432e+18 -5.80033e+18 -7.37501e+13 -3.10565e+19  1.83749e+16  2.32279e+18 -2.73535e+16 -6.89788e+26 -8.70013e+18 -1.29884e+17 -6.73043e+27 -4.50039e+21  1.11507e+16 -7.06169e+16  6.72356e+15 -1.12675e+17 -3.33915e+16  1.66907e+18 -9.24619e+15 -1.02792e+15 -1.11119e+16  2.88781e+09  1.39222e+13  2.37426e+14 -5.10128e+22 -3.30815e+21  1.91422e+10 -2.47783e+18  5.06804e+27 -1.68654e+08 -5.66484e+20    1.391e+08 -3.65657e+20  3.54926e+08 -2.04676e+14  2.43194e+19  -3.3154e+19  7.45708e+11 -2.24018e+13 -1.32009e+14 -2.47404e+17 -6.98963e+15  6.88294e+09 -2.87732e+13  7.53254e+15 -8.25335e+12  6.59765e+18  1.74144e+13   7.1659e+16 -1.67262e+17 -4.02691e+16 -2.70678e+09 -6.70063e+25 -1.03204e+11  7.73486e+11 -1.17579e+17  2.90373e+15  1.49836e+19 -2.65996e+18
 1.67783e+16  2.09841e+19  3.96176e+18            0   3.4173e+20  2.59559e+17            0            0  2.62711e+13 -1.97491e+11            0            0            0 -1.03312e+10            0  7.23083e+16            0            0 -1.22731e+13  1.12177e+16 -1.84725e+21  2.86666e+13            0 -7.16684e+09     -5774.78            0            0  5.10106e+21            0            0            0            0            0 -2.39687e+09 -3.62438e+07            0 -2.31414e+13            0 -5.91828e+14  1.26339e+10   1.1274e+14            0 -1.57517e+21            0            0  4.22027e+20 -9.55691e+14            0  3.07016e+10            0            0            0            0            0            0            0            0            0            0 -7.85078e+15 -1.43895e+16      9463.82  -9.1282e+12 -4.12447e+20      3138.05            0            0  7.35726e+13            0            0            0            0            0   7.0172e+07            0            0            0            0            0            0            0            0            0            0            0            0            0 -1.29272e+21      15427.2            0            0            0  4.39285e+12 -3.22602e+14
           0 -1.70584e+14            0            0  -3.7335e+15            0  9.89605e+06     -1.77559            0            0            0            0            0     -57880.4     -26312.4   2.3297e+12  1.34207e+07      2873.68            0 -3.56539e+10  9.41182e+16            0 -2.25838e+07            0   0.00881786     -67801.4            0 -2.32494e+16            0            0            0            0            0            0            0            0  1.54663e+08            0            0            0            0            0  1.80103e+15            0            0  2.01658e+16  1.67856e+10            0            0      -309410            0            0            0      -504232            0      -647849  -0.00618236            0     -10798.8 -1.41203e+10            0      0.12405            0  2.87685e+16   0.00504277            0            0  1.24533e+09            0            0            0 -1.42496e+07            0            0            0            0            0    0.0104275            0       267025            0            0            0  5.66212e+06            0            0            0  1.59815e+16     -1.81212            0            0            0  -1.3783e+08  1.71248e+08
           0 -1.23217e+11            0   -0.0407525 -5.90346e+12            0     -1.77559    0.0491928     -1049.69      30.9732      416.906      153.324       168832     -65.9152            0 -6.54469e+08     -2565.28      0.11839            0  9.56154e+06  5.04637e+12            0     -37.1787     0.156578  -1.5076e-06    0.0787617      0.10527 -2.49948e+13      12.9069            0     -2.59985  2.30936e-07  4.07049e+07            0    0.0290637            0     -59281.6   -0.0136491     -10428.2      24.8862     -9707.44      20.5519 -2.59881e+12     -12794.2     -6.50337  2.32105e+12   3.4955e+06     -8.59272      15.9756      5.52624      -68.308            0            0      5.04148     0.559827      1.78136 -3.34172e-07            0    -0.242496  3.44333e+07  5.30985e+06 -3.22315e-05            0 -3.64573e+12 -2.03448e-05      96111.4  1.39142e-07       678995  2.67121e-07  -0.00654608     -822.432      810.028  0.000915317    0.0177369            0      232.326            0 -2.01221e-09  -0.00684322      3.48451            0            0  -0.00434274      49.7665            0     -17.1531  2.34057e-05 -7.36825e+11  0.000209046            0            0     0.157813     -8319.91     -98513.3
-4.91335e+13  2.92819e+17  7.46384e+15            0  2.49433e+18  2.62711e+13            0     -1049.69  2.27476e+12 -7.88289e+09 -3.93484e+08            0 -8.81775e+11 -4.10417e+07            0  1.70081e+15  1.90737e+10            0 -2.45366e+11  1.37784e+14  -2.4488e+19  4.70438e+09            0 -5.84817e+07     -2.09157            0            0  6.09707e+19            0            0 -2.67952e+06      1.05901 -1.59017e+13 -3.69546e+06 -2.27463e+06            0  5.44633e+10            0 -1.63759e+13            0   4.6276e+11            0 -7.42466e+18  1.75548e+11            0   2.1882e+19 -1.17153e+13  5.64078e+07 -1.83952e+09            0            0            0 -3.43479e+10            0            0 -2.89094e+06     -0.40601 -1.01002e+06            0 -1.06465e+14 -4.04491e+13      129.452 -9.17679e+11 -2.53684e+17      23.3755 -5.90282e+13            0  4.81974e+11     -3.71089      91916.4            0            0     -13402.5  1.77985e+06            0  3.06549e+08  2.80173e+06     -12.2092            0            0            0 -1.17695e+09  2.24733e+06            0 -3.63636e+08            0     -8.41173 -7.30918e+17     -155.776      2567.79  1.33309e+07 -2.11184e+06  6.50546e+10 -7.42659e+11
 3.68772e+12 -4.25812e+15 -3.69142e+13     -4392.07  8.51137e+15 -1.97491e+11            0      30.9732 -7.88289e+09  2.38509e+08  7.62126e+06            0 -9.13584e+10  1.00546e+06            0 -2.21103e+13 -6.42713e+07     -1647.65  8.23546e+08 -1.48817e+12  4.22891e+17   -1.246e+08            0      31065.6    -0.147723            0            0 -8.84837e+17            0     -1687.87      51900.3  -0.00720707  8.91948e+10      82858.8      14329.5            0  -1.4986e+09            0  3.49332e+11            0 -5.67772e+09  1.10593e+06  8.78937e+16 -4.24381e+09            0   -3.739e+17  1.89744e+11 -1.43562e+06 -1.06539e+07            0            0            0  6.19322e+08            0      41354.1       101282   -0.0075993       5085.1            0  1.77174e+12  6.26729e+12     -2.06225  2.89357e+09 -1.16856e+16    -0.198052  2.76486e+12            0 -1.29321e+10    0.0063854      4815.09 -1.15976e+08            0      200.542     -19025.1       132344 -5.93773e+06       379071     0.517877            0            0            0 -1.59085e+08     -8969.92            0  3.22357e+06            0    0.0565477  1.77925e+17      2.56773      -7.4545  1.80216e+06      83687.4 -1.15372e+09  1.59311e+09
           0 -1.18753e+16 -1.20907e+14      -890285  2.65635e+17            0            0      416.906 -3.93484e+08  7.62126e+06  5.20436e+10  1.47541e+09            0  1.77067e+06  3.65428e+07 -2.66912e+13            0  4.85114e+06            0  1.82074e+12  2.42245e+18            0 -8.93022e+07     -46704.9            0  1.67519e+07 -1.15122e+06 -4.30344e+18  2.25551e+08  2.05107e+06  -4.9622e+07   -0.0180868            0            0            0 -1.70394e+10  1.47674e+10 -2.24811e+06            0 -5.68578e+06            0            0  4.15145e+17 -1.87182e+10  9.35394e+07 -6.63159e+17   2.7822e+11            0 -7.84328e+06 -1.09312e+08 -2.50181e+09 -6.40452e+08            0  4.56294e+07            0  1.67455e+08    0.0343506            0 -5.97831e+06  3.34851e+12            0     -4.33446            0 -3.28645e+17     -1.79237  3.76091e+12            0  4.67283e+09   0.00697968            0            0            0            0       669209            0  1.45985e+10  4.42801e+08     -2.62716      -930192  4.60736e+06      -109894            0            0 -7.88152e+08 -9.77465e+07  4.16422e+07            0  1.18168e+18      16.7043        32400            0            0 -3.74271e+09 -1.54918e+09
           0 -2.86099e+15            0 -9.01359e+06  7.64902e+16            0            0      153.324            0            0  1.47541e+09  1.22226e+10            0       236749  2.21336e+07 -5.58463e+13   2.2386e+08       936355            0  4.40672e+11  3.05335e+17            0  1.64802e+08     -33814.1   -0.0227411  9.08412e+06  5.69728e+06 -1.17807e+18  1.29701e+08       985737 -3.16828e+07    0.0249984  1.40224e+12            0     -4648.17  1.02234e+11   1.0178e+09     -95552.8            0  1.13209e+08            0            0  3.05169e+15  1.22079e+09  3.47296e+08 -8.47995e+17 -6.03488e+10            0 -5.74755e+06 -9.07812e+07 -6.02746e+08  5.80517e+08            0 -4.47066e+07            0 -1.85337e+07     0.161407     -9903.74 -1.07282e+07  1.15368e+12            0     -1.62562            0 -1.89517e+17    -0.440469 -2.09676e+11            0   9.3024e+09            0            0            0            0     -58.2672       207062            0  1.13136e+09  1.66194e+08    0.0185753            0 -3.11135e+06       539995            0            0 -2.38585e+08   -9.916e+08 -1.18875e+08       1.0171  7.53087e+17      23.7039     -30591.5            0  2.06903e+06 -1.56794e+09 -4.27249e+09
  9.2801e+15  -4.1883e+19            0            0 -5.38368e+20            0            0       168832 -8.81775e+11 -9.13584e+10            0            0  3.54415e+17  2.32504e+10 -1.85484e+08 -1.36351e+17  1.03931e+13  5.15267e+07            0  4.30861e+15   4.0688e+21 -1.87501e+11            0            0      8769.71  1.73977e+09            0 -5.70754e+21  9.69713e+09            0  4.14279e+09     -106.732            0 -2.80912e+08 -3.59312e+07            0 -3.55401e+13            0  1.12582e+13            0  1.90658e+12            0  -4.1391e+20  -6.7171e+14  4.40809e+10  -2.6708e+21  2.18133e+15  3.14845e+09            0            0            0            0  1.19382e+13 -6.71222e+07  2.42642e+09  2.78001e+10            0  2.92602e+09            0  2.23575e+16            0     -20358.1            0  1.34463e+20     -2575.49  3.52253e+15     -3236.33 -1.51985e+14     -427.726  7.36679e+07            0            0  1.49437e+08  -1.0115e+07            0            0  2.30741e+10     -5017.23            0  2.23744e+09            0 -5.89837e+11 -2.50509e+09 -1.53717e+10            0            0            0  5.84283e+21     -88271.7            0   5.5339e+09  1.60294e+10 -1.62902e+13  -8.3401e+13
 3.34801e+10  1.74884e+15 -3.56361e+12     -4595.88  3.48816e+16 -1.03312e+10     -57880.4     -65.9152 -4.10417e+07  1.00546e+06  1.77067e+06       236749  2.32504e+10  1.78494e+06      33127.3  7.47629e+12 -1.17948e+08      6353.47  5.19263e+07   -1.313e+10 -6.00536e+16 -2.43385e+06       504712      9640.92   -0.0502288      33342.6      1061.81  4.11301e+17       231285      4590.56      -199362   0.00693558 -2.98619e+10      352.498      426.346  1.27537e+08   1.3521e+07      170.778  2.32019e+09       293862 -2.19654e+07       193677  2.29284e+16 -6.89124e+08  1.90075e+06  4.29998e+16 -1.23489e+10      23567.3       260721      -115763      -685028      -149802 -4.17959e+07      85989.8      48931.1       157383     0.014004      855.558     -9492.91 -3.77401e+11  6.70134e+10     0.586126  1.07125e+08   3.5057e+16     0.278189  2.85217e+10   0.00595038 -1.04481e+10  0.000940304      5710.66 -4.17995e+08  3.30172e+08      36.2706      915.572      916.091  3.28588e+06       159748    0.0167107     -107.091       -63434      43.9196 -1.72906e+08     -313.089 -1.07585e+06       642458       316379  0.000323325  2.51484e+16      4.71231     -3.68214  3.12944e+06      55202.5  9.58615e+07  -2.4097e+08
           0 -6.18005e+12            0      5705.81   1.0701e+14            0     -26312.4            0            0            0  3.65428e+07  2.21336e+07 -1.85484e+08      33127.3  1.08755e+06 -6.05636e+11            0      63130.2            0  2.62362e+08   1.5375e+15            0  5.06929e+06     -104.563 -0.000643477       143550     -8062.96 -6.51128e+15  1.92129e+06        39567 -2.30114e+06            0            0            0     -14.3819 -2.04894e+09 -7.42672e+06      877.518            0       368092            0            0  4.85945e+14 -1.56377e+07  1.40567e+07 -1.33104e+16  2.48187e+09            0     -17771.8 -1.38669e+06 -1.90237e+07  1.38455e+07            0       256832     -132.011      -194946   0.00335494            0      -112364  1.85588e+10            0  -0.00323687            0 -2.05104e+15  -0.00899792  -2.8564e+09            0 -3.21804e+08  0.000450334            0            0            0     0.375892      6447.12            0 -9.85089e+06       914448    0.0126183            0      -482712      455.119            0            0 -6.76373e+06 -1.89897e+06  6.81359e+06            0  1.37095e+16    0.0829237      25.4511            0            0 -5.05571e+06 -9.12281e+07
-2.76291e+17  1.91012e+22  1.17054e+19    2.744e+11  3.43942e+23  7.23083e+16   2.3297e+12 -6.54469e+08  1.70081e+15 -2.21103e+13 -2.66912e+13 -5.58463e+13 -1.36351e+17  7.47629e+12 -6.05636e+11  9.63847e+20  1.67746e+15 -1.40514e+11 -7.67482e+14   2.9986e+17  3.29321e+23  9.06222e+13  1.64825e+13 -9.63776e+10       569649 -4.06654e+11 -4.07993e+11  3.47071e+24 -5.06864e+12 -9.15312e+10  3.25517e+12        86333 -2.32181e+18 -9.27149e+09 -1.14596e+10 -1.98687e+15  -3.2663e+15 -7.63978e+09 -5.40465e+16 -4.93741e+12  1.29149e+15 -3.68629e+12 -2.29288e+23  8.92825e+15 -3.07546e+13  4.27211e+24 -4.30699e+17  2.52132e+12  -1.5063e+13  2.79931e+12  2.25069e+13 -6.37229e+11  1.01668e+15 -1.15157e+12  1.88505e+12 -1.72041e+12 -1.21058e+06  3.17725e+09  1.86509e+11   3.1451e+18  3.21605e+17  3.33934e+06 -1.17395e+15 -1.25734e+24      -502134 -4.31373e+17     -44939.3  -8.1108e+16     -25541.8 -1.73392e+11 -1.75631e+15 -4.17568e+14 -1.28072e+08 -1.86155e+10 -2.69307e+10 -1.10552e+14 -3.02686e+12    5.042e+06  1.40509e+09  1.04449e+12 -1.29675e+10  2.02524e+15  3.22603e+10  1.22092e+13 -3.11229e+13 -8.14508e+12 -2.16588e+06  1.17788e+24 -4.44959e+07  6.51123e+08 -4.97912e+13  -6.7819e+11  6.86661e+15 -2.08931e+15
 1.20535e+12  3.59608e+17            0      -789778  2.98827e+18            0  1.34207e+07     -2565.28  1.90737e+10 -6.42713e+07            0   2.2386e+08  1.03931e+13 -1.17948e+08            0  1.67746e+15  1.66484e+12      50830.9 -1.53947e+10 -2.87606e+13 -2.73825e+19  5.13114e+09            0 -5.33343e+06      99.5338            0  2.27613e+06  6.48828e+19     -78723.8            0      -878243   -0.0239199 -3.92999e+12            0      -187051            0 -4.90289e+11            0  4.20815e+10            0  1.02133e+09            0 -5.60262e+19  8.76398e+11            0  1.51994e+19 -1.08812e+13 -1.21451e+07 -7.43373e+08            0 -2.40051e+07  2.51677e+07 -1.77114e+10            0 -4.95613e+06 -8.23205e+06    -0.954694            0      45856.8 -1.02705e+14 -1.34472e+13      140.787 -1.21453e+10  4.23193e+18       37.052  1.67671e+12        -14.3  1.11708e+12    -0.263061      -576881            0            0      8091.88      14098.7     -70189.1            0            0      -35.613            0            0            0  2.05795e+09            0            0  8.11448e+07            0     -6.03096  -1.2699e+19     -12924.1      2108.66  -1.1214e+08  2.77818e+07  7.35767e+10  1.54466e+11
           0 -8.11226e+12            0     -3293.11 -1.66594e+14            0      2873.68      0.11839            0     -1647.65  4.85114e+06       936355  5.15267e+07      6353.47      63130.2 -1.40514e+11      50830.9      16866.4            0  2.69516e+08  3.60662e+14            0      -646185            0 -5.34389e-05     -4953.15      1992.96 -2.92495e+15       420533      7473.14      -217455  7.05083e-06  8.67278e+08            0            0 -4.36588e+07       268856      40.4039            0       242686            0            0  1.49843e+14      -141426  1.87209e+06 -1.76448e+15  3.14041e+08            0            0      -174398 -1.93571e+06 -1.30099e+06            0      71184.9            0       250927  7.45316e-05            0     -12644.7  3.43434e+09            0  -0.00408365            0  1.71488e+13  0.000363169 -3.35091e+08            0  -4.3444e+07  1.01507e-07            0            0            0      0.02318      1293.36     -71.9162  1.11325e+06     -24222.1  0.000540585            0       -63091       394.48            0            0 -2.13962e+06      50510.8       631625   0.00062907  6.85182e+13    0.0448754     -3.97218            0      491.995  -1.9554e+06 -1.46652e+07
-5.28492e+13 -1.45417e+17 -2.06126e+15            0 -3.95824e+17 -1.22731e+13            0            0 -2.45366e+11  8.23546e+08            0            0            0  5.19263e+07            0 -7.67482e+14 -1.53947e+10            0  6.29376e+12 -2.29309e+13  1.48016e+19            0            0  8.71157e+07      4.98429            0            0  -2.6105e+19            0            0            0    0.0379482  1.25884e+13            0  4.59094e+06            0 -5.90868e+10            0   8.7433e+12            0 -6.77889e+09            0  5.28426e+18 -9.01124e+10            0  -1.0045e+19  2.80395e+12            0  1.27889e+10            0            0            0            0            0  6.37119e+06            0     0.284915            0            0  4.04236e+13  2.61251e+13     -75.5625            0  3.28812e+18     -3.11367  6.60668e+13            0 -5.93415e+11            0  3.65643e+06            0            0      604.837      -101822            0            0            0      6.58142            0            0            0            0            0            0            0            0      2.48042 -2.45638e+18     -57.7624            0            0            0  -4.0973e+10  7.07669e+11
 -1.6333e+16  7.47912e+19  1.10705e+19  1.16504e+09  2.34326e+21  1.12177e+16 -3.56539e+10  9.56154e+06  1.37784e+14 -1.48817e+12  1.82074e+12  4.40672e+11  4.30861e+15   -1.313e+10  2.62362e+08   2.9986e+17 -2.87606e+13  2.69516e+08 -2.29309e+13  1.35129e+17  1.35124e+21 -3.77549e+11   4.2929e+11  -1.7499e+10     -14035.6  8.84922e+08  2.84828e+09  1.45286e+22  1.77114e+10  7.63893e+08  3.50298e+10     -1253.12  3.20611e+16  -1.2273e+09  -4.5864e+08  1.19425e+13  -1.3551e+14 -4.79847e+07 -2.21068e+15 -2.43829e+10  4.55113e+13  4.75072e+10 -5.04598e+21 -1.67383e+14  7.24511e+10  3.89686e+20 -3.40132e+15 -9.63339e+09  1.64036e+11  3.89782e+10  -4.7581e+11 -2.06839e+11 -8.22365e+12    1.945e+09  1.52922e+10  1.56015e+10      3916.64  2.86809e+08 -5.26867e+08 -2.55896e+16  9.93999e+15      23636.5 -3.14068e+13  9.33833e+20      7244.41 -3.78738e+16      1483.47 -3.50134e+13      1580.27  2.11362e+09  -9.7607e+13  8.08773e+13  1.18619e+07   1.2133e+09 -1.19477e+09  1.83189e+12  9.16463e+10      20044.2 -7.57442e+07 -8.31744e+09 -1.04208e+08 -4.16879e+13 -3.22565e+08 -7.67312e+10 -2.97677e+11 -2.57476e+10      28153.9 -2.20249e+21  1.11845e+06  1.46439e+06  7.69204e+11  1.40429e+10  1.15457e+13 -4.28212e+14
 2.52912e+21 -1.60675e+26 -2.74434e+23 -3.57594e+15   3.7199e+27 -1.84725e+21  9.41182e+16  5.04637e+12  -2.4488e+19  4.22891e+17  2.42245e+18  3.05335e+17   4.0688e+21 -6.00536e+16   1.5375e+15  3.29321e+23 -2.73825e+19  3.60662e+14  1.48016e+19  1.35124e+21  7.54072e+28 -1.03816e+18  4.15066e+16  2.50045e+15 -1.11411e+10 -3.34341e+14  5.22284e+15 -3.11466e+28 -3.08232e+15  1.92801e+14 -1.88458e+16 -8.91376e+08   2.3877e+22  1.68973e+14  1.81605e+14  6.92569e+18  3.30269e+19  1.18124e+14  5.90323e+20  2.85095e+16 -1.68965e+19  2.50362e+16  3.14638e+27 -1.48233e+20  1.40268e+17   -8.528e+27  5.36083e+21 -2.68472e+16  1.97629e+17  1.01797e+16  3.63057e+17 -1.27766e+17 -1.59939e+18  3.21433e+15  2.31418e+15  8.70956e+15 -8.94274e+07  1.35919e+14 -1.34121e+14  -2.8575e+22  1.30452e+22  2.23025e+10  7.93067e+18  1.99821e+28 -2.89144e+09  5.59454e+21  1.19142e+09  5.44843e+20  9.84181e+08  1.16952e+15  2.51149e+20 -2.16562e+20  8.15637e+12 -3.27187e+13  3.33818e+14  2.05409e+18   1.7593e+16  1.77605e+10 -1.29199e+14   -3.624e+15  3.58058e+13  1.34128e+20  -3.0577e+14 -7.26106e+16  2.05531e+17  1.04906e+16   1.8592e+10  1.71812e+28  8.44933e+11 -4.24785e+12 -2.64916e+18  1.31506e+16 -2.48839e+19  2.79401e+18
           0  1.12032e+16            0            0  1.39264e+17  2.86666e+13            0            0  4.70438e+09   -1.246e+08            0            0 -1.87501e+11 -2.43385e+06            0  9.06222e+13  5.13114e+09            0            0 -3.77549e+11 -1.03816e+18  2.13575e+10            0      -730128     0.319347            0            0  2.34904e+18            0            0            0            0            0      -278450            0            0 -1.55858e+10            0            0  1.45336e+06  1.25884e+10            0 -9.43245e+17  2.02874e+10            0  1.02902e+18  -1.8827e+11            0            0            0            0            0  1.70358e+11            0            0      -225246            0            0            0 -2.51996e+12 -2.36351e+12      4.01439 -1.64619e+10 -4.69056e+17     0.845977            0    -0.485188  9.04113e+09    -0.247837      15037.2            0            0     -457.156            0            0            0            0     -1.03548            0            0            0            0            0            0            0            0            0  1.71585e+17     -144.412            0            0 -1.57649e+06  1.78151e+09 -2.77891e+10
           0 -7.05053e+14            0      -929919   -1.605e+17            0 -2.25838e+07     -37.1787            0            0 -8.93022e+07  1.64802e+08            0       504712  5.06929e+06  1.64825e+13            0      -646185            0   4.2929e+11  4.15066e+16            0  3.59875e+09            0            0  9.57297e+06       335321  6.10329e+17 -1.19607e+07      -209906  2.17656e+07  -0.00529848 -3.40025e+11            0            0 -1.80562e+10 -6.97496e+08      12560.7            0  -1.1499e+07            0            0  6.93012e+16   3.2436e+08 -2.42718e+07  2.74918e+17    9.112e+10            0            0  2.97798e+07 -1.35278e+07 -2.46355e+08            0  5.22398e+07            0  6.38745e+07    0.0296147            0  1.37766e+06  9.82936e+11            0    -0.111249            0 -1.25832e+16    -0.152197            0   0.00813494 -8.86599e+09  -0.00632535            0            0            0            0     -32978.8            0  -8.5067e+08  2.76545e+07   -0.0573012        25461 -3.23842e+07       110942            0            0 -8.09156e+08  5.86547e+07 -2.92166e+07    -0.246632  7.31303e+17            0      791.697            0            0 -8.95909e+08 -1.26774e+09
-8.30919e+10 -2.94515e+13  3.29492e+12     -1434.69 -3.78346e+14 -7.16684e+09            0     0.156578 -5.84817e+07      31065.6     -46704.9     -33814.1            0      9640.92     -104.563 -9.63776e+10 -5.33343e+06            0  8.71157e+07  -1.7499e+10  2.50045e+15      -730128            0      65537.7  0.000952332            0      156.061 -4.81491e+15     -2753.55            0     -318.099 -2.09705e-05   2.7811e+09      333.119      1774.97            0  7.66373e+06      -7.5095   1.0158e+09     -250.093 -1.18214e+07            0  1.03015e+15  -4.8913e+07            0 -1.25631e+15  1.75322e+09            0  2.91589e+06     -431.972      -6740.2            0  1.09187e+06            0     -52.2897            0 -0.000560544            0            0  1.34219e+10  8.28981e+08   -0.0123719  2.16978e+07 -1.00595e+15  -0.00166411  1.15675e+09  0.000245395 -5.58521e+07  0.000524744      12.2966            0            0   -0.0462449     -182.263            0       131001            0 -0.000911058            0      261.535     -150.271            0            0            0     -58622.1            0    0.0013371  1.57604e+15    0.0189138     -2.65421            0      290.096 -9.21211e+06  2.19811e+08
    -7287.91  1.72877e+08       197512            0  2.01491e+09     -5774.78   0.00881786  -1.5076e-06     -2.09157    -0.147723            0   -0.0227411      8769.71   -0.0502288 -0.000643477       569649      99.5338 -5.34389e-05      4.98429     -14035.6 -1.11411e+10     0.319347            0  0.000952332  2.25128e-07   0.00162275  0.000127085  2.53594e+10 -0.000741003            0   0.00255401  1.55538e-11     -248.098 -0.000393319 -8.73047e-05            0     -102.151            0      234.771 -0.000259183     -1.52267   -0.0234909 -2.84885e+10      293.383   0.00999584  5.48695e+09     -6125.88            0   -0.0116692            0    0.0321823            0      37.0194  -0.00102833  -0.00131675  -0.00498911  1.01982e-10  9.81402e-05            0     -54354.6      1410.57  6.68256e-08     -2.50101  4.04463e+09  1.44453e-08     -2653.03 -1.71658e-08      482.931 -4.63978e-10  -9.4674e-05            0     -1.98952   -1.601e-06  3.79168e-06 -0.000113637            0  -0.00373021 -6.85336e-09            0   0.00137938            0      2.58414 -0.000134047   -0.0170569   -0.0862851            0 -2.64327e-09 -7.88172e+09 -8.16252e-06  6.39056e-07    0.0118215   -0.0206028      31.4647      125.796
           0 -4.96294e+13            0      22894.5 -3.73165e+15            0     -67801.4    0.0787617            0            0  1.67519e+07  9.08412e+06  1.73977e+09      33342.6       143550 -4.06654e+11            0     -4953.15            0  8.84922e+08 -3.34341e+14            0  9.57297e+06            0   0.00162275  1.90079e+06     -17570.3 -1.20741e+16      -685185      15595.8       334642            0            0            0            0 -4.26872e+08  4.31015e+07     -488.831            0       391895            0            0  2.06152e+15  4.58084e+07  1.68753e+07 -1.28108e+15  2.10636e+09            0            0      -135438 -1.19757e+07 -8.46571e+06            0     -31358.4            0 -1.82292e+06  -0.00249018            0     -44681.6  2.16182e+10            0   -0.0189269            0  2.58231e+15   0.00511389            0  -0.00105599 -2.36589e+08 -0.000279008            0            0            0   -0.0147672      6869.98            0  5.75251e+06  4.71489e+06  -0.00416432            0 -1.58407e+06     -132.776            0            0  5.16138e+06 -1.03552e+06   7.4861e+06            0 -6.31739e+14       1.0616       -65.79            0            0 -1.69835e+07 -9.46598e+07
           0 -5.06973e+13            0      -115524  1.08547e+15            0            0      0.10527            0            0 -1.15122e+06  5.69728e+06            0      1061.81     -8062.96 -4.07993e+11  2.27613e+06      1992.96            0  2.84828e+09  5.22284e+15            0       335321      156.061  0.000127085     -17570.3       284418 -8.10183e+15     -70426.1     -950.363     -40941.9  -1.6812e-05            0            0      21.4529    3.119e+07  2.36077e+07     -608.129            0       133411            0            0  9.30918e+14 -1.10063e+07      68708.4 -6.98325e+15 -3.42569e+09            0      26526.5      23319.1       707695       989147            0     -49385.1            0     -27891.5            0      55.3442     -3233.02  1.49219e+10            0   -0.0239231            0 -8.23356e+14   0.00175299            0  0.000516969  6.00054e+07            0            0            0            0      0.32561      216.148            0  6.96556e+06       202117    0.0015306            0     -15086.5      2704.57            0            0      80586.2   5.7729e+06      -424897            0 -1.20168e+15     0.241017     -156.879            0      21037.1 -1.71657e+07 -3.22993e+07
-1.21518e+21  6.54523e+26  4.74641e+23  6.96605e+15  4.63861e+27  5.10106e+21 -2.32494e+16 -2.49948e+13  6.09707e+19 -8.84837e+17 -4.30344e+18 -1.17807e+18 -5.70754e+21  4.11301e+17 -6.51128e+15  3.47071e+24  6.48828e+19 -2.92495e+15  -2.6105e+19  1.45286e+22 -3.11466e+28  2.34904e+18  6.10329e+17 -4.81491e+15  2.53594e+10 -1.20741e+16 -8.10183e+15  2.49211e+29 -4.52034e+16  -1.6016e+15  6.26143e+16  4.62329e+09  -8.3095e+22 -6.03061e+14 -3.74424e+14 -3.16778e+19 -1.82847e+20 -2.40766e+14 -1.40804e+21  -1.4863e+17  4.76463e+19  2.24798e+17 -1.01159e+28  2.06701e+20 -5.82821e+17  3.23699e+28 -2.48913e+21  2.19371e+16 -5.66819e+17 -3.14374e+16  5.39018e+17  1.61183e+17  1.36757e+19 -1.27092e+16  2.65472e+16 -8.97049e+15  7.03233e+09 -1.60407e+14  2.27993e+15 -1.15748e+23 -2.67223e+22  2.32612e+11 -3.82743e+19   1.0352e+27   1.3957e+11 -1.18855e+22 -3.17114e+09 -3.99336e+21  2.37259e+09 -3.70224e+14 -1.52734e+20  1.33814e+20 -7.13301e+12 -2.17533e+14 -8.93023e+14 -6.21513e+18 -2.88698e+16  1.84809e+10  3.13592e+14  1.72868e+16  4.34864e+13  -6.3012e+19  5.89954e+14  2.00365e+17  -2.9815e+17 -2.13135e+17 -7.95393e+10  9.45028e+27 -1.83206e+12  1.03283e+13  1.13344e+18  -2.6968e+16  7.01292e+19  -2.0243e+20
           0 -1.45747e+14            0       324028 -3.21954e+15            0            0      12.9069            0            0  2.25551e+08  1.29701e+08  9.69713e+09       231285  1.92129e+06 -5.06864e+12     -78723.8       420533            0  1.77114e+10 -3.08232e+15            0 -1.19607e+07     -2753.55 -0.000741003      -685185     -70426.1 -4.52034e+16  2.66019e+07       230391 -5.80606e+06   0.00131113  1.06452e+11            0     -378.475  4.83397e+08 -2.49282e+08     -245.774            0  1.30262e+07            0            0 -4.23322e+15  6.12789e+07  3.94894e+07 -4.08459e+16   1.2764e+10            0      -468041 -7.90872e+06  -1.0117e+08  1.25575e+07            0  2.06843e+06            0  5.96891e+06  -0.00538668            0      -684632  5.66067e+10            0    -0.118735            0  1.18701e+16    0.0268695 -1.02788e+10  -0.00263353 -1.26394e+09  -0.00228253      280.014            0            0      4.15195      42409.7            0  7.12999e+07       324761   0.00629647     -1955.59 -2.42592e+06     -8460.62            0            0 -4.37053e+07 -1.38399e+07  1.24464e+07    0.0772134  1.59175e+16     -1.47407      227.831            0       5670.2 -1.92918e+07 -5.60666e+08
           0 -6.60125e+12            0     -44.9282 -1.18103e+14            0            0            0            0     -1687.87  2.05107e+06       985737            0      4590.56        39567 -9.15312e+10            0      7473.14            0  7.63893e+08  1.92801e+14            0      -209906            0            0      15595.8     -950.363  -1.6016e+15       230391      9962.72     -42787.2            0            0            0            0  1.75886e+08  1.39112e+06     -13.3805            0      92949.1            0            0  9.01559e+13            0       834698 -1.19149e+15  2.18387e+08            0            0     -52699.3 -1.40617e+06      -283491            0      39223.9            0      99288.2  3.65885e-05            0     -7932.18  2.38597e+09            0  -0.00363104            0 -1.29078e+14  0.000402319 -5.53601e+07            0  -3.3906e+07  4.66883e-06            0            0            0            0       854.12     -73.6834       175427       126300  0.000303851            0     -85286.7     -21.9131            0            0      -808751      22576.1       522936            0 -3.42402e+13    0.0399763      2.62615            0            0 -2.19126e+06 -8.24862e+06
           0  3.20285e+14 -8.23394e+11       281.52  1.08719e+16            0            0     -2.59985 -2.67952e+06      51900.3  -4.9622e+07 -3.16828e+07  4.14279e+09      -199362 -2.30114e+06  3.25517e+12      -878243      -217455            0  3.50298e+10 -1.88458e+16            0  2.17656e+07     -318.099   0.00255401       334642     -40941.9  6.26143e+16 -5.80606e+06     -42787.2  4.05964e+07 -0.000370519 -2.37773e+10            0            0  3.34446e+09  1.87202e+08       1251.2            0  2.36359e+06            0            0 -9.58412e+15  4.13411e+07 -1.99914e+08  1.17105e+16 -1.75003e+10            0     -53419.1  3.20766e+06  6.13884e+07 -1.78418e+08            0 -4.88427e+06            0  2.59972e+06    0.0025214            0       458660 -1.30294e+11            0    0.0767079            0 -6.86706e+15   -0.0128386  2.93632e+10  -0.00103723  9.70693e+08            0     -105.826            0            0     0.386036       -30544            0  1.20202e+07  1.49717e+07    0.0234839     -657.277 -1.12261e+06     -1549.47            0            0  2.05397e+07  1.98691e+06 -3.78281e+07   -0.0172466 -3.43096e+16    -0.302204      10.8106            0     -8118.11  7.75253e+07  5.48192e+08
    -87.1567   1.8775e+07     -32568.5  3.00066e-05  4.44328e+08            0            0  2.30936e-07      1.05901  -0.00720707   -0.0180868    0.0249984     -106.732   0.00693558            0        86333   -0.0239199  7.05083e-06    0.0379482     -1253.12 -8.91376e+08            0  -0.00529848 -2.09705e-05  1.55538e-11            0  -1.6812e-05  4.62329e+09   0.00131113            0 -0.000370519  1.48071e-09      6077.58            0  2.87678e-07            0      6.69881            0     -16.7365   0.00354665      1.32654   0.00044666  1.23664e+08      5.04636   0.00107728  4.91163e+08     -59.4513   0.00235727   0.00535642 -0.000245104   0.00153884            0            0  0.000785443 -5.48945e-05            0 -1.33067e-11 -4.12539e-06 -3.45592e-05     -3988.21            0  6.52863e-09            0 -1.75848e+08    3.398e-09            0 -1.17834e-11     -149.098 -4.34851e-11 -5.63519e-07     0.228808    -0.141823 -8.22631e-08  4.57258e-06 -3.39352e-05  -0.00963949  -0.00206287 -6.54007e-10    2.921e-06  0.000320665  3.56837e-06            0  2.02245e-05   0.00850299   -0.0203312  -0.00244457  5.53527e-10  2.73354e+08 -5.87805e-09 -8.94548e-09  -0.00261565 -0.000148832      1.93694      9.79461
