 1.34084e+14 -1.98605e+12 -5.28615e+12       254796 -3.21747e+16  1.00748e+11            0            0 -4.83342e+08  6.94932e+07            0            0  1.30722e+12  2.96576e+06            0 -1.99529e+12  3.63721e+07            0 -2.03032e+09  -1.0958e+11  3.04917e+14            0            0 -1.25696e+08     -73.0025            0            0  7.23567e+13            0            0            0    -0.846934 -1.38695e+11  1.63307e+07 -3.12301e+06            0 -2.38567e+09            0 -1.12235e+12            0 -1.06225e+10   1.8586e+06   1.2422e+13  1.65621e+11            0 -2.18394e+14  3.59171e+09 -2.72173e+07 -2.50604e+08            0            0            0            0            0  2.74609e+14 -2.35889e+06     -1.52012            0            0  2.41925e+09  3.24783e+12  -4.3229e+08  3.46194e+08 -2.93402e+15      59.8992  3.91376e+12      2.70532  -2.8049e+09     -4.75866       471010            0            0      30723.4      -745034       523572            0            0      23.8922            0            0            0            0            0            0      -753879            0     -135.423  1.38973e+14      7753.85     -13257.9            0        97566 -1.73427e+09  2.12596e+09
-1.98605e+12  1.11835e+14   1.1308e+12  1.40552e+07  2.05655e+18  6.99797e+10 -7.87301e+06      -236989  1.57655e+09   -4.262e+07 -3.68922e+08 -1.03958e+08 -3.05382e+12  9.44437e+07  2.72721e+06  2.18298e+13  2.01188e+09 -6.38713e+06 -3.09104e+09  2.79638e+11 -2.02074e+16  1.49607e+08 -1.31923e+08 -2.45148e+07      961.975 -1.02784e+07 -1.08745e+07  8.71068e+15 -8.46402e+06  -4.2136e+06  5.88991e+07      84.0051  -7.8961e+12 -3.54204e+06 -3.48976e+06 -4.13138e+08 -1.55821e+10 -7.18537e+06 -1.48052e+12 -3.87992e+07  3.76344e+09  -1.3671e+07 -3.70307e+14  3.67159e+12 -5.30995e+07  1.74356e+16 -3.66464e+10  6.39788e+07 -2.31221e+08 -1.08436e+07  7.65265e+07 -2.93949e+07  4.61141e+08 -3.62254e+07  1.27353e+17 -6.28665e+07      29.3802      -902727  2.84105e+06 -6.93826e+10 -2.63918e+11  2.75366e+10 -9.92256e+08  6.04335e+16      21.1731 -1.22879e+12     -65.8325 -6.03021e+10     -88.6791 -2.50382e+07 -1.86555e+10  1.39654e+12      -466638      -909629 -5.71334e+06 -5.10317e+08      -292070      95.2801  2.84147e+06  4.24283e+07      -597684 -7.61132e+09  1.42747e+07  1.94861e+08 -2.67356e+07 -1.05523e+08     -10849.2 -5.45206e+13      -128904       504788  1.35015e+07 -4.93822e+06  2.34042e+10 -3.94734e+10
-5.28615e+12   1.1308e+12  3.54932e+14            0  7.01149e+16  2.56139e+11            0            0  8.66105e+08 -8.26792e+06 -8.38568e+07            0            0 -3.55743e+06            0  3.69561e+11            0            0 -8.90865e+08  8.17863e+11 -4.81021e+14            0            0  5.49062e+07      16.1266            0            0  3.51478e+13            0            0 -6.63584e+06     -2.96587            0  6.31298e+06       420326            0 -8.31506e+08            0 -2.18883e+11            0 -1.67155e+09       160549 -1.89303e+13            0            0 -3.21651e+14  -4.8567e+09            0  3.41577e+08            0            0            0            0            0 -4.77623e+13            0     -3.25733            0            0 -3.52084e+09            0  8.46775e+08  1.20804e+08 -2.63823e+15     -23.5737 -8.04013e+12            0  2.11043e+09            0      -157911            0            0            0  5.69128e+06            0  3.37703e+07            0            0            0            0            0            0            0            0  1.73855e+06            0            0 -4.22872e+13      45913.9     -17770.5            0            0  3.62337e+09 -3.82427e+10
      254796  1.40552e+07            0      1116.74  -6.1352e+11            0            0  -0.00175938            0    -0.820484     -453.722     -7439.96            0     -4.09604      41.2637  4.07172e+06     -178.398     -63.1329            0        73130 -6.89594e+09            0     -2199.49     -21.0301            0      78.4523     -434.533  3.84103e+08      513.611     -1.21236      3.30969  2.68274e-06      -151761            0     -4.83935            0     -3411.81      22.6702      -109358      351.502            0            0 -8.41499e+07       427831      27.6464  9.29663e+09        23658            0     -320.269     -182.437     -996.023      344.217            0      218.168  4.11886e+10     -10.4841 -2.66676e-06            0     -141.406     -23405.5            0      7324.65            0  8.30733e+09  1.59915e-05            0 -4.62126e-05      1402.11            0            0      986.031     -21138.3  -0.00611795     -4.19213            0     -2273.61     -6.37047 -0.000184939      3.19196      206.994     -100.205            0            0      1777.42     -1578.91      13.5108 -9.23815e-05  3.07621e+08   -0.0164577      12.0951            0     -3.78958      59998.7      9763.43
-3.21747e+16  2.05655e+18  7.01149e+16  -6.1352e+11  4.98175e+23 -2.01608e+15  -6.9276e+11 -1.63916e+10  -4.7215e+13  2.27496e+12  2.24892e+13  2.26522e+13  1.74235e+17  2.48561e+12  1.51144e+12  2.17432e+18 -1.95183e+13  5.15861e+11  1.46936e+14  4.93026e+15  3.89253e+20  -1.4721e+12  -1.3089e+13  8.90182e+11 -3.25857e+06 -5.22953e+11  6.12573e+11  3.20927e+20  1.04271e+12  2.94528e+11  1.15173e+12  2.89335e+06 -6.62916e+16  1.15362e+11  6.13646e+10  5.74859e+13  1.82602e+14 -4.21307e+10  6.34793e+16  7.92371e+12 -1.13998e+14 -1.06601e+12  -1.0759e+18  -1.2871e+17 -8.26445e+11 -1.01408e+21 -4.10402e+15  1.62307e+12  3.53062e+12  1.25001e+11 -1.76946e+13 -3.17984e+12 -1.08875e+13 -2.49654e+12 -1.62513e+21 -1.32686e+12  1.77798e+07  1.89225e+11 -5.94136e+11 -2.73181e+15  2.60275e+16  1.17457e+14  2.11373e+13  1.42584e+21 -1.15845e+07  6.67466e+16  3.72932e+06 -1.66847e+15   4.2981e+06 -1.68859e+11  2.31269e+14 -4.37604e+16  2.80693e+10  9.84073e+10  5.83993e+10  1.24479e+13  2.22144e+11  4.80754e+07 -1.70878e+11  9.45045e+11  -2.2448e+10 -7.46144e+13 -3.37171e+11 -1.38294e+12 -1.38796e+12 -5.14014e+12 -9.64962e+07 -1.97574e+19  2.23224e+09   3.2308e+09  1.97763e+11  2.20376e+11  2.04121e+15   6.1785e+14
 1.00748e+11  6.99797e+10  2.56139e+11            0 -2.01608e+15  1.43699e+11            0            0  2.41677e+07      -342837            0            0            0     -84266.6            0  1.77562e+10            0            0 -4.44598e+07  6.32673e+09 -2.80947e+13  6.33987e+07            0 -1.00549e+06     -6.04779            0            0  4.22868e+12            0            0            0            0            0      -442292     -8615.25            0 -5.24067e+07            0 -2.26021e+10       853269  3.72609e+08            0 -1.21901e+12            0            0  5.45417e+12  -1.0176e+08            0       362001            0            0            0            0            0  3.76083e+13            0            0            0            0 -9.86341e+07 -6.67066e+09  3.03467e+07 -7.38805e+06  7.54231e+12      3.58606            0            0  5.09937e+07            0            0            0            0            0      25560.7            0            0            0            0            0            0            0            0            0            0            0            0            0 -1.24534e+12      30.3641            0            0            0  1.05083e+08 -2.02529e+09
           0 -7.87301e+06            0            0  -6.9276e+11            0      959.118   -0.0064455            0            0            0            0            0     -6.03958      -25.098  1.52385e+07      168.395      8.31065            0      -279275  2.72301e+10            0      -6511.8            0  9.04808e-05     -36.9508            0 -8.07783e+08            0            0            0            0            0            0            0            0      5039.97            0            0            0            0            0  2.48732e+07            0            0  6.29922e+09      17485.5            0            0     -177.309            0            0            0      -291.51  -3.5315e+10     -406.625 -6.24897e-05            0     -20.0175     -871.985            0      5340.69            0  2.37463e+10  9.61772e-05            0            0      10559.3            0            0            0       -39000            0            0            0            0            0  0.000229868            0      206.623            0            0            0      1966.01            0            0            0  3.82033e+08   -0.0459001            0      3.91833            0     -55842.3      15109.8
           0      -236989            0  -0.00175938 -1.63916e+10            0   -0.0064455    0.0067068    -0.543222    0.0300582     0.855545     0.733352      1157.29    -0.244176            0      -117884     -1.01612    0.0111714            0       2710.7    4.207e+07            0     -0.46072    0.0118128 -5.64215e-07  0.000997966   0.00185123 -3.30208e+07     0.109271            0   -0.0540073  2.77694e-07      79216.9            0   0.00312152            0     -68.4988  -0.00299875     -160.974     0.343313     -16.9968    0.0250769      -896210     -2333.23   -0.0121172  3.26877e+07      198.362   -0.0833514     0.083009     0.095575    -0.433686            0            0     0.113793 -1.63402e+08    0.0913798 -1.93199e-07            0   -0.0170265      136.229      1224.44     -36.0606            0 -1.40746e+08  -1.5344e-05      299.676  5.55643e-08      171.335  1.48534e-07 -0.000440875     -1.80145      103.493  0.000469038   0.00369341            0     0.305952            0 -4.88439e-07  -0.00139401     0.105372            0            0   -0.0010571     0.866141            0    -0.324085  7.07834e-05       771481  0.000196884            0            0  0.000433305      32.5407     -302.292
-4.83342e+08  1.57655e+09  8.66105e+08            0  -4.7215e+13  2.41677e+07            0    -0.543222  3.49294e+06     -22667.2     -3711.31            0  -1.8734e+07     -592.371            0  4.36831e+08      32036.3            0 -1.50423e+06  1.36223e+08 -8.03212e+11      17174.6            0     -13709.8  -0.00411481            0            0  5.89954e+10            0            0     -293.684   0.00129654 -1.05876e+08     -1127.91      -907.97            0       316794            0 -1.03188e+09            0  2.60369e+06     -58.8231 -9.70146e+09  8.87994e+07            0   7.2209e+11 -2.54359e+06       2257.8     -40060.2            0            0            0       -43078            0  2.16921e+12     -396.859 -0.000394572     -287.081            0 -2.53981e+06 -3.13723e+07       715072 -1.23404e+06   3.1348e+11    0.0462861 -3.97735e+08            0       648911  -0.00590279      26.1834            0            0     -18.0962      1079.28            0      1494.47      14.9247   -0.0161036            0            0            0     -7395.29      2255.75            0     -636.924            0   -0.0812777 -1.09738e+09   -0.0639582       6.5107      9.24782      -18.815  2.77385e+06 -7.81499e+06
 6.94932e+07   -4.262e+07 -8.26792e+06    -0.820484  2.27496e+12      -342837            0    0.0300582     -22667.2      1281.82       136.75            0 -3.59461e+06      26.3539            0 -7.75305e+06      -166.32    -0.936525      9296.99 -2.76713e+06  2.37815e+10     -860.697            0      13.9487  -0.00038746            0            0 -7.22168e+08            0    -0.658616      10.8213 -1.50833e-05  1.11072e+06      47.5492       10.636            0       -13893            0  4.11009e+07            0     -60175.9      6.44646  1.98838e+08 -4.03485e+06            0 -2.22966e+10      69523.1     -107.757     -412.779            0            0            0      1470.39            0 -7.11346e+10      26.0522 -2.24426e-05      2.69347            0        76699   8.9473e+06     -21875.8       7302.2 -1.76845e+10 -0.000742086  3.52248e+07            0     -28215.5  1.84217e-05      2.28318      -1325.2            0     0.508845     -21.7161       112.81      -55.069      3.59315   0.00100512            0            0            0     -1778.64     -16.8353            0      10.0533            0  0.000998833   3.9875e+08     0.012102   -0.0352654      2.22443      1.13608     -92014.5      27677.9
           0 -3.68922e+08 -8.38568e+07     -453.722  2.24892e+13            0            0     0.855545     -3711.31       136.75   2.2429e+06       121364            0      114.095      19381.3  2.95491e+07            0      7138.53            0  9.68936e+06  3.66991e+11            0     -40233.3     -65.9855            0      6421.18       -397.1 -2.03221e+10      29701.8      2320.72     -13204.5 -0.000125464            0            0            0     -78357.3       314369     -11240.1            0      2261.12            0            0  3.28854e+09 -4.81568e+07       2545.1 -1.37728e+11       178942            0     -995.308     -40796.6      -277989     -23134.3            0      16620.6 -9.40842e+11      50708.1  0.000182787            0     -6794.34       422933            0      -135040            0 -2.87473e+11   -0.0226956  1.58142e+08            0        45289  4.97361e-05            0            0            0            0      2097.41            0       401157      11745.5   -0.0333908     -3400.01      2509.88      -143.23     -29505.3            0      -176603     -869.035      24141.6            0  6.51415e+09     0.324448      347.802            0            0      -933470     -51121.2
           0 -1.03958e+08            0     -7439.96  2.26522e+13            0            0     0.733352            0            0       121364  1.51121e+06            0      36.7486      21568.1 -2.17683e+08      6897.46      3566.49            0  4.19119e+06  4.37676e+10            0      73985.8     -75.2425 -0.000323201      4414.03      2213.71 -1.11989e+10      29612.3      2128.86     -13281.3  0.000341598  8.51003e+07            0     -17.3147       690951      57000.9     -864.911            0      44713.9            0            0  -2.0799e+08  5.49977e+06      18106.3 -2.62281e+11      -223119            0     -1145.88     -60438.1      -115045      30075.5            0     -26831.3 -8.32234e+11     -1935.64   0.00158827     -25.5911     -20024.6       262680            0     -92651.2            0 -3.32481e+11  -0.00804471 -1.43133e+07            0       102176            0            0            0            0    -0.713693      1190.59            0      54938.8      7346.95  -0.00572611            0     -1848.91      1154.04            0            0      -187336     -15388.9     -43396.4    0.0916674  7.10785e+09      0.55865     -569.425            0      146.519      -625702      -380662
 1.30722e+12 -3.05382e+12            0            0  1.74235e+17            0            0      1157.29  -1.8734e+07 -3.59461e+06            0            0  1.05211e+14  4.45092e+06      -322220 -2.95238e+10  2.33732e+08       215194            0   5.4568e+10  1.79379e+15 -9.39267e+06            0            0      171.383  1.21528e+06            0  1.08813e+14  3.24014e+06            0  3.06299e+06     -2.21626            0  -1.1993e+06      -192901            0 -1.56546e+09            0  8.07839e+09            0  1.48766e+08            0 -1.84593e+13 -4.76201e+12  3.34135e+06 -1.86984e+15  4.13292e+09  2.16303e+06            0            0            0            0  2.13559e+08       486390 -1.37237e+15  5.32656e+07            0  1.15149e+07            0  6.25353e+09            0 -1.61802e+09            0 -3.18866e+15     -75.2852  3.23885e+11     -58.4577  -1.8314e+09     -9.36863       321471            0            0  2.84815e+06     -87440.8            0            0  1.66482e+06     -242.117            0  2.52192e+06            0 -3.75993e+07 -3.47017e+07 -2.02704e+07            0            0            0  1.15293e+14     -1313.83            0      55804.2  1.76949e+06 -1.04739e+10 -1.21196e+10
 2.96576e+06  9.44437e+07 -3.55743e+06     -4.09604  2.48561e+12     -84266.6     -6.03958    -0.244176     -592.371      26.3539      114.095      36.7486  4.45092e+06      211.903      29.8364  2.45346e+07     -1583.94      16.8091      2868.06      -136022 -2.04632e+10     -78.1571      171.613      20.3684 -0.000628554      18.1361     0.604216  1.23449e+10      51.5722      8.90172     -90.8791  3.73788e-05 -2.19092e+06      1.10868      1.52432      949.934      266.156        1.579  1.31086e+06      104.467     -1161.07      4.50121  2.39894e+08 -3.11847e+06      92.5171  1.41134e+10     -29779.4      8.92058      51.0332     -73.0755     -110.009      -12.176     -484.172      53.8121  1.07082e+11      105.615  4.44965e-05       2.1287     -17.5698     -56634.6       465923        23549      1310.28  5.12486e+10   0.00535685  1.72841e+06  6.40794e-05     -51146.4   8.8309e-06      12.5071     -22025.4  1.45478e+06     0.445165      4.63164       3.6315      160.418      7.07213 -6.63814e-05     -0.68081     -53.0823    0.0458476     -7479.08     -3.57485     -441.813      11.5376      146.922  0.000700667  3.63428e+08     0.113634    -0.122777      14.7158      3.86827     -1041.26     -18494.8
           0  2.72721e+06            0      41.2637  1.51144e+12            0      -25.098            0            0            0      19381.3      21568.1      -322220      29.8364      7366.59 -1.29599e+07      55.7114       1232.2            0     -24331.4 -5.51923e+08            0      13257.6     -2.01182 -7.90385e-05      605.217     -39.5918  1.56725e+09      3214.55      575.105     -7495.88            0            0            0     -0.46316      -113767     -341.004       52.876            0      908.908            0            0  4.45982e+06      -540516      4858.45 -2.83855e+10      9103.69            0     -30.6367     -6348.37     -25301.5      6840.33            0      1234.27 -6.50226e+10     -188.969  0.000273542            0      -1585.1        28981            0      -3516.7            0   -2.898e+10  -0.00123914 -1.47797e+06            0     -19261.4  5.36075e-05            0            0            0    0.0361307       247.46            0     -3181.95      316.646  0.000445751            0     -2913.91      8.69227     -1641.03            0     -22170.6     -224.507      23246.9            0  1.26433e+09    0.0144972      4.14929            0            0     -5068.38     -63147.3
-1.99529e+12  2.18298e+13  3.69561e+11  4.07172e+06  2.17432e+18  1.77562e+10  1.52385e+07      -117884  4.36831e+08 -7.75305e+06  2.95491e+07 -2.17683e+08 -2.95238e+10  2.45346e+07 -1.29599e+07  2.13873e+14  5.53085e+08 -9.09142e+06  -6.3634e+08  1.20341e+11  7.05526e+15  6.36767e+07  1.98813e+08      -578936      125.864 -6.13863e+06 -4.31596e+06  2.78732e+15 -3.73902e+07 -3.48923e+06  5.54623e+07      18.4509 -3.83628e+12       294672      -760637 -2.05751e+08 -3.16221e+09      -428477 -7.91046e+11 -5.47408e+07   1.3873e+09 -3.91674e+06 -6.31218e+13  5.18919e+11 -4.37301e+07  4.42684e+16 -6.27718e+10  2.96402e+07 -7.66014e+07  9.02871e+07   8.1625e+07 -3.04328e+06   3.9482e+08 -2.36352e+07  7.44706e+16 -2.08452e+07     -851.365  1.21734e+06   1.2118e+07 -7.61789e+09  5.08864e+10  2.15667e+09 -2.76426e+08 -1.42932e+16     -412.917 -7.54238e+11    -0.554797 -1.87012e+10       37.616 -1.17616e+07  2.51461e+09 -5.39164e+11       137160 -3.03652e+06 -2.91881e+06 -4.65734e+07 -2.45061e+06      2548.88      -758145  1.51462e+07      -693273  5.44542e+09  7.69584e+06  1.01188e+08 -2.15747e+07 -8.86371e+07     -4769.94  6.49144e+14     -42079.2       316118 -1.48716e+07      -947413  3.85181e+08 -2.08807e+08
 3.63721e+07  2.01188e+09            0     -178.398 -1.95183e+13            0      168.395     -1.01612      32036.3      -166.32            0      6897.46  2.33732e+08     -1583.94      55.7114  5.53085e+08  3.38185e+06      32.4775     -97525.9 -2.88406e+07 -7.64931e+11        18359            0     -1443.12     0.097835            0      317.175  8.89245e+10      37.9295            0     -160.524 -4.60335e-05 -3.37343e+07            0      -90.343            0  -1.2713e+06            0  8.51964e+06            0      12724.3     -73.1867 -7.19021e+10  3.99784e+08     -121.114  4.30457e+11 -1.85664e+06     -2064.96     -18489.2            0     -1201.31      587.014     -35320.2      34.6622   2.4111e+12      -1009.9  -0.00142085     -19.8948      26.0243 -2.02644e+06 -1.03118e+07       723908     -18108.9  1.02724e+12    0.0772566  2.31578e+07   -0.0187379  1.17159e+06  0.000428372     -142.562            0            0       18.793      6.15865     -37.1296            0            0   -0.0374357            0            0            0       8334.4            0      1036.55      327.184            0    -0.079289 -2.50296e+10     -28.1653      10.7663     -96.5498      1209.38  2.82143e+06  1.66551e+06
           0 -6.38713e+06            0     -63.1329  5.15861e+11            0      8.31065    0.0111714            0    -0.936525      7138.53      3566.49       215194      16.8091       1232.2 -9.09142e+06      32.4775      989.656            0      47847.9  3.09005e+09            0     -5005.41            0 -1.51709e-05     -94.3607      21.9576       612707      2133.33      319.994     -2121.27  2.30491e-06  1.10582e+06            0            0     -6957.86      81.3781      5.96792            0      1934.56            0            0   3.0742e+07      -1343.5      1896.91 -1.14964e+10      13691.1            0            0     -2297.33     -7358.35     -1969.96            0      954.146 -2.82298e+10      2867.55  2.13784e-05            0      -523.27      18276.9            0     -4937.14            0 -1.21462e+09  0.000173239      -471862            0     -7637.51 -1.67107e-06            0            0            0   0.00640093       146.37     -6.40351      1179.37      -26.151  4.75399e-05            0      -1142.2      19.5299            0            0     -19368.5      23.6424      6121.27   0.00119115 -2.99515e+06     0.021739     -1.58529            0     0.802219     -19406.5     -29163.9
-2.03032e+09 -3.09104e+09 -8.90865e+08            0  1.46936e+14 -4.44598e+07            0            0 -1.50423e+06      9296.99            0            0            0      2868.06            0  -6.3634e+08     -97525.9            0  1.55261e+08 -8.37868e+07  1.96958e+12            0            0      80728.7    0.0310112            0            0 -3.55836e+10            0            0            0  0.000281355  3.20304e+08            0      7309.17            0 -1.03341e+06            0  2.16692e+09            0      -171969            0  1.93893e+10 -1.71839e+08            0 -1.21229e+12   2.7842e+06            0  1.06616e+06            0            0            0            0            0 -1.84835e+12            0    0.0013416            0            0  4.39259e+06   7.9147e+07 -1.64358e+06            0  1.34904e+12  -0.00577386  1.85088e+09            0 -2.73016e+06            0      3933.41            0            0      2.57571     -237.257            0            0            0    0.0352847            0     -282.702            0            0            0            0            0            0     0.091867 -1.81324e+10    -0.893833            0            0            0 -7.98463e+06  2.96613e+07
 -1.0958e+11  2.79638e+11  8.17863e+11        73130  4.93026e+15  6.32673e+09      -279275       2710.7  1.36223e+08 -2.76713e+06  9.68936e+06  4.19119e+06   5.4568e+10      -136022     -24331.4  1.20341e+11 -2.88406e+07      47847.9 -8.37868e+07  8.53941e+10  1.27964e+13      -981358  9.46591e+06 -2.61538e+06     -13.1135      73287.1       107062  1.86647e+13       253244       108899  1.06041e+06    -0.865637   1.2909e+11      -243247      -112670  5.52597e+06 -3.15492e+08     -59447.5 -8.86418e+10      -266685  1.67934e+08       128347 -4.01043e+12 -5.12111e+10       294190  3.69701e+13  -3.9152e+08      -260293  2.65104e+06  1.75322e+06 -6.70037e+06      -990888 -6.62561e+06       170688  1.57168e+14       865179      1.17173      48980.5     -66998.9 -2.99574e+08  4.77505e+09  7.32461e+07 -2.69879e+07  1.06879e+14      6.69015  -1.6254e+11      1.16153 -2.19606e+07      1.40333       346895  -3.7058e+08  2.54704e+10      9875.67       481976      -328325  5.36566e+06       298364      13.9142     -15934.6      -510076     -16959.6 -1.35465e+08      -196604 -1.94158e+06      -343387      -870659       163.45 -3.46471e+12      2020.53       2017.9       263980        70602  2.20437e+08 -2.78232e+09
 3.04917e+14 -2.02074e+16 -4.81021e+14 -6.89594e+09  3.89253e+20 -2.80947e+13  2.72301e+10    4.207e+07 -8.03212e+11  2.37815e+10  3.66991e+11  4.37676e+10  1.79379e+15 -2.04632e+10 -5.51923e+08  7.05526e+15 -7.64931e+11  3.09005e+09  1.96958e+12  1.27964e+13  5.13747e+19 -7.43004e+10  1.31808e+10  1.29273e+10      -321024   1.9035e+08  5.94749e+09 -1.62013e+18  1.36432e+09  1.68224e+09 -4.11102e+09     -18028.3  3.25758e+15  1.11445e+09  1.42337e+09  4.27522e+11  3.37897e+12  3.11286e+09  7.92386e+14  2.88069e+10  -2.1315e+12  1.57546e+09  9.05997e+16 -1.54569e+15  2.49717e+10  -4.6079e+18  3.71024e+12 -2.21685e+10  8.13733e+10  1.80379e+10  6.84203e+10 -3.57307e+10 -1.02496e+11   6.9815e+09 -5.87538e+19  1.43391e+10     -508.905  4.96935e+08  1.00386e+09 -5.32305e+12  2.08973e+14  2.64201e+11  3.68695e+11  3.64305e+19     -66755.9  7.99533e+14      29171.7  1.04456e+13      40967.1  7.79345e+09   3.1298e+13 -2.21396e+15  2.16206e+08 -1.04948e+08   2.5579e+09  2.38502e+11  1.20562e+09       305831  -1.8059e+09 -9.12254e+09  1.96973e+08  1.46028e+13  -6.9404e+09 -4.42238e+10  5.19636e+09   3.1453e+10  4.35253e+06  5.49884e+17  4.18035e+07 -2.10264e+08 -2.71396e+10   2.4858e+09 -2.62669e+11  5.96271e+12
           0  1.49607e+08            0            0  -1.4721e+12  6.33987e+07            0            0      17174.6     -860.697            0            0 -9.39267e+06     -78.1571            0  6.36767e+07        18359            0            0      -981358 -7.43004e+10       188027            0     -408.357  0.000545909            0            0  8.75341e+09            0            0            0            0            0     -205.162            0            0      -146095            0            0      392.105       165902            0 -2.89758e+09  2.44863e+07            0  6.61417e+10      -107054            0            0            0            0            0       516516            0   2.2825e+11      -72.187            0            0            0      -152599 -4.24503e+06      54478.6     -53366.3 -5.54593e+10   0.00469876            0  -0.00138068      29187.6 -0.000927224      11.0876            0            0     -1.46878            0            0            0            0  -0.00380004            0            0            0            0            0            0            0            0            0  4.60165e+08    -0.960369            0            0     -26.5368       214824      -695202
           0 -1.31923e+08            0     -2199.49  -1.3089e+13            0      -6511.8     -0.46072            0            0     -40233.3      73985.8            0      171.613      13257.6  1.98813e+08            0     -5005.41            0  9.46591e+06  1.31808e+10            0  2.95163e+06            0            0      14520.6      626.255  3.29799e+10     -7280.55     -973.146      26962.6  -0.00017371  -4.8936e+07            0            0      -201887      -115775      337.081            0     -9820.55            0            0  1.64659e+09    6.155e+06     -836.637  5.41178e+10       -37784            0            0      40958.7     -19615.9     -46929.6            0      82970.1  -5.2386e+11       117425  0.000620365            0      6598.87       243977            0     -7423.82            0 -4.59911e+11  -0.00783374            0    0.0003676      -167841 -0.000210972            0            0            0            0     -406.452            0      -130544      3601.67  -0.00413836      499.743     -70431.1      629.478            0            0      -788148      1813.43     -36637.3   -0.0527123  2.32862e+10            0       62.093            0            0      -854186      -314305
-1.25696e+08 -2.45148e+07  5.49062e+07     -21.0301  8.90182e+11 -1.00549e+06            0    0.0118128     -13709.8      13.9487     -65.9855     -75.2425            0      20.3684     -2.01182      -578936     -1443.12            0      80728.7 -2.61538e+06  1.29273e+10     -408.357            0      2332.12   0.00024526            0      1.40159 -4.38509e+08     -11.0131            0     -5.22125 -2.67616e-06  2.84375e+06      15.6519      107.067            0      3118.85     -1.15251  9.72656e+06     -4.27451     -10133.9            0  1.81106e+08 -3.78926e+06            0 -6.80799e+09      51722.1            0      9371.38     -6.75439     -25.5465            0       211.29            0 -4.15948e+10            0 -0.000117279            0            0      43734.4        94919     -10902.5      4445.85 -2.32678e+10 -0.000533887  1.65707e+06  4.73534e-05      -7996.2  0.000126346     0.578842            0            0  -0.00963936     -16.9343            0      104.756            0 -0.000405274            0      10.7746     -5.51642            0            0            0     -17.0677            0   0.00187108  3.35839e+08   0.00638307     -0.98455            0     0.316101     -61015.8       347881
    -73.0025      961.975      16.1266            0 -3.25857e+06     -6.04779  9.04808e-05 -5.64215e-07  -0.00411481  -0.00038746            0 -0.000323201      171.383 -0.000628554 -7.90385e-05      125.864     0.097835 -1.51709e-05    0.0310112     -13.1135      -321024  0.000545909            0   0.00024526  3.10806e-07  8.28961e-05  7.58782e-06      41319.9 -5.29747e-05            0  0.000121935 -1.27653e-11      1.53809 -9.21459e-05 -2.55915e-05            0   -0.0836372            0      15.1202 -3.31894e-05   -0.0105426 -6.04662e-05     -36750.9      129.481  7.10712e-05       167291    -0.948144            0  0.000463236            0  0.000533527            0    0.0432177 -6.48603e-05  1.36072e+06  -0.00061379  3.42599e-10  2.41288e-05            0    -0.986475      1.21322     0.320123  -0.00307455       643570  2.92871e-08     -15.7016 -1.85867e-08     0.489995 -5.93866e-10 -1.34358e-05            0    -0.868198 -3.14824e-06  1.46206e-06 -5.12739e-05            0 -2.08856e-05  1.16583e-09            0  0.000100397            0     0.010723 -0.000137352  -0.00131446 -0.000143935            0 -2.54456e-08     -11751.9 -1.95935e-05  1.53834e-06  8.77889e-06  -0.00012798     0.904367      1.31034
           0 -1.02784e+07            0      78.4523 -5.22953e+11            0     -36.9508  0.000997966            0            0      6421.18      4414.03  1.21528e+06      18.1361      605.217 -6.13863e+06            0     -94.3607            0      73287.1   1.9035e+08            0      14520.6            0  8.28961e-05      4563.31     -22.7948 -4.26785e+07     -815.082      125.047       791.28            0            0            0            0     -13075.3      6148.81     -19.9594            0      569.237            0            0  1.16652e+08       815959      3819.83 -3.27244e+09      16082.8            0            0      -359.14     -10069.9     -2701.03            0       29.821 -6.00493e+09      -3908.5 -8.90914e-05            0      -399.44      20231.9            0     -4014.36            0  8.01664e+09   0.00045573            0 -5.25096e-05     -8675.31 -1.80775e-05            0            0            0  -0.00284952      157.926            0      1258.11      955.724 -0.000348454            0     -5883.41      1.84393            0            0      9353.97     -92.0487      15559.4            0  6.08443e+07     0.108023     -7.53574            0            0     -31620.1     -38598.8
           0 -1.08745e+07            0     -434.533  6.12573e+11            0            0   0.00185123            0            0       -397.1      2213.71            0     0.604216     -39.5918 -4.31596e+06      317.175      21.9576            0       107062  5.94749e+09            0      626.255      1.40159  7.58782e-06     -22.7948      663.601 -2.28103e+08     -83.5313     -7.21391     -76.4601  -7.1714e-07            0            0     0.322538      973.265      4240.64     -24.4498            0       234.51            0            0  4.22524e+07      -217376      13.0885 -9.13798e+09     -24459.9            0      21.3449      68.7918      504.682      282.297            0     -107.133 -3.43869e+10     -62.3317            0     0.600791     -16.2639      17846.3            0     -5149.25            0   -5.809e+09  0.000133008            0  2.68362e-05       2892.1            0            0            0            0    0.0167551      4.76074            0      1503.53       38.095  7.69104e-05            0     -43.0994        25.43            0            0     -1.52339       408.61     -748.697            0  -1.9424e+08    0.0256894     -12.8489            0      6.73751     -37927.3     -12748.4
 7.23567e+13  8.71068e+15  3.51478e+13  3.84103e+08  3.20927e+20  4.22868e+12 -8.07783e+08 -3.30208e+07  5.89954e+10 -7.22168e+08 -2.03221e+10 -1.11989e+10  1.08813e+14  1.23449e+10  1.56725e+09  2.78732e+15  8.89245e+10       612707 -3.55836e+10  1.86647e+13 -1.62013e+18  8.75341e+09  3.29799e+10 -4.38509e+08      41319.9 -4.26785e+07 -2.28103e+08   1.3021e+18  1.42918e+09  6.44491e+07  6.44426e+08      12899.9  -1.0821e+15 -7.39266e+07 -1.10759e+08  4.40361e+10 -7.50509e+11 -1.03631e+08 -2.21185e+13  9.96827e+08  2.30453e+11  5.77051e+08 -2.16816e+16  2.63492e+13  4.80939e+08  1.01887e+18 -4.19662e+12  2.22636e+09 -1.20588e+10 -5.61851e+09   5.3752e+08 -2.72767e+07  1.36651e+10  4.86879e+08  8.63565e+18  2.59152e+09      13634.9  9.79759e+07 -4.02968e+08  -6.4392e+12  2.62633e+12  2.21236e+12  8.23542e+09  3.56887e+18       537385 -6.70577e+12     -2418.96 -7.95703e+12      8472.89  6.41027e+08 -1.64753e+12  1.06377e+14  1.53478e+07  1.34527e+08  -2.7636e+08 -2.13244e+10  1.11789e+08      46769.9  1.32876e+08 -1.41282e+09 -7.67126e+06 -6.51516e+11  3.18254e+08  -1.0039e+10 -1.00095e+09  -6.0865e+09 -1.62414e+06  2.11292e+16 -3.55022e+06  2.44751e+07  1.34118e+09 -1.57186e+08   3.1887e+12 -2.29076e+12
           0 -8.46402e+06            0      513.611  1.04271e+12            0            0     0.109271            0            0      29701.8      29612.3  3.24014e+06      51.5722      3214.55 -3.73902e+07      37.9295      2133.33            0       253244  1.36432e+09            0     -7280.55     -11.0131 -5.29747e-05     -815.082     -83.5313  1.42918e+09      11341.9      835.142     -4964.22  3.49649e-05  1.18466e+07            0     -2.53417       4617.4     -17017.3     -6.63436            0      9038.59            0            0 -1.29625e+08       489318      3592.57 -2.45727e+10      41702.3            0     -167.721     -9226.77     -35300.2      949.858            0      2521.75 -6.38001e+10       7148.9 -7.66919e-05            0     -2351.77      24055.8            0     -11966.7            0    7.394e+09  0.000947412 -1.12781e+06 -5.62346e-05     -14835.1 -6.97693e-05      1.05053            0            0    0.0950338      413.629            0      5888.02       33.547 -0.000134226     -21.0736     -3499.94     -34.3754     -2581.85            0       -38386      -364.43      10725.7    0.0127608  3.22608e+08   -0.0653808      9.02942            0      0.99895     -12213.5     -96377.8
           0  -4.2136e+06            0     -1.21236  2.94528e+11            0            0            0            0    -0.658616      2320.72      2128.86            0      8.90172      575.105 -3.48923e+06            0      319.994            0       108899  1.68224e+09            0     -973.146            0            0      125.047     -7.21391  6.44491e+07      835.142       309.57      -311.05            0            0            0            0      20450.4       801.41     -2.17548            0       534.76            0            0  1.62996e+07            0      629.867 -6.04406e+09      7655.64            0            0     -531.094     -3974.17     -366.579            0      418.664 -1.49008e+10      1091.33  8.92584e-06            0     -239.865      9625.53            0     -3059.72            0  -2.9136e+09  0.000133213     -52211.6            0     -4444.76  9.09918e-07            0            0            0            0      71.1934     -4.50367      148.759      86.3601  3.82871e-05            0     -1129.48    -0.654253            0            0     -5335.08      5.05147      3790.43            0 -2.92416e+07    0.0149306     0.705038            0            0     -17436.7     -12083.6
           0  5.88991e+07 -6.63584e+06      3.30969  1.15173e+12            0            0   -0.0540073     -293.684      10.8213     -13204.5     -13281.3  3.06299e+06     -90.8791     -7495.88  5.54623e+07     -160.524     -2121.27            0  1.06041e+06 -4.11102e+09            0      26962.6     -5.22125  0.000121935       791.28     -76.4601  6.44426e+08     -4964.22      -311.05      69805.9 -2.22475e-05 -6.26718e+06            0            0      89345.5      24415.7      38.9856            0      2073.94            0            0  -2.3925e+08       787174       -35417   2.1397e+10     -77838.2            0     -78.7554       8030.8        41475     -45701.3            0     -11175.9  6.79253e+10       4300.9   6.4484e-05            0      3160.32     -78232.7            0      13770.4            0  -1.1585e+10  -0.00103909  1.33947e+07 -4.84269e-05      23730.8   6.5898e-06      -1.1565            0            0    0.0190644     -582.746            0      1615.08      2614.03   0.00215434     -13.3099     -5192.48     -10.9003            0            0      32472.1       83.528     -63983.3   -0.0067508 -2.15123e+09   -0.0328282     0.583552            0     -3.41001        70948       185150
   -0.846934      84.0051     -2.96587  2.68274e-06  2.89335e+06            0            0  2.77694e-07   0.00129654 -1.50833e-05 -0.000125464  0.000341598     -2.21626  3.73788e-05            0      18.4509 -4.60335e-05  2.30491e-06  0.000281355    -0.865637     -18028.3            0  -0.00017371 -2.67616e-06 -1.27653e-11            0  -7.1714e-07      12899.9  3.49649e-05            0 -2.22475e-05  1.61576e-09      44.0156            0  3.92661e-07            0    0.0207614            0    -0.827936  0.000141421   0.00429702 -1.09978e-05      71.8409      2.18689  3.28401e-06      11460.6  -0.00240323  8.03468e-05  0.000107967 -1.44183e-05 -2.58205e-06            0            0   5.0349e-05        77385            0 -1.41329e-11 -9.21941e-07 -7.01373e-06   -0.0573004            0    0.0224655            0     -10990.1  5.73771e-09            0 -1.27706e-11    -0.111963 -6.09348e-11 -1.12591e-08   0.00140048   -0.0307305 -9.84047e-08  2.44669e-06 -1.22219e-05 -4.17914e-05 -7.44969e-06 -8.58927e-10  1.31244e-06  3.06828e-05  8.21311e-07            0  2.03509e-05  0.000417988 -3.39504e-05   -0.0001335  1.44563e-08      17.8229 -7.01376e-09  4.71379e-08 -3.74117e-07 -1.82652e-06    0.0244902     0.073456
