  5.2303e+19 -9.67027e+21 -9.00018e+20  4.39003e+09 -2.04947e+21  7.43707e+17            0            0 -2.86043e+14  1.48805e+14            0            0   1.7557e+17  1.09998e+12            0 -2.13869e+19 -9.48982e+12            0 -3.65249e+14 -7.23003e+17  1.63431e+22            0            0 -7.28101e+11     -50740.7            0            0  -2.1875e+21            0            0            0      -484.62 -9.99788e+16  6.59546e+10  -9.9698e+09            0 -1.07369e+15            0 -3.58234e+16            0 -1.99851e+15  1.47194e+12 -9.65785e+19  2.86057e+14            0 -4.72114e+20  9.03857e+16 -1.65964e+12 -3.42488e+13            0            0            0            0            0            0 -2.46571e+10      593.517            0            0  6.08868e+17  3.74878e+19     -4388.12  2.74725e+14 -3.03971e+21      25327.4  2.46061e+18      2381.07 -3.64817e+15     -2421.09  3.26943e+09            0            0  1.87942e+07 -1.13748e+09  1.25213e+09            0            0      82010.8            0            0            0            0            0            0   -2.061e+12            0       -12583  1.15326e+23  1.00242e+07 -3.46124e+06            0   7.2207e+10 -1.13818e+14  2.91495e+14
-9.67027e+21  5.38495e+27  3.10107e+24  3.39537e+15  3.21977e+26  6.33485e+21 -2.81496e+16 -1.06508e+13  1.22947e+19 -1.25826e+18 -9.52337e+17 -2.48366e+17 -6.11864e+21  4.06835e+17 -7.03436e+14  1.09104e+25  2.53407e+19 -4.44648e+14  -7.2511e+18  2.50357e+22 -5.97224e+27  1.68564e+18 -5.38538e+16 -1.85723e+15  1.03959e+10  -5.3574e+15 -5.17508e+15  1.14514e+28 -1.84489e+16 -4.11695e+14  3.20307e+16  7.32609e+08 -6.88395e+22 -1.91054e+14 -1.40886e+14 -2.72556e+19 -1.65641e+20 -8.92748e+13 -6.41855e+20 -2.76362e+16  9.57731e+18 -7.33254e+16 -5.76957e+27  8.03926e+19 -5.23586e+17  8.02193e+26 -5.81198e+21  4.42459e+16 -3.99584e+17  -1.9438e+15  9.78482e+16 -1.04164e+17  8.01741e+18 -1.12103e+16  1.99414e+12 -1.59212e+16  1.14151e+09 -7.07951e+13  4.23722e+14 -1.62617e+23 -4.42083e+22  3.17488e+09 -1.07681e+19  8.37113e+26 -1.06355e+09 -1.11872e+22 -7.32737e+08 -1.17925e+21 -5.70653e+08 -1.68232e+15  -3.4646e+19   2.7084e+19 -3.56584e+12 -3.21847e+13 -1.91306e+14 -2.82482e+18 -2.24944e+16  5.11407e+08  5.00938e+13  1.21227e+16 -4.56048e+13 -1.63925e+19  1.49388e+14  1.19629e+17 -7.59325e+17 -6.35869e+16 -1.13315e+10  1.18967e+27 -2.09381e+12  1.96052e+12  2.70219e+18 -4.61615e+16  2.40026e+19  -4.2322e+19
-9.00018e+20  3.10107e+24  2.53022e+25            0  6.99976e+23  8.32601e+20            0            0  2.10499e+17 -7.09797e+15 -6.54431e+15            0            0 -5.51225e+14            0   5.2568e+21            0            0  -6.6585e+16  2.29717e+21 -7.06507e+24            0            0  1.34239e+14  7.63574e+06            0            0  6.04526e+24            0            0 -3.34007e+13      -827676            0  1.07996e+13  5.18983e+11            0  -2.7454e+17            0 -2.68653e+18            0 -1.36938e+17            0 -2.79906e+25            0            0  -1.0771e+24 -3.43567e+19            0  1.94602e+16            0            0            0            0            0            0            0      -823278            0            0 -2.92943e+20            0  3.34592e+06  4.47622e+16  -2.4808e+24 -3.37676e+06  -2.1097e+21            0  1.25585e+18            0 -3.52615e+11            0            0            0  3.84435e+12            0  6.30715e+15            0            0            0            0            0            0            0            0  1.96968e+15            0            0  4.90574e+24  1.23061e+10 -2.13254e+09            0            0  3.33461e+16 -1.40977e+18
 4.39003e+09  3.39537e+15            0       977877 -1.41198e+14            0            0    -0.217065            0     -79521.1 -4.51789e+06 -4.63572e+07            0     -65651.9      25844.8  1.00699e+13            0     -11095.4            0  2.68853e+10 -7.96439e+15            0 -4.93404e+06     -5665.49            0       154483      -750316  7.81935e+15  2.32556e+06     -176.188      -1744.5  6.99596e-05 -5.10435e+09            0     -717.906            0 -1.82659e+08      939.832 -1.56387e+08       821811            0            0 -3.70778e+15  3.80101e+07       809781   1.5997e+15  1.87005e+10            0 -2.03427e+06      -163101 -5.55109e+06  5.59484e+06            0       316792            0      -7979.7 -7.27989e-05            0     -37631.4 -1.49545e+11            0   0.00315514            0  1.17354e+15  5.50679e-05            0  -0.00160432  6.55359e+07            0            0  6.96997e+06 -1.89988e+06    -0.162656     -351.106            0 -4.38326e+07      -280078  -0.00499131      211.566       201283     -26321.5            0            0  3.35459e+06 -1.80394e+08      47079.6  -0.00030678  9.68798e+15     -1.11599      146.766            0      -142081  4.63143e+07  3.80237e+07
-2.04947e+21  3.21977e+26  6.99976e+23 -1.41198e+14   2.9352e+26  2.62272e+20 -1.79359e+15 -2.30507e+12  4.24849e+17  1.13836e+16  1.11274e+17  2.92949e+16  -3.3202e+20  3.87137e+16  6.28813e+13  9.70807e+23  9.88621e+16 -4.25073e+13 -5.87671e+16  3.08832e+21  6.97751e+26  6.46032e+16 -5.30081e+16 -8.98176e+13  2.34965e+08 -1.77914e+15  4.89057e+14  3.36602e+26 -1.98715e+15 -3.60689e+13  4.32434e+15  8.11095e+07 -4.06545e+21  -4.0125e+12 -8.15225e+12  1.01957e+18 -8.22893e+17  -1.3643e+13 -9.31231e+18  7.48581e+15  5.36048e+17 -1.12347e+16 -2.69255e+26 -2.91305e+18 -9.29592e+16 -1.35243e+26  -2.5208e+21  5.37152e+15 -3.76405e+16  2.88341e+15 -4.40862e+16 -1.79478e+16  5.07792e+17 -3.37956e+15  -6.4893e+10  -4.0705e+15  4.06721e+08  4.42749e+12  6.27008e+13 -3.94158e+22 -5.72511e+21  2.20394e+08 -4.03055e+17  3.33722e+26 -1.37398e+08 -5.30891e+20  4.40298e+07  -1.1682e+20   5.5566e+07 -7.39175e+13  4.87582e+18 -5.80195e+18  1.49213e+11 -5.15728e+12 -3.13538e+13 -9.32252e+16 -6.30528e+15  1.10265e+09 -6.23809e+12  2.97664e+15 -2.68125e+12  1.36416e+18  2.09622e+12  2.54327e+16  -1.4853e+17  -1.6144e+16 -5.92891e+08  1.67992e+26 -1.35967e+10  1.12835e+11 -2.60219e+17  5.48504e+15  3.19592e+18  -1.0086e+17
 7.43707e+17  6.33485e+21  8.32601e+20            0  2.62272e+20  1.97711e+19            0            0  2.67479e+14 -1.38097e+13            0            0            0 -5.84259e+11            0  1.04608e+19            0            0  -1.4704e+14  8.78285e+17 -1.72369e+22  1.09432e+15            0 -1.08418e+11     -45765.2            0            0  2.13452e+22            0            0            0            0            0 -3.34563e+10 -5.06881e+08            0 -8.25257e+14            0  -1.3307e+16  2.24569e+11  1.33771e+15            0 -4.42458e+22            0            0   4.9776e+20 -3.26043e+16            0  9.81099e+11            0            0            0            0            0            0            0            0            0            0 -3.55747e+17 -1.43926e+18      5366.42 -1.12203e+14 -1.68783e+21        23119            0            0  1.18285e+15            0            0            0            0            0  7.91372e+08            0            0            0            0            0            0            0            0            0            0            0            0            0 -1.67628e+22       377280            0            0            0  6.19083e+13 -3.21941e+15
           0 -2.81496e+16            0            0 -1.79359e+15            0  2.12079e+08     -18.0877            0            0            0            0            0 -1.73253e+06      -243974  1.62655e+14  1.29758e+08      19682.5            0 -1.46483e+12  4.44464e+17            0 -2.42983e+08            0    0.0687292      -949086            0 -4.92912e+16            0            0            0            0            0            0            0            0   2.3808e+09            0            0            0            0            0  1.84788e+16            0            0  1.31901e+16  2.93542e+11            0            0 -3.75812e+06            0            0            0 -5.39795e+06            0 -7.16191e+06   -0.0262212            0     -81908.4 -2.61718e+11            0    0.0363357            0  5.73858e+16    0.0200466            0            0  1.08598e+10            0            0            0 -6.81928e+07            0            0            0            0            0    0.0195248            0  2.98279e+06            0            0            0  6.17991e+07            0            0            0  6.13281e+16     -40.0022            0            0            0 -8.65258e+08  9.10213e+08
           0 -1.06508e+13            0    -0.217065 -2.30507e+12            0     -18.0877     0.283771      -3058.1      607.945      2312.75      819.626  1.46835e+06     -1038.98            0 -2.47374e+10     -11899.3     0.407095            0   2.0329e+08  1.20183e+13            0     -206.574     0.662606 -5.89472e-06      0.55375     0.730725 -3.11277e+13      95.4647            0     -16.5854  3.55921e-07  5.88086e+08            0     0.114815            0      -564630   -0.0391095       -57084      138.548     -31403.7      126.921 -1.38096e+13     -35411.7     -68.6906  7.80896e+11  3.14548e+07     -63.0562       146.02      34.3617     -417.258            0            0      27.6045  0.000509855      8.25831 -6.64412e-07            0    -0.930637  4.23004e+08  1.46436e+08 -5.13079e-06            0 -3.65155e+12 -4.17627e-05  1.36593e+06  3.78066e-07  3.10326e+06  6.59352e-07   -0.0313702     -2231.65      1993.27   0.00217779    0.0546291            0      1599.26            0  1.82728e-06   -0.0202742      19.6511            0            0   -0.0109129      272.114            0     -93.9878  6.04656e-05 -4.72544e+12   0.00221488            0            0      3.13237     -35531.5      -273270
-2.86043e+14  1.22947e+19  2.10499e+17            0  4.24849e+17  2.67479e+14            0      -3058.1  3.07866e+12  -7.3494e+10 -1.03922e+09            0 -3.49198e+12 -3.04637e+08            0  3.16298e+16  4.98107e+10            0 -3.92615e+11  1.40866e+15 -2.85722e+19  2.37111e+10            0 -1.17833e+08       4.7581            0            0   3.5821e+19            0            0 -5.30347e+06      1.31271 -1.11423e+14 -6.88033e+06 -4.22431e+06            0  5.27541e+10            0 -4.92984e+13            0    7.302e+11            0 -2.05339e+19  2.34823e+11            0  3.59418e+18 -5.14126e+13  2.00581e+08 -7.83178e+09            0            0            0 -1.00898e+11            0            0  -6.5764e+06    -0.444178 -1.92188e+06            0 -6.25064e+14  -5.3528e+14      9.70247 -1.49256e+12  1.19805e+17       22.333 -3.76936e+14            0  1.01106e+12     -4.41683       188334            0            0     -16107.7  2.68267e+06            0  1.00146e+09  1.77999e+07     -14.7161            0            0            0 -1.44191e+09  2.81257e+06            0 -2.30922e+09            0     -10.4161  6.87427e+18     -2346.55       2500.3  1.66851e+08 -1.92891e+07  1.06382e+11 -1.00089e+12
 1.48805e+14 -1.25826e+18 -7.09797e+15     -79521.1  1.13836e+16 -1.38097e+13            0      607.945  -7.3494e+10  1.53099e+10  1.38783e+08            0 -2.79927e+12  5.20982e+07            0 -2.88236e+15 -1.22679e+09     -19885.4  9.01666e+09 -1.04838e+14  3.46584e+18 -4.35643e+09            0       434320     -2.41178            0            0 -3.67963e+18            0     -23163.6       708284   -0.0620266  4.31961e+12  1.06188e+06       184356            0 -2.25024e+10            0  7.21067e+12            0 -6.17563e+10  2.32267e+07    1.427e+18 -3.90012e+10            0 -4.04652e+17  5.74607e+12  -3.5686e+07 -3.10051e+08            0            0            0     1.26e+10            0      127.122   1.5735e+06   -0.0456911      66682.4            0  7.12694e+13  5.72578e+14     -1.06435  3.25821e+10 -3.55192e+16     -1.29334    1.217e+14            0 -1.87398e+11    0.0522095      79124.3  -1.0523e+09            0      1640.75      -197051  1.47839e+06 -1.33748e+08  1.70377e+07      4.69733            0            0            0 -1.37879e+09     -77516.8            0  1.41577e+08            0     0.486662  1.77381e+18      111.034     -50.1858  1.59572e+08  5.56298e+06 -1.27746e+10  1.58594e+10
           0 -9.52337e+17 -6.54431e+15 -4.51789e+06  1.11274e+17            0            0      2312.75 -1.03922e+09  1.38783e+08  2.72718e+11  7.74263e+09            0  2.55915e+07  1.68811e+08 -1.17082e+15            0  1.65078e+07            0  3.49891e+13  5.68715e+18            0 -5.11205e+08      -183186            0  1.15658e+08 -7.54599e+06 -4.97614e+18  1.63452e+09  8.05726e+06 -3.00061e+08   -0.0453005            0            0            0 -1.60898e+11  1.21257e+11 -6.24201e+06            0 -2.28122e+07            0            0  2.23852e+18 -5.15844e+10  1.02189e+09 -1.93087e+17  2.54893e+12            0 -6.50012e+07 -7.54458e+08 -1.53617e+10 -5.79736e+09            0  2.52717e+08            0  9.11701e+08    0.0582325            0 -2.25753e+07  3.97234e+13            0    -0.654663            0 -2.39121e+17     -3.75446  4.69645e+13            0  2.44575e+10    0.0173572            0            0            0            0   2.0324e+06            0  9.21169e+10  5.75279e+09     -2.52538 -2.57838e+06  1.13493e+06      -438801            0            0 -4.34673e+09 -1.17602e+09  2.22182e+08            0  4.52393e+18      207.048      62991.3            0            0 -1.28537e+10 -3.93477e+09
           0 -2.48366e+17            0 -4.63572e+07  2.92949e+16            0            0      819.626            0            0  7.74263e+09  6.29219e+10            0  2.88168e+06  9.98885e+07 -1.87936e+15            0  3.02076e+06            0   8.4889e+12  7.65109e+17            0  8.92568e+08      -134560   -0.0574496  6.07645e+07  3.61032e+07 -1.46188e+18  9.13322e+08  3.75876e+06  -1.8689e+08    0.0600569   1.9274e+13            0     -17051.3  9.31444e+11  3.28178e+09      -259826            0  6.08535e+08            0            0  1.58687e+17  3.13476e+09  3.56994e+09 -2.52189e+17 -4.38847e+11            0 -4.83156e+07 -5.28584e+08 -3.60292e+09  4.81395e+09            0  -2.3413e+08            0 -1.05493e+08     0.311212     -37357.7 -3.95128e+07  1.32783e+13            0    -0.233909            0 -1.44353e+17     -1.00098 -2.63068e+12            0  4.08903e+10            0            0            0            0      -136.78       611443            0  7.32078e+09  2.12333e+09     0.824681            0 -1.78633e+07  2.14515e+06            0            0 -1.25945e+09 -1.23827e+10 -6.22561e+08      2.44433  2.95567e+18       280.41     -58433.5            0  4.02501e+07 -4.71983e+09 -1.10223e+10
  1.7557e+17 -6.11864e+21            0            0  -3.3202e+20            0            0  1.46835e+06 -3.49198e+12 -2.79927e+12            0            0  5.09277e+18  5.57181e+11 -1.29974e+09 -9.32647e+18  1.03393e+14  2.83388e+08            0  1.44785e+17  1.60536e+22 -3.09681e+12            0            0        52935  1.96206e+10            0 -1.21843e+22  1.16912e+11            0  3.97792e+10     -433.366            0 -1.71083e+09 -2.22994e+08            0 -4.30308e+14            0  7.28388e+13            0  9.61425e+12            0 -1.80674e+21 -2.90291e+15  7.41106e+11 -1.18314e+21   3.1968e+16  3.41223e+10            0            0            0            0  1.15049e+14 -8.47793e+08  3.50581e+06  2.04531e+11            0  1.81944e+10            0  4.28978e+17            0     -5028.98            0  4.71247e+20     -8665.12  7.36473e+16     -14108.9 -1.06105e+15     -1634.96  5.45179e+08            0            0  5.64236e+08 -4.88041e+07            0            0  4.87698e+11     -2270.39            0  2.05413e+10            0 -2.64886e+12 -1.02892e+10 -1.18523e+11            0            0            0  3.80711e+22 -3.18449e+06            0  2.25255e+11  5.29835e+11 -8.24841e+13 -3.63869e+14
 1.09998e+12  4.06835e+17 -5.51225e+14     -65651.9  3.87137e+16 -5.84259e+11 -1.73253e+06     -1038.98 -3.04637e+08  5.20982e+07  2.55915e+07  2.88168e+06  5.57181e+11   7.3677e+07       433181  7.80057e+14 -1.74203e+09      59451.6  4.55064e+08 -7.00983e+11 -3.74947e+17  -7.0998e+07  7.52942e+06       107002    -0.671972       644618      17703.1  1.37064e+18  4.59814e+06      49210.9 -3.42315e+06    0.0543847 -1.29965e+12       3844.3      4363.59  3.19034e+09  3.33945e+09      1386.99  3.83382e+10  4.48344e+06  -1.8267e+08  3.10731e+06  2.84556e+17 -5.31265e+09  5.48275e+07  3.78269e+16 -2.84851e+11       403632  6.26789e+06 -1.92857e+06 -1.14575e+07 -3.61729e+06 -7.09519e+08  1.25681e+06      122.905  2.21957e+06    0.0857673      9141.54     -99404.9 -1.24044e+13  4.94155e+12     0.243518  9.47102e+08  9.89143e+16      1.58332  1.01309e+12    0.0593443 -1.30888e+11   0.00483827      70254.9 -3.02784e+09  2.17657e+09      237.318       7709.4      8135.74  6.14269e+07  5.82489e+06      0.16961     -808.233      -965792      387.754 -1.21526e+09        -2112 -1.61027e+07  2.17773e+07  4.68419e+06   -0.0633263  3.60765e+17      167.285     -18.2438  2.16222e+08  3.37688e+06  1.07554e+09 -1.70179e+09
           0 -7.03436e+14            0      25844.8  6.28813e+13            0      -243974            0            0            0  1.68811e+08  9.98885e+07 -1.29974e+09       433181  4.41974e+06 -1.78636e+13            0       187646            0  4.00431e+09  4.05766e+15            0  2.34646e+07      -362.57  -0.00240412       866162     -46050.6 -7.69648e+15  1.21248e+07       135426 -1.23834e+07            0            0            0     -45.9725 -1.65321e+10 -2.62105e+07       2121.2            0  1.77946e+06            0            0 -6.94947e+14 -3.62833e+07  1.29001e+08 -3.49562e+15  1.95486e+10            0      -130177 -7.20407e+06 -1.00383e+08  1.04072e+08            0  1.19459e+06   -0.0968151 -1.09621e+06   0.00600594            0      -369597  1.85883e+11            0 -0.000479602            0 -1.15337e+15    -0.017141 -3.16543e+10            0 -1.19385e+09  0.000933796            0            0            0     0.750425      17118.3            0 -5.67213e+07   1.0076e+07    0.0366213            0 -2.32485e+06      1574.15            0            0 -3.20737e+07 -2.09133e+07  3.19698e+07            0  4.87727e+16     0.859448      43.3756            0            0 -1.68091e+07 -2.08903e+08
-2.13869e+19  1.09104e+25   5.2568e+21  1.00699e+13  9.70807e+23  1.04608e+19  1.62655e+14 -2.47374e+10  3.16298e+16 -2.88236e+15 -1.17082e+15 -1.87936e+15 -9.32647e+18  7.80057e+14 -1.78636e+13  2.11687e+23  5.95405e+16 -3.13832e+12 -1.73473e+16  4.47924e+19  5.79417e+24  6.23331e+15  5.97221e+14 -2.81889e+12  1.87841e+07 -1.84597e+13 -1.82665e+13  2.74978e+25 -2.38518e+14 -2.37262e+12  1.32391e+14  1.52437e+06 -2.19229e+20 -2.64347e+11 -2.96058e+11 -1.23026e+17 -2.58574e+17 -1.53287e+11   -2.213e+18 -1.71329e+14  2.75795e+16 -1.52592e+14 -1.05193e+25  1.74097e+17 -2.11703e+15   9.1431e+24 -2.26312e+19  1.24531e+14 -8.74343e+14  1.10566e+14  9.59578e+14 -3.40828e+13  4.00633e+16 -4.09464e+13  1.09519e+10 -5.98491e+13 -1.42108e+07   6.6077e+10  4.50507e+12  2.03728e+20  5.15785e+19  4.23179e+06  -2.6734e+16  -7.6915e+24 -9.08242e+06 -3.72467e+19 -1.27012e+06 -2.43015e+18      -486085 -5.37551e+12 -2.89854e+16 -8.21401e+15 -3.05151e+09 -3.67092e+11 -5.91516e+11 -5.28617e+15 -2.56079e+14  7.02587e+07  3.50178e+10  3.85778e+13   -3.322e+11  3.30076e+16  5.48964e+11  4.36126e+14 -2.63845e+15 -2.96844e+14 -3.62754e+07   2.6968e+25 -4.01444e+09  8.42794e+09 -8.18133e+15 -1.02519e+14  1.25099e+17  -4.5441e+16
-9.48982e+12  2.53407e+19            0            0  9.88621e+16            0  1.29758e+08     -11899.3  4.98107e+10 -1.22679e+09            0            0  1.03393e+14 -1.74203e+09            0  5.95405e+16   6.9495e+12            0 -4.38481e+10  -5.0528e+14 -6.05073e+19  5.02419e+10            0 -1.94113e+07      435.624            0            0  5.57792e+19            0            0            0   -0.0810144 -4.67046e+13            0      -599639            0 -6.30104e+12            0 -1.92468e+11            0            0            0  -2.6677e+20  2.20076e+12            0  5.43068e+18 -8.77313e+13  4.29181e+07 -5.63772e+09            0            0            0 -1.00637e+11            0     -3740.02 -2.97658e+07     -1.79612            0            0 -1.12935e+15  -3.5178e+14      20.1745 -3.44725e+10  9.66045e+17      57.7449   1.7195e+13     -44.0036  4.24713e+12     -1.27282 -2.64794e+06            0            0        12036      51737.7      -218217            0            0     -88.6651            0            0            0  4.46103e+09            0            0            0            0      -12.551 -3.45642e+19      -141799            0 -2.44466e+09   7.6723e+07  2.63664e+11  3.01093e+11
           0 -4.44648e+14            0     -11095.4 -4.25073e+13            0      19682.5     0.407095            0     -19885.4  1.65078e+07  3.02076e+06  2.83388e+08      59451.6       187646 -3.13832e+12            0      36574.6            0  2.80763e+09   5.6392e+14            0 -2.23044e+06            0 -0.000164941     -20354.8      8275.86 -2.31227e+15  1.94592e+06      18622.8      -846195  1.12037e-05  7.74088e+09            0            0 -2.59064e+08  4.23843e+06      77.8847            0       843321            0            0  2.06652e+14      -288227  1.24735e+07 -3.60033e+14  1.73691e+09            0            0      -664926 -7.42857e+06 -7.26327e+06            0       242003            0       840217  0.000102637            0     -30352.8  2.49145e+10            0 -0.000389178            0  1.73724e+13  0.000534542 -2.72118e+09            0 -1.19377e+08  2.01932e-07            0            0            0    0.0334582      2503.56     -151.924  4.82794e+06      -211185   0.00118076            0      -223218      1026.39            0            0 -7.43098e+06       433465  2.14779e+06  0.000981699 -1.67374e+12     0.340298     -5.00313            0      5924.21 -3.73361e+06 -2.44559e+07
-3.65249e+14  -7.2511e+18  -6.6585e+16            0 -5.87671e+16  -1.4704e+14            0            0 -3.92615e+11  9.01666e+09            0            0            0  4.55064e+08            0 -1.73473e+16 -4.38481e+10            0   1.1823e+13 -2.84925e+14  1.98928e+19            0            0  2.05735e+08      5.42044            0            0  -1.8107e+19            0            0            0    0.0527509   1.0272e+14            0  1.00334e+07            0 -1.15564e+11            0  3.07764e+13            0 -1.24323e+10            0  2.48979e+19 -1.44444e+11            0 -1.97929e+18  1.48086e+13            0  6.38413e+10            0            0            0            0            0      3303.34            0     0.312113            0            0  2.82108e+14   4.0977e+14     -6.60374            0  1.53604e+18     -1.49831  5.00536e+14            0 -1.51765e+12            0  1.00027e+07            0            0      860.976      -179128            0            0            0      8.57182            0            0            0            0            0            0            0            0      3.56475  -1.1039e+19            0            0            0            0 -7.26804e+10  1.10665e+12
-7.23003e+17  2.50357e+22  2.29717e+21  2.68853e+10  3.08832e+21  8.78285e+17 -1.46483e+12   2.0329e+08  1.40866e+15 -1.04838e+14  3.49891e+13   8.4889e+12  1.44785e+17 -7.00983e+11  4.00431e+09  4.47924e+19  -5.0528e+14  2.80763e+09 -2.84925e+14  1.04018e+19  9.99581e+21 -1.28336e+13   8.3407e+12 -2.67729e+11      -198378  6.99495e+09  6.71709e+10  6.20284e+22  5.11252e+11  1.05665e+10   8.6133e+11     -11994.2  1.70886e+18 -1.73772e+10 -6.61447e+09  4.25167e+14  -4.8144e+15 -5.24332e+08 -5.05761e+16 -5.50786e+11  5.44566e+14  1.06947e+12 -1.29482e+23 -1.66022e+15  2.50908e+12  6.78603e+20 -1.17352e+17 -2.39949e+11   4.0412e+12  8.69413e+11 -1.05398e+13 -6.86089e+12 -1.78882e+14  1.17949e+10  5.30814e+07  2.85467e+11      32373.4  4.14943e+09 -7.22408e+09 -1.19615e+18   1.0049e+18      13914.2 -3.95815e+14  3.93206e+21      75144.4 -1.84557e+18      17017.9 -1.00093e+15      14277.7  3.69754e+10 -9.93318e+14  7.48943e+14  1.04727e+08   1.3575e+10 -1.52953e+10  4.48385e+13  4.43945e+12       186089 -8.57781e+08 -1.47255e+11 -1.63569e+09 -4.09963e+14 -3.00928e+09 -1.32358e+12 -1.45769e+13  -6.4137e+11       265197 -2.00978e+22  4.45948e+07   1.2078e+07   7.4752e+13  1.02548e+12  1.65395e+14 -4.39447e+15
 1.63431e+22 -5.97224e+27 -7.06507e+24 -7.96439e+15  6.97751e+26 -1.72369e+22  4.44464e+17  1.20183e+13 -2.85722e+19  3.46584e+18  5.68715e+18  7.65109e+17  1.60536e+22 -3.74947e+17  4.05766e+15  5.79417e+24 -6.05073e+19   5.6392e+14  1.98928e+19  9.99581e+21  7.95389e+28 -4.52741e+18  1.63985e+17  4.33914e+15 -2.15774e+10 -5.67177e+14  1.50045e+16 -1.57122e+28 -5.38675e+15  2.85042e+14 -5.91541e+16 -9.47936e+08  1.43897e+23  2.70615e+14   2.9394e+14  2.87133e+19  1.78385e+20  1.46533e+14  1.50759e+21  7.72394e+16 -2.27207e+19  6.96142e+16  8.81059e+27 -1.76494e+20  7.80791e+17 -1.08638e+27  2.17928e+22 -8.38286e+16  7.27853e+17  2.22693e+16  9.67062e+17 -4.52065e+17 -3.48304e+18  7.32739e+15  9.98147e+11  1.55379e+16  1.56201e+08  2.53761e+14 -4.75505e+14 -1.31201e+23  1.54104e+23   1.5849e+09  1.06486e+19  8.98419e+27 -8.25748e+08  3.18574e+22  1.79686e+09  1.01393e+21  1.06831e+09  2.33725e+15  2.95756e+20 -2.31993e+20  8.60755e+12 -3.85678e+13  4.70622e+14   5.9559e+18  1.17409e+17  1.87723e+10 -1.61268e+14 -8.43551e+15  6.63602e+13  1.52554e+20 -3.30292e+14 -1.85014e+17  1.12618e+18  2.34462e+16  1.90997e+10  2.35125e+28  4.44745e+12 -3.52923e+12 -2.99491e+19  1.18592e+17 -4.17932e+19  3.48754e+18
           0  1.68564e+18            0            0  6.46032e+16  1.09432e+15            0            0  2.37111e+10 -4.35643e+09            0            0 -3.09681e+12  -7.0998e+07            0  6.23331e+15  5.02419e+10            0            0 -1.28336e+13 -4.52741e+18  4.07518e+11            0 -5.53107e+06      6.80525            0            0  4.68515e+18            0            0            0            0            0 -1.94822e+06            0            0 -2.92409e+11            0            0  1.29491e+07  7.48301e+10            0 -1.14825e+19  1.01221e+11            0  6.51289e+17 -3.24798e+12            0            0            0            0            0  1.88556e+12            0            0 -1.90435e+06            0            0            0 -5.70865e+13 -1.20709e+14      1.15633 -1.01183e+11 -8.92682e+17      2.93907            0     -3.23887  6.92513e+10     -1.12947       128230            0            0     -2264.48            0            0            0            0     -4.32953            0            0            0            0            0            0            0            0            0  1.70396e+18     -3195.67            0            0 -6.90467e+07   1.2425e+10 -1.40318e+11
           0 -5.38538e+16            0 -4.93404e+06 -5.30081e+16            0 -2.42983e+08     -206.574            0            0 -5.11205e+08  8.92568e+08            0  7.52942e+06  2.34646e+07  5.97221e+14            0 -2.23044e+06            0   8.3407e+12  1.63985e+17            0  1.94428e+10            0            0  6.69933e+07  2.29965e+06  8.14951e+17 -8.90449e+07      -826320  1.36365e+08   -0.0132707 -4.85777e+12            0            0 -1.62564e+11 -3.66087e+09      35611.6            0 -6.54531e+07            0            0  5.25877e+17  1.05814e+09 -2.50922e+08  1.01569e+17  8.62456e+11            0            0  1.76516e+08 -1.15771e+08 -2.18824e+09            0  2.78761e+08            0  3.58941e+08     0.056502            0  5.22687e+06   1.1896e+13            0    -0.021281            0  1.02952e+16    -0.335733            0    0.0250321 -3.73332e+10   -0.0153308            0            0            0            0      -100681            0 -5.93984e+09  3.71742e+08   -0.0589789      77213.6 -1.81377e+08       449748            0            0  -4.4187e+09  7.25327e+08 -1.59897e+08    -0.616059  3.08571e+18            0      1636.57            0            0 -3.13812e+09 -3.45763e+09
-7.28101e+11 -1.85723e+15  1.34239e+14     -5665.49 -8.98176e+13 -1.08418e+11            0     0.662606 -1.17833e+08       434320      -183186      -134560            0       107002      -362.57 -2.81889e+12 -1.94113e+07            0  2.05735e+08 -2.67729e+11  4.33914e+15 -5.53107e+06            0       195804  0.000347627            0      768.846 -4.18936e+15     -15148.1            0     -935.134 -3.94268e-05  2.91495e+10      922.992       4891.4            0  5.59251e+07     -15.8291  4.62628e+09     -882.173 -2.83025e+07            0  6.14644e+15 -9.80269e+07            0  -2.9379e+14  1.15635e+10            0  1.83095e+07     -1952.36       -31351            0  4.80488e+06            0    0.0211936            0 -0.000780012            0            0  1.17139e+11  1.67954e+10  -0.00137739  5.28349e+07 -7.40229e+14  -0.00231749  1.05748e+10  0.000558271  -1.7691e+08  0.000930183      43.7473            0            0   -0.0679091     -408.904            0       650152            0 -0.000486526            0       1106.7     -457.116            0            0            0      -555259            0   0.00248097  3.62057e+15     0.381472     -3.90357            0      5498.52 -2.25836e+07  4.36049e+08
    -50740.7  1.03959e+10  7.63574e+06            0  2.34965e+08     -45765.2    0.0687292 -5.89472e-06       4.7581     -2.41178            0   -0.0574496        52935    -0.671972  -0.00240412  1.87841e+07      435.624 -0.000164941      5.42044      -198378 -2.15774e+10      6.80525            0  0.000347627  6.41724e-07   0.00838089   0.00039961  1.70308e+10  -0.00903598            0    0.0111198  7.01044e-11     -2364.23  -0.00117209 -0.000310578            0     -1880.01            0       450.17 -0.000473035     -1.38665    -0.118545 -1.21177e+11      758.816     0.087783  1.73606e+09     -42058.6            0    -0.470456            0     0.201233            0      215.682  -0.00416464 -8.65035e-07    -0.019495  1.09019e-10  5.61578e-05            0      -508691      16141.1  8.23843e-09     -8.70272  1.68521e+09  1.97813e-08     -23624.9 -3.99698e-08      1630.77  -8.8453e-10 -0.000373086            0     -2.62449 -7.64695e-06  2.27765e-05 -0.000254125            0   -0.0435324 -2.40104e-08            0   0.00574212            0      3.97493 -0.000114249   -0.0679886    -0.706725            0 -4.10569e-09 -2.12505e+10 -6.83214e-05    8.029e-07    0.0865658    -0.361597      102.348      205.256
           0  -5.3574e+15            0       154483 -1.77914e+15            0      -949086      0.55375            0            0  1.15658e+08  6.07645e+07  1.96206e+10       644618       866162 -1.84597e+13            0     -20354.8            0  6.99495e+09 -5.67177e+14            0  6.69933e+07            0   0.00838089   1.6695e+07      -147780 -1.81733e+16  -6.2995e+06      78112.8  2.51599e+06            0            0            0            0 -5.10664e+09  5.31528e+08     -1764.01            0  2.68468e+06            0            0  9.26126e+15  1.55087e+08  2.28521e+08 -6.09903e+14  2.37523e+10            0            0 -1.01859e+06 -9.19767e+07 -9.55221e+07            0      -221356            0 -1.18775e+07  -0.00601521            0      -218403  3.21501e+11            0  -0.00369188            0  3.44826e+15    0.0150053            0  -0.00365644  -1.3011e+09 -0.000853623            0            0            0     -0.66384      26830.3            0  4.94093e+07  7.87359e+07  -0.00776123            0 -1.12668e+07     -703.874            0            0  3.47739e+07 -1.67631e+07  5.13368e+07            0 -4.72659e+15      16.5352     -164.654            0            0 -6.73845e+07   -3.215e+08
           0 -5.17508e+15            0      -750316  4.89057e+14            0            0     0.730725            0            0 -7.54599e+06  3.61032e+07            0      17703.1     -46050.6 -1.82665e+13            0      8275.86            0  6.71709e+10  1.50045e+16            0  2.29965e+06      768.846   0.00039961      -147780  2.30759e+06 -1.14676e+16      -640284     -4583.44      -299635 -5.08886e-05            0            0      97.4287  3.56989e+08   2.9982e+08     -2090.69            0       883047            0            0  2.11714e+15 -3.63665e+07       926742 -2.83848e+15 -3.64193e+10            0       276065       174093  5.27721e+06  1.05661e+07            0      -327018            0      -194201            0      259.844     -14930.5  2.12819e+11            0  -0.00441129            0 -9.96392e+14    0.0053067            0   0.00186283  3.36162e+08            0            0            0            0     0.951384      806.495            0  5.70562e+07  3.25022e+06   0.00405079            0      -102857      13537.4            0            0       543824  9.02856e+07 -2.81358e+06            0 -7.95348e+15      3.57324     -380.005            0       512896 -6.43239e+07 -1.03449e+08
 -2.1875e+21  1.14514e+28  6.04526e+24  7.81935e+15  3.36602e+26  2.13452e+22 -4.92912e+16 -3.11277e+13   3.5821e+19 -3.67963e+18 -4.97614e+18 -1.46188e+18 -1.21843e+22  1.37064e+18 -7.69648e+15  2.74978e+25  5.57792e+19 -2.31227e+15  -1.8107e+19  6.20284e+22 -1.57122e+28  4.68515e+18  8.14951e+17 -4.18936e+15  1.70308e+10 -1.81733e+16 -1.14676e+16  6.80499e+28 -8.32448e+16 -1.46087e+15  8.73289e+16   2.5963e+09  -2.6373e+23 -4.85985e+14 -2.99581e+14 -7.41541e+19 -3.18676e+20 -1.36476e+14 -1.82511e+21 -1.81783e+17  3.37602e+19  3.35339e+17  -1.1471e+28  9.90371e+19 -1.39238e+18  2.35625e+27 -3.06178e+21  2.65042e+16 -1.04491e+18 -3.64526e+16  7.40475e+17  3.46256e+17  1.19969e+19 -1.40466e+16  5.05995e+12 -7.13456e+15  3.15456e+09 -1.49146e+14  2.16805e+15 -2.75978e+23 -1.69847e+23   7.3357e+09  -2.5872e+19 -1.01312e+26  6.73371e+10 -3.47571e+22 -1.90399e+09 -3.91908e+21  1.35769e+09 -1.80373e+14 -8.61269e+19   7.0049e+19 -3.52542e+12 -1.61711e+14 -6.66231e+14 -8.88112e+18 -1.03019e+17  8.86976e+09  1.98217e+14   2.1886e+16  4.99346e+13  -3.4633e+19  3.07252e+14  2.32843e+17 -6.62592e+17 -2.60622e+17 -4.52336e+10  1.00037e+28 -3.63009e+12  4.40897e+12  6.17503e+18 -8.79246e+16  5.13478e+19 -1.11244e+20
           0 -1.84489e+16            0  2.32556e+06 -1.98715e+15            0            0      95.4647            0            0  1.63452e+09  9.13322e+08  1.16912e+11  4.59814e+06  1.21248e+07 -2.38518e+14            0  1.94592e+06            0  5.11252e+11 -5.38675e+15            0 -8.90449e+07     -15148.1  -0.00903598  -6.2995e+06      -640284 -8.32448e+16  2.63262e+08  1.22553e+06 -4.80842e+07   0.00440899  2.03363e+12            0     -1919.35  5.91017e+09 -3.09215e+09      -1096.7            0  9.61863e+07            0            0 -3.67827e+16  1.99461e+08  5.63878e+08 -1.71274e+16   1.5036e+11            0 -5.43922e+06 -6.42601e+07 -8.31371e+08  1.38083e+08            0  1.52246e+07            0  4.30495e+07   -0.0132232            0 -3.50502e+06  8.52167e+11            0   -0.0244352            0  1.73443e+16     0.081507 -1.76708e+11  -0.00937781 -7.45189e+09  -0.00751346      1780.36            0            0      10.9914       175729            0  6.54714e+08  5.18576e+06    0.0432309     -7740.61 -1.84882e+07     -46179.7            0            0 -3.26433e+08 -2.37014e+08   9.0655e+07     0.257905  1.04788e+17     -24.9145       618.11            0       158041 -7.68428e+07 -1.99974e+09
           0 -4.11695e+14            0     -176.188 -3.60689e+13            0            0            0            0     -23163.6  8.05726e+06  3.75876e+06            0      49210.9       135426 -2.37262e+12            0      18622.8            0  1.05665e+10  2.85042e+14            0      -826320            0            0      78112.8     -4583.44 -1.46087e+15  1.22553e+06      28477.4      -191928            0            0            0            0  1.18892e+09  8.95675e+06     -27.9695            0       371377            0            0  6.78719e+13            0  6.39507e+06 -2.79599e+14  1.38417e+09            0            0      -232770 -6.20184e+06 -1.85401e+06            0       153141            0       384002   5.8283e-05            0     -21942.8   1.9789e+10            0 -0.000397747            0 -7.19939e+13  0.000664225 -5.16636e+08            0 -1.06955e+08  8.07233e-06            0            0            0            0      1898.95     -176.997       867057   1.2017e+06  0.000639909            0      -344526      -64.974            0            0 -3.24814e+06       209001  2.04245e+06            0  -8.0941e+13     0.353935      3.75491            0            0 -4.78454e+06 -1.58341e+07
           0  3.20307e+16 -3.34007e+13      -1744.5  4.32434e+15            0            0     -16.5854 -5.30347e+06       708284 -3.00061e+08  -1.8689e+08  3.97792e+10 -3.42315e+06 -1.23834e+07  1.32391e+14            0      -846195            0   8.6133e+11 -5.91541e+16            0  1.36365e+08     -935.134    0.0111198  2.51599e+06      -299635  8.73289e+16 -4.80842e+07      -191928  2.89566e+08  -0.00106549 -3.90017e+11            0            0  3.60038e+10  1.18857e+09      4070.23            0  1.44701e+07            0            0 -6.99916e+16  1.01031e+08 -2.42718e+09  3.63591e+15 -1.79067e+11            0      -331821  2.27886e+07   4.3137e+08 -1.78807e+09            0 -3.01761e+07            0  2.14677e+07   0.00542805            0  2.00396e+06 -1.76207e+12            0      0.01362            0 -9.67678e+15   -0.0352224  2.96721e+11  -0.00281921  4.72673e+09            0      -522.17            0            0            0      -107031            0  9.76195e+07  2.28501e+08    0.0209328      -2210.9 -7.50711e+06      -7211.1            0            0  1.25818e+08  2.98726e+07 -2.35015e+08    -0.049462 -1.47704e+17     -3.51136      27.5214            0      -126444  2.96397e+08  1.67094e+09
     -484.62  7.32609e+08      -827676  6.99596e-05  8.11095e+07            0            0  3.55921e-07      1.31271   -0.0620266   -0.0453005    0.0600569     -433.366    0.0543847            0  1.52437e+06   -0.0810144  1.12037e-05    0.0527509     -11994.2 -9.47936e+08            0   -0.0132707 -3.94268e-05  7.01044e-11            0 -5.08886e-05   2.5963e+09   0.00440899            0  -0.00106549  1.66432e-09      38148.9            0  3.40536e-07            0      25.9748            0     -45.8591   0.00890056        1.903   0.00119343 -2.46064e+08      6.15164   0.00540599  7.37997e+07      -268.16   0.00773368    0.0203154 -0.000688625   0.00383274            0            0   0.00193464 -2.16052e-08            0 -1.20954e-11 -7.17855e-06 -5.97859e-05       -22316            0  4.54652e-10            0 -6.06571e+07  3.16231e-09            0 -1.33898e-11      -296.19 -4.82636e-11 -2.13693e-06     0.260839    -0.154115 -9.16153e-08  6.37065e-06 -5.05896e-05   -0.0297541   -0.0124415 -6.50195e-10  3.87308e-06  0.000818292  6.43516e-06            0  2.29613e-05    0.0212784     -0.11421  -0.00603795  5.99425e-10  7.27092e+08 -3.00631e-08 -9.28446e-09   -0.0307859  -0.00135897      3.09341      12.2983
