 4.58941e+20 -1.34651e+23 -1.16012e+22  2.24053e+10 -1.17404e+21  9.64653e+18            0            0 -9.35162e+14    1.442e+15            0            0  1.29552e+18  1.04646e+13            0 -4.56631e+20 -3.44754e+13            0 -1.27886e+15 -9.49923e+18  5.67214e+22            0            0 -3.01442e+12      -169675            0            0 -4.00972e+21            0            0            0     -1663.92 -9.80911e+17  2.64169e+11  -3.9476e+10            0 -5.38516e+15            0 -2.10623e+17            0  -6.9224e+15  8.20423e+12  7.94689e+21  9.03128e+14            0 -2.53892e+20  6.60837e+17 -1.04531e+13 -2.13834e+14            0            0            0            0            0            0 -1.11528e+11     -116.943            0            0  7.10921e+18  5.67902e+20     -5263.54  9.56994e+14 -5.88002e+08      84248.8  2.31159e+19      7466.59 -1.50867e+16     -7113.78  1.61085e+10            0            0  5.69783e+07 -3.72886e+09  4.68787e+09            0            0       272841            0            0            0            0            0            0 -1.35025e+13            0     -39894.1  3.47072e+23  1.07051e+08 -9.10275e+06            0  9.02659e+11  -7.8704e+14  7.71446e+14
-1.34651e+23  8.25225e+28   2.1814e+26  2.11279e+16  1.02187e+26  1.09993e+23 -3.47022e+17 -7.22756e+13  5.42955e+19 -1.78852e+19 -6.05155e+18 -1.90735e+18 -6.68594e+22  5.59329e+18 -1.11964e+16  2.46638e+26  1.24857e+20 -2.45897e+15 -3.48093e+19  5.26922e+23 -2.76548e+28  1.11365e+19 -4.54013e+17 -1.15469e+16  5.01602e+10  -4.6826e+16 -3.93209e+16  9.27064e+27 -1.77125e+17 -2.50271e+15  2.72042e+17  3.35085e+09 -8.95602e+23 -1.10472e+15 -8.05577e+14 -3.55351e+20 -1.32828e+21 -4.17473e+14 -4.89841e+21  -1.9124e+17  4.56198e+19 -5.48863e+17 -2.49837e+28  3.57433e+20 -4.62525e+18   5.0889e+26 -7.54707e+22  3.62198e+17 -3.65596e+18  3.61657e+16  6.12476e+17 -7.01439e+17  5.61523e+19 -7.22455e+16  6.36345e+10 -1.11537e+17  6.23779e+09 -5.12392e+14  3.28853e+15 -3.07956e+24 -9.94045e+23  4.88468e+09 -5.66755e+19  7.09437e+12 -1.76407e+10 -1.61859e+23 -3.11594e+09 -6.49205e+21 -2.55834e+09 -1.03291e+16 -1.68392e+20  1.22522e+20 -1.58381e+13 -1.85535e+14 -9.87907e+14 -1.87029e+19 -3.40069e+17 -4.05142e+09  2.30174e+14   8.9016e+16 -3.17457e+14 -8.60114e+19  6.31702e+14  8.73722e+17 -5.41902e+18  -3.7553e+17 -4.44464e+10  1.05793e+28 -3.16738e+13  6.74679e+12  2.52312e+19 -7.78151e+17  4.02667e+20 -1.93371e+20
-1.16012e+22   2.1814e+26  1.50918e+27            0  1.54201e+24  2.78374e+22            0            0  4.04149e+18 -5.63314e+17  -7.8099e+16            0            0 -1.70782e+16            0  7.08325e+23            0            0 -5.13357e+17  8.38431e+22 -9.08301e+25            0            0  9.63084e+14  7.43051e+07            0            0  3.54834e+25            0            0            0 -4.22006e+06            0            0 -1.59001e+13            0 -1.22063e+18            0  -1.0605e+20            0 -6.43742e+17            0 -2.70406e+26            0            0 -5.32442e+23 -9.02747e+20            0   1.8263e+17            0            0            0            0            0            0            0 -4.51474e+06            0            0 -1.29521e+22            0  1.71158e+07            0            0      -458991 -6.11129e+22            0  1.59774e+19            0 -4.81141e+12            0            0            0  3.70576e+13            0  6.84038e+16            0            0            0            0            0            0            0            0            0            0            0  1.09523e+26            0            0            0            0   1.0272e+18 -1.39358e+19
 2.24053e+10  2.11279e+16            0  2.81363e+06 -7.81494e+13            0            0    -0.626632            0      -456510 -1.13133e+07 -1.14377e+08            0      -264551      68056.8  1.06795e+14            0       -23225            0  2.50613e+11 -1.27054e+16            0 -1.32689e+07     -13401.6            0       574609 -2.58825e+06   2.7958e+15  7.88992e+06     -423.279       -12577  0.000141371 -2.85845e+10            0     -1662.23            0 -6.11605e+08      1836.91 -5.10796e+08  2.15312e+06            0            0 -6.75333e+15  6.83959e+07  2.73377e+06  4.17541e+14  7.54026e+10            0 -7.41331e+06      -506307 -1.50083e+07   1.7949e+07            0       854956            0     -22480.4 -0.000154566            0     -85735.9 -1.19051e+12            0   0.00218085            0            0 -0.000745087            0  -0.00287188  1.65476e+08            0            0  1.33165e+07 -3.20755e+06    -0.280363     -731.954            0 -1.31921e+08  -1.0975e+06  -0.00879713      419.046       609714       -65972            0            0  9.11531e+06 -6.31178e+08       109762 -0.000570078  2.04966e+16     -6.80823      225.042            0 -1.01243e+06  1.95874e+08  6.40266e+07
-1.17404e+21  1.02187e+26  1.54201e+24 -7.81494e+13  9.89297e+24  8.08254e+19 -7.54831e+14 -6.10338e+11  4.74391e+16  1.56457e+16  3.55658e+16  5.94243e+15 -1.34537e+20  1.38841e+16 -3.57589e+13  5.39887e+23 -9.06138e+16 -1.02982e+13  1.84174e+16  2.31376e+21  1.36364e+26  4.10985e+14 -1.47651e+16 -2.30042e+13  1.16797e+07 -6.75233e+14   2.5008e+14 -7.45373e+24 -8.42995e+14 -8.76723e+12  1.45584e+15  1.11196e+07 -1.07518e+21 -5.84022e+11 -1.50903e+12 -3.91471e+16  9.04995e+17 -2.51314e+12  1.34254e+18  2.18602e+15  8.13699e+16 -3.22873e+15 -3.26208e+25 -8.36116e+17 -3.26106e+16 -4.56838e+24 -1.19284e+21  1.49493e+15 -1.25866e+16   1.4605e+15 -1.41161e+16 -4.04381e+15  1.07553e+17 -8.96121e+14 -1.60015e+08 -1.20145e+15   6.0285e+07   6.5704e+11  2.21208e+13  -2.3557e+22 -5.29303e+21  6.21577e+06 -9.21912e+16  2.88501e+12 -7.82029e+07  -3.5801e+20  1.09995e+07 -1.81073e+19  1.19048e+07 -8.21911e+12  1.27586e+18 -1.23513e+18  3.36023e+10 -1.32231e+12 -6.51618e+12  2.51073e+15 -3.44221e+15  1.51299e+08  -1.6549e+12  8.78756e+14 -8.91695e+11  3.76588e+17 -8.44221e+10  7.37389e+15 -4.60138e+16 -3.95859e+15 -2.77036e+07 -4.25928e+25  1.31739e+10  9.03478e+09 -1.10164e+17  4.97356e+15  9.63057e+17  1.48858e+17
 9.64653e+18  1.09993e+23  2.78374e+22            0  8.08254e+19   3.7333e+20            0            0  1.24998e+15 -2.00598e+14            0            0            0 -8.35724e+12            0  3.13208e+20            0            0 -7.45322e+14  1.68152e+19 -6.81436e+22  8.43437e+15            0 -6.71402e+11      -209193            0            0  2.29276e+22            0            0            0            0            0 -1.99816e+11 -3.02615e+09            0 -6.33661e+15            0 -1.10732e+17  1.50644e+12  6.79092e+15            0 -1.87051e+23            0            0  3.53882e+20 -3.55686e+17            0  5.72813e+12            0            0            0            0            0            0            0            0            0            0 -6.52308e+18 -3.17305e+19      9669.21  -5.7927e+14            0      77908.6            0            0  7.27766e+15            0            0            0            0            0    3.675e+09            0            0            0            0            0            0            0            0            0            0            0            0            0 -4.90185e+22            0            0            0            0  8.15897e+14   -1.459e+16
           0 -3.47022e+17            0            0 -7.54831e+14            0   1.6262e+09     -92.4052            0            0            0            0            0 -1.79277e+07  -1.0167e+06  2.08848e+15  4.33845e+08      67710.3            0 -1.90413e+13  1.09893e+18            0 -1.07356e+09            0     0.226777 -5.81983e+06            0 -3.27264e+16            0            0            0            0            0            0            0            0   1.2127e+10            0            0            0            0            0   6.5398e+16            0            0  5.96649e+15  2.00416e+12            0            0 -1.91394e+07            0            0            0 -2.40043e+07            0 -3.22456e+07   -0.0937316            0      -304874 -3.60304e+12            0    0.0365986            0      4950.93    0.0432268            0            0  4.25411e+10            0            0            0 -1.90412e+08            0            0            0            0            0     0.047142            0  1.46515e+07            0            0            0  2.72162e+08            0            0            0  7.72397e+16     -398.242            0            0            0 -5.03999e+09  2.68701e+09
           0 -7.22756e+13            0    -0.626632 -6.10338e+11            0     -92.4052     0.897881      -6268.7      3816.87      6246.65       2036.9  7.22185e+06     -6725.19            0 -2.80437e+11     -26231.5     0.868714            0  1.65276e+09   2.1572e+13            0     -574.828      1.68158  -1.2569e-05      2.36241      2.70762 -1.20316e+13      330.424            0      -52.635  3.94453e-08  3.38535e+09            0     0.288119            0 -1.62032e+06   -0.0798334      -138973      371.419     -63989.2      429.969 -2.22868e+13       -69905     -254.257  9.65112e+10  1.47528e+08     -240.135      595.971      112.098     -1195.37            0            0      75.6377  6.20345e-06      22.0409 -1.16084e-06            0     -2.12418  3.35937e+09  1.32145e+09  -4.1204e-06            0   -0.0398042 -5.16597e-05  8.15526e+06  6.73035e-07  8.05942e+06  1.23603e-06   -0.0816177     -4085.54      3430.36   0.00412116     0.112247            0      5056.91            0  2.98675e-06   -0.0414372      59.9154            0            0   -0.0205521      729.028            0     -254.911  0.000112264 -2.17881e+13    0.0143688            0            0      24.8598      -330714      -491830
-9.35162e+14  5.42955e+19  4.04149e+18            0  4.74391e+16  1.24998e+15            0      -6268.7  3.47676e+12 -2.59527e+11  -1.6118e+09            0 -1.01224e+13  -8.8908e+08            0  2.16039e+17  6.45282e+10            0 -4.86097e+11  6.69921e+15 -2.76955e+19  4.50012e+10            0 -1.77376e+08      6.16889            0            0  9.15754e+18            0            0            0      1.69305 -3.89513e+14 -1.04205e+07  -6.0836e+06            0  2.58537e+09            0 -1.00252e+14            0   9.1549e+11            0 -2.12864e+19  2.65701e+11            0  5.59342e+17 -1.38948e+14  4.49578e+08  -1.8487e+10            0            0            0 -2.02707e+11            0            0 -1.05788e+07    -0.478411 -2.83832e+06            0 -2.79162e+15 -2.86468e+15      4.25595 -1.88005e+12     -17300.6      14.7892 -1.28359e+15            0  1.49164e+12     -4.77444       191560            0            0     -17475.5  3.35526e+06            0  1.41164e+09  4.04291e+07     -17.0568            0            0            0 -1.66925e+09   3.1378e+06            0 -4.91766e+09            0     -11.5317  1.92417e+19     -10352.5      2318.04  3.29109e+08 -8.50357e+07  3.29586e+11 -1.16118e+12
   1.442e+15 -1.78852e+19 -5.63314e+17      -456510  1.56457e+16 -2.00598e+14            0      3816.87 -2.59527e+11  1.70087e+11  6.79966e+08            0 -2.27191e+13  5.21618e+08            0 -6.46968e+16 -4.94398e+09     -86024.4  3.41205e+10 -1.59459e+15  1.08868e+19 -2.59207e+10            0  2.12038e+06     -10.1636            0            0 -3.06392e+18            0      -110027            0    -0.261797  4.77304e+13   4.8048e+06       840625            0 -1.05115e+11            0   4.5891e+13            0 -2.43527e+11  1.46756e+08  4.71074e+18 -1.39621e+11            0 -1.98322e+17  4.84726e+13 -2.52695e+08 -2.19576e+09            0            0            0  7.94454e+10            0       3.1559  7.93877e+06    -0.185591       310947            0  9.90189e+14   9.6957e+15     -1.45526   1.2841e+11     -8517.67     -2.29807   1.2933e+15            0 -8.66374e+11     0.175619       436528 -3.84767e+09            0      5604.57      -784828  6.05991e+06 -5.95544e+08  1.29565e+08      17.0586            0            0            0 -5.34414e+09      -270889            0  9.98477e+08            0      1.73094  2.12653e+18      1362.63     -155.541  1.05381e+09  7.88268e+07 -1.14958e+11   6.6626e+10
           0 -6.05155e+18  -7.8099e+16 -1.13133e+07  3.55658e+16            0            0      6246.65  -1.6118e+09  6.79966e+08  6.14073e+11  1.71615e+10            0  1.04212e+08  3.97217e+08 -1.46866e+16            0  3.08163e+07            0  2.29949e+14  8.19351e+18            0 -1.28818e+09      -354557            0  3.86965e+08 -2.34298e+07 -1.74264e+18  4.95443e+09  1.72018e+07  -8.2742e+08   -0.0826787            0            0            0 -6.25475e+11  3.27551e+11 -1.07792e+07            0 -8.55119e+07            0            0  3.30261e+18 -8.05748e+10  2.85761e+09 -4.25041e+16  1.00615e+13            0 -1.93524e+08   -2.371e+09  -3.8031e+10 -1.68086e+10            0  6.33468e+08            0   2.2708e+09    0.0733194            0 -4.60308e+07  2.68349e+14            0    -0.412606            0     -4113.98     -5.28043  2.16746e+14            0  4.89312e+10    0.0291249            0            0            0            0  3.77851e+06            0   2.3969e+11  2.02576e+10            0 -4.38056e+06  -7.4028e+07      -981381            0            0  -1.0615e+10 -3.58989e+09  5.29914e+08            0  6.44684e+18      1199.51        86247            0            0  -5.0327e+10 -5.67498e+09
           0 -1.90735e+18            0 -1.14377e+08  5.94243e+15            0            0       2036.9            0            0  1.71615e+10  1.33583e+11            0  5.65332e+06  2.22951e+08 -1.63308e+16            0  5.19671e+06            0  5.22542e+13  1.15914e+18            0  2.09103e+09      -275774   -0.0977743  1.91807e+08  1.04373e+08 -5.96999e+17  2.61684e+09  7.56675e+06 -4.94473e+08    0.0983527  9.29161e+13            0     -34205.9  3.39591e+12  1.21723e+10      -436554            0  1.40427e+09            0            0  2.34689e+17  4.93301e+09  1.08169e+10 -5.10981e+16 -1.57976e+12            0 -1.52549e+08 -1.39845e+09 -8.49306e+09   1.2972e+10            0 -5.50221e+08            0 -2.62136e+08       0.5221       -76583 -7.66064e+07  8.66857e+13            0    -0.132559            0     -38616.2     -1.76389 -1.19646e+13            0  8.34944e+10            0            0            0            0     -205.759  1.07288e+06            0  1.87904e+10  7.19622e+09      2.11296            0 -4.68702e+07   4.5982e+06            0            0 -2.92988e+09 -3.72337e+10  -1.4146e+09      3.67309  4.36795e+18      1475.33     -76420.2            0  2.46993e+08 -1.36221e+10 -1.66018e+10
 1.29552e+18 -6.68594e+22            0            0 -1.34537e+20            0            0  7.22185e+06 -1.01224e+13 -2.27191e+13            0            0  3.06036e+19  4.37845e+12 -4.51309e+09 -1.89179e+20  3.08116e+14  8.46874e+08            0   1.6413e+18  4.04419e+22 -1.34335e+13            0            0       144052  1.03915e+11            0 -8.41211e+21  5.78279e+11            0  1.72317e+11     -1282.49            0  -5.6514e+09  -7.4438e+08            0 -1.64405e+15            0  5.63922e+14            0  2.78717e+13            0 -1.22394e+21 -7.69809e+15  3.72758e+12 -4.21362e+20  1.97537e+17  1.26361e+11            0            0            0            0  5.23542e+14 -3.28835e+09      63656.3  7.59991e+11            0  6.19192e+10            0  4.16676e+18            0     -5187.36            0 -2.63597e+08     -18178.5  5.71646e+17     -36463.9 -3.91247e+15     -3943.91  1.86907e+09            0            0  1.40761e+09 -1.41415e+08            0            0  2.75848e+12      5795.27            0  8.83054e+10            0 -7.44418e+12  -2.6578e+10 -4.44275e+11            0            0            0  8.29292e+22 -2.30446e+07            0  1.11557e+12  5.50324e+12 -4.88336e+14 -9.06696e+14
 1.04646e+13  5.59329e+18 -1.70782e+16      -264551  1.38841e+16 -8.35724e+12 -1.79277e+07     -6725.19  -8.8908e+08  5.21618e+08  1.04212e+08  5.65332e+06  4.37845e+12  9.04428e+08  2.29733e+06  1.78985e+16 -6.74684e+09       239734  1.67297e+09 -4.66416e+12 -1.41665e+18 -3.84421e+08  3.84796e+07       476276     -2.50436  4.65388e+06     -69372.4    1.042e+18  3.08229e+07       226066 -2.05167e+07     0.262531 -1.83474e+13      14747.4      17034.7  2.60455e+10  2.73227e+09      3929.63  2.29299e+11  2.35154e+07  -5.1893e+08   1.7845e+07  6.77077e+17 -1.77421e+10   3.6768e+08  2.78245e+16 -3.30071e+12  4.08543e+06  3.44029e+07 -1.23151e+07 -6.13222e+07 -2.97182e+07 -4.29302e+09  6.49136e+06      3.56968  1.12056e+07     0.498594      41414.4      -448393 -2.19364e+14  8.27955e+13     0.374006  3.59029e+09      14833.9      4.44836  1.04108e+13     0.202196 -7.04815e+11   0.00706292       338206 -1.20833e+10  7.95578e+09      763.802        32061      30667.6  2.89716e+08  4.66039e+07     0.810922     -2105.14 -5.41542e+06      1160.95 -5.12145e+09     -3811.18 -8.30118e+07  1.24776e+08  2.38189e+07    -0.586366  2.26485e+18      1942.85     -24.4998  1.53719e+09   4.5731e+07  2.44402e+10 -7.95585e+09
           0 -1.11964e+16            0      68056.8 -3.57589e+13            0  -1.0167e+06            0            0            0  3.97217e+08  2.22951e+08 -4.51309e+09  2.29733e+06  1.05934e+07 -1.58789e+14            0       357180            0  2.96536e+10  7.57518e+15            0  5.70003e+07     -794.828  -0.00427977  2.94967e+06      -147154 -3.67086e+15  3.74281e+07       294479 -3.51319e+07            0            0            0     -98.6467 -6.37744e+10 -5.64669e+07      3794.37            0  4.36108e+06            0            0  -3.6379e+15 -5.99402e+07  4.12265e+08 -7.72376e+14  7.34817e+10            0      -439642  -2.0319e+07 -2.50232e+08  3.00375e+08            0  2.93242e+06  -0.00106482 -3.11397e+06    0.0124434            0      -765777  1.08895e+12            0 -0.000319122            0      650.557   -0.0279012 -1.51745e+11            0  -2.6653e+09   0.00137173            0            0            0      1.15975      32566.4            0 -1.55519e+08  3.59258e+07    0.0694004            0 -6.27534e+06       3523.9            0            0 -7.84505e+07 -6.61315e+07  7.81944e+07            0  7.89221e+16      4.80127      61.6003            0            0  -2.7553e+07 -3.32882e+08
-4.56631e+20  2.46638e+26  7.08325e+23  1.06795e+14  5.39887e+23  3.13208e+20  2.08848e+15 -2.80437e+11  2.16039e+17 -6.46968e+16 -1.46866e+16 -1.63308e+16 -1.89179e+20  1.78985e+16 -1.58789e+14  6.65273e+24  4.78709e+17 -2.22033e+13 -1.31738e+17  1.44975e+21  2.02992e+24  6.71633e+16  4.60538e+15 -2.93424e+13  1.54966e+08 -2.64536e+14 -2.25692e+14  3.27662e+25 -2.69082e+15 -1.91095e+13  1.50354e+15  1.17881e+07  -4.4501e+21 -2.65885e+12 -2.71482e+12 -1.96273e+18 -3.66651e+18 -1.15033e+12 -2.65598e+19 -1.63579e+15  2.02597e+17 -1.82068e+15 -7.72271e+25  1.29482e+18 -2.64701e+16  7.65736e+24 -4.03091e+20  1.58072e+15 -1.26858e+16  1.23923e+15  9.12756e+15 -2.91205e+14  4.54178e+17  -3.9556e+14  5.06332e+08 -5.78534e+14 -7.28016e+07 -1.06024e+11  3.56316e+13 -2.10769e+20  6.29463e+20  1.22853e+07 -2.05487e+17 -5.66448e+12 -9.91875e+07 -7.87054e+20 -9.51473e+06 -2.18652e+19  -4.5109e+06 -5.05465e+13 -1.55645e+17 -2.60166e+16 -2.96312e+10 -2.64052e+12 -4.71172e+12 -5.90516e+16 -3.99006e+15  4.04089e+08  3.37561e+11   4.1255e+14  -2.8172e+12   1.7217e+17  3.52631e+12  4.21516e+15  -3.2607e+16 -2.60172e+15 -2.32807e+08   1.7537e+26 -1.03557e+11  4.58409e+10 -7.87503e+16 -2.88306e+15  2.01883e+18 -3.83867e+17
-3.44754e+13  1.24857e+20            0            0 -9.06138e+16            0  4.33845e+08     -26231.5  6.45282e+10 -4.94398e+09            0            0  3.08116e+14 -6.74684e+09            0  4.78709e+17  1.02051e+13            0 -6.17535e+10 -2.76963e+15 -6.92524e+19  1.08768e+11            0 -3.31545e+07      618.283            0            0  1.64801e+19            0            0            0  0.000963507 -1.88016e+14            0 -1.00514e+06            0 -1.37579e+13            0 -4.41864e+11            0            0            0 -3.13299e+20  2.85516e+12            0  9.94963e+17 -2.71072e+14  1.29532e+08 -1.48186e+10            0            0            0 -2.29457e+11            0     -34.0668 -5.36527e+07     -2.56249            0            0 -6.03189e+15 -2.19288e+15      10.0854 -4.94945e+10       543225      40.0471  6.21913e+13      -56.595  7.36777e+12      -2.0977  -5.0026e+06            0            0      14183.4      75114.1      -333232            0            0     -113.328            0            0            0  6.03587e+09            0            0            0            0     -15.8635 -1.73386e+19      -628357            0 -5.83325e+09  3.01303e+08  8.31184e+11  3.25277e+11
           0 -2.45897e+15            0       -23225 -1.02982e+13            0      67710.3     0.868714            0     -86024.4  3.08163e+07  5.19671e+06  8.46874e+08       239734       357180 -2.22033e+13            0      55103.1            0  1.08789e+10  7.39905e+14            0 -4.43046e+06            0 -0.000233948     -55829.8      20493.6  -6.9478e+14  4.76132e+06      31961.1 -1.88459e+06  1.42047e-05   3.1413e+10            0            0 -7.92474e+08  1.43467e+07      120.534            0  1.63096e+06            0            0  4.02131e+13      -396575  3.13827e+07 -6.32696e+13  5.29639e+09            0            0 -1.48147e+06 -1.46159e+07 -1.68607e+07            0       473674            0   1.6153e+06  0.000199014            0     -49674.2  1.32553e+11            0 -0.000194492            0      36.7439  0.000818423 -1.04733e+10            0 -2.13479e+08   2.2354e-06            0            0            0    0.0405438      3750.77     -251.743  1.05852e+07      -611013   0.00184171            0      -485592      1871.51            0            0 -1.44548e+07  1.18043e+06  4.13001e+06   0.00124179 -5.31431e+14      1.50299      -5.6076            0      29539.3 -1.31452e+07  -3.0522e+07
-1.27886e+15 -3.48093e+19 -5.13357e+17            0  1.84174e+16 -7.45322e+14            0            0 -4.86097e+11  3.41205e+10            0            0            0  1.67297e+09            0 -1.31738e+17 -6.17535e+10            0   1.5987e+13 -1.52359e+15  2.17115e+19            0            0  3.35664e+08      6.50272            0            0 -5.30628e+18            0            0            0    0.0657537  3.98329e+14            0   1.5937e+07            0 -1.50475e+11            0  6.73685e+13            0 -1.67029e+10            0  3.08138e+19 -1.84365e+11            0 -3.33604e+17  4.40832e+13            0  1.59719e+11            0            0            0            0            0      28.7379            0     0.408971            0            0  1.46125e+15  2.41632e+15     -3.10773            0       120751      6.41358  1.81503e+15            0 -2.54927e+12            0  1.81738e+07            0            0      1080.79      -240587            0            0            0      10.9932            0            0            0            0            0            0            0            0      4.27863 -2.32393e+19            0            0            0            0 -2.23189e+11   1.3415e+12
-9.49923e+18  5.26922e+23  8.38431e+22  2.50613e+11  2.31376e+21  1.68152e+19 -1.90413e+13  1.65276e+09  6.69921e+15 -1.59459e+15  2.29949e+14  5.22542e+13   1.6413e+18 -4.66416e+12  2.96536e+10  1.44975e+21 -2.76963e+15  1.08789e+10 -1.52359e+15  2.07819e+20  3.47807e+22  -9.7148e+13  6.06736e+13 -1.74981e+12 -1.03351e+06 -1.62632e+11  5.69772e+11  6.10572e+22  4.54419e+12  6.14488e+10  8.18024e+12     -66996.4  2.59292e+19 -1.24891e+11 -4.01087e+10  4.75134e+15  -4.0889e+16 -3.36962e+09 -4.45605e+17 -4.23505e+12  2.99747e+15  9.16222e+12 -6.16575e+23 -8.16886e+15  1.36829e+13  6.54607e+20 -1.37748e+18 -1.92188e+12  2.26561e+12  6.99065e+12 -7.47798e+13 -6.32991e+13  -1.5284e+15 -1.96442e+11  1.94842e+06   1.8965e+12       227558  2.68246e+10 -3.60319e+10 -2.37897e+19  2.20186e+19      26798.1 -2.21874e+15  4.61618e+09       575732 -2.62471e+19      80946.5 -1.19794e+16      70101.6  2.64159e+11 -5.18865e+15  3.58666e+15  4.91147e+08  6.80227e+10 -9.49048e+10  3.20016e+14  4.62046e+13       965103 -4.34546e+09 -7.90527e+11 -1.17806e+10 -2.25724e+15 -1.43254e+10 -7.60265e+12 -1.53172e+14 -6.40037e+12  1.27581e+06  5.46151e+21  6.84561e+08  6.52695e+07  6.93838e+14  1.94326e+13  2.57606e+15  -2.1425e+16
 5.67214e+22 -2.76548e+28 -9.08301e+25 -1.27054e+16  1.36364e+26 -6.81436e+22  1.09893e+18   2.1572e+13 -2.76955e+19  1.08868e+19  8.19351e+18  1.15914e+18  4.04419e+22 -1.41665e+18  7.57518e+15  2.02992e+24 -6.92524e+19  7.39905e+14  2.17115e+19  3.47807e+22  6.69917e+28 -7.35247e+18   5.0526e+17  5.41989e+15 -2.43875e+10  1.67804e+15   2.8151e+16 -4.04493e+27  6.92016e+15    5.052e+14 -1.12211e+17 -1.15741e+09  4.52321e+23  3.64787e+14  3.70789e+14  9.30002e+19  3.56814e+20  1.55522e+14  2.66358e+21  1.26293e+17 -2.48076e+19  1.44943e+17  9.15131e+27 -1.83345e+20  1.68425e+18  -1.5598e+26  5.01647e+22 -1.71775e+17  1.53381e+18  2.44551e+16  1.30713e+18  -7.6036e+17 -7.04112e+18  1.83154e+16  5.30058e+09  3.04674e+16  6.03903e+08  3.39984e+14 -8.50569e+14 -2.48743e+23  6.66879e+23  2.64116e+08  1.02329e+19  6.91669e+14  4.03667e+09   9.6877e+22  1.77121e+09  1.52125e+21  1.12925e+09  3.69521e+15  3.03587e+20 -2.12113e+20  8.59462e+12 -2.08042e+13   5.5247e+14   9.5208e+18  2.65364e+17  1.74418e+10 -1.69281e+14 -2.20915e+16  1.00994e+14  1.61847e+20 -3.28745e+14 -3.64554e+17  2.31816e+18  5.37339e+16  1.90212e+10  1.41152e+28  1.60293e+13 -3.00761e+12 -5.35909e+19  4.78379e+17 -1.35225e+20  9.43037e+18
           0  1.11365e+19            0            0  4.10985e+14  8.43437e+15            0            0  4.50012e+10 -2.59207e+10            0            0 -1.34335e+13 -3.84421e+08            0  6.71633e+16  1.08768e+11            0            0  -9.7148e+13 -7.35247e+18   1.2837e+12            0 -1.37977e+07      15.1112            0            0  1.84668e+18            0            0            0            0            0 -4.70505e+06            0            0 -9.33438e+11            0            0  3.54727e+07   1.5529e+11            0 -2.02535e+19  1.92042e+11            0  1.74786e+17 -1.52174e+13            0            0            0            0            0   6.2662e+12            0            0 -5.12528e+06            0            0            0 -4.84863e+14 -1.09335e+15     0.846207 -2.12441e+11      -127925      2.98624            0     -6.16507  1.75042e+11     -2.10265       323553            0            0     -4110.58            0            0            0            0     -6.83897            0            0            0            0            0            0            0            0            0  6.16024e+18     -20301.2            0            0 -5.21436e+08  7.84829e+10 -2.58392e+11
           0 -4.54013e+17            0 -1.32689e+07 -1.47651e+16            0 -1.07356e+09     -574.828            0            0 -1.28818e+09  2.09103e+09            0  3.84796e+07  5.70003e+07  4.60538e+15            0 -4.43046e+06            0  6.06736e+13   5.0526e+17            0  4.94113e+10            0            0  2.36274e+08  7.55862e+06  3.14612e+17 -2.90239e+08 -1.89065e+06  4.05378e+08    -0.024193 -2.62219e+13            0            0 -6.82999e+11 -1.01986e+10      66944.5            0  -1.6978e+08            0            0  8.77915e+17  1.91019e+09 -9.05652e+08  2.39818e+16  3.44155e+12            0            0  5.02675e+08 -3.75125e+08 -6.60877e+09            0  7.07288e+08            0  9.31573e+08    0.0870521            0   1.1183e+07  6.76941e+13            0   -0.0192114            0     -2207.55      -0.5744            0    0.0426995 -8.08374e+10   -0.0267714            0            0            0            0      -200570            0 -1.74936e+10  1.42743e+09            0       149384 -5.11379e+08  1.04889e+06            0            0  -1.1151e+10  2.33651e+09 -4.08136e+08     -1.03658  5.29223e+18            0      2383.42            0            0 -7.59171e+09 -5.87737e+09
-3.01442e+12 -1.15469e+16  9.63084e+14     -13401.6 -2.30042e+13 -6.71402e+11            0      1.68158 -1.77376e+08  2.12038e+06      -354557      -275774            0       476276     -794.828 -2.93424e+13 -3.31545e+07            0  3.35664e+08 -1.74981e+12  5.41989e+15 -1.37977e+07            0       385343  0.000271485            0      2185.26 -1.55547e+15     -42631.9            0            0 -7.28741e-05  1.35328e+11       1679.5       9338.8            0  1.58948e+08      -25.859   1.2447e+10     -1915.89  -4.6606e+07            0  8.14368e+15 -1.46642e+08            0 -5.59554e+13  4.08245e+10            0  5.46162e+07     -5014.89     -72303.1            0  1.26315e+07            0  0.000228402            0 -0.000859484            0            0  6.62347e+11  1.20715e+11 -0.000806165  8.73338e+07     -28.9234  -0.00174479  5.42243e+10  0.000809281 -3.63594e+08   0.00133004      102.531            0            0   -0.0940288     -702.674            0  1.49091e+06            0 -0.000485257            0      2733.19     -942.079            0            0            0 -1.58039e+06            0   0.00367525  2.78415e+15      1.65511     -4.91793            0      33004.8 -8.11859e+07  6.52293e+08
     -169675  5.01602e+10  7.43051e+07            0  1.16797e+07      -209193     0.226777  -1.2569e-05      6.16889     -10.1636            0   -0.0977743       144052     -2.50436  -0.00427977  1.54966e+08      618.283 -0.000233948      6.50272 -1.03351e+06 -2.43875e+10      15.1112            0  0.000271485  8.78462e-07    0.0206203  0.000943159  4.75533e+09   -0.0217974            0    0.0224007  1.26075e-10     -9420.27  -0.00188406 -0.000507602            0     -4076.02            0      809.999 -0.000764781     -1.43313     -0.27052 -1.38012e+11       958.67     0.214504   3.1819e+08      -125527            0     -1.20189            0     0.380453            0      482.225  -0.00751392 -7.29961e-09   -0.0343481  7.58567e-11  7.00638e-05            0 -2.56067e+06      88714.4  4.01608e-09      -12.211  0.000200711  1.20798e-08     -87323.5 -4.94435e-08      2750.51  -1.1419e-09 -0.000782161            0     -2.97404 -9.61631e-06  3.65556e-05 -0.000372097            0     -0.11564 -3.08241e-08            0    0.0114795            0      5.11173 -0.000128315    -0.122586     -1.70852            0 -4.84057e-09 -1.57047e+10 -0.000291126  8.44087e-07     0.173588     -1.84737      324.102      236.838
           0  -4.6826e+16            0       574609 -6.75233e+14            0 -5.81983e+06      2.36241            0            0  3.86965e+08  1.91807e+08  1.03915e+11  4.65388e+06  2.94967e+06 -2.64536e+14            0     -55829.8            0 -1.62632e+11  1.67804e+15            0  2.36274e+08            0    0.0206203  7.93776e+07      -657682 -8.16494e+15 -2.68815e+07       235004  9.80535e+06            0            0            0            0 -2.80999e+10  2.07754e+09     -4459.87            0  9.31967e+06            0            0  1.61328e+16  3.58794e+08  1.05768e+09 -2.13362e+14  1.33053e+11            0            0 -4.04786e+06 -3.19706e+08 -3.96695e+08            0 -1.01826e+06            0 -3.91857e+07    -0.012307            0      -644390  2.88618e+12            0  -0.00342513            0      1836.47    0.0399347            0  -0.00842585 -4.07334e+09  -0.00171153            0            0            0     -1.42817      71547.2            0  1.91031e+08  3.98941e+08   -0.0152832            0 -4.33203e+07     -2476.54            0            0  1.18333e+08 -7.39057e+07  1.76834e+08            0 -1.64281e+16      131.089     -325.558            0            0 -3.11072e+08 -7.24493e+08
           0 -3.93209e+16            0 -2.58825e+06   2.5008e+14            0            0      2.70762            0            0 -2.34298e+07  1.04373e+08            0     -69372.4      -147154 -2.25692e+14            0      20493.6            0  5.69772e+11   2.8151e+16            0  7.55862e+06      2185.26  0.000943159      -657682   9.5386e+06 -4.90248e+15  -2.6307e+06       -13053 -1.10372e+06 -0.000132228            0            0      271.054  1.82174e+09  1.19171e+09     -4922.09            0  2.85314e+06            0            0  5.14252e+15 -7.89337e+07   4.2353e+06 -8.77998e+14 -1.77921e+11            0  1.20882e+06       647842  1.70252e+07  4.06436e+07            0 -1.07131e+06            0      -673185            0      738.716     -40391.4  2.00761e+12            0   -0.0036754            0            0    0.0153288            0   0.00397671  9.69731e+08            0            0            0            0      1.98474      1997.83            0   2.0575e+08   1.5427e+07    0.0085086            0      -370505      40632.3            0            0  1.71024e+06  3.77698e+08 -9.01235e+06            0 -2.27199e+16      26.2119     -698.266            0  4.38822e+06 -3.42394e+08 -2.10959e+08
-4.00972e+21  9.27064e+27  3.54834e+25   2.7958e+15 -7.45373e+24  2.29276e+22 -3.27264e+16 -1.20316e+13  9.15754e+18 -3.06392e+18 -1.74264e+18 -5.96999e+17 -8.41211e+21    1.042e+18 -3.67086e+15  3.27662e+25  1.64801e+19  -6.9478e+14 -5.30628e+18  6.10572e+22 -4.04493e+27  1.84668e+18  3.14612e+17 -1.55547e+15  4.75533e+09 -8.16494e+15 -4.90248e+15  3.72751e+27 -4.30837e+16 -4.90031e+14  4.38405e+16  7.03636e+08 -2.00059e+23 -1.64654e+14  -9.9105e+13 -5.43236e+19 -1.32017e+20 -3.51378e+13  -8.2531e+20 -6.47594e+16  9.43527e+18  1.68378e+17 -2.72018e+27  2.70961e+19 -6.85533e+17  8.22339e+25 -3.15528e+21  9.52383e+15 -5.45424e+17 -6.24879e+15  2.72605e+17  1.66908e+17  5.03631e+18 -4.17331e+15  8.50636e+09 -2.46733e+15  8.60069e+08 -7.36151e+13  8.25827e+14 -2.89754e+23 -2.32449e+23  5.95926e+08 -7.87009e+18 -3.93943e+13  1.48804e+10 -3.04771e+22 -4.88152e+08 -1.20529e+21   3.9045e+08  4.51195e+13 -2.23279e+19  1.72709e+19 -1.05479e+12 -4.82241e+13 -2.05677e+14 -3.38016e+18 -7.07692e+16  1.20055e+09  5.29161e+13  7.44507e+15  1.19942e+13 -9.99781e+18   7.4963e+13  9.31557e+16 -7.18789e+16 -8.96026e+16 -1.06694e+10  2.89083e+27 -3.33146e+12  8.49309e+11     3.22e+18 -8.72473e+16  4.78085e+19 -2.45432e+19
           0 -1.77125e+17            0  7.88992e+06 -8.42995e+14            0            0      330.424            0            0  4.95443e+09  2.61684e+09  5.78279e+11  3.08229e+07  3.74281e+07 -2.69082e+15            0  4.76132e+06            0  4.54419e+12  6.92016e+15            0 -2.90239e+08     -42631.9   -0.0217974 -2.68815e+07  -2.6307e+06 -4.30837e+16  1.05358e+09  3.42427e+06 -1.73323e+08    0.0097377   1.3541e+13            0     -5287.28  2.92248e+10 -1.06036e+10     -2701.28            0  3.02381e+08            0            0 -9.23076e+16  4.24456e+08  2.33568e+09 -4.91551e+15  7.40661e+11            0 -2.35829e+07 -2.33626e+08 -2.67419e+09  4.90793e+08            0  4.91069e+07            0  1.37646e+08    -0.022879            0 -9.33197e+06  8.15558e+12            0   -0.0198554            0      12471.1     0.182113 -1.06103e+12   -0.0195137 -2.21029e+10   -0.0147997      5620.08            0            0      22.0479       430413            0  2.35769e+09  3.15603e+07     0.173428     -18327.7 -6.69399e+07      -134756            0            0 -1.03707e+09 -9.74165e+08   2.8545e+08     0.535291  2.04282e+17      -186.07      1131.18            0  1.43375e+06 -5.57885e+08 -4.09344e+09
           0 -2.50271e+15            0     -423.279 -8.76723e+12            0            0            0            0      -110027  1.72018e+07  7.56675e+06            0       226066       294479 -1.91095e+13            0      31961.1            0  6.14488e+10    5.052e+14            0 -1.89065e+06            0            0       235004       -13053 -4.90031e+14  3.42427e+06      55684.6      -493324            0            0            0            0  4.16473e+09  2.74714e+07     -45.5277            0       819790            0            0  -1.1598e+14            0  1.85882e+07 -5.74404e+13  4.89468e+09            0            0      -594861 -1.39014e+07 -4.91468e+06            0       341638            0       865825  0.000132878            0     -41129.9  1.25695e+11            0 -0.000225231            0      20.7804   0.00108281  -2.3572e+09            0 -2.16271e+08  1.20045e-05            0            0            0            0      3244.07     -322.031  2.13272e+06  3.89747e+06   0.00097295            0      -846768     -134.632            0            0 -7.20871e+06       601771  4.49274e+06            0  -5.4147e+14      1.80087      4.74079            0            0 -1.65923e+07 -2.26811e+07
           0  2.72042e+17            0       -12577  1.45584e+15            0            0      -52.635            0            0  -8.2742e+08 -4.94473e+08  1.72317e+11 -2.05167e+07 -3.51319e+07  1.50354e+15            0 -1.88459e+06            0  8.18024e+12 -1.12211e+17            0  4.05378e+08            0    0.0224007  9.80535e+06 -1.10372e+06  4.38405e+16 -1.73323e+08      -493324  9.82241e+08  -0.00221529 -2.40103e+12            0            0  1.64745e+11  3.32616e+09      8605.44            0  4.01371e+07            0            0 -1.40555e+17  1.67157e+08 -9.27257e+09  8.59177e+14 -8.30284e+11            0            0  7.85411e+07   1.2847e+09 -6.20599e+09            0 -8.99225e+07            0  7.98464e+07   0.00930461            0  4.91413e+06 -1.28952e+13            0    0.0113445            0     -3669.37   -0.0878544  3.34689e+11   -0.0052793  1.28243e+10            0     -1443.49            0            0            0      -239182            0  3.78482e+08  9.97117e+08   -0.0197745     -5090.68  -2.4455e+07     -19618.6            0            0  3.62047e+08  1.16001e+08  -6.8149e+08   -0.0949156 -2.22942e+17     -21.4187      49.2439            0      -706515  1.44816e+09  3.17517e+09
    -1663.92  3.35085e+09 -4.22006e+06  0.000141371  1.11196e+07            0            0  3.94453e-08      1.69305    -0.261797   -0.0826787    0.0983527     -1282.49     0.262531            0  1.17881e+07  0.000963507  1.42047e-05    0.0657537     -66996.4 -1.15741e+09            0    -0.024193 -7.28741e-05  1.26075e-10            0 -0.000132228  7.03636e+08    0.0097377            0  -0.00221529  2.29561e-09       134305            0 -2.26781e-07            0        49.19            0      -106.88    0.0156321      2.72067   0.00253428 -4.82805e+08      7.82504    0.0138192  1.75299e+07     -1295.89    0.0191608    0.0492293  -0.00151797   0.00952928            0            0   0.00350088 -1.79055e-10            0 -1.20962e-11 -1.18584e-05 -8.94012e-05      -129969            0  2.36819e-10            0 -2.36805e-07  2.81283e-09            0 -1.50592e-11     -506.771 -6.38649e-11 -9.84892e-06     0.308584     -0.18451  -1.2051e-07  8.97309e-06 -7.59038e-05   -0.0627438   -0.0343546 -7.72398e-10  5.45716e-06   0.00163125  1.12111e-05            0  2.80231e-05    0.0386122    -0.277946   -0.0107286  1.28821e-10  1.61928e+09 -1.49916e-07 -1.17772e-08   -0.0703361   -0.0068803      16.6857      14.8652
