 2.80704e+16 -1.67538e+16 -1.34783e+16  1.47489e+07 -3.15882e+20  1.14201e+14            0            0 -2.35642e+12  2.59684e+10            0            0  1.90537e+14  4.22688e+08            0 -1.20388e+15  2.02227e+11            0 -2.66707e+12 -1.19912e+14 -1.48036e+20            0            0 -4.56054e+09     -916.229            0            0  6.70385e+18            0            0            0      -10.313 -3.89444e+13  5.11389e+08 -8.23099e+07            0 -7.64887e+12            0 -9.21291e+13            0 -1.56236e+13  3.27728e+08  3.07177e+17  5.26642e+12            0 -1.49246e+20  3.82696e+13 -2.68028e+09 -3.54752e+10            0            0            0            0            0            0 -1.16694e+08      4.27413            0            0  8.25859e+13  3.00962e+15 -3.53872e+08  1.77682e+12 -4.05243e+20      602.639  1.08557e+15      37.1285 -1.14103e+13     -54.2329  1.68445e+07            0            0       393234 -1.55916e+07  1.32504e+07            0            0      434.063            0            0            0            0            0            0 -4.69519e+08            0     -257.107  5.92283e+18      63969.2      -121610            0   2.1333e+07 -9.50769e+11  3.00911e+12
-1.67538e+16  3.59662e+19  1.25553e+17  3.51165e+10  2.68768e+23  3.25259e+15  -6.3181e+10 -1.85862e+08   3.2154e+14  -6.6553e+11 -4.72367e+12 -9.51492e+11 -1.84543e+16  5.44335e+11  2.63132e+09  1.31044e+18  4.41794e+14  -9.8362e+09 -1.72739e+14  1.19374e+16 -3.69671e+23  2.01896e+12  -7.0499e+11 -3.70176e+10       485950 -3.44396e+10 -3.45025e+10  2.92337e+22 -5.48078e+10 -7.47762e+09  2.15486e+11      42115.9 -9.15839e+16 -4.71412e+09 -3.78197e+09 -5.19278e+13 -1.94344e+15 -4.90108e+09 -5.14468e+15 -1.83472e+11  2.30583e+14 -9.54909e+10 -3.82836e+20  4.84072e+15 -7.34389e+11  4.46216e+23 -2.06539e+16  2.58843e+11 -1.32868e+12 -3.27511e+10  4.03639e+11 -2.93816e+11  4.59584e+13 -1.10622e+11  2.61293e+18 -1.70512e+11      63110.5   -1.285e+09  5.14421e+09 -9.80394e+16 -9.66731e+15  8.91538e+11  -2.2165e+14  1.94396e+23      18791.2 -1.43727e+16     -37068.8 -9.74281e+15     -37722.4 -3.65097e+10 -1.57597e+15  1.60111e+15 -2.50995e+08 -9.65927e+08  -6.1315e+09 -9.00724e+12 -1.15081e+10       119656  2.27741e+09  1.13987e+11 -1.01187e+09 -7.57471e+14   9.7185e+09  9.32305e+11 -5.88914e+11 -5.01037e+11      -815312 -2.15871e+20  -4.2028e+07   2.2127e+08  3.54362e+11 -4.40555e+10  9.42873e+14 -1.61231e+15
-1.34783e+16  1.25553e+17  1.05945e+19            0  4.08909e+21  3.52646e+15            0            0  4.68197e+13 -3.38023e+10 -3.07857e+11            0            0 -5.87609e+09            0  6.05228e+15            0            0  -1.3866e+13  1.04993e+16 -1.15936e+21            0            0  2.41318e+10      2363.24            0            0  2.62463e+19            0            0 -4.80389e+09     -444.731            0  2.39105e+09  1.49094e+08            0 -3.03873e+13            0 -1.99371e+14            0 -2.99252e+13  2.90655e+08  -5.6233e+18            0            0 -7.29075e+21 -6.41123e+14            0  5.75381e+11            0            0            0            0            0            0            0     -754.516            0            0 -1.26136e+15            0  8.29956e+09  7.81238e+12 -4.38355e+21      -3122.7 -2.63462e+16            0  1.04809e+14            0 -6.41758e+07            0            0            0  1.40837e+09            0  1.73543e+11            0            0            0            0            0            0            0            0  1.17183e+10            0            0  -2.4263e+19  4.53301e+06  -2.0296e+06            0            0  1.57742e+13 -4.77418e+14
 1.47489e+07  3.51165e+10            0      19698.9 -7.44552e+14            0            0  -0.00917968            0     -85.3984       -43821      -494254            0     -165.132      684.188  1.95071e+09      -280725     -570.328            0  2.29859e+07 -1.30718e+15            0     -75254.2     -219.382            0      1932.68     -9592.25  1.70554e+13      19037.3     -6.37385       70.044   9.2508e-06 -1.26057e+07            0     -36.5205            0 -2.73656e+06      93.9499 -2.48482e+06      12417.9            0            0 -6.55824e+11  3.88612e+06       2328.6   1.9401e+15  7.33109e+07            0     -12836.6     -2387.82     -54071.5      23455.8            0      5320.75            0     -169.421 -1.06616e-05            0     -1484.16 -1.83559e+08            0      1607.44            0  1.47384e+14   7.7092e-05            0 -0.000178086  2.49363e+06            0            0       570411      -200228   -0.0219403     -26.8426            0      -265436     -608.288 -0.000735689      18.4026      3679.77     -1031.57            0            0      51397.9      -245149      933.448 -4.14063e-05  3.10508e+12   -0.0373638      31.2415            0     -234.768  5.71719e+06    3.115e+06
-3.15882e+20  2.68768e+23  4.08909e+21 -7.44552e+14  5.08023e+28 -1.22241e+19  -1.1051e+15 -6.17453e+12 -1.70909e+18  1.21356e+16  1.74783e+17  6.80786e+16   1.6126e+20  5.74334e+15  1.17826e+15  1.80478e+22 -1.16831e+18  8.88119e+13   1.5992e+18  1.48426e+20  1.05406e+28  6.36315e+14  -7.8114e+16  1.62209e+14  4.81323e+08 -1.42297e+15  9.67079e+14  2.87866e+26  9.09195e+14   2.9375e+13  1.72148e+15    5.766e+08 -2.84923e+20  4.72319e+13 -2.18688e+12  1.64493e+18  7.57185e+18 -8.30346e+13  5.98797e+19  1.42684e+16  -7.7966e+17 -3.04305e+15 -5.72523e+23 -4.40185e+19 -1.30071e+16 -2.26858e+28 -1.16843e+21  4.59966e+15 -8.78562e+15  1.46671e+15 -5.70872e+16  -7.8222e+15  2.47505e+17 -4.55493e+15  -2.9785e+22  -4.7897e+15   5.8934e+09  6.29195e+13 -1.11329e+14 -3.17868e+21  6.56088e+19  4.43942e+15  1.21811e+18  8.72359e+27 -4.95469e+09   1.8709e+20  8.27992e+08 -1.18508e+20   1.1745e+09 -1.10511e+14  3.48134e+19 -5.91939e+19  4.35006e+12  6.29221e+12 -7.92539e+13  3.51372e+16 -3.60577e+14  1.74679e+10 -7.48527e+13  3.54994e+15 -7.77286e+12  9.81392e+18 -3.62077e+13  2.17648e+16 -1.36367e+16 -1.53241e+16 -1.43604e+09 -1.35438e+25  1.75879e+11 -1.58852e+11 -5.05581e+15  9.48517e+14  1.34137e+19  1.15581e+19
 1.14201e+14  3.25259e+15  3.52646e+15            0 -1.22241e+19  8.91299e+14            0            0  6.29187e+11 -6.96742e+08            0            0            0 -6.55798e+07            0  1.11497e+14            0            0 -3.13772e+11  3.97041e+13 -7.99377e+19   1.0975e+11            0 -1.98044e+08     -404.559            0            0  2.37368e+18            0            0            0            0            0 -7.51641e+07 -1.21969e+06            0 -8.90534e+11            0 -9.93667e+12  2.68339e+08  3.01228e+12            0 -1.68814e+17            0            0  1.66038e+19 -5.82887e+12            0  2.86898e+08            0            0            0            0            0            0            0            0            0            0 -1.59767e+13 -3.34814e+13  1.29583e+08 -2.05194e+11  1.16413e+18      217.286            0            0  1.16911e+12            0            0            0            0            0  2.97239e+06            0            0            0            0            0            0            0            0            0            0            0            0            0 -3.58166e+17      1397.14            0            0            0  2.56641e+11 -1.15363e+13
           0  -6.3181e+10            0            0  -1.1051e+15            0       152180    -0.115464            0            0            0            0            0     -760.798     -1177.93  6.95398e+09       781958      193.228            0 -2.69089e+08  9.19922e+15            0      -721089            0  0.000975894     -2209.75            0 -5.62949e+13            0            0            0            0            0            0            0            0  1.41778e+07            0            0            0            0            0  3.61516e+11            0            0  2.77765e+15  1.65532e+08            0            0     -10477.5            0            0            0     -17579.1            0       -22108 -0.000770844            0     -616.498 -1.27606e+08            0      3506.08            0  3.58676e+15   0.00079381            0            0  3.80214e+07            0            0            0 -1.34643e+06            0            0            0            0            0   0.00229852            0        10404            0            0            0       180305            0            0            0  1.66106e+13    -0.323305            0            0            0 -1.35398e+07   1.2994e+07
           0 -1.85862e+08            0  -0.00917968 -6.17453e+12            0    -0.115464    0.0131027     -211.078     0.949496      29.0717      13.7634      16826.7     -3.53307            0 -7.95959e+06     -576.387    0.0326648            0       297184  1.56636e+12            0     -4.91162    0.0380052 -7.23635e-07   0.00774986    0.0133147  -2.3161e+11      1.22863            0    -0.342185   3.0644e-07  2.16902e+06            0   0.00803406            0     -20771.7  -0.00505799     -2044.42      3.29854     -2327.79     0.450879 -2.29435e+09     -6748.79    -0.323501  2.53217e+12       238885    -0.813009      1.11107     0.685845     -6.12364            0            0     0.749235  2.18689e+06     0.402012 -2.36456e-07            0   -0.0587028       626868      99788.9     -3.43291            0 -2.17456e+12 -1.31505e-05      5098.21  7.28014e-08      66844.8  1.47726e-07  -0.00198364      -317.46      317.715  0.000559168    0.0069973            0      13.1207            0 -4.55379e-07  -0.00263896      0.55618            0            0  -0.00169152      7.02966            0     -2.43908  1.16415e-05   3.4683e+09  0.000158116            0            0   0.00870725     -1743.27     -30794.9
-2.35642e+12   3.2154e+14  4.68197e+13            0 -1.70909e+18  6.29187e+11            0     -211.078  3.82442e+11 -1.93889e+08  -2.6693e+07            0   -5.035e+10 -1.82554e+06            0  1.62718e+13   3.8825e+09            0 -4.41941e+10  3.44099e+12 -8.89723e+18  1.25673e+08            0 -1.13056e+07     -1.25553            0            0  1.67625e+17            0            0      -416510      0.36368 -6.98929e+11      -806989      -534595            0  2.47712e+10            0 -1.92581e+12            0  8.67785e+10      -193136 -5.87736e+15  6.34648e+10            0  8.66899e+18 -6.80334e+11  5.05748e+06 -1.22909e+08            0            0            0 -2.45057e+09            0            0      -448396   -0.0557713      -215545            0 -1.63359e+12 -6.60856e+11  1.24364e+07 -1.44794e+11 -4.62708e+17      12.5473  -2.5473e+12            0  6.53749e+10     -1.50813      27379.2            0            0     -5287.69       527554            0  1.50459e+07       100068     -4.67193            0            0            0   -3.359e+08       835583            0 -7.78601e+06            0     -3.46146  -8.3918e+15     -10.5182      1348.62       110264     -93228.8  2.72812e+10 -1.87412e+11
 2.59684e+10  -6.6553e+11 -3.38023e+10     -85.3984  1.21356e+16 -6.96742e+08            0     0.949496 -1.93889e+08       863490      76022.2            0 -9.89204e+08      6604.41            0 -3.21534e+10 -1.58374e+06     -53.4829  2.16043e+07 -5.47278e+09  2.01141e+16      -489620            0      874.704  -0.00828432            0            0 -2.50111e+14            0     -47.6783      1186.25 -0.000331675  5.73354e+08      2664.89      495.168            0 -8.50481e+07            0  6.03303e+09            0 -1.56419e+08      2055.81  9.66781e+12 -2.25772e+08            0 -2.39339e+16  1.44003e+09     -19051.2      -104095            0            0            0  6.49242e+06            0  1.62459e+10      2321.36 -0.000637598      158.928            0  3.88398e+09  1.49886e+10     -29147.9  6.68735e+07 -7.76598e+14   -0.0160094  1.75313e+10            0 -2.19651e+08  0.000394986      143.532 -4.64249e+06            0      11.6515      -830.01      5106.25     -42853.1      1924.32    0.0235232            0            0            0  -6.4531e+06      -487.23            0      10091.5            0   0.00334533  4.80256e+13      0.17988    -0.573057      2118.61      446.451 -6.89189e+07  4.90247e+07
           0 -4.72367e+12 -3.07857e+11       -43821  1.74783e+17            0            0      29.0717  -2.6693e+07      76022.2  1.23962e+09   3.7751e+07            0      31208.2  2.04518e+06 -8.91545e+10            0       404512            0  1.72096e+10  3.04616e+17            0 -3.09603e+06     -3632.27            0       699139     -46907.7 -3.76106e+15  6.31015e+06       150609 -1.86357e+06   -0.0024065            0            0            0 -3.31966e+08  1.53999e+09      -294633            0      -462280            0            0  1.32123e+14 -2.50597e+09   1.1819e+06 -1.72725e+17  2.70619e+09            0      -209969 -4.42005e+06 -7.05736e+07 -1.05168e+07            0  1.90676e+06            0   7.1027e+06    0.0056994            0      -416328  1.85684e+10            0      -154839            0 -6.86056e+16    -0.340498  6.56532e+10            0  1.88254e+08  0.000850701            0            0            0            0      74464.9            0  2.86637e+08  5.75879e+06    -0.691333      -110277       169729     -8285.09            0            0 -3.07805e+07      -785686  1.70203e+06            0  6.11101e+14      3.09866      6274.72            0            0 -5.65016e+08 -1.40138e+08
           0 -9.51492e+11            0      -494254  6.80786e+16            0            0      13.7634            0            0   3.7751e+07  3.49766e+08            0      4618.33  1.35088e+06 -2.48775e+11  4.12491e+07      88109.9            0  4.47373e+09  3.41775e+16            0  6.91234e+06     -2655.21  -0.00425162       405214       239876 -1.61018e+15  3.99506e+06      79183.3 -1.34896e+06   0.00433727  2.50042e+10            0      -442.02  2.15709e+09  1.78582e+08     -13852.8            0  4.77904e+06            0            0 -1.93214e+12  1.85123e+08  5.25522e+06 -2.01857e+17  -2.7521e+09            0      -155363 -4.17628e+06 -1.82699e+07  1.10605e+07            0  -2.1061e+06            0      -745846    0.0265205     -879.814      -824005  6.76852e+09            0     -64381.9            0 -3.88668e+16   -0.0714066 -3.81414e+09            0  4.05266e+08            0            0            0            0     -9.53242      25252.8            0  2.37043e+07  2.35302e+06   -0.0715887            0      -148797      44224.1            0            0 -1.08938e+07 -8.82522e+06 -5.11168e+06     0.173691  2.86724e+14      4.81294     -6660.06            0      34496.4 -2.53437e+08 -4.42553e+08
 1.90537e+14 -1.84543e+16            0            0   1.6126e+20            0            0      16826.7   -5.035e+10 -9.89204e+08            0            0  1.05855e+16  4.29245e+08 -1.29348e+07 -7.23595e+14    9.106e+11  4.75758e+06            0  4.33905e+13  2.97542e+20 -1.82704e+09            0            0      1520.62  7.69557e+07            0  3.14055e+18  3.00609e+08            0  1.90074e+08     -18.4391            0 -2.65036e+07 -3.53752e+06            0 -3.60725e+12            0  2.33621e+11            0  1.50075e+11            0  -3.4672e+17 -1.00999e+14  6.95956e+08 -6.10265e+20  2.82487e+13  1.57579e+08            0            0            0            0  3.65291e+11  2.45588e+06  2.78738e+15  1.79329e+09            0  2.61521e+08            0   1.2581e+14            0 -8.06765e+08            0 -4.94244e+19     -540.831  6.14902e+13     -566.804 -5.72474e+12     -72.1176  8.38155e+06            0            0  2.51266e+07 -1.27557e+06            0            0   3.3676e+08     -1974.81            0  1.17527e+08            0 -6.88463e+10 -3.87849e+08 -9.21037e+08            0            0            0  3.86109e+18     -17096.7            0  1.86276e+07  2.63717e+08  -2.4844e+12 -8.77736e+12
 4.22688e+08  5.44335e+11 -5.87609e+09     -165.132  5.74334e+15 -6.55798e+07     -760.798     -3.53307 -1.82554e+06      6604.41      31208.2      4618.33  4.29245e+08      21554.6       1289.4  1.90234e+10 -5.76494e+06      370.847  2.48244e+06 -1.05943e+08 -5.69892e+15     -17043.5      14508.7      487.865  -0.00521646      938.847      26.9466   7.2183e+14      4527.29      235.446     -5430.02  0.000348713 -4.87615e+08       21.871       25.634  1.70935e+06       552983      16.2354  7.26384e+07      7937.52 -1.07745e+06      552.527  4.24308e+12 -6.59834e+07        18758  5.18499e+15 -3.06535e+08      668.601      4180.24     -3399.26     -13184.7     -1818.49      -791771      2608.69  3.32466e+10      5002.99   0.00101917      47.4282     -464.175 -1.55788e+09  2.92028e+08      14196.3  4.49495e+06  3.68122e+15    0.0365461  3.24548e+08   0.00058889 -1.62152e+08  4.83293e-05      315.459 -2.94252e+07  2.83615e+07      3.83988      70.8537      61.5331      45035.2      1455.98  9.99949e-05     -9.71807     -2158.05     0.821703  -1.2058e+07     -35.4597     -30372.9      3916.36      9394.65  0.000292218  8.31403e+12     0.629063    -0.666851       6085.2       572.21   7.8182e+06 -1.35904e+07
           0  2.63132e+09            0      684.188  1.17826e+15            0     -1177.93            0            0            0  2.04518e+06  1.35088e+06 -1.29348e+07       1289.4       138599 -6.19338e+09      88950.1      12053.8            0  1.88196e+06 -2.43371e+14            0       446114     -18.0616 -0.000281211      13301.2     -776.865  2.46712e+13       125003      6680.24      -204055            0            0            0     -3.00845 -9.23687e+07 -1.26539e+06      265.485            0      31549.9            0            0  1.14684e+11 -4.82398e+06       448620 -6.41729e+15  3.97549e+07            0     -1056.76      -133890 -1.22939e+06       549475            0      26031.3 -4.05716e+08       -15166   0.00105203            0     -18291.5  2.00717e+08            0      -296.71            0 -8.16654e+14  -0.00366056 -1.10298e+08            0 -2.56264e+07  0.000174196            0            0            0      0.13392       1653.3            0      -432372      28438.9   0.00155442            0     -53997.7      78.8171            0            0      -617224     -35377.9       647438            0  1.52533e+13    0.0340251      12.2711            0            0      -868421 -1.99184e+07
-1.20388e+15  1.31044e+18  6.05228e+15  1.95071e+09  1.80478e+22  1.11497e+14  6.95398e+09 -7.95959e+06  1.62718e+13 -3.21534e+10 -8.91545e+10 -2.48775e+11 -7.23595e+14  1.90234e+10 -6.19338e+09  6.20385e+17  1.79012e+13 -1.79315e+09 -7.91906e+12  5.09573e+14  -5.9161e+21  1.37535e+11  6.61491e+10 -1.16016e+09      14282.9 -2.70109e+09 -2.39749e+09  1.24607e+21 -2.25634e+10 -1.00794e+09  2.21375e+10      1488.18 -5.75742e+15 -1.04747e+08 -1.66615e+08 -5.95454e+12 -5.47481e+13 -1.31405e+08 -3.61978e+14 -3.19283e+10  1.33816e+13 -2.94636e+09  -1.2092e+19  2.04946e+14 -7.08928e+10  1.08559e+23 -3.33304e+15  1.40983e+10 -6.53908e+10  2.18893e+10  8.71469e+10 -5.12156e+08  4.43707e+12  -8.7403e+09   2.8257e+17 -1.28334e+10     -37274.2  1.44039e+06  2.22684e+09   2.2795e+15   1.5555e+14  1.32248e+10 -9.43863e+12 -3.52012e+22     -11116.4 -1.17325e+15     -1081.61 -3.78222e+14     -129.149 -2.18094e+09 -4.54128e+13  1.15924e+13 -4.08378e+06 -3.36854e+08 -4.05829e+08 -2.43139e+11 -6.74343e+09       124518  2.01727e+07  7.94357e+09   -1.581e+08  2.54148e+13  7.25824e+08  8.35669e+10 -3.90193e+10 -4.91027e+10     -49277.5  1.16358e+20 -1.56186e+06  1.93448e+07 -1.75187e+10 -1.57491e+09   1.5783e+14  -2.1072e+13
 2.02227e+11  4.41794e+14            0      -280725 -1.16831e+18            0       781958     -576.387   3.8825e+09 -1.58374e+06            0  4.12491e+07    9.106e+11 -5.76494e+06      88950.1  1.79012e+13  4.63045e+11        28435 -3.27964e+09 -8.40571e+11 -8.78642e+18  1.48164e+08            0 -1.32647e+06      31.3077            0       640128  2.40908e+17       128217            0      -320161   -0.0177852 -2.53025e+11            0     -59515.5            0 -1.01661e+11            0  1.82042e+10            0  4.86248e+08      -375708  -4.6773e+16  3.17098e+11      -963075  7.33718e+18 -5.43555e+11 -5.24246e+06 -6.51915e+07            0  -4.6918e+06  3.67353e+06 -2.21202e+09       107490 -1.57271e+13 -1.29416e+06     -0.47445     -16516.9      27441.5 -1.62465e+12 -2.41851e+11  1.41055e+07  -2.3431e+09  2.71998e+18      21.9031  1.67542e+11     -6.55706  1.27432e+11     0.153651      -126862            0            0      6250.82      3151.14     -23778.6            0            0      -13.544            0            0            0  5.79429e+08            0  2.18022e+06  4.61312e+06            0     -3.71721 -3.33908e+16     -5922.02      2963.54 -1.27956e+06  6.87312e+06  2.80888e+10   4.5858e+10
           0  -9.8362e+09            0     -570.328  8.88119e+13            0      193.228    0.0326648            0     -53.4829       404512      88109.9  4.75758e+06      370.847      12053.8 -1.79315e+09        28435      4848.02            0  8.55966e+06   2.4425e+14            0     -87190.4            0  -2.9025e-05       -765.3      272.317 -3.42027e+12      41083.9      1894.71     -28953.7  4.44568e-06  4.87427e+07            0            0 -2.96397e+06     -51786.1      18.0346            0      32808.8            0            0  1.42752e+11     -47371.5      89260.3 -1.14229e+15  2.76905e+07            0            0     -25362.7      -188800       -76344            0      10815.8            0        37244  2.96173e-05            0     -3071.94  7.24431e+07            0     -522.993            0  1.15823e+14  0.000224157 -1.91163e+07            0 -5.33278e+06 -7.36598e-07            0            0            0      0.01241      498.663     -24.7564      69101.3     -951.804  7.67854e-05            0     -10765.1      102.361            0            0      -293757      1418.67      90067.9  0.000338588   1.9462e+11    0.0282772     -2.67271            0      26.6142 -1.30018e+06 -4.82124e+06
-2.66707e+12 -1.72739e+14  -1.3866e+13            0   1.5992e+18 -3.13772e+11            0            0 -4.41941e+10  2.16043e+07            0            0            0  2.48244e+06            0 -7.91906e+12 -3.27964e+09            0  1.22467e+12 -6.03282e+11  6.15411e+18            0            0  1.81015e+07      2.51686            0            0 -5.74652e+16            0            0            0    0.0217733  5.79712e+11            0  1.16052e+06            0  -2.0515e+10            0  1.09923e+12            0 -1.40507e+09            0  3.22866e+15 -3.37318e+10            0 -3.76978e+18  1.83552e+11            0  9.17016e+08            0            0            0            0            0  1.91526e+13            0     0.145801            0            0  6.73804e+11  4.53287e+11 -7.79115e+06            0  2.01188e+18     -2.60419  3.11138e+12            0 -7.27216e+10            0       864802            0            0      209.007     -31866.6            0            0            0       2.9073            0            0            0            0            0            0            0            0      1.07015 -3.56771e+14     -46.8513            0            0            0 -1.96064e+10  1.89905e+11
-1.19912e+14  1.19374e+16  1.04993e+16  2.29859e+07  1.48426e+20  3.97041e+13 -2.69089e+08       297184  3.44099e+12 -5.47278e+09  1.72096e+10  4.47373e+09  4.33905e+13 -1.05943e+08  1.88196e+06  5.09573e+14 -8.40571e+11  8.55966e+06 -6.03282e+11  5.05396e+14  1.19407e+20 -1.56176e+09  7.12248e+09 -5.01462e+08     -881.305   2.0557e+07  4.30731e+07  8.08799e+18  1.83784e+08  2.28462e+07  5.16411e+08     -58.4488   2.0541e+14 -3.97878e+07 -1.57651e+07  8.91052e+10 -5.38613e+12 -3.41898e+06 -3.86702e+13 -3.38896e+08  1.28208e+12  1.21942e+08  -5.4633e+17  -8.9359e+12  4.11456e+08  6.93864e+18 -2.40375e+13 -1.38671e+08  1.87103e+09  6.60405e+08 -5.34073e+09 -1.30403e+09 -8.80531e+10   5.2657e+07  5.89914e+15  3.01003e+08      179.817  8.99321e+06 -1.42802e+07  -5.4052e+13  2.39116e+13  3.40288e+08 -7.32374e+11  3.97063e+19      345.484 -2.43485e+14      87.0482 -4.32096e+11      84.1378  6.89455e+07 -3.87751e+12  3.86698e+12       700158   5.4269e+07  -4.6106e+07  1.28998e+10  4.70878e+08      1067.94 -2.71385e+06  -1.6922e+08 -3.17482e+06 -1.62324e+12 -1.75915e+07 -1.22364e+09 -9.44956e+08 -4.48057e+08      1699.25 -8.03431e+17      90240.8       125891  8.43637e+08  8.50869e+07  6.24022e+11 -1.58057e+13
-1.48036e+20 -3.69671e+23 -1.15936e+21 -1.30718e+15  1.05406e+28 -7.99377e+19  9.19922e+15  1.56636e+12 -8.89723e+18  2.01141e+16  3.04616e+17  3.41775e+16  2.97542e+20 -5.69892e+15 -2.43371e+14  -5.9161e+21 -8.78642e+18   2.4425e+14  6.15411e+18  1.19407e+20  5.54297e+28 -6.31988e+16 -3.10592e+16  8.01465e+14 -6.92655e+09 -1.14986e+14  1.39686e+15 -3.53518e+26 -4.21539e+13  1.40873e+14 -8.96183e+14 -5.29926e+08  2.18687e+21  8.13285e+13  6.72781e+13   8.3818e+17  1.79035e+19  1.03489e+14  1.65953e+20  7.22061e+15 -7.93511e+18  2.30868e+14  4.08104e+24 -9.01886e+19  8.82185e+15  -1.2244e+28  -7.2306e+19 -4.94284e+15  1.87623e+16  5.04179e+15  4.51128e+16 -1.85143e+16 -3.34332e+17  -1.6067e+14  3.11973e+22  2.88146e+14 -9.35717e+08  1.51421e+12  1.14498e+14  -1.7069e+21  1.57492e+20  1.15361e+15    4.132e+18  2.03076e+28 -2.73679e+09  4.03487e+20  7.32994e+08  7.49421e+19  8.57874e+08  6.81274e+14  1.42984e+20 -1.47299e+20  4.71533e+12 -2.17462e+13  1.79976e+14  2.80124e+17  2.91478e+14  6.27136e+09 -8.91299e+13 -2.67915e+14  2.37314e+13  7.32425e+19 -2.63807e+14 -9.06001e+15  9.44512e+15  1.09072e+16  1.77131e+10  4.26984e+25  4.42749e+11 -6.47117e+12 -3.95154e+16  1.03597e+15 -2.00329e+18  7.35941e+18
           0  2.01896e+12            0            0  6.36315e+14   1.0975e+11            0            0  1.25673e+08      -489620            0            0 -1.82704e+09     -17043.5            0  1.37535e+11  1.48164e+08            0            0 -1.56176e+09 -6.31988e+16  9.10954e+07            0       -22431     0.011507            0            0  1.38881e+15            0            0            0            0            0     -9733.51            0            0 -6.85794e+08            0            0      34412.4  3.74957e+08            0  -1.1346e+14  1.16374e+09            0  6.41522e+16 -2.02387e+09            0            0            0            0            0  1.91432e+09            0            0     -5508.21            0            0            0 -6.32633e+09 -5.90197e+09        60179  -4.1592e+08 -2.90591e+16    0.0764457            0   -0.0284476  2.03335e+08   -0.0151534      630.558            0            0     -28.1772            0            0            0            0   -0.0626435            0            0            0            0            0            0            0            0            0  2.60565e+12     -11.9659            0            0     -8761.94  1.31123e+08 -1.10623e+09
           0  -7.0499e+11            0     -75254.2  -7.8114e+16            0      -721089     -4.91162            0            0 -3.09603e+06  6.91234e+06            0      14508.7       446114  6.61491e+10            0     -87190.4            0  7.12248e+09 -3.10592e+16            0  2.31185e+08            0            0       627570      20962.3  1.70085e+15      -551590     -23455.6  1.33276e+06  -0.00137665 -8.92303e+09            0            0 -4.83891e+08 -2.08655e+08       2669.4            0      -717911            0            0  2.87039e+13  6.79699e+07      -401649  4.07407e+16 -8.81589e+08            0            0  2.08086e+06      -587901 -6.68533e+06            0  3.69838e+06            0  4.40857e+06    0.0078979            0       158915  6.32314e+09            0     -5451.41            0 -3.03919e+16   -0.0439071            0    0.0020036 -4.56179e+08   -0.0014475            0            0            0            0     -5738.61            0 -2.59753e+07       564701   -0.0235858      4838.36  -2.5562e+06      13506.6            0            0 -5.21343e+07       776682 -1.92501e+06   -0.0619833  6.04402e+14            0       250.48            0            0 -1.53328e+08 -1.88938e+08
-4.56054e+09 -3.70176e+10  2.41318e+10     -219.382  1.62209e+14 -1.98044e+08            0    0.0380052 -1.13056e+07      874.704     -3632.27     -2655.21            0      487.865     -18.0616 -1.16016e+09 -1.32647e+06            0  1.81015e+07 -5.01462e+08  8.01465e+14       -22431            0      14571.6  0.000547515            0      18.7639 -1.21226e+13      -236.93            0       -56.68 -5.56274e-06  1.40998e+08      84.0763      479.665            0  1.77613e+06     -3.03403  1.36085e+08     -42.7085 -2.50264e+06            0  8.14179e+11 -2.04713e+07            0 -6.24359e+14  9.90958e+07            0       223728     -58.2075     -578.413            0      89445.1            0  -7.4362e+08            0 -0.000347186            0            0  2.23221e+08  1.50542e+07     -1365.65  3.91853e+06 -5.10741e+14  -0.00108528  6.24856e+07  0.000110657 -6.55683e+06  0.000244724      3.41946            0            0   -0.0216803     -62.2302            0      7599.61            0 -0.000797401            0      36.9083     -34.5538            0            0            0      -1454.2            0   0.00061029  3.69485e+12   0.00896439      -1.6003            0      11.7814 -4.00438e+06  6.31753e+07
    -916.229       485950      2363.24            0  4.81323e+08     -404.559  0.000975894 -7.23635e-07     -1.25553  -0.00828432            0  -0.00425162      1520.62  -0.00521646 -0.000281211      14282.9      31.3077  -2.9025e-05      2.51686     -881.305 -6.92655e+09     0.011507            0  0.000547515  2.26804e-07  0.000408028  3.60049e-05  2.49611e+08 -0.000379205            0  0.000628404   -6.602e-12      33.4607 -0.000167137 -3.86759e-05            0     -12.9563            0      76.5579 -0.000111594    -0.917983 -0.000613986 -5.52167e+07      233.049   0.00121609  5.22624e+09      -637.57            0   0.00424387            0   0.00514048            0      6.20429 -0.000352029     -8361.37  -0.00175891  1.06024e-10   5.1444e-05            0     -1859.01      70.2949    0.0148959    -0.938904  5.24688e+09  1.91733e-08       -257.8 -1.48294e-08      122.934  -4.0931e-10  -2.6725e-05            0     -1.55993 -2.03951e-06  1.91813e-06  -7.5947e-05            0  -0.00036551 -8.30777e-10            0  0.000388558            0      1.69088 -0.000130889    -0.006075  -0.00458078            0 -2.79315e-09 -3.65182e+07 -9.45619e-06  8.32364e-07  0.000262858  -0.00162075      23.7322       82.485
           0 -3.44396e+10            0      1932.68 -1.42297e+15            0     -2209.75   0.00774986            0            0       699139       405214  7.69557e+07      938.847      13301.2 -2.70109e+09            0       -765.3            0   2.0557e+07 -1.14986e+14            0       627570            0  0.000408028       130442     -1175.03 -1.23099e+12     -33200.9      1906.92      23675.9            0            0            0            0 -1.40341e+07  6.85279e+06     -104.127            0      26511.2            0            0  1.10876e+12  1.01802e+07       394712 -2.36152e+14  7.19723e+07            0            0     -10001.1      -571713      -245366            0     -2421.32            0      -132352 -0.000687188            0     -5259.84  2.12717e+08            0     -1141.58            0  9.67271e+14   0.00150816            0 -0.000273779 -1.35445e+07 -8.01673e-05            0            0            0  -0.00622856      1283.84            0       177505       103893  -0.00161566            0      -130449      -16.029            0            0       361341     -14286.4       523738            0  1.26151e+12     0.325591     -22.0198            0            0 -4.68298e+06  -1.4951e+07
           0 -3.45025e+10            0     -9592.25  9.67079e+14            0            0    0.0133147            0            0     -46907.7       239876            0      26.9466     -776.865 -2.39749e+09       640128      272.317            0  4.30731e+07  1.39686e+15            0      20962.3      18.7639  3.60049e-05     -1175.03      18791.9 -1.58699e+13     -3304.38     -114.043     -2696.19 -2.94903e-06            0            0      3.12373  1.00157e+06  4.53733e+06     -131.909            0      8452.65            0            0  4.35701e+11 -2.50405e+06      1568.58 -2.46014e+15 -1.01084e+08            0      1097.92      1575.89      32416.6      27876.4            0     -3466.28            0     -1918.97            0      7.45055     -364.601   1.6322e+08            0     -1410.63            0 -3.77708e+13  0.000365021            0  0.000132278  3.32664e+06            0            0            0            0    0.0807237      39.3574            0       218587      4345.26  0.000396679            0     -1179.59      337.375            0            0      5186.76        77807     -28355.5            0 -2.42128e+12    0.0746913     -51.5877            0      535.333  -4.8902e+06  -5.2367e+06
 6.70385e+18  2.92337e+22  2.62463e+19  1.70554e+13  2.87866e+26  2.37368e+18 -5.62949e+13  -2.3161e+11  1.67625e+17 -2.50111e+14 -3.76106e+15 -1.61018e+15  3.14055e+18   7.2183e+14  2.46712e+13  1.24607e+21  2.40908e+17 -3.42027e+12 -5.74652e+16  8.08799e+18 -3.53518e+26  1.38881e+15  1.70085e+15 -1.21226e+13  2.49611e+08 -1.23099e+12 -1.58699e+13  4.31015e+25   4.9912e+13 -1.47561e+12  2.37077e+13  6.42127e+07 -1.32484e+20 -1.73067e+12 -1.59312e+12  2.44431e+16 -1.12836e+18  -1.0267e+12 -1.70443e+18 -7.39633e+13  1.70465e+17  5.74489e+13 -2.49218e+23  1.05883e+18  4.09998e+12  3.39577e+26 -1.88602e+19  9.16298e+13 -8.22548e+14 -1.65808e+14   3.3372e+14  9.11573e+13  2.20403e+16  2.32905e+13  2.28865e+21  7.34665e+13  9.40501e+07  5.36475e+11 -3.15039e+12 -8.44239e+19 -1.56467e+18  7.84128e+14 -8.87345e+15  7.14703e+25  2.15685e+09 -3.77265e+18 -2.20806e+07  -1.3139e+19  2.79568e+07  8.15541e+12 -1.54697e+18  1.51744e+18  2.65323e+10  7.76174e+11 -3.38927e+12  -4.9826e+15  1.23916e+12  2.55552e+08  1.61775e+12 -2.68251e+13 -2.64978e+11 -6.68216e+17  3.37484e+12 -2.61783e+14 -1.79139e+14 -2.82905e+14 -1.28578e+09  3.54494e+23 -1.54371e+10  1.18669e+11  3.48018e+14 -2.27523e+13   8.8264e+17 -1.10552e+18
           0 -5.48078e+10            0      19037.3  9.09195e+14            0            0      1.22863            0            0  6.31015e+06  3.99506e+06  3.00609e+08      4527.29       125003 -2.25634e+10       128217      41083.9            0  1.83784e+08 -4.21539e+13            0      -551590      -236.93 -0.000379205     -33200.9     -3304.38   4.9912e+13       883726      19855.4      -261948  0.000258759  2.03939e+09            0     -39.4393  1.13861e+07 -3.25641e+07     -20.0329            0       602576            0            0 -1.89827e+12  9.56409e+06       641855 -9.87375e+15  3.17975e+08            0     -13863.5      -391931 -3.35658e+06       261240            0       105490            0       311462  -0.00106297            0     -56522.7  3.80198e+08            0        -5038            0   2.7054e+15   0.00551639 -1.94215e+08 -0.000481642 -4.14539e+07 -0.000445364      23.8795            0            0     0.754539      5537.38            0  1.52216e+06      7778.14 -0.000277475     -265.205      -141658     -760.214            0            0 -2.03973e+06      -132062       602253    0.0141665  8.64069e+12    -0.328301      52.6174            0      113.784 -5.35716e+06 -6.23361e+07
           0 -7.47762e+09            0     -6.37385   2.9375e+13            0            0            0            0     -47.6783       150609      79183.3            0      235.446      6680.24 -1.00794e+09            0      1894.71            0  2.28462e+07  1.40873e+14            0     -23455.6            0            0      1906.92     -114.043 -1.47561e+12      19855.4      2229.47     -5007.61            0            0            0            0  1.04729e+07       407744     -5.01492            0      11207.9            0            0  8.74212e+10            0      35215.5 -7.12207e+14  1.82136e+07            0            0     -6756.74      -120968     -14576.2            0      5266.21            0      13834.8  1.29564e-05            0     -1696.27  4.58729e+07            0     -402.691            0  1.72849e+13  0.000218951 -2.75672e+06            0 -3.74642e+06  1.77907e-06            0            0            0            0      290.948     -22.0726      9512.67      4996.39  8.46226e-05            0     -12652.8      -4.9809            0            0     -97235.5      547.969      65851.9            0  -8.6805e+10     0.022277      1.57698            0            0 -1.20943e+06 -2.38398e+06
           0  2.15486e+11 -4.80389e+09       70.044  1.72148e+15            0            0    -0.342185      -416510      1186.25 -1.86357e+06 -1.34896e+06  1.90074e+08     -5430.02      -204055  2.21375e+10      -320161     -28953.7            0  5.16411e+08 -8.96183e+14            0  1.33276e+06       -56.68  0.000628404      23675.9     -2696.19  2.37077e+13      -261948     -5007.61   2.5054e+06 -9.59128e-05 -6.21658e+08            0            0  1.04352e+08  3.44019e+07      250.196            0       142658            0            0 -2.56598e+12  9.57105e+06 -4.42935e+06  4.08323e+15 -3.83489e+08            0     -3276.47       210976  2.76373e+06 -4.90078e+06            0      -340537            0       150347  0.000655838            0      51906.4 -1.04471e+09            0      4538.59            0 -1.24711e+15  -0.00349103  1.12233e+09 -0.000275165  4.59651e+07  1.47585e-05     -16.4274            0            0     0.103377     -5446.25            0       415161       310828    0.0105628     -131.333     -82814.3     -186.505            0            0  1.33997e+06      24982.7 -2.49025e+06  -0.00431831 -3.62836e+13    -0.104371      2.80045            0     -267.761  1.63256e+07  8.27991e+07
     -10.313      42115.9     -444.731   9.2508e-06    5.766e+08            0            0   3.0644e-07      0.36368 -0.000331675   -0.0024065   0.00433727     -18.4391  0.000348713            0      1488.18   -0.0177852  4.44568e-06    0.0217733     -58.4488 -5.29926e+08            0  -0.00137665 -5.56274e-06   -6.602e-12            0 -2.94903e-06  6.42127e+07  0.000258759            0 -9.59128e-05  1.18047e-09      765.857            0  6.11172e-07            0      4.02804            0     -3.99006  0.000924556     0.371704 -0.000111426       119296      3.98149   5.2731e-05  3.83574e+08     -6.53228  0.000467246  0.000891889 -5.79574e-05  9.38909e-05            0            0  0.000226671     -383.087            0 -1.44549e-11 -1.78184e-06 -1.64539e-05     -115.855            0   0.00112201            0  -2.3729e+08   3.3433e-09            0 -1.03509e-11     -26.6285  -3.8674e-11  4.34907e-07     0.158367   -0.0741073 -7.08374e-08  3.18607e-06 -1.84732e-05  -0.00103846 -0.000139051  -6.5158e-10  1.54961e-06  0.000107799  1.73034e-06            0  1.90916e-05   0.00229573  -0.00107508 -0.000683653   1.6928e-09       151010 -3.23605e-09 -5.79385e-11  -3.8384e-05 -2.32961e-05       1.1318      4.63087
