 1.64465e+16  -5.8128e+15 -6.13148e+15  9.78836e+06 -2.25181e+20  6.12268e+13            0            0 -1.35052e+12  1.41366e+10            0            0  1.16796e+14  2.53065e+08            0 -5.39836e+14  1.19275e+11            0 -1.68992e+12 -6.53163e+13 -7.85436e+19            0            0 -3.17456e+09     -705.174            0            0  2.11397e+18            0            0            0     -7.81063 -2.30495e+13  3.62158e+08 -5.87796e+07            0 -5.44244e+12            0 -5.97396e+13            0 -1.00533e+13  1.95438e+08  1.06006e+17  3.85707e+12            0 -1.71486e+20  2.09569e+13 -1.69467e+09 -2.15339e+10            0            0            0            0            0            0 -7.86912e+07     0.414667            0            0   4.1048e+13  1.54066e+15 -1.28284e+09   1.0766e+12 -2.92416e+20      466.965  6.27727e+14      28.4688 -6.55334e+12      -41.731  1.19807e+07            0            0       300913  -1.1604e+07  9.59466e+06            0            0      361.659            0            0            0            0            0            0 -2.45499e+08            0     -206.826  2.12656e+18      51620.5     -96262.9            0  1.23573e+07 -6.99216e+11  1.98825e+12
 -5.8128e+15   7.5319e+18  3.34566e+16  1.36904e+10  1.26969e+23  1.03434e+15 -2.18893e+10 -8.29045e+07  1.07468e+14 -2.12027e+11 -1.57831e+12 -3.10319e+11 -6.63411e+15  1.93257e+11  1.70137e+09  3.29487e+17  1.56106e+14  -3.9813e+09 -6.41114e+13  3.84529e+15  -1.4122e+23  6.56072e+11 -2.74154e+11 -1.51919e+10       222876 -1.30746e+10 -1.30782e+10  5.32012e+21 -1.88057e+10 -3.00055e+09  8.19303e+10      19007.4 -3.20806e+16 -1.96288e+09 -1.60066e+09 -1.62695e+13 -8.23574e+14 -2.18957e+09  -1.9806e+15 -6.60653e+10  8.64341e+13  -3.4315e+10 -7.84795e+19  2.10704e+15 -2.42334e+11  1.59016e+23 -7.13966e+15  9.77974e+10 -4.77887e+11 -1.27129e+10  1.40454e+11 -1.04923e+11  1.44675e+13 -4.34041e+10   3.1493e+19 -6.71586e+10      26260.4 -5.26813e+08  1.92606e+09 -2.90087e+16 -2.86565e+15   1.9346e+12 -7.87874e+13  9.90343e+22      7282.83 -4.82985e+15     -16770.8 -3.37314e+15     -17261.1 -1.55802e+10 -6.18792e+14  6.52467e+14 -1.12415e+08  -4.0609e+08 -2.63274e+09 -2.95966e+12 -3.19481e+09      51191.3  9.92173e+08  4.43356e+10  -4.0443e+08 -2.86402e+14  4.33791e+09  3.50931e+11 -1.85265e+11   -1.888e+11      -390048  -3.7015e+19 -2.02747e+07  1.02539e+08  9.48858e+10 -1.51238e+10  4.20466e+14 -6.55309e+14
-6.13148e+15  3.34566e+16  3.74022e+18            0  2.14413e+21  1.46686e+15            0            0  2.05942e+13 -1.41662e+10 -1.37404e+11            0            0 -2.72882e+09            0  1.71356e+15            0            0 -6.84576e+12  4.41652e+15 -6.53605e+20            0            0  1.30665e+10         1413            0            0  5.80456e+18            0            0 -2.48833e+09     -261.209            0   1.3116e+09  8.31961e+07            0 -1.67279e+13            0 -1.01653e+14            0 -1.48893e+13  1.36552e+08 -1.51032e+18            0            0 -1.96816e+21 -2.66795e+14            0  2.72236e+11            0            0            0            0            0            0            0     -431.099            0            0 -4.83963e+14            0  2.32967e+10  3.64729e+12   -3.452e+21     -1864.73 -1.18197e+16            0  4.64645e+13            0 -3.55863e+07            0            0            0  8.07973e+08            0  7.46796e+10            0            0            0            0            0            0            0            0  4.76356e+09            0            0 -6.92572e+18  2.83572e+06 -1.24128e+06            0            0  9.79338e+12 -2.51201e+14
 9.78836e+06  1.36904e+10            0        14846 -6.19177e+14            0            0  -0.00771962            0     -52.6153     -28108.5      -330299            0       -113.9      517.994   9.1189e+08      -189254     -455.674            0  1.44447e+07 -8.67267e+14            0     -54428.3     -173.418            0      1420.73     -7037.46  5.71877e+12      13270.9     -4.86137      53.4838  7.92602e-06 -8.41989e+06            0     -29.6848            0 -2.26199e+06      80.8107 -1.84293e+06      8950.01            0            0 -2.54625e+11  3.26204e+06      1495.02  1.31724e+15  4.18116e+07            0     -8869.28     -1759.08     -37096.7      15369.7            0       3903.9            0     -127.315 -9.73723e-06            0     -1163.51 -1.04334e+08            0      6577.34            0   2.2381e+14  6.87016e-05            0 -0.000155848  1.53185e+06            0            0       432899      -153555   -0.0190459      -22.309            0      -167885     -387.706 -0.000647881      15.4171      2767.53     -818.671            0            0      37363.7      -146095      692.396 -3.77873e-05   1.3626e+12   -0.0342787      28.0058            0     -154.361  5.08834e+06  2.31435e+06
-2.25181e+20  1.26969e+23  2.14413e+21 -6.19177e+14  4.98758e+28 -1.04766e+19 -5.56827e+14 -5.93827e+12 -1.54453e+18  9.03401e+15  1.31719e+17  5.17857e+16  1.24696e+20  4.48054e+15  9.33815e+14   1.3536e+22 -1.09733e+18  6.18478e+13  1.54539e+18  9.80169e+19  8.66504e+27  2.93509e+14 -6.42318e+16  1.73714e+14  2.91501e+08 -1.15657e+15  7.72757e+14  1.15352e+26  7.22543e+14  2.14858e+13  1.50776e+15  5.57357e+08 -1.90988e+20  4.47529e+13  1.87863e+12   1.0464e+18  7.76217e+18 -7.17767e+13  5.53885e+19  1.12108e+16  -8.0659e+17 -2.38244e+15 -2.45403e+23 -4.48741e+19 -9.59657e+15 -1.59874e+28 -7.91338e+20  3.62843e+15  -5.6861e+15  1.27301e+15 -4.12735e+16 -6.97316e+15  1.18142e+17 -3.94941e+15 -7.72675e+23 -4.08155e+15  5.93343e+09  5.64143e+13 -9.84284e+13 -1.99756e+21  6.15941e+19  2.20891e+16  1.02727e+18   6.6235e+27 -5.14144e+09  1.51891e+20  8.58031e+08 -8.99347e+19  1.13632e+09 -1.06597e+14  3.15832e+19 -5.35958e+19  4.42916e+12  2.48887e+12 -7.40754e+13  3.31678e+16 -4.91284e+14  1.82211e+10 -7.29645e+13  2.97782e+15 -8.82166e+12  8.68536e+18 -3.11725e+13  1.75835e+16 -9.72515e+15 -1.20467e+16 -1.25153e+09 -5.83684e+24  1.80679e+11  -1.2219e+11 -3.25437e+15  7.24533e+14   1.5519e+19  1.17727e+19
 6.12268e+13  1.03434e+15  1.46686e+15            0 -1.04766e+19  4.38548e+14            0            0  3.27352e+11 -3.47095e+08            0            0            0 -3.60098e+07            0  3.50298e+13            0            0 -1.82793e+11  1.96592e+13 -4.46424e+19  5.52466e+10            0 -1.26471e+08     -285.855            0            0  6.51905e+17            0            0            0            0            0 -4.87638e+07      -799826            0 -5.80766e+11            0 -5.95797e+12  1.65048e+08  1.76802e+12            0 -5.33412e+16            0            0  1.79309e+19  -2.9661e+12            0  1.59878e+08            0            0            0            0            0            0            0            0            0            0 -7.20233e+12 -1.56556e+13  4.33356e+08 -1.13396e+11  3.43752e+18      153.117            0            0  6.10514e+11            0            0            0            0            0   2.0131e+06            0            0            0            0            0            0            0            0            0            0            0            0            0 -1.15416e+17      1029.47            0            0            0  1.87839e+11 -7.17385e+12
           0 -2.18893e+10            0            0 -5.56827e+14            0      89120.1   -0.0856793            0            0            0            0            0     -447.668     -782.804  4.09507e+09       467144      136.092            0 -1.46034e+08  6.46566e+15            0      -459186            0   0.00075379     -1434.79            0 -1.67793e+13            0            0            0            0            0            0            0            0  1.00008e+07            0            0            0            0            0   1.2882e+11            0            0  1.53493e+15  9.04957e+07            0            0     -6831.28            0            0            0     -11433.9            0       -14386 -0.000605014            0     -426.083 -5.43803e+07            0      12686.9            0  2.61096e+15  0.000617676            0            0  2.21918e+07            0            0            0      -943356            0            0            0            0            0   0.00180962            0      6893.51            0            0            0       115227            0            0            0  5.81241e+12     -0.26207            0            0            0 -1.18806e+07   9.2123e+06
           0 -8.29045e+07            0  -0.00771962 -5.93827e+12            0   -0.0856793    0.0122059     -152.297     0.654994      20.8957      10.2676      13033.8     -2.63655            0 -4.66609e+06     -430.184    0.0290945            0       202521  1.26702e+12            0     -3.94697    0.0336545 -7.01749e-07   0.00627986    0.0108839 -8.95701e+10     0.956808            0    -0.279162  2.92663e-07  1.61242e+06            0   0.00726036            0     -18725.8  -0.00483453     -1634.03      2.66231     -1888.27      0.34084 -9.88765e+08     -6313.34    -0.234927  1.78048e+12       160937    -0.651032     0.856696     0.565381     -4.69176            0            0     0.618649  5.60466e+07     0.345331 -2.40841e-07            0   -0.0513939       386829        64333     -15.6872            0 -1.73509e+12 -1.28438e-05      3826.09  7.03539e-08      48865.9  1.45212e-07  -0.00176399     -274.069      276.044   0.00054111   0.00656047            0      9.25585            0 -4.35958e-07  -0.00246764     0.467594            0            0  -0.00161996      5.73497            0     -1.99767   1.1929e-05  1.60454e+09  0.000160266            0            0   0.00643189      -1888.3     -26283.9
-1.35052e+12  1.07468e+14  2.05942e+13            0 -1.54453e+18  3.27352e+11            0     -152.297  2.10677e+11 -1.02172e+08 -1.48493e+07            0 -3.05517e+10 -1.07408e+06            0  6.26749e+12  2.24539e+09            0 -2.72548e+10  1.80697e+12 -5.38911e+18  6.68974e+07            0 -7.63502e+06    -0.928132            0            0   4.8078e+16            0            0      -268905     0.266887 -3.99691e+11      -553591      -371289            0  1.69071e+10            0 -1.22171e+12            0  5.39091e+10      -113768 -1.95501e+15   4.5469e+10            0  5.48092e+18 -3.68534e+11  3.10764e+06 -7.26397e+07            0            0            0 -1.26774e+09            0            0      -293765   -0.0622919      -147478            0 -7.88254e+11 -3.26991e+11  4.37284e+07 -8.45253e+10 -1.14718e+17      9.30684  -1.4238e+12            0  3.58381e+10      -1.1288      18751.4            0            0      -3919.5       377662            0  8.06993e+06      54401.8     -3.54371            0            0            0 -2.13448e+08       612750            0 -3.96841e+06            0     -2.71007 -2.53357e+15     -8.36999      1034.14      48312.9       -52581  2.06048e+10 -1.23755e+11
 1.41366e+10 -2.12027e+11 -1.41662e+10     -52.6153  9.03401e+15 -3.47095e+08            0     0.654994 -1.02172e+08       435134      40546.5            0 -5.61016e+08      3683.64            0 -1.14319e+10      -875927     -34.9907  1.27476e+07 -2.75014e+09  1.15629e+16      -249464            0      564.398  -0.00597909            0            0 -6.75387e+13            0     -30.6581      734.263  -0.00023255  3.13968e+08       1749.5      329.057            0 -5.56867e+07            0  3.66099e+09            0 -9.30254e+07      1139.31  3.06144e+12 -1.54766e+08            0 -1.43931e+16  7.48747e+08     -11172.1     -58782.8            0            0            0  3.21409e+06            0  3.06316e+11       1455.2 -0.000438302      103.949            0  1.79188e+09    7.092e+09     -98013.4  3.73328e+07 -1.32312e+15   -0.0113387  9.39302e+09            0 -1.16033e+08  0.000281508      95.3883 -2.86945e+06            0      8.26981     -568.679      3428.89     -22036.3      1003.83    0.0171504            0            0            0 -3.93473e+06     -341.861            0      4917.07            0   0.00250514  1.51344e+13      0.13463    -0.420132      890.714      240.089 -4.95095e+07   3.0781e+07
           0 -1.57831e+12 -1.37404e+11     -28108.5  1.31719e+17            0            0      20.8957 -1.48493e+07      40546.5  6.84911e+08   2.1477e+07            0      18374.9  1.32389e+06 -1.60891e+10            0       276784            0  9.05286e+09  1.72949e+17            0  -1.8249e+06     -2480.84            0       443648     -29662.4 -1.09473e+15  3.76169e+06       101615 -1.15827e+06  -0.00175962            0            0            0 -1.77895e+08  1.06771e+09      -216747            0      -298481            0            0  4.40836e+13 -1.78465e+09       636202 -1.10819e+17   1.6507e+09            0      -125346 -2.79138e+06 -4.16881e+07 -5.85012e+06            0  1.20061e+06            0  4.46549e+06   0.00417055            0      -278601  9.05911e+09            0      -545413            0 -5.60573e+16    -0.256162  3.71804e+10            0  1.17258e+08  0.000631905            0            0            0            0      53305.2            0  1.55225e+08   3.1498e+06    -0.519383     -79315.7       102237     -5630.92            0            0 -1.91209e+07      -398794  1.07206e+06            0  2.07366e+14      2.45731       4804.3            0            0 -4.38243e+08 -7.75058e+07
           0 -3.10319e+11            0      -330299  5.17857e+16            0            0      10.2676            0            0   2.1477e+07  2.06726e+08            0       2834.5       902076 -1.15476e+11   2.4628e+07      62152.3            0  2.41968e+09   1.8053e+16            0  4.42744e+06     -1853.89  -0.00328275       265006       155488 -4.85384e+14  2.45903e+06      54924.3      -871116   0.00327942  1.48146e+10            0     -317.345  1.19039e+09  1.32888e+08     -10540.8            0  3.05139e+06            0            0 -8.46906e+11  1.37069e+08   2.9627e+06 -1.18064e+17 -1.28538e+09            0     -94815.2 -2.73214e+06  -1.1129e+07  6.42076e+06            0 -1.37434e+06            0      -478190    0.0208124     -622.479      -570261  3.41091e+09            0      -231694            0 -3.69068e+16   -0.0548654 -2.21744e+09            0  2.39039e+08            0            0            0            0     -7.31206      18638.9            0  1.32914e+07  1.32833e+06   -0.0544762            0     -99304.9      31068.3            0            0 -7.01691e+06 -4.65791e+06 -3.29422e+06     0.140853  9.92361e+13      3.91192     -5295.95            0      20087.5 -1.87417e+08 -2.99261e+08
 1.16796e+14 -6.63411e+15            0            0  1.24696e+20            0            0      13033.8 -3.05517e+10 -5.61016e+08            0            0  6.81097e+15  2.70231e+08 -8.99199e+06 -2.80724e+14  5.67606e+11  3.50696e+06            0  2.44951e+13  2.09893e+20 -1.06498e+09            0            0      1226.87  5.19869e+07            0   1.0959e+18  1.92773e+08            0  1.28148e+08     -14.6513            0 -1.96373e+07 -2.64838e+06            0 -2.66856e+12            0  1.85422e+11            0  1.00902e+11            0 -1.25856e+17 -7.83643e+13  4.12021e+08 -4.51265e+20  1.67519e+13  1.01711e+08            0            0            0            0  2.04725e+11  2.55868e+06  5.97518e+16  1.27231e+09            0  1.93278e+08            0  6.54289e+13            0 -3.04697e+09            0 -3.24696e+19     -436.747  3.72043e+13     -453.133 -3.37812e+12     -58.1698  6.29997e+06            0            0  2.01405e+07      -991159            0            0   1.9873e+08     -1598.05            0  8.10584e+07            0 -4.66591e+10 -3.07692e+08 -6.40763e+08            0            0            0  1.43513e+18     -14065.2            0  8.71491e+06  1.60384e+08 -2.00242e+12 -6.24733e+12
 2.53065e+08  1.93257e+11 -2.72882e+09       -113.9  4.48054e+15 -3.60098e+07     -447.668     -2.63655 -1.07408e+06      3683.64      18374.9       2834.5  2.70231e+08      13005.6      873.306  8.44911e+09 -3.51173e+06      266.517  1.61989e+06 -5.89799e+07 -3.74648e+15     -9545.59      9470.79      349.226  -0.00411361       621.97      19.7389  2.23276e+14      2832.98      166.809     -3552.63   0.00026214 -2.88371e+08      15.9571       18.987       967440       477097      12.9221  4.86164e+07      5161.88      -721243      337.562  1.49334e+12 -4.99107e+07      10820.4  3.06342e+15 -1.76367e+08      426.392      2693.26     -2256.23     -8223.18     -1082.63      -430477      1734.57   6.8656e+11      3338.09   0.00075526      34.1217     -326.151 -7.69283e+08  1.52656e+08      52223.7  2.76258e+06  2.96633e+15    0.0286345    1.917e+08  0.000459986 -9.37568e+07  4.02152e-05      229.377 -2.00203e+07  1.99062e+07      3.00858      53.1609      45.6614      25883.5       830.28 -1.09548e-05     -7.42694        -1462     0.637743 -7.86406e+06     -28.2167     -19798.4      2123.73      6168.82  0.000371755  3.25225e+12     0.518933    -0.550435      2802.67      338.909  6.42822e+06 -9.46425e+06
           0  1.70137e+09            0      517.994  9.33815e+14            0     -782.804            0            0            0  1.32389e+06       902076 -8.99199e+06      873.306       104545 -3.17564e+09      59782.6      9632.74            0       310218 -1.69677e+14            0       318382     -14.2926  -0.00024571      9783.57     -578.735  8.81196e+12      87165.5      5264.88      -148473            0            0            0     -2.44794 -5.78097e+07      -851335      228.198            0      22530.9            0            0  4.12369e+10 -4.04444e+06       286822 -3.99027e+15  2.87314e+07            0     -730.931     -99005.9      -847695       359618            0      19310.9  -9.5785e+09     -10693.2  0.000998709            0     -14330.1  1.16157e+08            0     -1032.79            0 -1.06805e+15  -0.00321318 -7.25692e+07            0 -1.66282e+07  0.000152355            0            0            0     0.116145      1381.33            0      -273977      18163.1   0.00146009            0     -40637.2      62.1697            0            0      -447915     -21020.9       472665            0  6.07859e+12    0.0311032      11.0892            0            0      -508633 -1.53286e+07
-5.39836e+14  3.29487e+17  1.71356e+15   9.1189e+08   1.3536e+22  3.50298e+13  4.09507e+09 -4.66609e+06  6.26749e+12 -1.14319e+10 -1.60891e+10 -1.15476e+11 -2.80724e+14  8.44911e+09 -3.17564e+09  2.47899e+17  7.55403e+12 -9.53328e+08 -3.20648e+12  2.07808e+14 -3.38975e+21  5.47781e+10  3.58916e+10 -4.26594e+08      7386.85 -1.24946e+09 -1.14137e+09  2.82193e+20 -1.09897e+10 -5.21826e+08  1.12994e+10      829.456 -2.57389e+15 -4.02619e+07  -8.1301e+07 -2.38772e+12 -2.85243e+13 -5.57509e+07 -1.71476e+14 -1.49486e+10  5.86152e+12 -1.36431e+09 -2.87547e+18  1.03422e+14 -2.98802e+10  5.13761e+22 -1.56067e+15  6.79206e+09 -2.81524e+10  1.20864e+10  4.30026e+10 -2.74695e+09  1.90519e+12 -4.58118e+09  4.50073e+18 -6.24832e+09     -25410.1  8.09967e+06  1.21332e+09  9.30507e+14  1.03287e+14  3.17921e+10 -4.09061e+12 -1.58819e+22     -7207.08 -4.75886e+14     -511.477 -1.65587e+14      123.141 -1.17138e+09 -1.48896e+13 -1.02402e+12 -1.09855e+06 -1.96523e+08 -2.15641e+08 -7.66745e+10 -2.82055e+09      80904.9 -1.32905e+06  3.80962e+09 -8.34026e+07  1.71683e+13  4.08105e+08  3.83446e+10 -1.57392e+10 -2.44307e+10     -29602.5  3.97533e+19      -923381  1.14739e+07 -8.16508e+09 -6.25956e+08   8.0036e+13 -7.38084e+12
 1.19275e+11  1.56106e+14            0      -189254 -1.09733e+18            0       467144     -430.184  2.24539e+09      -875927            0   2.4628e+07  5.67606e+11 -3.51173e+06      59782.6  7.55403e+12  2.80858e+11      20215.1 -2.12135e+09 -4.61425e+11  -5.7244e+18  8.28072e+07            0      -940888      24.4953            0       420185  7.35647e+16      75976.6            0      -212485   -0.0122847 -1.52414e+11            0     -43410.3            0 -7.37216e+10            0  1.20725e+10            0  3.16531e+08      -226412 -1.64117e+16  2.38653e+11      -550445   4.7815e+18 -3.08469e+11 -3.37441e+06 -4.04222e+07            0 -2.88238e+06  2.15924e+06 -1.20287e+09      69448.1  -3.2097e+14      -890012    -0.359513     -11907.3      19291.5 -8.20852e+11 -1.25629e+11  5.21295e+07 -1.43566e+09  2.68326e+18      17.1019  9.83405e+10     -5.10445  7.39683e+10     0.118574     -92852.2            0            0      4845.18      2384.44     -17536.3            0            0     -10.8372            0            0            0  3.82527e+08            0  1.43822e+06  2.45988e+06            0     -3.05873 -1.17955e+16     -4856.17      2377.19      -580061  4.04932e+06  2.23093e+10    3.119e+10
           0  -3.9813e+09            0     -455.674  6.18478e+13            0      136.092    0.0290945            0     -34.9907       276784      62152.3  3.50696e+06      266.517      9632.74 -9.53328e+08      20215.1      4102.46            0  5.39688e+06  1.96769e+14            0     -66581.2            0 -2.68065e-05     -594.787      211.303 -1.13814e+12      30325.3      1580.78     -22294.4  3.98667e-06  3.45129e+07            0            0 -1.96601e+06     -13298.4      16.5722            0      25103.2            0            0  5.83975e+10     -39121.7      60418.9 -7.91953e+14  1.91391e+07            0            0     -19872.5      -138133     -52872.7            0      8490.03            0      29000.4  3.36428e-05            0     -2546.14  4.36189e+07            0     -2247.54            0  5.57869e+13  0.000210586 -1.32839e+07            0 -3.63038e+06 -6.84417e-07            0            0            0    0.0113921      441.352     -21.5668      45914.9     -646.372  7.59181e-05            0     -8604.66      86.0748            0            0      -226010      904.767      69650.5  0.000328137  4.66509e+10    0.0274012     -2.53589            0      18.5098 -1.17804e+06 -3.91248e+06
-1.68992e+12 -6.41114e+13 -6.84576e+12            0  1.54539e+18 -1.82793e+11            0            0 -2.72548e+10  1.27476e+07            0            0            0  1.61989e+06            0 -3.20648e+12 -2.12135e+09            0  8.46105e+11 -3.54049e+11  4.12454e+18            0            0   1.3693e+07      2.09171            0            0 -1.77854e+16            0            0            0    0.0179032  3.70555e+11            0       903162            0 -1.57789e+10            0  7.80388e+11            0 -9.81592e+08            0  1.20051e+15 -2.70191e+10            0 -3.08128e+18  1.17487e+11            0  6.06426e+08            0            0            0            0            0   4.2008e+14            0     0.120602            0            0  3.67411e+11  2.50976e+11 -3.06922e+07            0  1.42162e+18     -2.04451  1.95231e+12            0 -4.49185e+10            0       673840            0            0      173.427     -25539.9            0            0            0      2.42903            0            0            0            0            0            0            0            0     0.937096 -3.54668e+14     -40.9593            0            0            0 -1.67838e+10  1.40237e+11
-6.53163e+13  3.84529e+15  4.41652e+15  1.44447e+07  9.80169e+19  1.96592e+13 -1.46034e+08       202521  1.80697e+12 -2.75014e+09  9.05286e+09  2.41968e+09  2.44951e+13 -5.89799e+07       310218  2.07808e+14 -4.61425e+11  5.39688e+06 -3.54049e+11  2.52626e+14   5.1896e+19 -7.91322e+08  4.21076e+09 -3.23152e+08     -625.979  1.23741e+07  2.52378e+07  2.25349e+18  1.03107e+08  1.45341e+07  3.05161e+08     -40.6945  1.11578e+14 -2.60533e+07 -1.04345e+07  4.42324e+10 -3.53499e+12 -2.50007e+06 -2.33593e+13 -2.04669e+08  7.59317e+11   6.7195e+07 -1.73639e+17 -6.06929e+12  2.09295e+08  3.65822e+19 -1.21288e+13 -8.01049e+07  1.06502e+09  3.98584e+08 -3.00015e+09 -6.91734e+08 -4.34442e+10   3.2633e+07  1.11015e+17  1.83802e+08      121.819  5.83484e+06 -8.93389e+06 -2.42821e+13  1.12481e+13  1.15222e+09 -4.08741e+11  1.47408e+19      244.036 -1.29768e+14      61.3468 -2.43082e+11      59.7812  4.55043e+07 -2.40237e+12  2.47163e+12       492536  3.70242e+07 -3.07984e+07  6.57288e+09  2.44319e+08      756.811  -1.7911e+06 -1.03027e+08 -2.09463e+06  -9.6498e+11 -1.22283e+07  -7.2532e+08 -4.62138e+08 -2.66022e+08      1262.79 -2.63912e+17      67087.5      95258.5    3.519e+08  4.53804e+07  4.28715e+11 -9.86948e+12
-7.85436e+19  -1.4122e+23 -6.53605e+20 -8.67267e+14  8.66504e+27 -4.46424e+19  6.46566e+15  1.26702e+12 -5.38911e+18  1.15629e+16  1.72949e+17   1.8053e+16  2.09893e+20 -3.74648e+15 -1.69677e+14 -3.38975e+21  -5.7244e+18  1.96769e+14  4.12454e+18   5.1896e+19  3.64525e+28 -3.42245e+16 -2.88425e+16  6.30112e+14 -6.20712e+09  9.77104e+13  9.21223e+14 -1.18492e+26  4.34475e+14  1.19426e+14 -1.49509e+14 -4.36286e+08  1.39426e+21  6.58367e+13  5.34007e+13   7.7432e+17  1.43447e+19  9.14454e+13  1.10804e+20  6.43961e+15 -5.29868e+18  1.47434e+14  1.60494e+24 -7.50892e+19  7.43776e+15 -9.60416e+27  7.08662e+18 -3.36928e+15   1.2609e+16  3.09853e+15  2.58196e+16 -1.34611e+16 -4.69302e+16 -4.12898e+14  5.30317e+23 -4.79138e+14 -7.48998e+08  1.66452e+12  5.33242e+13 -8.67943e+20   7.6681e+19  3.44544e+15  1.76151e+18  1.47232e+28 -2.10341e+09  2.48226e+20   5.5673e+08  5.03667e+19  7.12347e+08  5.18758e+14  1.01727e+20 -1.09538e+20   4.0409e+12 -1.04393e+13  1.38265e+14  1.65939e+17  4.03045e+14   3.8348e+09 -6.54761e+13 -2.56432e+14  1.81066e+13  5.01142e+19 -2.21506e+14 -1.42236e+15  4.59914e+15   7.0666e+15  1.60309e+10  1.54666e+25  4.07126e+11   -5.505e+12 -1.89031e+16  6.19029e+14 -8.18888e+18  8.09083e+18
           0  6.56072e+11            0            0  2.93509e+14  5.52466e+10            0            0  6.68974e+07      -249464            0            0 -1.06498e+09     -9545.59            0  5.47781e+10  8.28072e+07            0            0 -7.91322e+08 -3.42245e+16  4.68676e+07            0     -14655.3   0.00814734            0            0  3.91673e+14            0            0            0            0            0     -6460.18            0            0 -4.58591e+08            0            0      21654.4  2.25178e+08            0 -3.66648e+13  8.06307e+08            0  3.60666e+16 -1.12321e+09            0            0            0            0            0  9.56838e+08            0            0     -3483.98            0            0            0 -2.94686e+09 -2.82687e+09       203118 -2.34903e+08 -1.73143e+16    0.0553361            0   -0.0204298  1.07336e+08   -0.0109539      423.464            0            0     -20.2676            0            0            0            0   -0.0466043            0            0            0            0            0            0            0            0            0  3.53696e+12     -9.04422            0            0     -4755.28  9.48165e+07 -7.05976e+08
           0 -2.74154e+11            0     -54428.3 -6.42318e+16            0      -459186     -3.94697            0            0  -1.8249e+06  4.42744e+06            0      9470.79       318382  3.58916e+10            0     -66581.2            0  4.21076e+09 -2.88425e+16            0  1.59851e+08            0            0       441708      14660.7  5.62002e+14      -368298     -17205.4       923596  -0.00112013 -5.69487e+09            0            0 -2.65423e+08 -1.63305e+08      2185.81            0      -498521            0            0  1.07756e+13  5.39299e+07      -207686  1.77685e+16 -5.37733e+08            0            0  1.47532e+06      -397415 -4.18162e+06            0  2.61805e+06            0  3.13051e+06   0.00635306            0       119366  3.26756e+09            0     -21571.2            0 -2.11354e+16    -0.036785            0   0.00168662  -2.8637e+08  -0.00121308            0            0            0            0     -4491.09            0   -1.571e+07       342561   -0.0198407      3894.21 -1.84079e+06      10270.8            0            0 -3.62314e+07       444031 -1.33622e+06   -0.0541448  2.38741e+14            0      216.411            0            0 -1.24483e+08 -1.42742e+08
-3.17456e+09 -1.51919e+10  1.30665e+10     -173.418  1.73714e+14 -1.26471e+08            0    0.0336545 -7.63502e+06      564.398     -2480.84     -1853.89            0      349.226     -14.2926 -4.26594e+08      -940888            0   1.3693e+07 -3.23152e+08  6.30112e+14     -14655.3            0        12076  0.000499666            0      14.4187 -4.19494e+12     -173.065            0     -44.9274 -5.07732e-06  9.89359e+07      70.7799      408.543            0  1.51844e+06     -2.73285  1.05762e+08     -34.0922 -1.90433e+06            0   3.3298e+11 -1.79865e+07            0 -5.68465e+14  6.50754e+07            0       162032     -45.2812     -420.201            0      56867.1            0 -1.79314e+10            0 -0.000303831            0            0  1.32009e+08  9.14383e+06     -5889.65  2.80932e+06 -5.07066e+14 -0.000987347  4.34406e+07   0.00010087 -4.36364e+06  0.000224484      2.90371            0            0   -0.0196468     -54.7068            0      5035.86            0 -0.000750764            0      28.8813     -28.7758            0            0            0     -908.918            0  0.000585801  1.51569e+12   0.00859854     -1.50488            0      8.11744 -3.71974e+06  5.10497e+07
    -705.174       222876         1413            0  2.91501e+08     -285.855   0.00075379 -7.01749e-07    -0.928132  -0.00597909            0  -0.00328275      1226.87  -0.00411361  -0.00024571      7386.85      24.4953 -2.68065e-05      2.09171     -625.979 -6.20712e+09   0.00814734            0  0.000499666   2.3009e-07  0.000348165   3.0526e-05  9.85299e+07 -0.000306513            0  0.000533366 -6.44361e-12      25.2969 -0.000156117 -3.64582e-05            0     -12.3219            0      65.1835  -9.8739e-05    -0.774371 -0.000482261 -2.50657e+07      227.621  0.000907754   4.6188e+09     -461.888            0   0.00340846            0   0.00409013            0      4.36099 -0.000298278      -222217  -0.00156986  1.07408e-10  4.74377e-05            0     -1206.32      46.6042    0.0714979    -0.738573  5.28922e+09  1.93846e-08     -196.126 -1.49675e-08      92.2802 -4.15657e-10 -2.53195e-05            0      -1.3717 -2.10095e-06  1.87518e-06  -7.2446e-05            0 -0.000271477 -8.20203e-10            0  0.000337377            0      1.44409 -0.000130224  -0.00520891  -0.00316222            0 -2.98235e-09 -1.68917e+07 -1.00324e-05  8.64447e-07  0.000155213  -0.00123755      24.2043      73.2229
           0 -1.30746e+10            0      1420.73 -1.15657e+15            0     -1434.79   0.00627986            0            0       443648       265006  5.19869e+07       621.97      9783.57 -1.24946e+09            0     -594.787            0  1.23741e+07  9.77104e+13            0       441708            0  0.000348165        93715     -840.978 -1.48073e+11     -22662.6      1463.16      16937.9            0            0            0            0 -8.58991e+06  5.40947e+06     -86.4199            0      18805.6            0            0  4.23232e+11  8.31622e+06       247093 -4.02446e+14  4.51912e+07            0            0     -7203.95      -385769      -157024            0     -1670.78            0     -94596.9 -0.000566016            0     -4013.74  1.16753e+08            0     -4498.29            0   7.9868e+14   0.00129416            0 -0.000232258 -8.51555e+06 -6.81092e-05            0            0            0  -0.00578943      1046.51            0       108612      64794.4  -0.00136153            0       -95903     -12.2417            0            0       256520     -8326.45       373421            0  4.53327e+11     0.291054     -19.2667            0            0 -3.90357e+06 -1.12202e+07
           0 -1.30782e+10            0     -7037.46  7.72757e+14            0            0    0.0108839            0            0     -29662.4       155488            0      19.7389     -578.735 -1.14137e+09       420185      211.303            0  2.52378e+07  9.21223e+14            0      14660.7      14.4187   3.0526e-05     -840.978      13426.2 -5.18463e+12     -2256.96     -87.2263     -1907.42 -2.47017e-06            0            0       2.4682       607135  3.62495e+06     -110.229            0       5908.6            0            0  1.64076e+11 -2.03954e+06      961.873 -1.58751e+15 -5.65626e+07            0      737.428      1125.33      21667.9      17686.4            0      -2470.6            0     -1359.58            0      5.78826     -273.591  9.01937e+07            0      -5601.3            0 -1.92754e+14  0.000306843            0  0.000112754  2.21527e+06            0            0            0            0    0.0679928      31.8732            0       134620      2694.36  0.000339861            0     -861.719      260.662            0            0      3629.09        45170     -20076.5            0 -1.06841e+12    0.0667431     -45.0344            0      342.715 -4.21839e+06 -3.83456e+06
 2.11397e+18  5.32012e+21  5.80456e+18  5.71877e+12  1.15352e+26  6.51905e+17 -1.67793e+13 -8.95701e+10   4.8078e+16 -6.75387e+13 -1.09473e+15 -4.85384e+14   1.0959e+18  2.23276e+14  8.81196e+12  2.82193e+20  7.35647e+16 -1.13814e+12 -1.77854e+16  2.25349e+18 -1.18492e+26  3.91673e+14  5.62002e+14 -4.19494e+12  9.85299e+07 -1.48073e+11 -5.18463e+12  6.83389e+24  1.68398e+13 -4.55874e+11   7.4983e+12   2.5254e+07 -4.06269e+19  -6.0657e+11 -5.74723e+11   7.5394e+15 -4.15608e+17 -3.76882e+11 -5.50468e+17 -2.21719e+13  5.56079e+16  1.76732e+13 -4.41941e+22  3.94304e+17  4.69773e+12  1.08525e+26 -5.65777e+18  2.98896e+13 -2.54663e+14  -5.6366e+13  1.00623e+14  2.34147e+13  6.03827e+15  7.90823e+12  2.41963e+22  2.50862e+13  3.55726e+07  1.99957e+11 -1.22233e+12 -2.16899e+19 -3.61626e+17  1.48288e+15  -1.8816e+15  3.48688e+25  8.65662e+08  -1.0371e+18 -8.65282e+06 -3.95403e+18  1.14402e+07  3.05488e+12 -5.36432e+17  5.43427e+17  1.16302e+10  3.10668e+11 -1.25444e+12 -1.41266e+15  5.25752e+11  1.00507e+08  6.13987e+11 -9.94796e+12 -8.73263e+10 -2.22163e+17  1.29673e+12 -9.29563e+13 -4.85223e+13 -9.08458e+13 -5.38752e+08  7.39723e+22 -6.38718e+09  4.79374e+10  8.18601e+13 -6.73467e+12  3.53813e+17 -3.93058e+17
           0 -1.88057e+10            0      13270.9  7.22543e+14            0            0     0.956808            0            0  3.76169e+06  2.45903e+06  1.92773e+08      2832.98      87165.5 -1.09897e+10      75976.6      30325.3            0  1.03107e+08  4.34475e+14            0      -368298     -173.065 -0.000306513     -22662.6     -2256.96  1.68398e+13       569381      14440.3      -176070  0.000204011  1.26246e+09            0     -29.6226  6.59807e+06 -2.41114e+07     -11.7176            0       402777            0            0 -6.93425e+11    7.435e+06       378839 -5.88012e+15  1.88187e+08            0     -8851.33      -267984  -2.1411e+06       158316            0      72130.1            0       212871 -0.000817808            0     -40860.5  1.96686e+08            0     -18984.8            0  1.92436e+15   0.00447514 -1.17263e+08 -0.000386979 -2.44633e+07 -0.000358706       17.882            0            0     0.604591      4270.23            0       882866      4581.93 -0.000327086      -205.91       -98679     -560.122            0            0 -1.36937e+06     -72685.1       406219     0.012003  3.07747e+12    -0.279481       43.613            0      68.0189 -3.62965e+06 -4.42441e+07
           0 -3.00055e+09            0     -4.86137  2.14858e+13            0            0            0            0     -30.6581       101615      54924.3            0      166.809      5264.88 -5.21826e+08            0      1580.78            0  1.45341e+07  1.19426e+14            0     -17205.4            0            0      1463.16     -87.2263 -4.55874e+11      14440.3       1832.8     -3793.75            0            0            0            0   6.8326e+06       361074     -4.42229            0      8470.86            0            0  3.52244e+10            0      23478.1 -4.85173e+14  1.23587e+07            0            0     -5216.48       -87192     -9995.35            0      4078.98            0      10750.1  1.50341e-05            0     -1384.42  2.71217e+07            0        -1716            0 -1.60354e+13   0.00020078 -1.88472e+06            0 -2.51415e+06  1.62485e-06            0            0            0            0      253.851     -18.8989      6191.25      3313.57  8.14191e-05            0     -9937.95     -4.12314            0            0     -73753.8      340.408      50217.1            0 -5.98721e+10    0.0213131      1.47479            0            0 -1.08058e+06 -1.90357e+06
           0  8.19303e+10 -2.48833e+09      53.4838  1.50776e+15            0            0    -0.279162      -268905      734.263 -1.15827e+06      -871116  1.28148e+08     -3552.63      -148473  1.12994e+10      -212485     -22294.4            0  3.05161e+08 -1.49509e+14            0       923596     -44.9274  0.000533366      16937.9     -1907.42   7.4983e+12      -176070     -3793.75  1.75928e+06  -7.9228e-05 -4.02789e+08            0            0  6.30016e+07  2.66564e+07      205.692            0      98737.7            0            0 -9.76108e+11  7.80584e+06 -2.73454e+06   2.9244e+15 -2.29413e+08            0     -2269.97       150156  1.83833e+06 -3.09346e+06            0      -242636            0       105681  0.000520339            0      39245.8 -5.67737e+08            0      17544.6            0 -1.22191e+15  -0.00299241  7.35239e+08 -0.000231149  2.84674e+07   1.3661e-05     -13.0997            0            0    0.0866822     -4387.55            0       256460       191959   0.00893052     -107.007     -59947.8     -142.531            0            0       937540      14266.1 -1.75242e+06  -0.00382958 -1.42566e+13   -0.0932294       2.3762            0     -173.318  1.28762e+07  6.14937e+07
    -7.81063      19007.4     -261.209  7.92602e-06  5.57357e+08            0            0  2.92663e-07     0.266887  -0.00023255  -0.00175962   0.00327942     -14.6513   0.00026214            0      829.456   -0.0122847  3.98667e-06    0.0179032     -40.6945 -4.36286e+08            0  -0.00112013 -5.07732e-06 -6.44361e-12            0 -2.47017e-06   2.5254e+07  0.000204011            0  -7.9228e-05  1.15098e-09      583.098            0  5.57876e-07            0       3.6948            0     -3.37097  0.000755573     0.308763 -8.60529e-05      51908.7      3.80221  3.77028e-05  3.05476e+08     -5.98298  0.000380685  0.000700181 -4.86029e-05  7.97626e-05            0            0  0.000189616     -9992.96            0 -1.39559e-11 -1.62117e-06 -1.45858e-05     -73.4274            0   0.00524712            0 -2.17011e+08  3.33471e-09            0 -1.01738e-11      -19.853 -3.85606e-11  3.93304e-07     0.134241   -0.0638555 -7.02378e-08  3.02276e-06 -1.72394e-05 -0.000745137 -0.000100718 -6.51204e-10  1.47439e-06  9.20289e-05  1.55963e-06            0  1.86918e-05   0.00189838 -0.000728873 -0.000566944  1.75393e-09      97539.7 -3.37108e-09  4.51089e-11 -2.17437e-05 -1.74514e-05      1.14795       4.0226
