 2.14907e+22 -2.73494e+24 -1.50174e+23  3.68225e+11 -1.93275e+19  9.00432e+20            0            0 -6.96206e+15  3.69444e+16            0            0  4.27553e+19  5.86888e+14            0 -5.77032e+22  -2.7856e+14            0 -1.05942e+16 -1.22255e+21  3.45124e+23            0            0 -3.40642e+13 -1.27294e+06            0            0  1.55907e+20            0            0            0     -13959.6 -4.71256e+19  3.23023e+12 -4.47775e+11            0 -8.13905e+16            0 -5.24321e+18            0 -6.16848e+16  1.65271e+14  1.00834e+23   6.3626e+15            0 -5.12149e+20  2.03065e+19 -2.45448e+14 -4.21875e+15            0            0            0            0            0            0 -1.50253e+12      2880.87            0            0  3.22056e+20  6.84175e+22     -10921.2  7.97336e+15     -82.5013       755067  1.30641e+21      50756.6 -1.85278e+17       -51138  2.42324e+11            0            0  4.04851e+08 -3.91161e+10  4.72714e+10            0            0  1.84571e+06            0            0            0            0            0            0 -2.15758e+14            0      -297012  1.31057e+24  7.88754e+09 -5.08659e+07            0  4.94508e+13 -1.87525e+16  7.04762e+15
-2.73494e+24   5.2181e+29  1.43875e+27  1.34604e+17 -6.68141e+25  4.76051e+24 -2.88674e+18 -5.32295e+14  1.68581e+20 -2.02459e+20 -3.36746e+19 -8.29385e+18 -9.55197e+23  1.13748e+20 -8.99255e+16  1.02513e+28  3.72248e+20  -1.0989e+16 -1.17332e+20  2.59742e+25 -6.69435e+28  6.42725e+19  -1.1919e+18 -5.69384e+16  1.53751e+11 -4.72473e+17 -3.45727e+17 -2.54917e+25 -1.93335e+18  -1.3844e+16   2.3827e+18  1.00458e+10 -1.48682e+25 -5.33116e+15 -3.90294e+15 -4.70928e+21 -8.19922e+21 -1.58767e+15 -4.66779e+22 -1.15046e+18  1.61834e+20 -3.97942e+18 -6.96126e+28  9.44827e+20 -3.10726e+19  2.11052e+26  -1.1981e+24   3.2666e+18 -3.14727e+19  6.17282e+17  3.80065e+18 -4.17565e+18  5.83575e+20 -4.45529e+17  4.69594e+10 -7.51178e+17  1.88591e+10  -2.7075e+15   1.6995e+16 -5.40049e+25 -6.47753e+25  3.39276e+09 -2.28688e+20 -2.78479e+06 -7.94339e+10 -4.25168e+24 -9.00475e+09 -2.59199e+22 -6.84638e+09 -5.81076e+16 -4.33949e+20   3.1433e+20  -4.7382e+13 -1.00032e+15 -4.57593e+15 -1.24364e+20 -2.11603e+18 -3.25235e+10  9.38848e+14  6.42012e+17 -1.17424e+15 -2.28053e+20  1.70137e+15  5.51558e+18 -3.18531e+19 -1.95022e+18  -1.1334e+11  1.87511e+28  -9.6378e+14  1.58259e+13  8.71687e+19 -1.67317e+19  3.71095e+21 -5.19715e+20
-1.50174e+23  1.43875e+27  9.19166e+27            0 -6.85725e+22  1.44993e+24            0            0  1.09219e+19 -5.09158e+18 -3.45062e+17            0            0  -3.7184e+17            0   4.0513e+25            0            0 -1.71323e+18  4.40173e+24 -2.24771e+26            0            0  1.63068e+15  2.28326e+08            0            0  2.18974e+22            0            0            0 -1.39179e+07            0            0 -7.22296e+13            0  -1.0283e+19            0  -1.3388e+21            0 -2.17035e+18            0 -7.54842e+26            0            0  3.08603e+22 -1.10885e+22            0  1.38488e+18            0            0            0            0            0            0            0            0            0            0 -2.24631e+23            0  1.36247e+07            0            0 -1.11421e+07 -1.17911e+24            0  7.77689e+19            0 -1.71597e+13            0            0            0  1.60088e+14            0  3.67159e+17            0            0            0            0            0            0            0            0            0            0            0  2.14794e+26            0            0            0            0  8.87384e+18 -3.03247e+19
 3.68225e+11  1.34604e+17            0  1.69076e+07 -2.79982e+13            0            0     -4.60679            0 -4.23866e+06 -4.60264e+07 -4.49867e+08            0 -4.11439e+06       374713  5.10548e+15            0     -77688.3            0  1.16137e+13 -2.69459e+16            0 -6.54915e+07     -53905.8            0  5.52295e+06 -2.21703e+07   1.0999e+11   6.0095e+07     -1655.13      -154203  0.000447692 -4.74951e+11            0     -6807.51            0 -3.43936e+09      5593.79 -4.20681e+09  9.41287e+06            0            0 -1.75829e+16  1.57082e+08  1.53051e+07  1.41155e+14  6.96172e+11            0 -5.15326e+07 -3.26652e+06  -6.8404e+07  9.88736e+07            0  4.18082e+06            0      -124861 -0.000407037            0      -333676 -1.99167e+13            0   0.00154828            0            0   -0.0038072            0  -0.00729935  9.76451e+08            0            0  3.69612e+07 -7.58395e+06    -0.706818      -2764.2            0 -7.85055e+08 -6.16358e+06   -0.0212493      1353.32  3.94045e+06      -322993            0            0  4.48086e+07 -3.61147e+09       408234  -0.00148057  3.35361e+16       -181.3      461.256            0 -2.02575e+07  1.51348e+09  1.51144e+08
-1.93275e+19 -6.68141e+25 -6.85725e+22 -2.79982e+13  3.36207e+22 -7.38908e+20  5.27669e+14  4.16641e+09 -2.24124e+16  3.05073e+16  6.89868e+15  1.32516e+15  1.04673e+20 -1.46018e+16  6.72044e+12 -1.36318e+24 -6.52569e+16  5.08087e+11  1.98812e+16 -1.91788e+21  1.42103e+25 -8.10252e+15 -9.64853e+14  5.72049e+12 -2.16876e+07 -5.39443e+13  9.24414e+13  1.67027e+21  7.30808e+13   9.6305e+11 -9.84235e+13 -1.11608e+06  2.07276e+21  7.90697e+11  4.07018e+11  7.51712e+17  1.39624e+18  4.15183e+10  7.29784e+18  3.27058e+14 -1.85949e+16  2.63409e+14  8.95259e+24 -1.79119e+17  1.97762e+15  -5.8753e+22    -9.31e+19 -2.94982e+14  2.16284e+15  1.38207e+14 -1.86335e+15  2.61155e+14 -4.52759e+16 -2.95153e+13 -7.91974e+06 -5.04281e+13       398552  4.49333e+11 -3.12115e+11  1.73231e+21  3.76194e+21      -553594  2.05195e+16      1763.48  7.08452e+06   4.5057e+20  1.81963e+06    3.066e+18  1.73299e+06  8.30854e+12  1.23768e+17 -9.06767e+16  8.31704e+09  6.82103e+09  1.29347e+11  1.56343e+16 -1.95692e+14  9.15067e+06 -1.87714e+11  2.37575e+13  6.12557e+10  4.89466e+16  -2.7557e+11  7.63465e+13 -2.54141e+14 -3.60341e+13  1.81219e+07 -6.84497e+24  1.54557e+11 -1.36182e+09 -1.79662e+16  4.63477e+15 -3.99637e+17  9.08576e+16
 9.00432e+20  4.76051e+24  1.44993e+24            0 -7.38908e+20  6.84361e+22            0            0   1.9855e+16  -1.0792e+16            0            0            0 -9.85936e+14            0  9.02683e+22            0            0 -1.23276e+16  4.58962e+21 -8.34045e+23    2.153e+17            0 -1.51736e+13 -3.15538e+06            0            0  2.60397e+20            0            0            0            0            0 -4.84291e+12 -6.93155e+10            0 -1.97131e+17            0 -5.11463e+18  4.00724e+13  1.20055e+17            0 -2.51343e+24            0            0  7.01076e+20 -2.29215e+19            0  2.92902e+14            0            0            0            0            0            0            0            0            0            0 -6.10388e+20 -7.67621e+21      40094.5 -1.01903e+16            0       786897            0            0  1.84289e+17            0            0            0            0            0  8.86448e+10            0            0            0            0            0            0            0            0            0            0            0            0            0 -2.26462e+23            0            0            0            0  3.89392e+16 -2.05433e+17
           0 -2.88674e+18            0            0  5.27669e+14            0  4.48172e+10     -1500.36            0            0            0            0            0 -8.67321e+08 -1.10835e+07  1.60448e+17  2.59396e+09       490113            0 -1.90898e+15  4.48083e+18            0 -1.13929e+10            0      1.31068 -1.21696e+08            0  4.26122e+14            0            0            0            0            0            0            0            0  1.47029e+11            0            0            0            0            0  3.31396e+17            0            0  2.54244e+15  4.88683e+13            0            0 -2.74069e+08            0            0            0 -2.57265e+08            0  -3.4692e+08    -0.576044            0 -2.56198e+06 -7.15826e+13            0    0.0486796            0  0.000709315      0.22012            0            0  3.84701e+11            0            0            0 -9.48027e+08            0            0            0            0            0     0.237837            0  2.00004e+08            0            0            0  2.79837e+09            0            0            0   2.1405e+17     -22763.7            0            0            0 -8.57319e+10  1.50863e+10
           0 -5.32295e+14            0     -4.60679  4.16641e+09            0     -1500.36      8.51514       -24559      47825.7      33606.1      10252.6  1.13452e+08      -184679            0 -1.70783e+13     -94208.5      3.67251            0  9.69438e+10  6.39941e+13            0     -3676.57      8.82676 -4.32298e-05      31.2858      29.9211  2.34977e+09      3191.02            0     -449.708 -1.50575e-06  7.19791e+10            0      1.54585            0 -1.05052e+07    -0.304618      -740125      2131.88      -251095      3807.42 -5.55929e+13      -213654     -2171.87 -8.15377e+10  2.26787e+09     -2654.85      5582.87      914.849     -6901.18            0            0      476.939  4.73691e-06      129.421 -3.46904e-06            0     -10.3806  7.12054e+10  7.43291e+10  -4.0538e-06            0 -2.97178e-09 -0.000132768  2.32592e+08  2.09456e-06  4.46085e+07  4.29024e-06    -0.512632     -12853.9      9803.37    0.0135621     0.538803            0      37727.4            0  8.39563e-06    -0.164259      465.247            0            0   -0.0711207      4303.82            0     -1536.73  0.000383535 -5.58558e+13     0.480337            0            0      687.075 -3.89851e+06 -1.55458e+06
-6.96206e+15  1.68581e+20  1.09219e+19            0 -2.24124e+16   1.9855e+16            0       -24559  4.47867e+12 -1.12326e+12 -3.46263e+09            0 -6.35973e+13 -7.86015e+09            0  4.95817e+18  8.34032e+10            0 -6.76676e+11  1.39558e+17  -2.7573e+19  9.62027e+10            0 -3.35876e+08      7.80269            0            0  2.06975e+15            0            0            0      2.52256 -3.11171e+15 -2.13098e+07 -1.16527e+07            0 -1.39305e+11            0 -3.85631e+14            0  1.36468e+12            0 -2.49276e+19  2.92356e+11            0  9.22409e+16 -7.58012e+14  1.76305e+09 -6.21267e+10            0            0            0 -6.99825e+11            0            0 -2.32314e+07     -0.73418   -5.734e+06            0 -2.14246e+16 -5.77919e+16      1.44653  -2.7409e+12 -0.000437211      9.00621 -1.23028e+16            0  3.20372e+12     -5.76411       614442            0            0     -20859.6  5.74325e+06            0  3.68401e+09  9.88414e+07     -19.3508            0            0            0 -1.79123e+09  3.87965e+06            0 -1.27483e+10            0     -14.0219  1.79713e+19      -127988      2155.08  4.23436e+08 -7.89334e+08  1.27943e+12 -1.34663e+12
 3.69444e+16 -2.02459e+20 -5.09158e+18 -4.23866e+06  3.05073e+16  -1.0792e+16            0      47825.7 -1.12326e+12  2.47086e+12  4.89004e+09            0 -4.07226e+14  1.65345e+10            0 -5.11325e+18 -2.15492e+10      -458336  1.59773e+11 -1.14213e+17  3.56424e+19  -1.8634e+11            0  1.37314e+07     -42.7061            0            0 -3.37634e+15            0      -764701            0     -1.32431  1.28733e+15  3.27398e+07  5.35346e+06            0 -8.13141e+11            0  5.93425e+14            0 -1.21828e+12  1.66405e+09  1.88731e+19 -5.22725e+11            0  -1.0704e+17  8.84699e+14 -3.34731e+09 -2.39006e+10            0            0            0  9.21746e+11            0      3.17431  5.91314e+07    -0.673839  2.11068e+06            0  2.52474e+16  6.57222e+17     -1.65465  6.26821e+11 -0.000591072     -2.45778  4.09257e+16            0 -5.97955e+12     0.777225   3.7889e+06 -1.59825e+10            0      22464.6 -4.61698e+06  3.39559e+07 -5.20288e+09  1.18026e+09      64.8958            0            0            0 -2.13671e+10 -1.12586e+06            0  8.85188e+09            0      7.16171 -2.23505e+18      56865.6     -491.151  5.05183e+09  2.47353e+09 -1.48996e+12  2.72868e+11
           0 -3.36746e+19 -3.45062e+17 -4.60264e+07  6.89868e+15            0            0      33606.1 -3.46263e+09  4.89004e+09  1.93957e+12   5.2901e+10            0  1.59224e+09   1.6503e+09 -5.96053e+17            0  7.78032e+07            0  7.71581e+15  1.17179e+19            0 -3.19905e+09  -1.0881e+06            0  3.00277e+09 -1.54925e+08 -2.26174e+15  2.80145e+10  5.91144e+07 -3.92789e+09     -0.18546            0            0            0 -6.07011e+12  1.24538e+12 -2.35836e+07            0 -7.20765e+08            0            0  5.43435e+18 -1.25378e+11  9.44289e+09 -1.09847e+16  9.58834e+13            0 -1.02566e+09 -1.57502e+10 -1.36175e+11 -7.15338e+10            0  2.42065e+09            0   8.9645e+09            0            0 -1.37102e+08   3.2593e+15            0    -0.218174            0  8.50646e-06     -10.8021  3.39346e+15            0  1.06068e+11    0.0668741            0            0            0            0  1.09861e+07            0  9.84255e+11  8.80184e+10            0 -9.45009e+06 -1.26998e+09 -3.58746e+06            0            0 -3.92674e+10 -1.45485e+10  1.92404e+09            0  6.47521e+18      27285.9       132655            0            0 -3.05867e+11  -1.1677e+10
           0 -8.29385e+18            0 -4.49867e+08  1.32516e+15            0            0      10252.6            0            0   5.2901e+10  3.49665e+11            0  3.62468e+07  7.92813e+08 -4.64731e+17            0  1.08633e+07            0   1.5505e+15  1.63391e+18            0   6.9735e+09      -755652    -0.173635  1.18878e+09  5.65453e+08 -9.51802e+14  1.29683e+10  2.23364e+07 -2.06179e+09     0.188961  1.05704e+15            0     -95430.4  2.75138e+13  5.34698e+10      -889620            0  4.37193e+09            0            0  3.76408e+17  8.11043e+09  4.45187e+10 -1.07813e+16 -5.79229e+12            0 -7.22385e+08 -6.05058e+09 -2.58367e+10  4.43175e+10            0 -1.82579e+09            0  -9.5064e+08     0.924606      -222813 -1.95485e+08  9.47925e+14            0   -0.0647937            0  -0.00131699     -3.89032 -1.62863e+14            0  2.38259e+11            0            0            0            0     -353.437  2.66904e+06            0  7.27739e+10  2.75205e+10      3.48547            0 -1.83658e+08   1.4772e+07            0            0  -9.3685e+09 -1.38717e+11  -4.2913e+09        6.363  3.91141e+18      26139.3      -102082            0  3.27914e+09 -7.58381e+10 -2.72508e+10
 4.27553e+19 -9.55197e+23            0            0  1.04673e+20            0            0  1.13452e+08 -6.35973e+13 -4.07226e+14            0            0    7.093e+20  1.80655e+14 -4.27978e+10 -1.97535e+22  1.63572e+15  5.53073e+09            0  1.49992e+20    1.738e+23 -1.31335e+14            0            0       741931  1.91708e+12            0 -1.80492e+19  8.57914e+12            0  2.10493e+12     -8117.58            0 -4.81176e+10 -5.99616e+09            0 -1.46432e+16            0    1.208e+16            0  1.75811e+14            0  2.27092e+22  -3.6463e+16  4.49266e+13 -3.23693e+20  4.57314e+18  1.48432e+12            0            0            0            0  7.53557e+15 -2.55017e+10      80867.3  7.19585e+12            0  5.30986e+11            0  1.35524e+20            0     -7670.02            0     -36.3351       -84385  2.30007e+19      -175639 -3.52077e+16     -19695.7  2.01236e+10            0            0  7.12179e+09  -1.0522e+09            0            0  3.06784e+13      50891.7            0  1.08618e+12            0 -3.78344e+13  -1.4034e+11 -4.15929e+12            0            0            0  2.07024e+23 -8.82151e+08            0  6.91276e+12  2.17308e+14 -8.08208e+15 -4.47338e+15
 5.86888e+14  1.13748e+20  -3.7184e+17 -4.11439e+06 -1.46018e+16 -9.85936e+14 -8.67321e+08      -184679 -7.86015e+09  1.65345e+10  1.59224e+09  3.62468e+07  1.80655e+14  6.93916e+10  4.46261e+07  3.13646e+18 -6.43614e+10  2.79891e+06  1.66297e+10 -2.53811e+14 -1.25805e+19 -5.93574e+09  6.49767e+08  6.59371e+06     -23.0696  1.57019e+08 -6.38178e+06 -1.39702e+15  8.32629e+08  3.58692e+06 -4.59771e+08      3.06163 -1.16692e+15       208343       222902  1.13165e+12 -2.09758e+11      37192.9  6.58466e+12  3.89237e+08 -5.11685e+09   4.2804e+08  3.34622e+18 -1.46268e+11  7.75674e+09  5.29069e+16 -1.96792e+14  1.38315e+08  6.55592e+08 -2.96874e+08 -1.01863e+09 -7.35984e+08 -1.07845e+11  1.10596e+08       8.7808  1.84468e+08      5.77418       620874 -6.17246e+06 -1.36126e+16  1.27851e+16      1.00244  3.89742e+10     0.002766      38.2178  7.32889e+14       1.7487 -1.09383e+13   -0.0259652  6.18765e+06 -1.18281e+11  6.82912e+10      6702.72       433694       350982  5.27803e+09  1.00802e+09      7.18139     -17799.8 -1.15777e+08      4034.34 -4.81227e+10     -23567.6 -1.38141e+09  2.27163e+09  3.85672e+08     -6.32018  1.50822e+19       178558     -115.135  1.79328e+10  3.13805e+09  8.23275e+11 -8.52572e+10
           0 -8.99255e+16            0       374713  6.72044e+12            0 -1.10835e+07            0            0            0   1.6503e+09  7.92813e+08 -4.27978e+10  4.46261e+07  5.18594e+07 -6.94171e+15            0  1.07252e+06            0  2.20228e+12  1.54012e+16            0  2.51025e+08     -2930.17   -0.0104032  2.56963e+07 -1.19015e+06 -8.48643e+12  2.56469e+08  1.20248e+06 -2.05067e+08            0            0            0     -370.269 -7.02657e+11 -1.88755e+08        10550            0  1.82126e+07            0            0  -9.8424e+15 -1.32774e+08  2.22327e+09 -2.03358e+14  7.28404e+11            0 -2.80098e+06 -1.19355e+08  -1.0195e+09  1.43003e+09            0  1.23309e+07 -0.000585552 -1.81609e+07    0.0298236            0 -2.67715e+06  1.56474e+13            0 -0.000233437            0   2.9849e-05   -0.0766355 -2.83976e+12            0 -1.03028e+10   0.00313064            0            0            0       2.7173       112242            0 -8.36004e+08  1.81265e+08     0.159725            0 -3.44518e+07      15091.7            0            0 -3.32118e+08 -3.27588e+08  3.29501e+08            0  9.90007e+16      116.968      119.154            0            0 -2.24341e+08 -7.53303e+08
-5.77032e+22  1.02513e+28   4.0513e+25  5.10548e+15 -1.36318e+24  9.02683e+22  1.60448e+17 -1.70783e+13  4.95817e+18 -5.11325e+18 -5.96053e+17 -4.64731e+17 -1.97535e+22  3.13646e+18 -6.94171e+15  2.04481e+27  1.11084e+19 -5.73914e+14  -3.2382e+18  5.62468e+23 -5.30407e+26   2.4139e+18  1.32419e+17 -1.09243e+15  3.57951e+09 -1.99123e+16 -1.52324e+16 -5.43438e+23 -1.51424e+17 -6.83339e+14   7.6079e+16  3.01224e+08 -6.01971e+23 -1.04858e+14 -9.43174e+13 -1.81836e+20  -1.8558e+20 -3.09726e+13 -1.74993e+21 -6.03557e+16  5.21488e+18 -1.08926e+17 -1.72089e+27  2.65414e+19 -1.26438e+18  1.82085e+25 -4.11893e+22  1.04079e+17 -7.27153e+17  6.48187e+16  2.98365e+17  1.63428e+16  2.62302e+19 -1.51771e+16  2.43699e+09 -2.32093e+16 -1.13343e+09  -1.4502e+13  1.03645e+15 -3.33423e+23 -5.60397e+22   7.7334e+07 -5.45035e+18 -2.29385e+06 -2.98946e+09 -1.27605e+23 -2.06623e+08 -7.41199e+20 -1.23657e+08 -2.17856e+15 -3.35495e+18  1.91046e+16 -7.43176e+11 -7.55935e+13 -1.34164e+14 -2.66373e+18 -1.93444e+17   6.8222e+09  9.64133e+12  2.15356e+16 -1.01831e+14  2.47932e+18  7.52617e+13  1.66437e+17   -1.426e+18 -8.91933e+16 -4.69779e+09  2.06772e+27 -2.38813e+13  7.17743e+11 -1.55059e+18 -4.92492e+17  1.30462e+20 -9.35952e+18
 -2.7856e+14  3.72248e+20            0            0 -6.52569e+16            0  2.59396e+09     -94208.5  8.34032e+10 -2.15492e+10            0            0  1.63572e+15 -6.43614e+10            0  1.11084e+19  1.31828e+13            0 -8.64101e+10 -5.96619e+16 -6.83819e+19  2.33802e+11            0 -6.22038e+07      771.821            0            0  4.29628e+15            0            0            0     0.147269 -1.48743e+15            0 -1.91497e+06            0 -3.56885e+13            0 -1.72559e+12            0            0            0 -3.44745e+20    3.178e+12            0  1.71924e+17 -1.51765e+15  5.52819e+08 -4.78993e+10            0            0            0 -7.98728e+11            0     -10.3808 -1.17478e+08     -3.26478            0            0 -4.69717e+16 -4.41507e+16      3.44124 -7.20145e+10    0.0111581      9.65543  5.65673e+14     -65.7809  1.56136e+13     -2.67309 -1.27932e+07            0            0      16058.8       130815      -555601            0            0     -129.455            0            0            0   7.1185e+09            0            0            0            0     -19.0418  1.52508e+18 -7.76476e+06            0 -8.32399e+09  2.25438e+09  3.23449e+12  3.74273e+11
           0  -1.0989e+16            0     -77688.3  5.08087e+11            0       490113      3.67251            0      -458336  7.78032e+07  1.08633e+07  5.53073e+09  2.79891e+06  1.07252e+06 -5.73914e+14            0       101380            0   2.5656e+11  9.80915e+14            0 -1.25655e+07            0 -0.000345602      -300692      96860.9  -8.1694e+11  1.99141e+07      79562.2 -6.67327e+06  1.92606e-05   2.9665e+11            0            0 -5.31719e+09   4.6532e+07      248.579            0  4.16168e+06            0            0  1.39054e+14      -496544  1.03471e+08 -1.05826e+13  3.51311e+10            0            0 -5.33437e+06 -3.61661e+07 -5.19665e+07            0  1.28817e+06            0  4.23618e+06  0.000281288            0      -105484    1.183e+12            0 -7.88205e-05            0  1.04153e-06   0.00157193 -1.19432e+11            0 -5.10911e+08  9.73336e-06            0            0            0    0.0575121      7859.52     -523.454  3.43366e+07 -1.93764e+06    0.0024711            0 -1.71689e+06      5105.39            0            0 -3.81037e+07  4.37906e+06  1.05709e+07   0.00178573 -7.43241e+14       21.802     -6.56424            0       309107 -5.72847e+07 -4.23908e+07
-1.05942e+16 -1.17332e+20 -1.71323e+18            0  1.98812e+16 -1.23276e+16            0            0 -6.76676e+11  1.59773e+11            0            0            0  1.66297e+10            0  -3.2382e+18 -8.64101e+10            0  2.39576e+13 -3.47963e+16  2.33935e+19            0            0  6.76589e+08      8.67648            0            0 -2.88724e+15            0            0            0    0.0781156  3.45014e+15            0  3.26249e+07            0 -2.65696e+11            0   2.8095e+14            0  -2.8239e+10            0  3.74991e+19 -2.19797e+11            0 -5.85309e+16  2.93053e+14            0  5.55486e+11            0            0            0            0            0      9.40041            0     0.545442            0            0  1.22133e+16  5.23461e+16     -1.12774            0   0.00344198      21.0936  1.83906e+16            0 -5.81798e+12            0  4.87191e+07            0            0      1396.05      -445353            0            0            0       13.432            0            0            0            0            0            0            0            0      5.73448 -2.01215e+19            0            0            0            0 -8.86345e+11  1.68625e+12
-1.22255e+21  2.59742e+25  4.40173e+24  1.16137e+13 -1.91788e+21  4.58962e+21 -1.90898e+15  9.69438e+10  1.39558e+17 -1.14213e+17  7.71581e+15   1.5505e+15  1.49992e+20 -2.53811e+14  2.20228e+12  5.62468e+23 -5.96619e+16   2.5656e+11 -3.47963e+16  7.21775e+22 -2.96798e+23 -3.58317e+15  2.30612e+15 -5.33983e+13 -2.13998e+07 -1.00507e+13  3.53271e+13 -2.24858e+21  2.82231e+14  2.01751e+12   4.2993e+14 -1.63351e+06  3.45102e+21 -4.22655e+12 -1.23569e+12  4.40796e+17  -1.7642e+18 -9.01366e+10 -2.81079e+19 -1.51657e+14  7.31821e+16  5.13757e+14 -1.13538e+25 -1.51581e+17  4.93043e+14   5.0282e+21 -1.24728e+20 -1.14104e+14 -7.11484e+14  3.49727e+14 -2.59683e+15 -2.62021e+15   -8.898e+16 -1.05366e+13  9.98534e+06  7.96637e+13  5.49182e+06  8.98255e+11 -1.00701e+12 -3.07837e+21  7.46084e+21       149372 -5.39959e+16      1831.64  1.60294e+07 -4.14203e+21  1.55698e+06  -4.2598e+17  1.46362e+06  1.12397e+13 -1.07557e+17  6.47083e+16  9.69271e+09  1.90468e+12  -2.6859e+12   1.4919e+16  2.08091e+15    1.836e+07 -1.05199e+11 -3.74362e+13 -4.31291e+11  -4.4691e+16 -2.92896e+11 -2.48422e+14 -6.86067e+15  -2.5752e+14  2.57601e+07  8.32048e+23  1.40402e+11  1.10721e+09  1.70975e+16  2.99739e+15  1.77507e+17 -4.14339e+17
 3.45124e+23 -6.69435e+28 -2.24771e+26 -2.69459e+16  1.42103e+25 -8.34045e+23  4.48083e+18  6.39941e+13  -2.7573e+19  3.56424e+19  1.17179e+19  1.63391e+18    1.738e+23 -1.25805e+19  1.54012e+16 -5.30407e+26 -6.83819e+19  9.80915e+14  2.33935e+19 -2.96798e+23  4.10188e+28 -1.23157e+19  8.51716e+17  8.32846e+15 -2.40802e+10  2.25022e+16  8.23544e+16  1.50166e+24  3.48514e+16  9.86995e+14 -2.76943e+17 -1.35562e+09  2.80297e+24  6.46919e+14  5.64028e+14  5.12482e+20  8.80997e+20  1.91873e+14  7.94231e+21  1.69558e+17 -2.78002e+19  4.53316e+17  8.77875e+27 -1.61299e+20  4.18046e+18 -2.71438e+25  2.21104e+23 -5.41198e+17  3.98457e+18  3.24446e+16  1.81021e+18 -1.26921e+18 -3.45788e+19  3.83994e+16 -1.38719e+08  5.69127e+16  5.41517e+08  5.37692e+14 -1.46439e+15  5.00104e+23  9.92321e+24 -7.25881e+07  1.58132e+19  1.17816e+07  8.68994e+09  6.89823e+23  1.60019e+09  2.62354e+21  1.18596e+09   7.7043e+15  2.59843e+20 -1.57144e+20  8.10047e+12   1.0438e+12  7.34035e+14  1.98095e+19    5.798e+17  1.38603e+10  -1.7273e+14 -5.79022e+16  1.97949e+14  1.28715e+20 -2.99006e+14 -6.29977e+17  5.10509e+18  1.19146e+17   1.7893e+10     4.22e+27  1.57307e+14 -2.29012e+12 -5.34566e+19  3.46413e+18 -4.66697e+20  2.20545e+19
           0  6.42725e+19            0            0 -8.10252e+15    2.153e+17            0            0  9.62027e+10  -1.8634e+11            0            0 -1.31335e+14 -5.93574e+09            0   2.4139e+18  2.33802e+11            0            0 -3.58317e+15 -1.23157e+19  4.56508e+12            0 -4.35457e+07      31.1456            0            0   9.1178e+14            0            0            0            0            0 -1.59245e+07            0            0 -3.97461e+12            0            0  1.31769e+08  3.83131e+11            0 -3.70302e+19  3.57794e+11            0  4.37677e+16 -1.52526e+14            0            0            0            0            0  3.61251e+13            0            0 -1.87419e+07            0            0            0 -6.30466e+15 -3.66277e+16     0.467325 -5.11059e+11  -0.00583071    -0.257401            0     -11.9359  6.81995e+11     -4.18128  1.39091e+06            0            0     -8198.87            0            0            0            0     -12.7046            0            0            0            0            0            0            0            0            0  8.57777e+18      -417738            0            0 -8.07195e+09  4.68865e+11 -5.03699e+11
           0  -1.1919e+18            0 -6.54915e+07 -9.64853e+14            0 -1.13929e+10     -3676.57            0            0 -3.19905e+09   6.9735e+09            0  6.49767e+08  2.51025e+08  1.32419e+17            0 -1.25655e+07            0  2.30612e+15  8.51716e+17            0  2.03012e+11            0            0   1.9182e+09  5.33282e+07   1.3256e+15 -1.89377e+09 -7.48831e+06   2.2812e+09   -0.0579462 -3.79054e+14            0            0 -7.93049e+12 -5.00005e+10       185261            0 -6.71061e+08            0            0  1.66916e+18  3.75902e+09 -5.30001e+09  5.58544e+15  3.09525e+13            0            0  2.70992e+09  -1.9032e+09 -3.00841e+10            0  2.90003e+09            0  3.87239e+09     0.191315            0  3.64284e+07  8.68691e+14            0   -0.0150875            0 -7.94052e-05     -1.43417            0    0.0892655 -2.76014e+11   -0.0716648            0            0            0            0      -663772            0 -9.20366e+10  7.33854e+09            0       424097 -2.68027e+09  4.21497e+06            0            0 -4.40437e+10  1.11116e+10 -1.61316e+09     -2.28176  6.23506e+18            0      3910.35            0            0  -5.2777e+10 -1.22959e+10
-3.40642e+13 -5.69384e+16  1.63068e+15     -53905.8  5.72049e+12 -1.51736e+13            0      8.82676 -3.35876e+08  1.37314e+07  -1.0881e+06      -755652            0  6.59371e+06     -2930.17 -1.09243e+15 -6.22038e+07            0  6.76589e+08 -5.33983e+13  8.32846e+15 -4.35457e+07            0  1.06752e+06  0.000599987            0      12907.7  -7.2229e+10      -219420            0            0 -0.000173645  1.57202e+12      5030.29      25696.5            0  6.67209e+08     -54.8417  7.23202e+10      -6299.7 -9.99394e+07            0  1.33666e+16 -2.38872e+08            0 -1.54744e+13  3.15612e+11            0  2.54055e+08     -23136.7      -229388            0  6.46934e+07            0  0.000106692            0  -0.00149453            0            0  7.33882e+12  3.57595e+12 -0.000406146  1.87231e+08 -1.05234e-06 -0.000420979  7.50827e+11   0.00138716 -1.16178e+09   0.00237944      416.721            0            0    -0.161726     -1769.27            0  5.95446e+06            0 -0.000743129            0      11758.1     -3086.73            0            0            0 -5.91061e+06            0   0.00657773  1.03346e+15       30.146     -6.79162            0       452093 -4.60304e+08  1.13082e+09
-1.27294e+06  1.53751e+11  2.28326e+08            0 -2.16876e+07 -3.15538e+06      1.31068 -4.32298e-05      7.80269     -42.7061            0    -0.173635       741931     -23.0696   -0.0104032  3.57951e+09      771.821 -0.000345602      8.67648 -2.13998e+07 -2.40802e+10      31.1456            0  0.000599987  1.06213e-06     0.087905   0.00358687 -3.08126e+06   -0.0698188            0     0.063534  2.02959e-10     -70503.8  -0.00372768 -0.000924925            0     -10233.2            0      2966.98  -0.00168506     -2.13313    -0.889035 -1.46018e+11      1033.22      0.60049  5.62065e+07      -667730            0      -3.7474            0     0.761143            0      1618.59   -0.0161657 -2.12666e-09   -0.0729612 -2.16125e-10  0.000163753            0 -1.90118e+07  1.70833e+06  1.32629e-09     -17.1784  4.36982e-12  1.19308e-09      -796044 -5.56818e-08      5666.91  -1.3145e-09  -0.00231257            0     -3.16901 -1.10079e-05  6.15954e-05 -0.000609361            0    -0.295583 -3.42307e-08            0    0.0327848            0        5.825 -0.000157146    -0.264255      -4.2918            0 -5.58055e-09 -4.95178e+09  -0.00348437  7.60528e-07     0.240694     -16.6438      1217.08      267.568
           0 -4.72473e+17            0  5.52295e+06 -5.39443e+13            0 -1.21696e+08      31.2858            0            0  3.00277e+09  1.18878e+09  1.91708e+12  1.57019e+08  2.56963e+07 -1.99123e+16            0      -300692            0 -1.00507e+13  2.25022e+16            0   1.9182e+09            0     0.087905  1.23181e+09 -8.98689e+06  1.14336e+12 -3.22575e+08  1.67413e+06  1.06691e+08            0            0            0            0 -5.46793e+11  1.85037e+10     -21392.9            0      7.3e+07            0            0  7.29953e+16  1.37418e+09  1.09327e+10 -1.58284e+14  2.53571e+12            0            0  -4.4869e+07  -2.3093e+09 -3.60301e+09            0 -1.51779e+07            0 -2.69124e+08     -0.05262            0 -4.07864e+06  7.78795e+13            0  -0.00416627            0  0.000153337      0.21499            0   -0.0338492 -2.88249e+10  -0.00601302            0            0            0     -5.73844       437368            0  1.76532e+09  3.75181e+09    -0.013443            0 -4.40372e+08     -21789.4            0            0  8.97986e+08 -6.45474e+08  1.33465e+09            0  -4.7867e+16      5603.23      -1072.4            0            0 -3.98922e+09 -2.92639e+09
           0 -3.45727e+17            0 -2.21703e+07  9.24414e+13            0            0      29.9211            0            0 -1.54925e+08  5.65453e+08            0 -6.38178e+06 -1.19015e+06 -1.52324e+16            0      96860.9            0  3.53271e+13  8.23544e+16            0  5.33282e+07      12907.7   0.00358687 -8.98689e+06  1.16342e+08  4.08553e+12  -2.9207e+07     -83568.9 -1.01541e+07 -0.000656266            0            0      1630.12  3.14597e+10  9.50612e+09     -21677.5            0  1.98938e+07            0            0  2.26205e+16 -2.70119e+08  4.31716e+07 -4.17206e+14 -2.41915e+12            0  1.23395e+07  5.78708e+06  1.07426e+08  3.14696e+08            0 -7.53604e+06            0 -5.28075e+06            0      4602.61      -216339  4.86205e+13            0  -0.00371491            0            0    0.0774846            0    0.0143055  5.19408e+09            0            0            0            0      7.30091      10700.3            0  1.74633e+09  1.26753e+08    0.0296008            0  -3.3712e+06       282494            0            0   9.7929e+06   3.0556e+09 -5.96736e+07            0 -5.65957e+16      1000.81     -2050.99            0  1.25549e+08  -3.8004e+09 -7.47571e+08
 1.55907e+20 -2.54917e+25  2.18974e+22   1.0999e+11  1.67027e+21  2.60397e+20  4.26122e+14  2.34977e+09  2.06975e+15 -3.37634e+15 -2.26174e+15 -9.51802e+14 -1.80492e+19 -1.39702e+15 -8.48643e+12 -5.43438e+23  4.29628e+15  -8.1694e+11 -2.88724e+15 -2.24858e+21  1.50166e+24   9.1178e+14   1.3256e+15  -7.2229e+10 -3.08126e+06  1.14336e+12  4.08553e+12  1.07157e+22 -1.12552e+14 -3.94901e+11  2.97397e+13       229293 -5.41927e+20 -3.48375e+10  6.16634e+10   2.5071e+15  4.43621e+17  6.46101e+10 -6.84339e+17 -7.36869e+13  5.45939e+15  1.42074e+15   2.6892e+24 -1.34753e+16  2.26338e+14 -6.19255e+21   9.5711e+19 -2.69134e+14  7.09846e+13 -1.43234e+13  6.27963e+14   1.1765e+15 -2.53443e+16  2.81348e+13  -2.2883e+06  4.63182e+13 -1.13991e+06 -1.28723e+11  9.72384e+11  3.45331e+21 -4.06947e+21      -171534 -2.19648e+15     -1862.12  3.74511e+07 -1.43389e+20      -339888  2.83161e+17  1.77975e+06  5.86899e+12  2.33032e+16  -1.0584e+16  9.98901e+08  -5.2584e+10  -1.9222e+11 -1.28782e+15 -3.35629e+13  1.12096e+06  3.54099e+10   -3.774e+13  2.39063e+11  1.31833e+16 -3.35389e+10  -9.7213e+13  3.25566e+15 -9.35484e+13 -6.06459e+06 -2.79137e+23 -7.14062e+08 -4.01915e+08 -3.61719e+15 -7.33731e+13 -1.71857e+17  3.94952e+16
           0 -1.93335e+18            0   6.0095e+07  7.30808e+13            0            0      3191.02            0            0  2.80145e+10  1.29683e+10  8.57914e+12  8.32629e+08  2.56469e+08 -1.51424e+17            0  1.99141e+07            0  2.82231e+14  3.48514e+16            0 -1.89377e+09      -219420   -0.0698188 -3.22575e+08  -2.9207e+07 -1.12552e+14  1.00885e+10  1.94095e+07 -1.39623e+09     0.034131  2.94683e+14            0       -27707  4.29274e+11 -7.44021e+10     -12222.4            0  1.78133e+09            0            0 -2.67391e+17  1.41096e+09  1.80284e+10  -1.8698e+15  1.05691e+13            0 -2.09764e+08 -1.92594e+09 -1.52011e+10  2.88974e+09            0  3.11606e+08            0   8.8196e+08   -0.0592842            0 -4.53393e+07  1.64902e+14            0   -0.0178117            0  0.000789806     0.727109 -2.65712e+13   -0.0611907 -1.19417e+11   -0.0486697      40781.4            0            0      71.3424  2.06619e+06            0  1.77436e+10    2.991e+08     0.230473     -75580.6 -5.61478e+08      -821068            0            0 -6.35163e+09 -6.99766e+09  1.66241e+09      1.77389  3.11761e+17     -6527.16      2983.81            0  3.61103e+07 -5.10265e+09 -1.29857e+10
           0  -1.3844e+16            0     -1655.13   9.6305e+11            0            0            0            0      -764701  5.91144e+07  2.23364e+07            0  3.58692e+06  1.20248e+06 -6.83339e+14            0      79562.2            0  2.01751e+12  9.86995e+14            0 -7.48831e+06            0            0  1.67413e+06     -83568.9 -3.94901e+11  1.94095e+07       187624 -2.46858e+06            0            0            0            0   3.8604e+10  1.16578e+08     -105.404            0  2.87434e+06            0            0 -1.56198e+14            0  8.57087e+07 -1.36264e+13  4.52908e+10            0            0  -2.9699e+06 -4.68328e+07 -2.05635e+07            0  1.24601e+06            0   3.3211e+06  0.000255085            0      -119565  1.54031e+12            0  -0.00012196            0  8.03094e-07    0.0026184 -3.52898e+10            0 -7.07016e+08   2.5887e-05            0            0            0            0      9213.33     -873.443   8.8653e+06  1.70866e+07   0.00196562            0  -3.9641e+06     -499.546            0            0 -2.56769e+07  2.54496e+06  1.57417e+07            0 -9.20953e+14      36.2315      7.33094            0            0  -9.8866e+07 -4.29999e+07
           0   2.3827e+18            0      -154203 -9.84235e+13            0            0     -449.708            0            0 -3.92789e+09 -2.06179e+09  2.10493e+12 -4.59771e+08 -2.05067e+08   7.6079e+16            0 -6.67327e+06            0   4.2993e+14 -2.76943e+17            0   2.2812e+09            0     0.063534  1.06691e+08 -1.01541e+07  2.97397e+13 -1.39623e+09 -2.46858e+06  7.15377e+09  -0.00708785 -4.63645e+13            0            0  2.16544e+12   1.8759e+10      27536.5            0  1.78684e+08            0            0 -4.10115e+17  3.16009e+08  -6.2907e+10  4.25038e+14 -1.05488e+13            0            0  5.92279e+08  6.49202e+09 -3.72812e+10            0 -5.04165e+08            0  6.66663e+08    0.0282553            0  2.05934e+07  -2.2929e+14            0   0.00998734            0 -0.000209225     -0.36069  8.25459e+12   -0.0138042  6.33044e+10            0     -9337.49            0            0            0      -984229            0  3.61695e+09  6.69807e+09   -0.0573997     -21952.2 -1.67777e+08      -106604            0            0  1.83712e+09  7.29055e+08 -3.50488e+09    -0.279099 -3.00567e+17     -542.135      121.367            0 -7.91299e+06  1.36757e+10  8.78474e+09
    -13959.6  1.00458e+10 -1.39179e+07  0.000447692 -1.11608e+06            0            0 -1.50575e-06      2.52256     -1.32431     -0.18546     0.188961     -8117.58      3.06163            0  3.01224e+08     0.147269  1.92606e-05    0.0781156 -1.63351e+06 -1.35562e+09            0   -0.0579462 -0.000173645  2.02959e-10            0 -0.000656266       229293     0.034131            0  -0.00708785   3.6914e-09  1.09379e+06            0 -2.19758e-06            0      128.009            0     -478.079    0.0336004      4.71949   0.00855225  -7.6324e+08      9.80869    0.0468183  4.63997e+06     -13883.3    0.0847848     0.169125  -0.00516335    0.0302529            0            0   0.00831809 -6.13518e-11            0 -1.66074e-11 -2.64452e-05 -0.000163609 -1.18202e+06            0  9.34727e-11            0 -5.92959e-15  3.19609e-09            0 -1.80954e-11     -1159.85 -8.80864e-11 -3.46243e-05     0.408185    -0.256003 -1.78095e-07  1.69881e-05 -0.000142936    -0.190465    -0.102403 -9.70473e-10  9.49087e-06   0.00503309    2.814e-05            0  4.17425e-05    0.0901906    -0.865813   -0.0242203 -4.38791e-10  1.54422e+09 -2.23071e-06 -6.53547e-09    -0.114765   -0.0722372      78.4634      19.5712
