  7.9216e+20 -2.18346e+23 -1.11744e+22  3.34198e+10 -7.66844e+20  1.83688e+19            0            0 -1.25139e+15  2.42716e+15            0            0  2.12981e+18   1.8722e+13            0 -9.33219e+20 -4.86245e+13            0 -1.72942e+15 -1.93527e+19  8.09372e+22            0            0 -4.26167e+12      -228297            0            0 -2.26215e+21            0            0            0     -2238.67  -1.7007e+18   3.7733e+11 -5.58616e+10            0 -7.72932e+15            0 -3.30934e+17            0 -9.44673e+15  1.26396e+13  9.21008e+21  1.19644e+15            0  -1.9488e+20  1.09114e+18 -1.65398e+13 -3.40913e+14            0            0            0            0            0            0 -1.62388e+11     -627.217            0            0  1.27359e+19  1.12388e+21     -5742.81  1.29697e+15      -248120       113964  4.08102e+19      9815.93 -2.12278e+16     -9423.53  2.38416e+10            0            0  7.50762e+07 -5.34849e+09  6.50908e+09            0            0       361886            0            0            0            0            0            0 -2.02907e+13            0     -53124.1  4.30117e+23  1.96952e+08  -1.1724e+07            0  1.68769e+12 -1.46625e+15  1.05819e+15
-2.18346e+23  1.21566e+29  3.58676e+26  2.87377e+16 -7.57427e+24  2.11978e+23 -5.76383e+17 -1.01597e+14  6.86089e+19 -2.87269e+19 -8.34134e+18 -2.56057e+18 -1.06007e+23  9.18222e+18 -1.62535e+16   4.5478e+26   1.5559e+20 -3.20979e+15 -4.41977e+19  9.81127e+23 -3.66245e+28  1.59258e+19 -6.89622e+17 -1.57987e+16  6.29832e+10 -6.69697e+16 -5.61319e+16  5.47719e+27  -2.6378e+17  -3.3761e+15  4.03132e+17  4.19217e+09 -1.41422e+24 -1.47992e+15 -1.07614e+15 -5.56403e+20 -1.89062e+21 -5.40048e+14 -7.12302e+21 -2.79847e+17  5.95081e+19 -7.88577e+17 -3.11074e+28  4.41182e+20 -6.68266e+18  4.03237e+26 -1.27639e+23    5.339e+17 -5.45743e+18  6.42402e+16  8.07599e+17 -1.11266e+18  8.09484e+19 -1.05403e+17  3.99736e+10 -1.67539e+17  7.58348e+09 -6.88271e+14  4.46242e+15 -5.21383e+24  -1.9899e+24  4.86247e+09 -7.08513e+19 -2.10472e+09 -2.35104e+10 -2.80839e+23 -3.86487e+09 -8.48811e+21  -3.1959e+09 -1.39845e+16 -2.08091e+20  1.49471e+20 -1.98065e+13  -2.5056e+14 -1.26797e+15 -2.62529e+19 -5.00272e+17 -7.81191e+09  3.01587e+14  1.29557e+17 -3.84899e+14 -1.07005e+20  7.73141e+14  1.29224e+18 -7.34443e+18 -5.10677e+17 -5.30832e+10  1.50851e+28 -5.46374e+13  7.84926e+12  3.37498e+19 -1.34989e+18  6.91391e+20 -2.41483e+20
-1.11744e+22  3.58676e+26  2.79808e+27            0  9.60544e+23  8.13488e+22            0            0  5.73632e+18  -9.7207e+17 -1.12923e+17            0            0 -3.30508e+16            0  1.44659e+24            0            0 -6.57783e+17  1.82375e+23 -1.38299e+26            0            0  6.01687e+14  1.07736e+08            0            0  2.67495e+25            0            0            0 -7.18923e+06            0            0 -2.63208e+13            0 -1.97237e+18            0 -1.78517e+20            0  -1.0884e+18            0 -3.74534e+26            0            0 -4.08166e+23 -1.60032e+21            0  3.16108e+17            0            0            0            0            0            0            0            0            0            0 -2.48884e+22            0  1.93776e+07            0            0 -5.95522e+06 -1.06463e+23            0  2.46417e+19            0 -7.58873e+12            0            0            0  5.69115e+13            0  1.02332e+17            0            0            0            0            0            0            0            0            0            0            0  1.58253e+26            0            0            0            0  2.06111e+18 -2.00369e+19
 3.34198e+10  2.87377e+16            0  3.64651e+06  -7.4125e+13            0            0    -0.834916            0      -671806 -1.39385e+07   -1.412e+08            0      -397595      86769.5  1.89526e+14            0       -27825            0  4.23076e+11  -1.4551e+16            0 -1.68397e+07     -16518.6            0       795798 -3.52055e+06  1.57333e+15  1.06953e+07     -526.073     -18797.8  0.000169813 -4.33635e+10            0     -2035.66            0 -7.99037e+08      2160.01 -6.88979e+08  2.70138e+06            0            0 -7.91076e+15   7.7559e+07  3.57667e+06  3.14759e+14  1.04051e+11            0 -1.00547e+07      -662650  -1.8981e+07   2.3414e+07            0  1.08421e+06            0     -28965.7 -0.000181269            0      -104782 -1.89594e+12            0   0.00205954            0            0 -0.000998203            0   -0.0033142  2.01334e+08            0            0  1.55469e+07 -3.57457e+06    -0.321452     -882.958            0 -1.70801e+08 -1.45764e+06  -0.00998133      495.124       801400     -82828.7            0            0  1.15751e+07 -8.30707e+08       133330 -0.000656283  2.38739e+16     -10.8644      249.703            0 -1.63939e+06  2.92122e+08   7.0658e+07
-7.66844e+20 -7.57427e+24  9.60544e+23  -7.4125e+13  3.25274e+24 -3.46328e+19 -4.74505e+14 -3.45715e+11  -1.3692e+16   2.9157e+16  2.71491e+16  5.12925e+15 -4.18514e+19  4.40498e+15 -1.56934e+13  2.25415e+23 -1.68015e+17 -4.62233e+12  4.16107e+16  1.47245e+21  9.44901e+25 -7.52732e+15 -9.36364e+15  -5.4288e+12 -3.60883e+07 -4.21931e+14  2.17457e+14 -6.49323e+24 -4.71256e+14 -3.56974e+12   8.1498e+14  3.64676e+06  2.42226e+20  6.31975e+11 -2.64128e+11  2.81197e+17  1.83727e+18 -1.21688e+12  5.69039e+18  1.51439e+15  1.48243e+16 -1.69879e+15   1.5115e+24 -7.83746e+17  -1.7841e+16   -1.996e+24 -8.11211e+20  6.94781e+14 -5.48342e+15  9.71632e+14 -9.98959e+15 -2.58134e+15   2.5544e+16 -5.43473e+14 -5.73165e+07 -7.46521e+14   2.7866e+07  9.46655e+11  1.16657e+13 -1.49215e+22 -3.67871e+21 -1.12743e+06 -8.28213e+15  4.82358e+08 -3.65092e+07 -1.43073e+20  9.20883e+06 -5.44652e+18   9.0095e+06  3.71698e+12  8.50935e+17 -7.61162e+17  3.23219e+10 -7.05641e+11 -3.17901e+12  1.70097e+16 -2.14177e+15  9.09506e+07 -1.16588e+12  5.14449e+14 -2.61338e+11  2.71984e+17  -6.2148e+11  4.42858e+15 -2.45268e+16 -2.21296e+15  2.53676e+07 -4.06799e+25  4.72169e+10  4.32348e+07 -8.32954e+16  5.15722e+15  3.77678e+17  2.41596e+17
 1.83688e+19  2.11978e+23  8.13488e+22            0 -3.46328e+19  7.77188e+20            0            0  1.91174e+15 -3.85955e+14            0            0            0 -1.67898e+13            0  7.41385e+20            0            0 -1.11315e+15  3.91279e+19 -1.02725e+23  1.35995e+16            0 -1.04747e+12      -310994            0            0  1.87626e+22            0            0            0            0            0   -3.129e+11   -4.766e+09            0 -1.04871e+16            0 -1.90053e+17  2.41996e+12  1.02478e+16            0 -2.73514e+23            0            0  2.88006e+20 -6.60822e+17            0  1.34433e+13            0            0            0            0            0            0            0            0            0            0 -1.32238e+19 -6.91934e+19      11729.1 -8.82381e+14            0       114545            0            0  1.16843e+16            0            0            0            0            0  6.43738e+09            0            0            0            0            0            0            0            0            0            0            0            0            0 -5.60985e+22            0            0            0            0  1.63733e+15 -2.13718e+16
           0 -5.76383e+17            0            0 -4.74505e+14            0  2.69105e+09      -138.08            0            0            0            0            0 -3.18462e+07 -1.45877e+06  3.77738e+15  5.73722e+08      91492.4            0 -3.68475e+13  1.39532e+18            0   -1.541e+09            0     0.299637 -9.14168e+06            0   -2.179e+16            0            0            0            0            0            0            0            0  1.78515e+10            0            0            0            0            0  8.53849e+16            0            0  5.01257e+15  3.26027e+12            0            0 -2.84635e+07            0            0            0 -3.45102e+07            0 -4.63292e+07    -0.124214            0      -421294 -6.55503e+12            0    0.0379561            0      2.30892    0.0549805            0            0  5.93488e+10            0            0            0 -2.42605e+08            0            0            0            0            0    0.0584229            0  2.16838e+07            0            0            0  3.88667e+08            0            0            0  9.00102e+16     -717.349            0            0            0 -7.92364e+09  3.49806e+09
           0 -1.01597e+14            0    -0.834916 -3.45715e+11            0      -138.08      1.21354     -7573.12      5749.46      7949.69      2589.69  1.04001e+07     -10707.3            0 -5.08101e+11     -31491.5      1.06876            0  2.89698e+09  2.74477e+13            0      -754.23      2.12115 -1.49598e-05      3.39722      3.79226 -7.13156e+12      461.171            0     -71.8762 -1.45546e-07   5.2456e+09            0     0.363961            0 -2.06643e+06   -0.0960152      -184456       481.48     -77003.2      584.635 -2.53436e+13     -81454.8     -350.865  5.85052e+10  2.20373e+08     -336.583      835.995      150.777     -1552.24            0            0      99.0746  3.57362e-06      27.9832 -1.28903e-06            0     -2.67166  5.40052e+09  2.32546e+09 -4.04984e-06            0 -1.51591e-05 -5.89113e-05  1.29184e+07  7.88489e-07  1.02738e+07  1.45272e-06    -0.106085     -4776.66      3883.63   0.00480069     0.139783            0      6716.59            0  3.66645e-06   -0.0505332      80.4851            0            0   -0.0242241      948.774            0     -331.861  0.000132281 -2.86251e+13    0.0234024            0            0       41.516      -550203      -571326
-1.25139e+15  6.86089e+19  5.73632e+18            0  -1.3692e+16  1.91174e+15            0     -7573.12  3.60188e+12 -3.39883e+11 -1.82537e+09            0 -1.30674e+13 -1.22933e+09            0  3.44076e+17  6.74736e+10            0 -5.12322e+11  1.01622e+16  -2.9157e+19  5.12048e+10            0 -1.94999e+08       6.4483            0            0  4.89969e+18            0            0            0      1.82507 -5.29329e+14 -1.15438e+07 -6.68205e+06            0 -3.81512e+10            0 -1.20345e+14            0  9.70853e+11            0 -2.18137e+19   2.7073e+11            0  3.72498e+17 -1.80579e+14  5.50518e+08 -2.29644e+10            0            0            0 -2.41815e+11            0            0 -1.18702e+07    -0.542563 -3.13858e+06            0 -3.91933e+15 -4.37957e+15      3.60726 -1.98905e+12     -5.83512      14.7813 -1.78021e+15            0  1.61065e+12     -4.91954       203887            0            0     -17900.3  3.58485e+06            0  1.65408e+09  4.85674e+07     -17.4242            0            0            0 -1.74394e+09  3.23419e+06            0 -5.78553e+09            0     -11.8849  2.26012e+19     -14708.9      2299.06  3.64826e+08 -1.22797e+08  4.58103e+11 -1.19065e+12
 2.42716e+15 -2.87269e+19  -9.7207e+17      -671806   2.9157e+16 -3.85955e+14            0      5749.46 -3.39883e+11  2.82229e+11   9.6947e+08            0 -3.65695e+13  9.18306e+08            0 -1.31036e+17  -6.5396e+09      -117367  4.52766e+10 -3.08803e+15  1.44165e+19 -3.73128e+10            0  2.97286e+06        -13.4            0            0 -2.08348e+18            0      -155367            0    -0.357125  8.20185e+13  6.71859e+06  1.16838e+06            0 -1.36429e+11            0  6.98968e+13            0 -3.26631e+11  2.22311e+08  6.05936e+18 -1.80577e+11            0 -1.67028e+17  7.97171e+13 -3.91935e+08 -3.35287e+09            0            0            0  1.19959e+11            0      2.02244   1.1306e+07    -0.247177       435098            0  1.75693e+15  1.88026e+16     -1.55942   1.7174e+11     -3.45907     -2.82853  2.24366e+15            0 -1.18981e+12     0.229535       635152 -5.05589e+09            0      7262.58 -1.06957e+06  8.23857e+06 -8.78523e+08  1.96657e+08      22.0778            0            0            0 -7.05439e+09      -352735            0  1.49345e+09            0      2.25902  8.77531e+17      2456.06     -195.754  1.47597e+09  1.44561e+08 -2.03124e+11  8.54661e+10
           0 -8.34134e+18 -1.12923e+17 -1.39385e+07  2.71491e+16            0            0      7949.69 -1.82537e+09   9.6947e+08  7.29728e+11   2.0341e+10            0  1.56462e+08  4.87514e+08 -2.64117e+16            0  3.54453e+07            0  3.77551e+14  8.92509e+18            0 -1.64823e+09      -418490            0   5.1552e+08 -3.07186e+07 -1.02623e+18   6.4456e+09  2.05644e+07 -1.04604e+09   -0.0945487            0            0            0 -8.67203e+11  4.01533e+11  -1.2156e+07            0 -1.13401e+08            0            0  3.62175e+18 -8.62921e+10  3.52969e+09 -2.90221e+16  1.41039e+13            0 -2.51034e+08 -3.09419e+09 -4.61757e+10 -2.11547e+10            0  7.77915e+08            0   2.7883e+09    0.0752174            0  -5.4021e+07  4.04365e+14            0    -0.374143            0     -1.09373     -5.75214  3.21709e+14            0  6.06904e+10    0.0329561            0            0            0            0  4.38057e+06            0  2.94989e+11  2.60342e+10            0 -4.92245e+06 -1.16129e+08 -1.18166e+06            0            0 -1.29481e+10 -4.50055e+09  6.42504e+08            0  6.58033e+18       1866.9      91955.9            0            0 -7.44919e+10 -6.02714e+09
           0 -2.56057e+18            0   -1.412e+08  5.12925e+15            0            0      2589.69            0            0   2.0341e+10  1.56956e+11            0  6.98021e+06  2.70945e+08 -2.71589e+16            0  5.89838e+06            0  8.39589e+13  1.27849e+18            0  2.51888e+09      -324416    -0.108393  2.52291e+08  1.35136e+08  -3.4131e+17  3.36563e+09  8.94712e+06 -6.16477e+08     0.108631  1.34504e+14            0     -39980.4  4.62172e+12  1.75724e+10      -488621            0  1.68575e+09            0            0  2.63321e+17  5.39152e+09  1.37016e+10 -3.61782e+16 -1.94189e+12            0 -1.97469e+08 -1.74669e+09 -1.01773e+10  1.59639e+10            0 -6.67712e+08            0 -3.21785e+08     0.584482       -90219 -8.90543e+07   1.2973e+14            0    -0.120947            0     -13.7247     -1.97174 -1.75205e+13            0  1.00157e+11            0            0            0            0     -224.764  1.22933e+06            0  2.31102e+10  9.17451e+09      2.30656            0 -5.87572e+07  5.49689e+06            0            0 -3.54326e+09 -4.66214e+10 -1.69429e+09      4.02663  4.48723e+18      2247.12     -80753.7            0  3.81546e+08 -1.99605e+10 -1.80293e+10
 2.12981e+18 -1.06007e+23            0            0 -4.18514e+19            0            0  1.04001e+07 -1.30674e+13 -3.65695e+13            0            0  4.79178e+19  7.50609e+12  -6.4857e+09 -3.83061e+20  3.97353e+14  1.11189e+09            0  3.08608e+18  5.28441e+22 -1.88302e+13            0            0       184891  1.58304e+11            0 -5.70364e+21  8.58702e+11            0  2.48464e+11     -1695.98            0 -7.67964e+09 -1.00235e+09            0 -2.29119e+15            0  7.86152e+14            0  3.61324e+13            0 -1.02547e+21 -9.64578e+15   5.4658e+12 -3.21195e+20  3.12167e+17  1.77675e+11            0            0            0            0  7.62107e+14 -5.01876e+09      39598.9  1.05115e+12            0  8.41064e+10            0    7.156e+18            0     -5445.99            0      -107827     -23040.9  9.64582e+17     -45864.3 -5.19878e+15     -4966.95  2.60057e+09            0            0  1.77168e+09  -1.8782e+08            0            0  4.04021e+12      10048.3            0  1.27266e+11            0 -9.63532e+12  -3.3611e+10 -6.23222e+11            0            0            0  9.77246e+22 -4.07103e+07            0  1.53052e+12  9.76299e+12 -8.39503e+14 -1.13501e+15
  1.8722e+13  9.18222e+18 -3.30508e+16      -397595  4.40498e+15 -1.67898e+13 -3.18462e+07     -10707.3 -1.22933e+09  9.18306e+08  1.56462e+08  6.98021e+06  7.50609e+12  1.69137e+09  3.52278e+06   3.8247e+16  -9.4733e+09       343656  2.35613e+09 -8.60483e+12 -2.15022e+18 -5.85599e+08  5.91244e+07       705996     -3.50343  7.70958e+06      -155375  7.23959e+17  5.02114e+07       337351 -3.23471e+07     0.381074 -3.24295e+13      21684.3      24913.9  4.48513e+10 -1.96776e+09      5514.07  3.71133e+11  3.56613e+07 -7.36618e+08  2.81505e+07  8.60174e+17 -2.43877e+10  5.79193e+08  2.65658e+16 -6.32862e+12  6.62571e+06  5.62792e+07 -1.94256e+07 -9.27343e+07 -4.74701e+07 -6.87005e+09  9.94116e+06      2.45874  1.70406e+07     0.736069      61367.8      -656395  -4.1792e+14  1.70608e+14     0.428147  5.10576e+09      6.34702      6.05124  1.91296e+13     0.277472 -1.05397e+12   0.00686063       515982 -1.69633e+10  1.08194e+10      1051.76      46467.2      43109.3  4.49579e+08  7.49778e+07       1.1072     -2990.13 -8.44606e+06       1604.7 -7.18652e+09     -5441.85 -1.25893e+08   1.9454e+08  3.58947e+07    -0.821356  3.38386e+18      3717.91     -27.3953  2.28816e+09  8.89125e+07  4.81893e+10 -1.14078e+10
           0 -1.62535e+16            0      86769.5 -1.56934e+13            0 -1.45877e+06            0            0            0  4.87514e+08  2.70945e+08  -6.4857e+09  3.52278e+06  1.33517e+07   -2.754e+14            0       421301            0  5.65099e+10   8.8537e+15            0  7.10977e+07     -963.239  -0.00490912  4.03662e+06      -198350 -2.25027e+15  4.99618e+07       361201 -4.56835e+07            0            0            0      -118.78 -9.00748e+10 -6.90685e+07      4403.96            0  5.38871e+06            0            0   -4.273e+15  -6.7742e+07  5.39272e+08 -5.60261e+14  1.02973e+11            0      -586274 -2.62807e+07 -3.10047e+08  3.84162e+08            0   3.6505e+06 -0.000585314 -4.05496e+06    0.0143755            0      -922182   1.6828e+12            0 -0.000321347            0     0.240532   -0.0320103 -2.30134e+11            0 -3.21853e+09   0.00155985            0            0            0      1.31197      38741.3            0   -1.986e+08  4.70672e+07    0.0787375            0 -8.08312e+06      4325.62            0            0 -9.76986e+07 -8.54859e+07  9.73875e+07            0  8.48903e+16      7.57032      67.6744            0            0 -5.88628e+07 -3.75251e+08
-9.33219e+20   4.5478e+26  1.44659e+24  1.89526e+14  2.25415e+23  7.41385e+20  3.77738e+15 -5.08101e+11  3.44076e+17 -1.31036e+17 -2.64117e+16 -2.71589e+16 -3.83061e+20   3.8247e+16   -2.754e+14  1.52245e+25  7.76004e+17  -3.5836e+13 -2.11494e+17  3.45846e+21 -1.95361e+25  1.16424e+17  7.51414e+15 -5.02444e+13  2.51703e+08 -5.03547e+14 -4.17169e+14  2.45297e+25 -4.87911e+15 -3.21888e+13  2.71652e+15  1.94333e+07 -9.19786e+21 -4.68622e+12 -4.54889e+12 -3.82395e+18  -6.8542e+18  -1.8854e+12 -4.87236e+19 -2.81357e+15  3.27817e+17 -3.37314e+15 -1.25329e+26  2.05816e+18 -4.81299e+16  7.67351e+24 -8.45195e+20  2.95167e+15 -2.34871e+16  2.20233e+15  1.51246e+16 -3.31272e+14  8.19131e+17 -6.83481e+14  3.93481e+08  -1.0109e+15 -1.08594e+08 -4.13182e+11  5.88198e+13 -1.45745e+21  1.16052e+21  1.61756e+07 -3.36386e+17  -2.8771e+09 -1.62511e+08 -1.64109e+21 -1.52445e+07 -3.71776e+19 -7.38867e+06 -8.81167e+13 -2.61208e+17 -1.62386e+16 -4.97581e+10 -4.29203e+12 -7.69791e+12 -1.05054e+17 -7.37308e+15  6.03795e+08   5.6367e+11  7.43618e+14  -4.7904e+12  2.38018e+17  5.51007e+12  7.40861e+15 -5.86219e+16 -4.40977e+15 -3.63511e+08   2.6573e+26 -2.31083e+11   6.8851e+10 -1.19957e+17 -6.44737e+15  4.02502e+18  -6.3883e+17
-4.86245e+13   1.5559e+20            0            0 -1.68015e+17            0  5.73722e+08     -31491.5  6.74736e+10  -6.5396e+09            0            0  3.97353e+14  -9.4733e+09            0  7.76004e+17  1.07973e+13            0 -6.57513e+10 -4.27843e+15 -7.31724e+19  1.24874e+11            0 -3.68925e+07      650.832            0            0  8.64024e+18            0            0            0    0.0443005 -2.58051e+14            0 -1.11138e+06            0 -1.61401e+13            0 -5.38593e+11            0            0            0 -3.23942e+20  2.94539e+12            0  6.79742e+17 -3.59603e+14  1.55442e+08 -1.81419e+10            0            0            0 -2.75708e+11            0     -17.7608 -6.09161e+07     -2.85508            0            0 -8.60524e+15 -3.38888e+15      8.66621 -5.26126e+10      144.627       38.614  8.55775e+13     -58.5438   8.1898e+12     -2.21848 -5.77391e+06            0            0      14328.4      81614.3      -362712            0            0     -117.164            0            0            0  6.37402e+09            0            0            0            0     -16.4104 -9.67624e+18      -902873            0 -6.55715e+09  4.33978e+08  1.17184e+12  3.32458e+11
           0 -3.20979e+15            0       -27825 -4.62233e+12            0      91492.4      1.06876            0      -117367  3.54453e+07  5.89838e+06  1.11189e+09       343656       421301  -3.5836e+13            0      60827.4            0  1.75299e+10  8.23849e+14            0 -5.21345e+06            0 -0.000251003       -71348      25769.4 -3.89665e+14  5.95481e+06      36648.1 -2.28823e+06  1.44707e-05  4.39698e+10            0            0 -1.04796e+09  1.74954e+07      134.304            0  1.89754e+06            0            0  4.34655e+13      -420541  3.83771e+07 -4.30738e+13  7.09671e+09            0            0  -1.7944e+06 -1.69457e+07 -2.03426e+07            0       556373            0  1.88454e+06  0.000213736            0     -55924.5  1.92664e+11            0 -0.000171521            0     0.012627  0.000884153 -1.48488e+10            0 -2.41945e+08  2.52509e-06            0            0            0    0.0428461      4174.98     -282.545  1.27031e+07      -751778    0.0019398            0      -589853       2171.7            0            0 -1.68762e+07  1.46403e+06  4.80731e+06   0.00131632 -6.73257e+14       2.2091     -5.77369            0      43794.2 -1.92945e+07 -3.21079e+07
-1.72942e+15 -4.41977e+19 -6.57783e+17            0  4.16107e+16 -1.11315e+15            0            0 -5.12322e+11  4.52766e+10            0            0            0  2.35613e+09            0 -2.11494e+17 -6.57513e+10            0  1.70893e+13 -2.36374e+15  2.28351e+19            0            0  3.75318e+08      6.89446            0            0 -2.83772e+18            0            0            0    0.0641296  5.49271e+14            0  1.76966e+07            0 -1.49792e+11            0  8.19805e+13            0 -1.84671e+10            0  3.19807e+19 -1.90783e+11            0 -2.22055e+17  6.01433e+13            0  1.96509e+11            0            0            0            0            0      14.7499            0     0.419797            0            0  2.08536e+15  3.74489e+15     -2.67569            0      40.8674      7.09691   2.5129e+15            0  -2.8532e+12            0   2.1084e+07            0            0      1125.18      -262201            0            0            0      11.2778            0            0            0            0            0            0            0            0      4.52262 -2.53426e+19            0            0            0            0 -3.09441e+11  1.39121e+12
-1.93527e+19  9.81127e+23  1.82375e+23  4.23076e+11  1.47245e+21  3.91279e+19 -3.68475e+13  2.89698e+09  1.01622e+16 -3.08803e+15  3.77551e+14  8.39589e+13  3.08608e+18 -8.60483e+12  5.65099e+10  3.45846e+21 -4.27843e+15  1.75299e+10 -2.36374e+15  4.66908e+20  2.28988e+22 -1.58164e+14  1.01631e+14 -2.80071e+12 -1.58424e+06 -3.00624e+11  1.01764e+12  4.63188e+22  8.37372e+12  1.01357e+11  1.42473e+13      -105676  5.21395e+19 -2.03718e+11 -6.47881e+10  9.39028e+15 -7.02504e+16 -4.95713e+09 -7.88468e+17 -7.08094e+12  4.68729e+15  1.61978e+13 -9.34999e+23 -1.23421e+16  2.60748e+13  6.75033e+20 -2.63247e+18 -3.42373e+12 -1.42502e+13  1.19931e+13 -1.24349e+14  -1.0831e+14 -2.68728e+15 -3.12172e+11  1.46753e+06  3.29478e+12       366906  4.38848e+10 -5.87744e+10 -4.95469e+19    4.916e+19      33474.7 -3.49064e+15  2.13322e+06       912955   -5.371e+19       121856 -2.04137e+16       107069  4.45921e+11 -7.98938e+15  5.34351e+15  7.43178e+08  1.07325e+11 -1.52458e+11  5.58308e+14  8.17903e+13  1.45135e+06 -6.77774e+09 -1.37891e+12 -1.97388e+10 -3.47165e+15 -2.17857e+10 -1.27605e+13  -2.6147e+14 -1.08023e+13  1.94432e+06  5.65114e+22  1.43697e+09  9.36245e+07  1.13199e+15  4.13677e+13  5.48702e+15 -3.25047e+16
 8.09372e+22 -3.66245e+28 -1.38299e+26  -1.4551e+16  9.44901e+25 -1.02725e+23  1.39532e+18  2.74477e+13  -2.9157e+19  1.44165e+19  8.92509e+18  1.27849e+18  5.28441e+22 -2.15022e+18   8.8537e+15 -1.95361e+25 -7.31724e+19  8.23849e+14  2.28351e+19  2.28988e+22  6.56164e+28 -8.46687e+18  5.69666e+17  6.10594e+15 -2.58912e+10  3.59607e+15  3.38436e+16 -2.15427e+27  1.53889e+16  5.97533e+14 -1.38971e+17 -1.29152e+09  6.27594e+23  4.11597e+14  4.13242e+14  1.31859e+20  4.56467e+20   1.6267e+14  3.22569e+21  1.38701e+17 -2.65676e+19  1.93068e+17  9.82149e+27 -1.90564e+20  2.09741e+18 -1.14802e+26  6.69138e+22 -2.16655e+17  1.90055e+18  2.66629e+16  1.38523e+18 -7.74234e+17 -1.14418e+19  2.32436e+16  1.95432e+09  3.68478e+16  5.68632e+08  3.75233e+14 -1.00323e+15 -1.95164e+23  1.02947e+24  4.26398e+07  1.20992e+19  2.23286e+11  5.11325e+09  1.36291e+23  1.83486e+09  1.86199e+21  1.21893e+09  4.41248e+15  3.08493e+20 -2.10479e+20  8.97772e+12 -1.47998e+13  6.09169e+14  1.08966e+19  3.08871e+17  1.74708e+10 -1.75955e+14 -2.69101e+16  1.12232e+14  1.63457e+20 -3.41443e+14 -4.30267e+17  2.77821e+18  7.44838e+16  2.01284e+10  1.18085e+28  2.33453e+13 -2.96758e+12 -5.73932e+19  6.97672e+17 -1.99013e+20  1.63381e+19
           0  1.59258e+19            0            0 -7.52732e+15  1.35995e+16            0            0  5.12048e+10 -3.73128e+10            0            0 -1.88302e+13 -5.85599e+08            0  1.16424e+17  1.24874e+11            0            0 -1.58164e+14 -8.46687e+18  1.60279e+12            0 -1.67277e+07      17.2728            0            0  1.12007e+18            0            0            0            0            0 -5.72038e+06            0            0 -1.18554e+12            0            0  4.42419e+07  1.81844e+11            0 -2.27247e+19   2.1558e+11            0  1.26917e+17 -2.23918e+13            0            0            0            0            0  8.18984e+12            0            0 -6.32131e+06            0            0            0  -7.4877e+14 -1.83878e+15     0.782866  -2.4592e+11     -47.1836      3.41159            0     -6.94358   2.1453e+11     -2.37907       402829            0            0     -4619.92            0            0            0            0     -7.64565            0            0            0            0            0            0            0            0            0  7.25111e+18     -31698.5            0            0 -8.28258e+08  1.11508e+11 -2.90364e+11
           0 -6.89622e+17            0 -1.68397e+07 -9.36364e+15            0   -1.541e+09      -754.23            0            0 -1.64823e+09  2.51888e+09            0  5.91244e+07  7.10977e+07  7.51414e+15            0 -5.21345e+06            0  1.01631e+14  5.69666e+17            0  6.15024e+10            0            0  3.22011e+08  1.00925e+07  1.94438e+17 -3.90699e+08 -2.32383e+06   5.2826e+08   -0.0274279 -3.91737e+13            0            0 -9.78399e+11 -1.28684e+10      77787.8            0 -2.11216e+08            0            0   9.7573e+17  2.11731e+09 -1.21453e+09  1.79728e+16  4.74667e+12            0            0  6.49077e+08 -4.63429e+08 -8.43498e+09            0  8.79777e+08            0  1.15882e+09     0.100411            0  1.34278e+07  1.02332e+14            0   -0.0179615            0    -0.764798    -0.655597            0    0.0483734 -9.15226e+10    -0.030492            0            0            0            0      -240512            0 -2.24726e+10  1.88188e+09            0       175176 -6.56081e+08  1.28892e+06            0            0 -1.37908e+10  3.00781e+09 -5.07679e+08     -1.17273   5.6857e+18            0      2595.22            0            0 -1.12771e+10  -6.5954e+09
-4.26167e+12 -1.57987e+16  6.01687e+14     -16518.6  -5.4288e+12 -1.04747e+12            0      2.12115 -1.94999e+08  2.97286e+06      -418490      -324416            0       705996     -963.239 -5.02444e+13 -3.68925e+07            0  3.75318e+08 -2.80071e+12  6.10594e+15 -1.67277e+07            0       452176  0.000367123            0      2833.86  -8.9367e+14     -55110.7            0            0 -8.67844e-05  1.95055e+11       1978.1      10844.9            0  2.03493e+08     -29.0504   1.6015e+10     -2314.86 -5.22199e+07            0  8.86696e+15 -1.59122e+08            0 -3.88725e+13  5.59426e+10            0  7.01625e+07     -6317.41     -86032.5            0   1.6019e+07            0   0.00012415            0  -0.00094077            0            0  9.87351e+11  1.96895e+11 -0.000727824  9.84992e+07   -0.0099925  -0.00186164  8.03955e+10  0.000885629 -4.23119e+08   0.00145797      124.244            0            0    -0.102747     -792.127            0  1.83786e+06            0  -0.00048228            0      3402.24     -1125.12            0            0            0 -1.97849e+06            0   0.00404563   2.1432e+15      2.50532     -5.19153            0      50787.7 -1.21535e+08  7.13623e+08
     -228297  6.29832e+10  1.07736e+08            0 -3.60883e+07      -310994     0.299637 -1.49598e-05       6.4483        -13.4            0    -0.108393       184891     -3.50343  -0.00490912  2.51703e+08      650.832 -0.000251003      6.89446 -1.58424e+06 -2.58912e+10      17.2728            0  0.000367123  9.21578e-07    0.0256919     0.001152  2.41773e+09   -0.0261942            0     0.026458  1.45145e-10     -12916.9  -0.00209734 -0.000557395            0     -4761.97            0      981.133  -0.00088066     -1.57369     -0.32646 -1.41364e+11      984.506     0.255784  2.14729e+08      -164630            0     -1.46113            0     0.429967            0      578.331   -0.0085221 -3.72336e-09   -0.0386896  2.97262e-11  9.00433e-05            0 -3.62316e+06       135606  3.43424e-09     -12.9454  6.20921e-08  1.20337e-08      -120314 -5.09676e-08      3048.08 -1.18927e-09  -0.00106073            0     -3.04412  -9.8344e-06  3.97949e-05 -0.000403875            0    -0.138107  -3.1753e-08            0    0.0135521            0      5.38454 -0.000133108    -0.138937     -2.02671            0 -5.00001e-09 -1.24315e+10  -0.00041737  8.44005e-07     0.192266     -2.69221       456.97      242.263
           0 -6.69697e+16            0       795798 -4.21931e+14            0 -9.14168e+06      3.39722            0            0   5.1552e+08  2.52291e+08  1.58304e+11  7.70958e+06  4.03662e+06 -5.03547e+14            0       -71348            0 -3.00624e+11  3.59607e+15            0  3.22011e+08            0    0.0256919  1.17739e+08      -956667 -4.96171e+15 -3.88251e+07       311809  1.37782e+07            0            0            0            0 -4.30058e+10  2.94144e+09     -5616.48            0  1.25421e+07            0            0  1.99299e+16  4.39441e+08  1.51061e+09  -1.7059e+14  2.06481e+11            0            0 -5.71396e+06 -4.29839e+08 -5.54297e+08            0 -1.48882e+06            0 -5.23842e+07   -0.0154768            0      -843246  4.89903e+12            0  -0.00353672            0     0.741774    0.0499911            0   -0.0103451 -5.34455e+09  -0.00209568            0            0            0     -1.74626      92297.4            0  2.64642e+08   5.7171e+08   -0.0165006            0 -6.06704e+07     -3381.79            0            0  1.60109e+08 -1.03152e+08  2.39107e+08            0 -2.19127e+16      223.648     -386.594            0            0 -4.96468e+08 -8.84875e+08
           0 -5.61319e+16            0 -3.52055e+06  2.17457e+14            0            0      3.79226            0            0 -3.07186e+07  1.35136e+08            0      -155375      -198350 -4.17169e+14            0      25769.4            0  1.01764e+12  3.38436e+16            0  1.00925e+07      2833.86     0.001152      -956667  1.36221e+07 -2.90476e+15 -3.75448e+06     -17024.5 -1.52254e+06 -0.000171789            0            0      349.243  2.74108e+09  1.62881e+09     -6076.33            0  3.79817e+06            0            0  6.80023e+15 -9.46086e+07  6.05704e+06 -6.95107e+14 -2.59213e+11            0  1.72494e+06       893477  2.24872e+07  5.55573e+07            0 -1.43202e+06            0      -913026            0      958.811     -51745.5  3.36422e+12            0  -0.00365402            0            0    0.0190203            0   0.00481631  1.24559e+09            0            0            0            0      2.38871       2525.7            0   2.7927e+08   2.1678e+07    0.0101493            0      -511333      53556.3            0            0  2.22428e+06  5.21805e+08 -1.19417e+07            0 -2.82515e+16      43.9526     -814.034            0  7.46277e+06 -5.36314e+08  -2.5064e+08
-2.26215e+21  5.47719e+27  2.67495e+25  1.57333e+15 -6.49323e+24  1.87626e+22   -2.179e+16 -7.13156e+12  4.89969e+18 -2.08348e+18 -1.02623e+18  -3.4131e+17 -5.70364e+21  7.23959e+17 -2.25027e+15  2.45297e+25  8.64024e+18 -3.89665e+14 -2.83772e+18  4.63188e+22 -2.15427e+27  1.12007e+18  1.94438e+17  -8.9367e+14  2.41773e+09 -4.96171e+15 -2.90476e+15  1.06413e+27 -2.74102e+16 -2.80291e+14  2.75974e+16  3.80035e+08 -1.36068e+23 -9.20794e+13 -5.62815e+13 -3.53507e+19 -7.61898e+19 -1.85325e+13 -5.09357e+20 -3.90795e+16   5.2192e+18  1.13747e+17 -1.37667e+27  1.36024e+19 -4.09148e+17  2.72615e+25 -2.31241e+21  3.63248e+15 -3.42641e+17  -3.2686e+15  1.62792e+17  9.99279e+16  3.07634e+18 -2.48292e+15  2.18747e+09  -1.5694e+15  4.22326e+08 -4.31819e+13  4.77364e+14 -1.95735e+23 -1.96264e+23  2.40239e+08 -4.07845e+18 -7.19827e+09  8.36059e+09 -2.24188e+22 -2.56381e+08 -6.65202e+20   2.4061e+08  9.77869e+13 -1.13392e+19  8.66577e+18 -5.33953e+11 -2.74425e+13 -1.15419e+14 -2.02524e+18 -4.63352e+16  5.11506e+08  2.95555e+13  4.25457e+15  1.22196e+13 -5.00086e+18   3.7432e+13  5.71599e+16  7.04736e+15 -5.31266e+16 -5.53031e+09  1.53658e+27 -2.40114e+12  4.04828e+11  1.75204e+18 -6.31626e+16  3.30493e+19 -1.23935e+19
           0  -2.6378e+17            0  1.06953e+07 -4.71256e+14            0            0      461.171            0            0   6.4456e+09  3.36563e+09  8.58702e+11  5.02114e+07  4.99618e+07 -4.87911e+15            0  5.95481e+06            0  8.37372e+12  1.53889e+16            0 -3.90699e+08     -55110.7   -0.0261942 -3.88251e+07 -3.75448e+06 -2.74102e+16  1.49235e+09  4.45136e+06 -2.37583e+08     0.011616   2.1514e+13            0     -6790.96   4.3172e+10  -1.4256e+10     -3428.42            0  3.98433e+08            0            0 -1.10243e+17  5.20203e+08  3.24651e+09 -3.78565e+15  1.10748e+12            0 -3.35459e+07 -3.20186e+08 -3.51441e+09  6.46891e+08            0  6.55845e+07            0  1.83909e+08   -0.0276376            0 -1.18985e+07  1.33636e+13            0   -0.0197077            0       4.7578     0.221334 -1.69059e+12   -0.0233565 -2.83718e+10   -0.0178956      7489.52            0            0      26.3773       543079            0   3.2072e+09  4.65715e+07     0.189376     -22749.6  -9.2825e+07      -176366            0            0 -1.37644e+09 -1.33744e+09  3.76837e+08     0.644064  2.28957e+17     -311.567      1316.37            0  2.44082e+06 -9.89102e+08 -4.87851e+09
           0  -3.3761e+15            0     -526.073 -3.56974e+12            0            0            0            0      -155367  2.05644e+07  8.94712e+06            0       337351       361201 -3.21888e+13            0      36648.1            0  1.01357e+11  5.97533e+14            0 -2.32383e+06            0            0       311809     -17024.5 -2.80291e+14  4.45136e+06      66310.4      -626145            0            0            0            0  5.72072e+09  3.37602e+07     -51.6879            0       992566            0            0 -1.31389e+14            0  2.36791e+07 -4.10049e+13  6.86059e+09            0            0      -751130 -1.67573e+07 -6.16611e+06            0       416482            0  1.05843e+06  0.000148544            0     -48168.2  1.89635e+11            0 -0.000205707            0   0.00751215   0.00121296 -3.46989e+09            0 -2.54428e+08  1.33836e-05            0            0            0            0      3752.28     -374.077  2.65345e+06  4.99893e+06   0.00108478            0 -1.06209e+06     -162.229            0            0 -8.73973e+06       758667  5.43998e+06            0 -6.68987e+14      2.75737      5.04794            0            0  -2.4583e+07 -2.47664e+07
           0  4.03132e+17            0     -18797.8   8.1498e+14            0            0     -71.8762            0            0 -1.04604e+09 -6.16477e+08  2.48464e+11 -3.23471e+07 -4.56835e+07  2.71652e+15            0 -2.28823e+06            0  1.42473e+13 -1.38971e+17            0   5.2826e+08            0     0.026458  1.37782e+07 -1.52254e+06  2.75974e+16 -2.37583e+08      -626145  1.32448e+09  -0.00261383 -3.73312e+12            0            0  2.40372e+11  4.22378e+09      10315.3            0  5.12382e+07            0            0 -1.65583e+17  1.90287e+08 -1.25795e+10  6.06619e+14  -1.2214e+12            0            0  1.05723e+08  1.65028e+09 -8.24006e+09            0 -1.16893e+08            0  1.10285e+08    0.0111133            0  6.11133e+06 -2.04479e+13            0    0.0113103            0     -1.39731    -0.105424  5.30277e+11  -0.00610348  1.61024e+10            0     -1881.16            0            0            0      -293648            0   5.2081e+08   1.3708e+09   -0.0232021      -6257.3  -3.2607e+07     -25075.8            0            0  4.65109e+08  1.55749e+08 -8.78507e+08    -0.111758 -2.38142e+17     -34.0492       56.556            0 -1.07003e+06  2.33848e+09  3.68847e+09
    -2238.67  4.19217e+09 -7.18923e+06  0.000169813  3.64676e+06            0            0 -1.45546e-07      1.82507    -0.357125   -0.0945487     0.108631     -1695.98     0.381074            0  1.94333e+07    0.0443005  1.44707e-05    0.0641296      -105676 -1.29152e+09            0   -0.0274279 -8.67844e-05  1.45145e-10            0 -0.000171789  3.80035e+08     0.011616            0  -0.00261383  2.49059e-09       179309            0 -6.74054e-07            0      56.0562            0     -132.381    0.0175092      2.98631   0.00285829 -5.27689e+08      8.24985    0.0172356  1.28246e+07     -2081.78    0.0241631    0.0596844  -0.00183464    0.0122748            0            0    0.0039714 -9.41309e-11            0 -1.30031e-11 -1.33498e-05 -9.71561e-05      -190614            0  2.08733e-10            0 -6.78574e-11  2.88482e-09            0 -1.54067e-11     -579.588 -6.80255e-11 -1.31072e-05      0.32872    -0.194149 -1.31338e-07  9.81808e-06 -8.36633e-05   -0.0747436   -0.0421828   -7.971e-10  6.02667e-06   0.00190216  1.29778e-05            0  3.02114e-05    0.0437699    -0.342428   -0.0120683  5.20973e-11  1.83721e+09 -2.29767e-07 -1.02979e-08   -0.0799277   -0.0103133      24.5187      15.5624
