     3.17399     0.276073     0.263314      1.12604    0.0517479    -0.625236    -0.152332      0.95994   0.00313456    -0.047218      1.65731   -0.0136667     -0.16109    -0.100409    -0.353643
    0.276073      36.8257     -1.70669      9.93569  -0.00115451      20.2284    -0.594911     -11.0183   -0.0123837     0.583535      5.38794    -0.514691    -0.414494   0.00541534      1.93518
    0.263314     -1.70669      40.9259      1.84992    -0.168983      3.67978   -0.0979739      5.48593   -0.0111116     0.119873     -4.16212    0.0999893    -0.296032    0.0285953       1.3512
     1.12604      9.93569      1.84992        89.68   -0.0933595     -8.19574     0.185221      2.66606    0.0652102     0.648417     -20.0229     -0.24414    -0.441562     0.237971     -2.08771
   0.0517479  -0.00115451    -0.168983   -0.0933595      1.81806    -0.250983    0.0275909   -0.0533336 -0.000338269    -0.323417     0.085867    0.0109373    0.0136516    0.0258464   -0.0544163
   -0.625236      20.2284      3.67978     -8.19574    -0.250983      36.9179    -0.418772      15.5466   -0.0247617     -3.08284     -12.2871    -0.149296     -0.86126  -0.00472009      9.77261
   -0.152332    -0.594911   -0.0979739     0.185221    0.0275909    -0.418772      1.58541    -0.468639   0.00209716    -0.314823     -0.32806    0.0162196   -0.0176063   0.00170753   -0.0601463
     0.95994     -11.0183      5.48593      2.66606   -0.0533336      15.5466    -0.468639      89.2409   -0.0117266     -6.71383     -12.0928     0.191592     -2.45686    -0.181262      12.3013
  0.00313456   -0.0123837   -0.0111116    0.0652102 -0.000338269   -0.0247617   0.00209716   -0.0117266   0.00436049  -0.00224589   0.00472993   0.00133082   0.00308453     -0.00119   -0.0162654
   -0.047218     0.583535     0.119873     0.648417    -0.323417     -3.08284    -0.314823     -6.71383  -0.00224589      32.5175      4.34083    -0.146655     0.146727    0.0507168      -1.7128
     1.65731      5.38794     -4.16212     -20.0229     0.085867     -12.2871     -0.32806     -12.0928   0.00472993      4.34083      61.4823   -0.0565725   -0.0657516     -0.14009     -16.8979
  -0.0136667    -0.514691    0.0999893     -0.24414    0.0109373    -0.149296    0.0162196     0.191592   0.00133082    -0.146655   -0.0565725     0.901413    0.0173372   0.00106199    -0.119519
    -0.16109    -0.414494    -0.296032    -0.441562    0.0136516     -0.86126   -0.0176063     -2.45686   0.00308453     0.146727   -0.0657516    0.0173372      6.58535   -0.0782523    -0.368876
   -0.100409   0.00541534    0.0285953     0.237971    0.0258464  -0.00472009   0.00170753    -0.181262     -0.00119    0.0507168     -0.14009   0.00106199   -0.0782523     0.370892   -0.0106625
   -0.353643      1.93518       1.3512     -2.08771   -0.0544163      9.77261   -0.0601463      12.3013   -0.0162654      -1.7128     -16.8979    -0.119519    -0.368876   -0.0106625      21.6201
