   131.624    1.96818    6.73135    6.75507   0.707518   -4.34379   -3.04132    5.92845   0.461641   -0.17867    10.4493   -0.28972    4.01127   -4.32178   -3.74075
   1.96818    38.4431   -9.59266    12.1232  0.0462723    19.2982   -1.85371   -12.3306  -0.269391   0.409065    5.29186   -1.67509   -1.01379  0.0434607     2.1161
   6.73135   -9.59266    102.542    9.08593  -0.144331    2.56502  -0.188339    23.9108  -0.213257  -0.403924   -9.19035   0.869631     6.4253 -0.0340917    4.30039
   6.75507    12.1232    9.08593     95.334  -0.163844   -8.48518   0.588692    1.71419    1.45919   0.275998   -28.3216  -0.890046    9.83855    1.92048   0.603795
  0.707518  0.0462723  -0.144331  -0.163844     8.1713  -0.563133   0.179372 -0.0923078 -0.0162708  -0.404779   0.199307  0.0773469  -0.133182   0.420019  -0.176986
  -4.34379    19.2982    2.56502   -8.48518  -0.563133    39.6374   -1.25767    16.5388  -0.597864   -1.92668   -13.6389  -0.440665      1.968   0.153329    15.9245
  -3.04132   -1.85371  -0.188339   0.588692   0.179372   -1.25767    14.9434   -1.51478   0.144633  -0.570324    -1.0171   0.179056  -0.599548 -0.0370736  -0.395491
   5.92845   -12.3306    23.9108    1.71419 -0.0923078    16.5388   -1.51478    93.1257    -0.3099   -4.05275   -14.4026    0.61475    21.5783  -0.923484    20.7268
  0.461641  -0.269391  -0.213257    1.45919 -0.0162708  -0.597864   0.144633    -0.3099    2.18641 -0.0294255  0.0507586  0.0957501   0.330918  -0.198672  -0.423988
  -0.17867   0.409065  -0.403924   0.275998  -0.404779   -1.92668  -0.570324   -4.05275 -0.0294255    11.1527    2.61033  -0.277918  -0.505043   0.271698   -1.62512
   10.4493    5.29186   -9.19035   -28.3216   0.199307   -13.6389    -1.0171   -14.4026  0.0507586    2.61033    65.3747   -0.18504    7.38376   -1.40496   -23.8745
  -0.28972   -1.67509   0.869631  -0.890046  0.0773469  -0.440665   0.179056    0.61475  0.0957501  -0.277918   -0.18504    9.21789   0.403041  0.0429304  -0.259233
   4.01127   -1.01379     6.4253    9.83855  -0.133182      1.968  -0.599548    21.5783   0.330918  -0.505043    7.38376   0.403041    18.4749  -0.958733   -5.79194
  -4.32178  0.0434607 -0.0340917    1.92048   0.420019   0.153329 -0.0370736  -0.923484  -0.198672   0.271698   -1.40496  0.0429304  -0.958733    21.9731  -0.142678
  -3.74075     2.1161    4.30039   0.603795  -0.176986    15.9245  -0.395491    20.7268  -0.423988   -1.62512   -23.8745  -0.259233   -5.79194  -0.142678    24.0938
