      28.583 -0.000244752     -4.07187 -0.000296224     -2.02223      15.2866 -1.25507e-05     -0.21476   -0.0225815     -12.7126 -1.91985e-05      10.8439 -0.000417396    -0.499576     0.423539
-0.000244752  3.03097e-05  0.000174485 -7.79301e-08  0.000607565  -0.00215146  8.08575e-08 -1.66626e-06  -8.3461e-06 -0.000375889 -3.55335e-08  -0.00453371  1.67994e-07  0.000200464 -0.000302512
    -4.07187  0.000174485      43.9499   0.00029261      2.52268     -9.44911 -5.85832e-05     0.107938     0.019321      1.74263 -5.53275e-05     -8.23724 -0.000194255      1.65996     -2.57679
-0.000296224 -7.79301e-08   0.00029261  1.13909e-05  0.000586003  0.000423051 -1.10439e-07  4.37752e-06   4.0233e-06 -0.000293055  9.44209e-09  0.000373739 -5.37513e-08  0.000140299 -8.21734e-05
    -2.02223  0.000607565      2.52268  0.000586003      61.6228      8.71099  0.000627501     0.207922  -0.00786992    -0.655866 -6.85787e-05      13.5776 -0.000110604     0.694422      2.08267
     15.2866  -0.00215146     -9.44911  0.000423051      8.71099      38.7999   0.00024056   -0.0917003   -0.0322669     -25.5177 -5.20594e-05      6.84464 -0.000185262     -1.56572    -0.563168
-1.25507e-05  8.08575e-08 -5.85832e-05 -1.10439e-07  0.000627501   0.00024056  3.62219e-07  2.20179e-06  3.53167e-07 -0.000179575 -3.93349e-09  2.51704e-05 -2.18945e-08 -4.24256e-05  0.000100114
    -0.21476 -1.66626e-06     0.107938  4.37752e-06     0.207922   -0.0917003  2.20179e-06     0.230514 -0.000177488     0.074849 -4.51998e-06    -0.226837  4.22229e-07   -0.0166446     0.040313
  -0.0225815  -8.3461e-06     0.019321   4.0233e-06  -0.00786992   -0.0322669  3.53167e-07 -0.000177488    0.0024515    0.0154523 -5.02814e-07    0.0183742  2.49009e-06   0.00386295   0.00660672
    -12.7126 -0.000375889      1.74263 -0.000293055    -0.655866     -25.5177 -0.000179575     0.074849    0.0154523      26.0685  4.25534e-05      10.1401  4.22618e-05      1.10967    -0.375595
-1.91985e-05 -3.55335e-08 -5.53275e-05  9.44209e-09 -6.85787e-05 -5.20594e-05 -3.93349e-09 -4.51998e-06 -5.02814e-07  4.25534e-05  3.90441e-08 -1.67372e-05  5.33589e-08 -1.94645e-05  -2.6032e-06
     10.8439  -0.00453371     -8.23724  0.000373739      13.5776      6.84464  2.51704e-05    -0.226837    0.0183742      10.1401 -1.67372e-05      108.037 -0.000491162     0.509783      -1.7251
-0.000417396  1.67994e-07 -0.000194255 -5.37513e-08 -0.000110604 -0.000185262 -2.18945e-08  4.22229e-07  2.49009e-06  4.22618e-05  5.33589e-08 -0.000491162  7.42367e-07  -9.5832e-06  8.13704e-05
   -0.499576  0.000200464      1.65996  0.000140299     0.694422     -1.56572 -4.24256e-05   -0.0166446   0.00386295      1.10967 -1.94645e-05     0.509783  -9.5832e-06      6.34538    -0.134397
    0.423539 -0.000302512     -2.57679 -8.21734e-05      2.08267    -0.563168  0.000100114     0.040313   0.00660672    -0.375595  -2.6032e-06      -1.7251  8.13704e-05    -0.134397      6.25813
