 1.11033e-06  -9.4579e-05 -3.51757e-08 -3.01811e-07  1.51529e-05 -0.000548828 -3.59289e-06  7.46513e-05  -0.00119687   0.00649969 -0.000278909 -1.07023e-07  3.45665e-08 -2.26213e-06  4.92669e-05
 -9.4579e-05      14.3208 -3.27659e-05    0.0068165      0.25416      -1.2234   0.00230998      2.05769     0.266429     -9.60599    -0.207707  1.71609e-06 -0.000120671    0.0592277     -1.67961
-3.51757e-08 -3.27659e-05  2.90985e-07 -6.33488e-08  9.92829e-05  4.41183e-05 -9.04386e-07  8.34649e-07 -2.75857e-05  5.66479e-05  6.83114e-05  7.02744e-08  3.08531e-10 -5.56778e-06  3.49598e-05
-3.01811e-07    0.0068165 -6.33488e-08   0.00545818   -0.0272406   -0.0283924  8.76177e-05    0.0182729    0.0225054     0.101832   0.00163893 -4.84831e-06  2.70444e-07  0.000354335   -0.0104643
 1.51529e-05      0.25416  9.92829e-05   -0.0272406      39.1459     0.745508  -0.00954691     -5.11193     -3.08162      2.30376      2.67398  0.000421037 -0.000390404   -0.0625432      4.09717
-0.000548828      -1.2234  4.41183e-05   -0.0283924     0.745508      32.2202    0.0162323     0.644073     0.448968      15.9637     -2.45963   0.00133778  0.000102294  -0.00655347     -3.44615
-3.59289e-06   0.00230998 -9.04386e-07  8.76177e-05  -0.00954691    0.0162323    0.0014633   0.00803564    0.0151916   -0.0299644   0.00545854  3.81307e-05  1.38975e-06  0.000418839   -0.0127387
 7.46513e-05      2.05769  8.34649e-07    0.0182729     -5.11193     0.644073   0.00803564      23.6331     -5.92826      5.26917    -0.590761   9.8022e-05  0.000163434    0.0476983     -13.5913
 -0.00119687     0.266429 -2.75857e-05    0.0225054     -3.08162     0.448968    0.0151916     -5.92826      52.1635     -8.63508          4.3  0.000363312  0.000486693   -0.0965074    -0.808521
  0.00649969     -9.60599  5.66479e-05     0.101832      2.30376      15.9637   -0.0299644      5.26917     -8.63508      3181.94     -19.0341   0.00325701  -0.00183033  0.000430584     -9.86431
-0.000278909    -0.207707  6.83114e-05   0.00163893      2.67398     -2.45963   0.00545854    -0.590761          4.3     -19.0341      44.4178 -3.54997e-05  0.000151619    0.0335196    -0.827199
-1.07023e-07  1.71609e-06  7.02744e-08 -4.84831e-06  0.000421037   0.00133778  3.81307e-05   9.8022e-05  0.000363312   0.00325701 -3.54997e-05  9.07729e-06 -7.75131e-08  1.45462e-05 -0.000665591
 3.45665e-08 -0.000120671  3.08531e-10  2.70444e-07 -0.000390404  0.000102294  1.38975e-06  0.000163434  0.000486693  -0.00183033  0.000151619 -7.75131e-08  5.30547e-06  2.11985e-06  5.12804e-05
-2.26213e-06    0.0592277 -5.56778e-06  0.000354335   -0.0625432  -0.00655347  0.000418839    0.0476983   -0.0965074  0.000430584    0.0335196  1.45462e-05  2.11985e-06    0.0358832   -0.0244034
 4.92669e-05     -1.67961  3.49598e-05   -0.0104643      4.09717     -3.44615   -0.0127387     -13.5913    -0.808521     -9.86431    -0.827199 -0.000665591  5.12804e-05   -0.0244034      17.8431
