     4.65031     0.336969     0.328369      1.35213    0.0677538    -0.758104    -0.206777      1.15797   0.00526097   -0.0539968      1.99964   -0.0186725    -0.213651    -0.149565    -0.454861
    0.336969      36.8179     -1.77823       10.093  0.000193506      20.1462    -0.666464     -11.1503   -0.0170515     0.561818      5.38896    -0.581524    -0.450902   0.00683099      1.95719
    0.328369     -1.77823      43.4395      1.91152    -0.188324      3.78945    -0.113187      5.64626   -0.0158736     0.116677     -4.29831     0.116284    -0.334181    0.0362536      1.47674
     1.35213       10.093      1.91152      89.8752    -0.100799     -8.15538     0.208286      2.55993    0.0902749     0.598175      -20.646    -0.277473    -0.481962     0.293714     -1.95763
   0.0677538  0.000193506    -0.188324    -0.100799       2.1273    -0.270793    0.0335034   -0.0568348 -0.000507363    -0.330523    0.0931368    0.0133559    0.0161883    0.0344056   -0.0599703
   -0.758104      20.1462      3.78945     -8.15538    -0.270793      36.9958    -0.471339      15.6059   -0.0345004     -2.92434     -12.3297    -0.169298    -0.946628  -0.00628677      10.2949
   -0.206777    -0.666464    -0.113187     0.208286    0.0335034    -0.471339      1.99377    -0.524723   0.00326095    -0.333555    -0.368265    0.0205315   -0.0216344   0.00235621   -0.0716581
     1.15797     -11.1503      5.64626      2.55993   -0.0568348      15.6059    -0.524723      89.2553   -0.0163666     -6.34768     -12.2445     0.216731     -2.68989    -0.223277      12.9946
  0.00526097   -0.0170515   -0.0158736    0.0902749 -0.000507363   -0.0345004   0.00326095   -0.0163666   0.00838385  -0.00294212   0.00618956     0.002083   0.00468642  -0.00203057    -0.023121
  -0.0539968     0.561818     0.116677     0.598175    -0.330523     -2.92434    -0.333555     -6.34768  -0.00294212       29.025      4.10279    -0.156397      0.15189    0.0589675     -1.72415
     1.99964      5.38896     -4.29831      -20.646    0.0931368     -12.3297    -0.368265     -12.2445   0.00618956      4.10279       61.546   -0.0640658   -0.0689092    -0.173208        -17.6
  -0.0186725    -0.581524     0.116284    -0.277473    0.0133559    -0.169298    0.0205315     0.216731     0.002083    -0.156397   -0.0640658      1.14851    0.0214431   0.00147512    -0.132829
   -0.213651    -0.450902    -0.334181    -0.481962    0.0161883    -0.946628   -0.0216344     -2.68989   0.00468642      0.15189   -0.0689092    0.0214431      7.90631    -0.105516    -0.420859
   -0.149565   0.00683099    0.0362536     0.293714    0.0344056  -0.00628677   0.00235621    -0.223277  -0.00203057    0.0589675    -0.173208   0.00147512    -0.105516     0.561682   -0.0131384
   -0.454861      1.95719      1.47674     -1.95763   -0.0599703      10.2949   -0.0716581      12.9946    -0.023121     -1.72415        -17.6    -0.132829    -0.420859   -0.0131384      21.7055
