     9.1155     1.93642   -0.256464     2.38112    0.139808           0     1.83739    -1.22402 -0.00255246    0.201064   -0.848936    -1.61912     2.59949     0.55111     3.29327     1.55777
    1.93642     829.267     5.29571     14.8971     18.8339     3.12873    -13.8276    -23.9736     15.6611     13.1534     1.24233      25.916     4.27233     13.7516    -2.86507    -10.1388
  -0.256464     5.29571     42.3797    -22.6882     14.7501    0.168819     17.9622    -5.81125    -13.7553    -1.65376     3.57583     5.43874    -6.03414    -2.15075     14.0277     2.35531
    2.38112     14.8971    -22.6882     48.7712     19.7635   -0.250416   -0.811002    -5.19423      59.501     1.99145    -2.49976    -16.1745     7.29891     21.2141     14.9491     12.1454
   0.139808     18.8339     14.7501     19.7635     104.507   -0.272617    -10.0174    -2.90984     1.07462     3.82602    -1.70762    -34.5007    -4.37767     10.8951     8.32235     2.44423
          0     3.12873    0.168819   -0.250416   -0.272617     20.6173    -1.12111     1.03267  -0.0814915   -0.716168     -1.3505    0.392053    -0.15781   -0.160865     2.24931   -0.299354
    1.83739    -13.8276     17.9622   -0.811002    -10.0174    -1.12111     44.5854    -4.83785     17.8199    -2.73726   -0.321708    -15.1488    -2.31459     3.52958     17.7713        19.5
   -1.22402    -23.9736    -5.81125    -5.19423    -2.90984     1.03267    -4.83785      76.742    -11.6303     1.07014    -1.30836   -0.829979   -0.326724    -4.20374    -8.48424    -3.87212
-0.00255246     15.6611    -13.7553      59.501     1.07462  -0.0814915     17.8199    -11.6303      99.288    0.566983    -3.35502    -16.9782      10.259      28.397     30.2303     27.3212
   0.201064     13.1534    -1.65376     1.99145     3.82602   -0.716168    -2.73726     1.07014    0.566983     34.8859   -0.545982   -0.767151    0.248312   -0.190913    -24.7726    -1.29519
  -0.848936     1.24233     3.57583    -2.49976    -1.70762     -1.3505   -0.321708    -1.30836    -3.35502   -0.545982      27.271      3.0175    -3.93025  -0.0112345     5.46284      -1.018
   -1.61912      25.916     5.43874    -16.1745    -34.5007    0.392053    -15.1488   -0.829979    -16.9782   -0.767151      3.0175      71.316     3.61376     8.43263    -7.77794    -28.3223
    2.59949     4.27233    -6.03414     7.29891    -4.37767    -0.15781    -2.31459   -0.326724      10.259    0.248312    -3.93025     3.61376     11.9875      7.1257    -5.05702    -4.44324
    0.55111     13.7516    -2.15075     21.2141     10.8951   -0.160865     3.52958    -4.20374      28.397   -0.190913  -0.0112345     8.43263      7.1257     21.5854     7.34507    -2.66396
    3.29327    -2.86507     14.0277     14.9491     8.32235     2.24931     17.7713    -8.48424     30.2303    -24.7726     5.46284    -7.77794    -5.05702     7.34507     191.364     11.9809
    1.55777    -10.1388     2.35531     12.1454     2.44423   -0.299354        19.5    -3.87212     27.3212    -1.29519      -1.018    -28.3223    -4.44324    -2.66396     11.9809     26.5058
