     28.9065   -0.0018705     -5.36713  -0.00104907     -2.57345      19.2733  5.77472e-05    -0.273281   -0.0558489     -15.3502 -5.21986e-05      13.3183   -0.0023132    -0.811055     0.420553
  -0.0018705  0.000354196  0.000834658 -1.49936e-06   0.00189076  -0.00734408   1.1754e-06 -6.98101e-06 -7.03396e-05  -0.00136404  -2.5485e-07    -0.015363  3.38608e-06  0.000795299  -0.00165831
    -5.36713  0.000834658      44.1321   0.00155291      2.92975      -10.446 -0.000280397     0.134181    0.0480351      2.08028 -0.000119041     -9.05474  -0.00111881      1.94847     -4.22802
 -0.00104907 -1.49936e-06   0.00155291  0.000350715   0.00328869   0.00238335  -2.6363e-06   2.9717e-05  5.49442e-05  -0.00166958  1.03725e-07   0.00210076 -1.73151e-06  0.000903565 -0.000755102
    -2.57345   0.00189076      2.92975   0.00328869      61.8306      8.98312   0.00260042     0.253425   -0.0190384    -0.370239 -0.000144058      15.1099 -0.000694204     0.818851      3.26014
     19.2733  -0.00734408      -10.446   0.00238335      8.98312      38.8794    0.0010347    -0.110608    -0.080154     -25.2443  -0.00011141       6.3868  -0.00106877     -1.83358    -0.790555
 5.77472e-05   1.1754e-06 -0.000280397  -2.6363e-06   0.00260042    0.0010347  6.78867e-06  1.16958e-05   3.6654e-06 -0.000768208 -3.53273e-08  0.000118119 -5.39094e-07 -0.000224372  0.000687288
   -0.273281 -6.98101e-06     0.134181   2.9717e-05     0.253425    -0.110608  1.16958e-05     0.344831  -0.00053486    0.0875226  -1.1659e-05    -0.272096 -7.82727e-07   -0.0236113     0.079927
  -0.0558489 -7.03396e-05    0.0480351  5.49442e-05   -0.0190384    -0.080154   3.6654e-06  -0.00053486    0.0149033     0.037441 -2.59489e-06    0.0461191  3.45873e-05    0.0110453    0.0263786
    -15.3502  -0.00136404      2.08028  -0.00166958    -0.370239     -25.2443 -0.000768208    0.0875226     0.037441      25.9415   9.2018e-05      11.0897  0.000182032      1.29401    -0.643795
-5.21986e-05  -2.5485e-07 -0.000119041  1.03725e-07 -0.000144058  -0.00011141 -3.53273e-08  -1.1659e-05 -2.59489e-06   9.2018e-05  1.78735e-07 -3.01548e-05  6.60615e-07 -4.79498e-05 -9.52858e-06
     13.3183    -0.015363     -9.05474   0.00210076      15.1099       6.3868  0.000118119    -0.272096    0.0461191      11.0897 -3.01548e-05       108.49  -0.00282851     0.607013     -2.69097
  -0.0023132  3.38608e-06  -0.00111881 -1.73151e-06 -0.000694204  -0.00106877 -5.39094e-07 -7.82727e-07  3.45873e-05  0.000182032  6.60615e-07  -0.00282851  2.45448e-05 -6.66009e-05  0.000747428
   -0.811055  0.000795299      1.94847  0.000903565     0.818851     -1.83358 -0.000224372   -0.0236113    0.0110453      1.29401 -4.79498e-05     0.607013 -6.66009e-05       8.5339    -0.257727
    0.420553  -0.00165831     -4.22802 -0.000755102      3.26014    -0.790555  0.000687288     0.079927    0.0263786    -0.643795 -9.52858e-06     -2.69097  0.000747428    -0.257727      16.3078
