 1.72019e-07 -1.97868e-05 -6.93007e-09 -3.88807e-08  2.24946e-06 -0.000222341  -6.7725e-07  1.34743e-05 -0.000486309    0.0108314 -8.37611e-05 -1.71615e-08   5.6938e-09 -6.49635e-07  1.85775e-05
-1.97868e-05      4.16125 -8.57803e-06   0.00206849     0.146365    -0.664334  0.000593745      1.01207     0.132328     -22.3469   -0.0836098  3.52743e-07 -2.78238e-05    0.0238431    -0.918971
-6.93007e-09 -8.57803e-06  6.89484e-08 -1.98817e-08  4.91325e-05  2.10441e-05 -2.06306e-07  5.65714e-06 -1.14757e-05  9.28001e-05  2.41573e-05  1.41382e-08  1.49924e-10 -2.03576e-06  1.79545e-05
-3.88807e-08   0.00206849 -1.98817e-08   0.00170567   -0.0145406   -0.0159108  2.33531e-05    0.0100023    0.0131164     0.291419  0.000564416 -1.11728e-06  6.16769e-08  0.000149338  -0.00586925
 2.24946e-06     0.146365  4.91325e-05   -0.0145406      39.0256     0.720769  -0.00447076     -3.76139     -2.61769      12.6492      2.01092  0.000171417 -0.000163427   -0.0467981      3.73946
-0.000222341    -0.664334  2.10441e-05   -0.0159108     0.720769      32.1348   0.00770097     0.402494     0.239138      28.5455     -1.83744   0.00052691  4.94064e-05   -0.0047943     -3.32239
 -6.7725e-07  0.000593745 -2.06306e-07  2.33531e-05  -0.00447076   0.00770097  0.000333075   0.00300697   0.00715879   -0.0726505   0.00193633   7.1928e-06  2.85859e-07  0.000149149  -0.00605289
 1.34743e-05      1.01207  5.65714e-06    0.0100023     -3.76139     0.402494   0.00300697      23.4657     -4.87077     -4.06996    -0.538806 -8.86045e-06  9.36652e-05    0.0310708     -10.6525
-0.000486309     0.132328 -1.14757e-05    0.0131164     -2.61769     0.239138   0.00715879     -4.87077      52.1679     -12.9496      3.21332  0.000135011  0.000207661    -0.072575    -0.529027
   0.0108314     -22.3469  9.28001e-05     0.291419      12.6492      28.5455   -0.0726505     -4.06996     -12.9496      55517.9     -56.3161   0.00469969  -0.00295882   -0.0517838     -16.5909
-8.37611e-05   -0.0836098  2.41573e-05  0.000564416      2.01092     -1.83744   0.00193633    -0.538806      3.21332     -56.3161      24.5424 -1.06396e-05   4.7692e-05    0.0186099    -0.612282
-1.71615e-08  3.52743e-07  1.41382e-08 -1.11728e-06  0.000171417   0.00052691   7.1928e-06 -8.86045e-06  0.000135011   0.00469969 -1.06396e-05  1.42168e-06  -1.2787e-08  4.31063e-06 -0.000262791
  5.6938e-09 -2.78238e-05  1.49924e-10  6.16769e-08 -0.000163427  4.94064e-05  2.85859e-07  9.36652e-05  0.000207661  -0.00295882   4.7692e-05  -1.2787e-08  9.60771e-07  6.53703e-07  2.22265e-05
-6.49635e-07    0.0238431 -2.03576e-06  0.000149338   -0.0467981   -0.0047943  0.000149149    0.0310708    -0.072575   -0.0517838    0.0186099  4.31063e-06  6.53703e-07    0.0200165   -0.0184247
 1.85775e-05    -0.918971  1.79545e-05  -0.00586925      3.73946     -3.32239  -0.00605289     -10.6525    -0.529027     -16.5909    -0.612282 -0.000262791  2.22265e-05   -0.0184247      17.9184
