    23.6207    0.792573    0.842987     2.94167    0.213273    -1.73797   -0.760336     2.57306   0.0476207  -0.0955186     4.44226  -0.0707958   -0.700966    -0.80956    -1.25141
   0.792573     36.8367    -2.13549      10.859    0.011071      19.616    -1.08423     -11.671  -0.0663857    0.477758      5.3339   -0.979669   -0.634888   0.0164079     1.97759
   0.842987    -2.13549     56.0495     2.17893   -0.298516     4.32019   -0.211937     6.38118   -0.072451    0.104185    -4.95119    0.221359   -0.549544   0.0962314     2.11454
    2.94167      10.859     2.17893     90.9714   -0.136395    -8.15195    0.351517     2.10697    0.359943    0.419533     -23.577   -0.481389    -0.70691    0.713583    -1.09827
   0.213273    0.011071   -0.298516   -0.136395     4.15133   -0.377469   0.0777965  -0.0732185 -0.00284471   -0.362516    0.132546   0.0313376   0.0324231    0.115434  -0.0935048
   -1.73797      19.616     4.32019    -8.15195   -0.377469     37.4056   -0.784518     15.7658   -0.141498    -2.33512    -12.5748   -0.285533    -1.38442   -0.020542     12.6083
  -0.760336    -1.08423   -0.211937    0.351517   0.0777965   -0.784518     5.32105   -0.871465   0.0213834   -0.424893   -0.585763   0.0574949  -0.0548778  0.00136684   -0.159592
    2.57306     -11.671     6.38118     2.10697  -0.0732185     15.7658   -0.871465     89.4139  -0.0682924    -5.00031     -12.972    0.360744    -3.89996   -0.542631     16.2106
  0.0476207  -0.0663857   -0.072451    0.359943 -0.00284471   -0.141498   0.0213834  -0.0682924    0.135266 -0.00927784    0.017978   0.0139967   0.0276961  -0.0195822   -0.100767
 -0.0955186    0.477758    0.104185    0.419533   -0.362516    -2.33512   -0.424893    -5.00031 -0.00927784     17.8858     3.22896   -0.205705    0.169975    0.113329    -1.70148
    4.44226      5.3339    -4.95119     -23.577    0.132546    -12.5748   -0.585763     -12.972    0.017978     3.22896     61.9336   -0.108951  -0.0540056   -0.425848    -20.3533
 -0.0707958   -0.979669    0.221359   -0.481389   0.0313376   -0.285533   0.0574949    0.360744   0.0139967   -0.205705   -0.108951     3.22468   0.0532155  0.00874433   -0.204642
  -0.700966   -0.634888   -0.549544    -0.70691   0.0324231    -1.38442  -0.0548778    -3.89996   0.0276961    0.169975  -0.0540056   0.0532155     16.9484   -0.370235   -0.730811
   -0.80956   0.0164079   0.0962314    0.713583    0.115434   -0.020542  0.00136684   -0.542631  -0.0195822    0.113329   -0.425848  0.00874433   -0.370235     3.24982     -0.0325
   -1.25141     1.97759     2.11454    -1.09827  -0.0935048     12.6083   -0.159592     16.2106   -0.100767    -1.70148    -20.3533   -0.204642   -0.730811     -0.0325     22.2533
