      491230      6486.21            0            0            0       528.79     -4349.22            0            0            0     -125.924            0     -940.187
     6486.21  1.11678e+06            0            0      431.515     -818.193            0            0            0       139810      -922.87      10576.3       980.14
           0            0       440906            0            0     -73.6571            0            0            0            0            0            0      240.942
           0            0            0       389089            0     -102.996            0            0            0            0      41.4418            0      101.759
           0      431.515            0            0      339.769     -4.11484     -3.27707            0            0            0            0     -10753.9      7.49927
      528.79     -818.193     -73.6571     -102.996     -4.11484      9.70781     -13.0116       269559      -126491     -591.525      3.06673      98.7116     -3.37101
    -4349.22            0            0            0     -3.27707     -13.0116      451.128            0            0            0      3.21782      99.4183      18.0004
           0            0            0            0            0       269559            0  6.13726e+11            0 -5.73651e+07       237902            0      -225251
           0            0            0            0            0      -126491            0            0  1.70759e+11            0      43062.1            0       193484
           0       139810            0            0            0     -591.525            0 -5.73651e+07            0       517633     -2805.05      10607.5      570.311
    -125.924      -922.87            0      41.4418            0      3.06673      3.21782       237902      43062.1     -2805.05      16.4358     -67.5956     -2.62497
           0      10576.3            0            0     -10753.9      98.7116      99.4183            0            0      10607.5     -67.5956       392916     -203.664
    -940.187       980.14      240.942      101.759      7.49927     -3.37101      18.0004      -225251       193484      570.311     -2.62497     -203.664      40.0312
