    2948.73     32.8293           0           0           0      36.644    -178.133           0           0           0    -9.32961           0    -49.1851
    32.8293     4806.85           0           0     14.3737    -46.6105           0           0           0      697.03    -57.8427     88.9946     40.8509
          0           0     5543.67           0           0    -7.94572           0           0           0           0           0           0     19.2949
          0           0           0     6481.81           0    -11.3735           0           0           0           0     5.11856           0     8.05549
          0     14.3737           0           0     87.3685    -1.86666   -0.878094           0           0           0           0    -700.343      2.5827
     36.644    -46.6105    -7.94572    -11.3735    -1.86666       6.753    -6.02024     1906.17    -871.764    -38.5587     2.49671     11.4699    -2.31413
   -178.133           0           0           0   -0.878094    -6.02024     126.038           0           0           0     1.62704     6.74657     6.21363
          0           0           0           0           0     1906.17           0 4.09224e+07           0    -35422.8     1832.46           0    -1119.18
          0           0           0           0           0    -871.764           0           0  1.0339e+07           0     321.087           0     1001.75
          0      697.03           0           0           0    -38.5587           0    -35422.8           0      2991.6    -203.758      103.56     26.3217
   -9.32961    -57.8427           0     5.11856           0     2.49671     1.62704     1832.46     321.087    -203.758     15.0074    -8.29562     -1.4735
          0     88.9946           0           0    -700.343     11.4699     6.74657           0           0      103.56    -8.29562     6480.57    -18.0201
   -49.1851     40.8509     19.2949     8.05549      2.5827    -2.31413     6.21363    -1119.18     1001.75     26.3217     -1.4735    -18.0201     22.3943
