    75669.9           0    -225.034     -128474      252643    -2680.44           0           0      345.55
          0 1.16556e+08    -2218.05           0           0           0           0           0           0
   -225.034    -2218.05     7.31023     1585.28        7745     265.326      15.801    -125.579     -114.65
    -128474           0     1585.28 7.90902e+06           0     -977.52    -1882.07           0           0
     252643           0        7745           0 3.43514e+09    -78969.6           0           0           0
   -2680.44           0     265.326     -977.52    -78969.6      156020    -404.455           0    -13621.9
          0           0      15.801    -1882.07           0    -404.455     4508.17           0     214.011
          0           0    -125.579           0           0           0           0      457868           0
     345.55           0     -114.65           0           0    -13621.9     214.011           0     27150.2
