     135791    -30.1676           0     33.6886           0           0     131.058           0           0           0           0     18.7927      24.642           0           0           0           0           0
   -30.1676     12.1689  -0.0629051    0.234683    -4.63993    0.194195    -0.51819     3.45862           0    0.360292     1.97524   -0.622925   -0.216974   -0.131144           0     25001.7     2.73064     26582.4
          0  -0.0629051    0.845671    0.128499   -0.501526   -0.979883   -0.177796    0.464123           0   -0.633906    0.416419  -0.0427544  -0.0035536  0.00895157           0    -256.837    -1.49791    -1463.98
    33.6886    0.234683    0.128499     29.6786     8.72964    -4.97276    0.185637     4.26955    -10.0537     2.34382      8.3004    0.328133   -0.620644   -0.341262           0    -104.867      2.8493     98631.3
          0    -4.63993   -0.501526     8.72964     4617.93           0    -18.3149           0           0     28.7317           0     2.07921           0           0           0           0           0           0
          0    0.194195   -0.979883    -4.97276           0     804.004     5.42311           0           0           0           0    -2.05319    -1.87324           0           0           0           0           0
    131.058    -0.51819   -0.177796    0.185637    -18.3149     5.42311     63.9623     6.29796    -479.045    -2.91897           0   -0.240121    -0.25702    -2.03275    -11.3226    -995.098    -5.64011           0
          0     3.45862    0.464123     4.26955           0           0     6.29796     1257.07           0           0           0    -1.73787           0    -1.18267           0           0    -21.9783           0
          0           0           0    -10.0537           0           0    -479.045           0     26814.9           0           0           0     6.43562    -697.608           0           0           0           0
          0    0.360292   -0.633906     2.34382     28.7317           0    -2.91897           0           0     558.375     12.3338    -2.76632      1.1486           0           0           0     19.4459     78713.5
          0     1.97524    0.416419      8.3004           0           0           0           0           0     12.3338     295.741    -1.27643    -2.37946    -7.07355           0           0           0 2.96823e+06
    18.7927   -0.622925  -0.0427544    0.328133     2.07921    -2.05319   -0.240121    -1.73787           0    -2.76632    -1.27643     7.06029   -0.364716   0.0665981    -9.49803    -1156.53    -2.44372    -13579.8
     24.642   -0.216974  -0.0035536   -0.620644           0    -1.87324    -0.25702           0     6.43562      1.1486    -2.37946   -0.364716     11.3062    0.304753    -56.9156    -784.088     4.13451    -36697.3
          0   -0.131144  0.00895157   -0.341262           0           0    -2.03275    -1.18267    -697.608           0    -7.07355   0.0665981    0.304753     81.0642           0           0           0    -71314.7
          0           0           0           0           0           0    -11.3226           0           0           0           0    -9.49803    -56.9156           0     95470.9           0           0           0
          0     25001.7    -256.837    -104.867           0           0    -995.098           0           0           0           0    -1156.53    -784.088           0           0 5.61913e+07           0           0
          0     2.73064    -1.49791      2.8493           0           0    -5.64011    -21.9783           0     19.4459           0    -2.44372     4.13451           0           0           0     1385.88           0
          0     26582.4    -1463.98     98631.3           0           0           0           0           0     78713.5 2.96823e+06    -13579.8    -36697.3    -71314.7           0           0           0 3.47431e+10
