 6.24106e+07     -301.853            0      875.895            0            0      2755.42            0            0            0            0      116.787      324.571            0            0            0            0            0
    -301.853      2.65687   -0.0015737     0.132973     -22.1066     0.529493    -0.240872      37.7727            0      1.17528      6.69348   -0.0843394   -0.0626962    -0.138423            0       332008       6.4491      12406.3
           0   -0.0015737   0.00252612   0.00850367    -0.275079    -0.313904  -0.00947707     0.588605            0    -0.241016     0.165412 -0.000629688 -0.000113019    0.0010985            0      -392.95     -0.41465     -79.6472
     875.895     0.132973   0.00850367      43.5987      107.452     -35.1908     0.220551      121.107     -1616.93      19.8049      73.0972     0.115252    -0.462218    -0.934791            0     -3651.45      17.4674       119567
           0     -22.1066    -0.275079      107.452       476146            0     -182.328            0            0      2033.25            0      6.13381            0            0            0            0            0            0
           0     0.529493    -0.313904     -35.1908            0      27404.1      30.9999            0            0            0            0     -3.47174     -6.71904            0            0            0            0            0
     2755.42    -0.240872  -0.00947707     0.220551     -182.328      30.9999      61.5212      144.014     -62337.5     -19.9214            0   -0.0667924    -0.155592     -4.52742     -335.799     -28369.2     -27.9161            0
           0      37.7727     0.588605      121.107            0            0      144.014       686015            0            0            0       -11.78            0     -62.0998            0            0      -2606.1            0
           0            0            0     -1616.93            0            0     -62337.5            0  4.72175e+08            0            0            0      524.853      -209233            0            0            0            0
           0      1.17528    -0.241016      19.8049      2033.25            0     -19.9214            0            0      27136.3      623.747     -5.31621      4.90995            0            0            0      682.734       548630
           0      6.69348     0.165412      73.0972            0            0            0            0            0      623.747      15614.2     -2.69112     -10.6228      -116.15            0            0            0  2.15719e+07
     116.787   -0.0843394 -0.000629688     0.115252      6.13381     -3.47174   -0.0667924       -11.78            0     -5.31621     -2.69112     0.593938   -0.0649549    0.0439246     -83.2251     -9522.12      -3.5857     -3941.09
     324.571   -0.0626962 -0.000113019    -0.462218            0     -6.71904    -0.155592            0      524.853      4.90995     -10.6228   -0.0649549      4.26813     0.423366     -1057.38     -13710.7      12.8476     -22547.8
           0    -0.138423    0.0010985    -0.934791            0            0     -4.52742     -62.0998      -209233            0      -116.15    0.0439246     0.423366      414.183            0            0            0      -161162
           0            0            0            0            0            0     -335.799            0            0            0            0     -83.2251     -1057.38            0  8.72593e+07            0            0            0
           0       332008      -392.95     -3651.45            0            0     -28369.2            0            0            0            0     -9522.12     -13710.7            0            0  4.53615e+10            0            0
           0       6.4491     -0.41465      17.4674            0            0     -27.9161      -2606.1            0      682.734            0      -3.5857      12.8476            0            0            0      35443.4            0
           0      12406.3     -79.6472       119567            0            0            0            0            0       548630  2.15719e+07     -3941.09     -22547.8      -161162            0            0            0  3.47548e+10
