 2.38764e+10     -2731.99            0      20773.7            0            0      52622.9            0            0            0            0      678.737      3896.13            0            0            0            0            0
    -2731.99     0.569185 -4.09253e-05    0.0745884     -103.764      1.43004    -0.108582      402.669            0      3.52846      22.5018    -0.011601   -0.0178124    -0.200856            0       153675      15.0843      5742.76
           0 -4.09253e-05  7.70939e-06  0.000570195    -0.153597    -0.101986 -0.000513582     0.737269            0   -0.0855917    0.0663294  -1.0305e-05 -3.85852e-06  0.000184395            0     -21.9082    -0.116539     -4.46169
     20773.7    0.0745884  0.000570195      64.0301      1320.55     -248.864     0.259827      3381.09     -70114.9      155.754      643.361    0.0415074    -0.343813     -3.62381            0     -4425.52      106.988       144909
           0     -103.764    -0.153597      1320.55  4.89675e+07            0     -1800.97            0            0       133819            0      18.4851            0            0            0            0            0            0
           0      1.43004    -0.101986     -248.864            0       933184      176.186            0            0            0            0     -6.02062     -24.0673            0            0            0            0            0
     52622.9    -0.108582 -0.000513582     0.259827     -1800.97      176.186      58.3576      3232.42 -2.14683e+06      -125.91            0   -0.0193364   -0.0929446     -14.5409     -8530.68     -27631.3     -137.419            0
           0      402.669     0.737269      3381.09            0            0      3232.42  3.64038e+08            0            0            0      -80.657            0     -4479.79            0            0      -303569            0
           0            0            0     -70114.9            0            0 -2.14683e+06            0    5.887e+11            0            0            0      11527.9 -2.31195e+07            0            0            0            0
           0      3.52846   -0.0855917      155.754       133819            0      -125.91            0            0  1.14279e+06      29393.3     -10.2502      19.5442            0            0            0      22382.8  3.56015e+06
           0      22.5018    0.0663294      643.361            0            0            0            0            0      29393.3       823586     -5.80763     -47.3564     -2644.46            0            0            0   1.5668e+08
     678.737    -0.011601  -1.0305e-05    0.0415074      18.4851     -6.02062   -0.0193364      -80.657            0     -10.2502     -5.80763    0.0524543   -0.0118491     0.040832     -640.449     -2829.95     -5.38557     -1171.25
     3896.13   -0.0178124 -3.85852e-06    -0.343813            0     -24.0673   -0.0929446            0      11527.9      19.5442     -47.3564   -0.0118491      1.60816     0.828401     -16867.1     -8415.89      39.8583     -13840.8
           0    -0.200856  0.000184395     -3.62381            0            0     -14.5409     -4479.79 -2.31195e+07            0     -2644.46     0.040832     0.828401      4062.23            0            0            0      -505213
           0            0            0            0            0            0     -8530.68            0            0            0            0     -640.449     -16867.1            0  5.84336e+10            0            0            0
           0       153675     -21.9082     -4425.52            0            0     -27631.3            0            0            0            0     -2829.95     -8415.89            0            0  4.53643e+10            0            0
           0      15.0843    -0.116539      106.988            0            0     -137.419      -303569            0      22382.8            0     -5.38557      39.8583            0            0            0       905378            0
           0      5742.76     -4.46169       144909            0            0            0            0            0  3.56015e+06   1.5668e+08     -1171.25     -13840.8      -505213            0            0            0   3.4758e+10
