1.8513e+06   -131.988   -4.06053    -51.623   -354.766     255.94
  -131.988    7.63689    1.57925   -2.64113    0.90902    -1.2955
  -4.06053    1.57925    3.41998   -0.76708  -0.635339  -0.752034
   -51.623   -2.64113   -0.76708    4.35824  -0.225807   0.735024
  -354.766    0.90902  -0.635339  -0.225807    5.43319   -2.16723
    255.94    -1.2955  -0.752034   0.735024   -2.16723    6.63269
