   243509  -46.6596  -4.08291   -16.738  -125.685   89.8481
 -46.6596   7.53912   1.76187  -2.76104    1.1068  -1.46065
 -4.08291   1.76187   3.34469 -0.889012 -0.504386 -0.860826
  -16.738  -2.76104 -0.889012   4.32899 -0.347094  0.849808
 -125.685    1.1068 -0.504386 -0.347094   5.09016  -2.09508
  89.8481  -1.46065 -0.860826  0.849808  -2.09508   6.30928
