     38.5142      1.07363   -0.0103274     0.973329      5.78237    0.0778048     -2.36122    0.0257638    -0.137226     0.002805     0.805681     -6.15411     0.169535      -21.617     0.379356
     1.07363      27.4774   -0.0378398   0.00351273     -17.1114     0.123416      0.91841     0.404858     0.147925     0.239155    -0.308416     -7.98076     0.339764        -4.21      8.76997
  -0.0103274   -0.0378398   0.00325611   -0.0152389     0.494875  0.000534637    -0.010104  0.000170604 -0.000481826   0.00545898 -0.000603299     0.030269   0.00127065      0.18082  -0.00819885
    0.973329   0.00351273   -0.0152389      26.3612     -10.1697    0.0557751      5.61534    -0.631226    -0.225035    -0.339867      8.05642     -10.4176     0.384095      8.69245      9.18524
     5.78237     -17.1114     0.494875     -10.1697      6649.77     -1.67863     -67.3328      5.25764     0.720442    0.0355926     -17.2947       34.977      -2.0549     -67.6687      35.8776
   0.0778048     0.123416  0.000534637    0.0557751     -1.67863     0.239411      0.27436    0.0414439   0.00244187    0.0142374    0.0797782    -0.536644    0.0104992     -1.79642    -0.171166
    -2.36122      0.91841    -0.010104      5.61534     -67.3328      0.27436      39.5128     0.563565    -0.090094    -0.117472     -5.27033       -11.36    -0.329252     -9.46738    -0.888369
   0.0257638     0.404858  0.000170604    -0.631226      5.25764    0.0414439     0.563565      13.5658  -0.00555982      0.61633    0.0781989     -38.1443   -0.0922162     -11.6013      -1.2371
   -0.137226     0.147925 -0.000481826    -0.225035     0.720442   0.00244187    -0.090094  -0.00555982      0.13172  -0.00279966    -0.115721     0.846227    0.0128037    0.0727954  -0.00645597
    0.002805     0.239155   0.00545898    -0.339867    0.0355926    0.0142374    -0.117472      0.61633  -0.00279966      7.62039    -0.373415    -0.261262   -0.0286119     -11.5576     0.373138
    0.805681    -0.308416 -0.000603299      8.05642     -17.2947    0.0797782     -5.27033    0.0781989    -0.115721    -0.373415      35.4132     -6.22029    -0.299033      23.7944     -26.8433
    -6.15411     -7.98076     0.030269     -10.4176       34.977    -0.536644       -11.36     -38.1443     0.846227    -0.261262     -6.22029      2530.42     0.340673      40.2282     -4.47128
    0.169535     0.339764   0.00127065     0.384095      -2.0549    0.0104992    -0.329252   -0.0922162    0.0128037   -0.0286119    -0.299033     0.340673      3.27739      4.35699     0.788379
     -21.617        -4.21      0.18082      8.69245     -67.6687     -1.79642     -9.46738     -11.6013    0.0727954     -11.5576      23.7944      40.2282      4.35699      875.301     -14.5094
    0.379356      8.76997  -0.00819885      9.18524      35.8776    -0.171166    -0.888369      -1.2371  -0.00645597     0.373138     -26.8433     -4.47128     0.788379     -14.5094      47.9507
