   56.3343    1.08375  -0.253205    1.41645   0.916243   0.965599   -3.93399   -1.05669    -1.2898    2.56176    1.93908   -2.08239   0.446031   -1.06874   0.241283
   1.08375    31.7808  -0.713852   0.495247   -2.64711    26.3517   0.357346   -2.20004    1.21204    6.64229   -2.83543   -1.15642     1.4058   0.420123    12.9828
 -0.253205  -0.713852    1.23374   -0.39312    1.55751  -0.872782  -0.153229  -0.134248 -0.0767277  -0.166094  -0.124758   0.127597  0.0721505   0.381396  -0.299049
   1.41645   0.495247   -0.39312    30.3061   -2.13169   -1.10067    11.0298   -5.43002   -1.88034   -7.57182    7.86321   -1.63622    1.05473    6.18141    13.3062
  0.916243   -2.64711    1.55751   -2.13169    207.826   -11.5406   -12.6047   -4.77215    1.38002    5.27476   -2.71798   0.501443   -0.87799  -0.210634    5.42554
  0.965599    26.3517  -0.872782   -1.10067   -11.5406    53.1592    24.7943    10.2018   0.857431     2.4476    9.89718   -3.62409   -1.30092   -6.78108   -9.49788
  -3.93399   0.357346  -0.153229    11.0298   -12.6047    24.7943    46.6828     16.099  -0.979198   -8.88378   -5.49505   -2.03949  -0.955579   -14.1047    3.39799
  -1.05669   -2.20004  -0.134248   -5.43002   -4.77215    10.2018     16.099    26.6274   0.406656   -2.14255   -11.6223    -3.3377   -1.13812    -17.371   -2.71993
   -1.2898    1.21204 -0.0767277   -1.88034    1.38002   0.857431  -0.979198   0.406656    7.82623   0.752002  -0.939444    1.15514   0.279425  -0.629027 0.00163691
   2.56176    6.64229  -0.166094   -7.57182    5.27476     2.4476   -8.88378   -2.14255   0.752002    22.5541   -10.5582    1.32452  -0.858719   -15.3834    14.4112
   1.93908   -2.83543  -0.124758    7.86321   -2.71798    9.89718   -5.49505   -11.6223  -0.939444   -10.5582    41.5115   -2.69408   -1.62145    27.9307   -33.7582
  -2.08239   -1.15642   0.127597   -1.63622   0.501443   -3.62409   -2.03949    -3.3377    1.15514    1.32452   -2.69408    85.4196   0.232427   -0.42665   -2.07095
  0.446031     1.4058  0.0721505    1.05473   -0.87799   -1.30092  -0.955579   -1.13812   0.279425  -0.858719   -1.62145   0.232427    26.5607    1.54697    2.92756
  -1.06874   0.420123   0.381396    6.18141  -0.210634   -6.78108   -14.1047    -17.371  -0.629027   -15.3834    27.9307   -0.42665    1.54697    38.5918   -20.6219
  0.241283    12.9828  -0.299049    13.3062    5.42554   -9.49788    3.39799   -2.71993 0.00163691    14.4112   -33.7582   -2.07095    2.92756   -20.6219    54.9175
