     42.8626       1.8211       4.4785     -5.51281      -636303 -0.000392594  -7.2526e+10  -0.00237231       1203.7    -0.562574  -0.00864671    -0.665059   -0.0316698     -9.17417      -9.6624  -0.00840523
      1.8211      10.7152    -0.213345     -1.21319      -237286 -8.34029e-05  1.62052e+12  -0.00158909     -2528.24   -0.0483566  -0.00377985     -2.81869   0.00108665    0.0410084    -0.315026 -4.52565e-05
      4.4785    -0.213345      40.1538     -11.4568  1.27401e+06  0.000648183 -1.74541e+13   0.00175191      69162.7     0.462155  -0.00110544     -12.5922    -0.111196      14.1624     -19.2792  -0.00412606
    -5.51281     -1.21319     -11.4568      59.0535  8.34838e+06 -0.000536474  1.31684e+13  -0.00324651     -40751.3      1.09358    0.0116886     -19.6547   0.00572013      16.9156     -5.81331   0.00342754
     -636303      -237286  1.27401e+06  8.34838e+06  3.07253e+14       -303.3            0     -2446.56 -2.75381e+11       326297     -1499.19 -1.76231e+06      -160634  4.84615e+06      -390165     -13165.8
-0.000392594 -8.34029e-05  0.000648183 -0.000536474       -303.3  1.10964e-05 -5.80499e+09 -4.66911e-07     -13.4283  3.68414e-05   5.4133e-07  -0.00108479  3.20393e-05  9.81488e-06  -0.00106021   2.0322e-06
 -7.2526e+10  1.62052e+12 -1.74541e+13  1.31684e+13            0 -5.80499e+09  5.60716e+26 -2.97757e+09            0            0 -2.35369e+10  -1.4461e+12 -1.31112e+11 -3.95411e+12  3.09895e+11   3.7507e+08
 -0.00237231  -0.00158909   0.00175191  -0.00324651     -2446.56 -4.66911e-07 -2.97757e+09  9.51721e-05      70.8573   6.1348e-05  -9.1296e-07   0.00289063 -0.000151523    0.0016606   0.00618112  5.53596e-06
      1203.7     -2528.24      69162.7     -40751.3 -2.75381e+11     -13.4283            0      70.8573  3.15795e+10            0      -98.521     -36560.5     -54076.2      72300.6     -5229.51     -68.0912
   -0.562574   -0.0483566     0.462155      1.09358       326297  3.68414e-05            0   6.1348e-05            0      3.16209 -0.000703518    -0.772659            0      1.14401    -0.167959 -0.000602351
 -0.00864671  -0.00377985  -0.00110544    0.0116886     -1499.19   5.4133e-07 -2.35369e+10  -9.1296e-07      -98.521 -0.000703518  0.000871516   -0.0103988  0.000209241   0.00549472   -0.0230622  3.46162e-06
   -0.665059     -2.81869     -12.5922     -19.6547 -1.76231e+06  -0.00108479  -1.4461e+12   0.00289063     -36560.5    -0.772659   -0.0103988      35.2492    0.0527951     -14.0411      17.4587  0.000140946
  -0.0316698   0.00108665    -0.111196   0.00572013      -160634  3.20393e-05 -1.31112e+11 -0.000151523     -54076.2            0  0.000209241    0.0527951     0.102639   -0.0822141    0.0092415  7.83749e-05
    -9.17417    0.0410084      14.1624      16.9156  4.84615e+06  9.81488e-06 -3.95411e+12    0.0016606      72300.6      1.14401   0.00549472     -14.0411   -0.0822141      54.4059      10.6024   0.00206285
     -9.6624    -0.315026     -19.2792     -5.81331      -390165  -0.00106021  3.09895e+11   0.00618112     -5229.51    -0.167959   -0.0230622      17.4587    0.0092415      10.6024      60.7062   0.00474869
 -0.00840523 -4.52565e-05  -0.00412606   0.00342754     -13165.8   2.0322e-06   3.7507e+08  5.53596e-06     -68.0912 -0.000602351  3.46162e-06  0.000140946  7.83749e-05   0.00206285   0.00474869  0.000217954
