     39.0859      1.08333   -0.0121197     0.975904      5.30144    0.0934325     -2.37743    0.0262599    -0.152228    0.0028993     0.809636     -5.64458     0.179496     -19.1672     0.384951
     1.08333      27.4951   -0.0440933    0.0168923     -15.5135     0.146811     0.885699     0.408385     0.162982     0.244834     -0.37715     -7.26176     0.358225     -3.79236      8.89126
  -0.0121197   -0.0440933   0.00441839   -0.0177859     0.524622  0.000742337   -0.0117775  0.000200856  -0.00061805   0.00649843 -0.000627313    0.0321023   0.00155567     0.186476  -0.00974844
    0.975904    0.0168923   -0.0177859      26.3829     -9.36301     0.067063      5.77122    -0.637536    -0.247924    -0.347263      8.01042     -9.50401     0.403428      8.38049      9.24563
     5.30144     -15.5135     0.524622     -9.36301       5507.5     -1.82113     -61.2607       4.8397     0.721991    0.0331251     -15.7111      28.9812     -1.96541     -54.3471       32.497
   0.0934325     0.146811  0.000742337     0.067063     -1.82113     0.340196     0.326868    0.0499767   0.00320507    0.0173484     0.094821    -0.582462    0.0131517     -1.89738    -0.202848
    -2.37743     0.885699   -0.0117775      5.77122     -61.2607     0.326868      39.5477     0.566453    -0.100031    -0.120767     -5.27118     -10.3701    -0.344669     -9.61391    -0.769163
   0.0262599     0.408385  0.000200856    -0.637536       4.8397    0.0499767     0.566453      13.8791  -0.00619258       0.6371     0.078338     -35.1283   -0.0980346     -10.4054     -1.24801
   -0.152228     0.162982  -0.00061805    -0.247924     0.721991   0.00320507    -0.100031  -0.00619258     0.159722  -0.00315092    -0.127586     0.848427    0.0148182    0.0627425  -0.00692581
   0.0028993     0.244834   0.00649843    -0.347263    0.0331251    0.0173484    -0.120767       0.6371  -0.00315092      7.95846    -0.381657    -0.243079   -0.0307328     -10.4945     0.381106
    0.809636     -0.37715 -0.000627313      8.01042     -15.7111     0.094821     -5.27118     0.078338    -0.127586    -0.381657      35.4378     -5.65609    -0.315101       23.541     -26.8803
    -5.64458     -7.26176    0.0321023     -9.50401      28.9812    -0.582462     -10.3701     -35.1283     0.848427    -0.243079     -5.65609      2097.65     0.325989      32.2846      -4.0979
    0.179496     0.358225   0.00155567     0.403428     -1.96541    0.0131517    -0.344669   -0.0980346    0.0148182   -0.0307328    -0.315101     0.325989      3.62022      4.05144     0.829801
    -19.1672     -3.79236     0.186476      8.38049     -54.3471     -1.89738     -9.61391     -10.4054    0.0627425     -10.4945       23.541      32.2846      4.05144      690.745     -14.6164
    0.384951      8.89126  -0.00974844      9.24563       32.497    -0.202848    -0.769163     -1.24801  -0.00692581     0.381106     -26.8803      -4.0979     0.829801     -14.6164       47.967
