     41.8617      1.13093   -0.0255196     0.985028      3.54099     0.218807     -2.45553    0.0289086    -0.246682   0.00346863     0.827845     -3.77666     0.234071     -10.7356     0.413203
     1.13093        27.59   -0.0898234    0.0924269     -9.81288     0.328984      0.71311     0.424881     0.255893      0.27309     -0.73671     -4.67921     0.459028     -2.42599      9.49137
  -0.0255196   -0.0898234    0.0182696   -0.0364941     0.688096   0.00341365   -0.0239663  0.000427915  -0.00196714    0.0146168 -0.000575411    0.0421906   0.00398782     0.214554   -0.0218897
    0.985028    0.0924269   -0.0364941      26.4964     -6.37264     0.157691      6.55804    -0.668486    -0.389095     -0.38325      7.75416     -6.20955     0.507275      7.49199      9.60125
     3.54099     -9.81288     0.688096     -6.37264      2291.86      -2.6608     -39.4618      3.29126      0.72921    0.0235314     -10.0847      12.0857     -1.59774     -19.3026      20.4419
    0.218807     0.328984   0.00341365     0.157691      -2.6608      1.74295     0.737379     0.119539    0.0113451     0.043581     0.212808     -0.85295    0.0374494     -2.44616    -0.444815
    -2.45553      0.71311   -0.0239663      6.55804     -39.4618     0.737379      39.7443      0.57721    -0.163249    -0.137722     -5.24229     -6.79723     -0.42596     -10.5542    -0.144146
   0.0289086     0.424881  0.000427915    -0.668486      3.29126     0.119539      0.57721      15.4326   -0.0102463      0.74347    0.0824607     -23.9492    -0.130444     -6.28297     -1.29726
   -0.246682     0.255893  -0.00196714    -0.389095      0.72921    0.0113451    -0.163249   -0.0102463     0.391527  -0.00546607    -0.200846     0.858797    0.0292487    0.0018749  -0.00955195
  0.00346863      0.27309    0.0146168     -0.38325    0.0235314     0.043581    -0.137722      0.74347  -0.00546607       9.7379    -0.422128    -0.173733   -0.0428764     -6.73542     0.420536
    0.827845     -0.73671 -0.000575411      7.75416     -10.0847     0.212808     -5.24229    0.0824607    -0.200846    -0.422128      35.5412     -3.62551    -0.403702      23.6235     -27.1377
    -3.77666     -4.67921    0.0421906     -6.20955      12.0857     -0.85295     -6.79723     -23.9492     0.858797    -0.173733     -3.62551      876.821     0.265653      11.4006     -2.73562
    0.234071     0.459028   0.00398782     0.507275     -1.59774    0.0374494     -0.42596    -0.130444    0.0292487   -0.0428764    -0.403702     0.265653      5.75203       2.8714      1.05364
    -10.7356     -2.42599     0.214554      7.49199     -19.3026     -2.44616     -10.5542     -6.28297    0.0018749     -6.73542      23.6235      11.4006       2.8714      235.667     -15.6123
    0.413203      9.49137   -0.0218897      9.60125      20.4419    -0.444815    -0.144146     -1.29726  -0.00955195     0.420536     -27.1377     -2.73562      1.05364     -15.6123      48.0516
