   105.098    13.0904   -3.35386    6.39154    4.37517     6.4906    -19.446 -0.0446952   -1.10438    21.2533   -1.48541    2.36757   -1.62077   -15.9168    12.3904
   13.0904    32.4566   -1.62812   0.713512   0.354678    27.3434   0.855907   -2.90761    2.21602     7.0851   -3.77469   -1.22541    1.83377    1.04338    13.7321
  -3.35386   -1.62812    6.67178  -0.861172    1.49858   -1.94161  -0.325463  -0.339184  -0.307295  -0.387664   -0.39858   0.504764   0.172632   0.676743  -0.844167
   6.39154   0.713512  -0.861172    31.1066     -1.915  -0.440089    12.6012   -6.61548   -3.42474   -9.17615     7.8881  -0.230566    1.38602    6.20087    14.5541
   4.37517   0.354678    1.49858     -1.915    88.0349   -5.15301   -8.64196   -2.05699    1.70526    2.32598   0.477506   -8.66941 -0.0433963    3.19701   0.271647
    6.4906    27.3434   -1.94161  -0.440089   -5.15301    55.4273    27.2812    11.6929    1.41186    1.36877     10.186   -2.97562   -1.53212     -5.831   -8.83044
   -19.446   0.855907  -0.325463    12.6012   -8.64196    27.2812    48.3108    20.5887   -2.04576   -9.37407   -5.22958  -0.507563   -1.24495    -16.382    4.71591
-0.0446952   -2.90761  -0.339184   -6.61548   -2.05699    11.6929    20.5887    27.2684   0.588386   -2.39446   -13.3028 -0.0154813   -1.67243   -19.2876    -2.1736
  -1.10438    2.21602  -0.307295   -3.42474    1.70526    1.41186   -2.04576   0.588386    26.9779    1.97153   -2.00745    1.42557   0.615009   -1.43907    0.15189
   21.2533     7.0851  -0.387664   -9.17615    2.32598    1.36877   -9.37407   -2.39446    1.97153    24.8817    -12.988    3.22432   -1.04147   -16.0868     15.981
  -1.48541   -3.77469   -0.39858     7.8881   0.477506     10.186   -5.22958   -13.3028   -2.00745    -12.988    42.4285   -2.08588    -2.0261    28.3847   -35.0855
   2.36757   -1.22541   0.504764  -0.230566   -8.66941   -2.97562  -0.507563 -0.0154813    1.42557    3.22432   -2.08588     64.544  0.0416489     1.3914   -2.58952
  -1.62077    1.83377   0.172632    1.38602 -0.0433963   -1.53212   -1.24495   -1.67243   0.615009   -1.04147    -2.0261  0.0416489    38.5796    1.88417    3.61694
  -15.9168    1.04338   0.676743    6.20087    3.19701     -5.831    -16.382   -19.2876   -1.43907   -16.0868    28.3847     1.3914    1.88417    39.2059   -21.9744
   12.3904    13.7321  -0.844167    14.5541   0.271647   -8.83044    4.71591    -2.1736    0.15189     15.981   -35.0855   -2.58952    3.61694   -21.9744    56.1542
