     44.8862      1.18632   -0.0534428     0.994172      2.34183      0.50958     -2.54423    0.0299216    -0.399944   0.00422458      0.85892     -2.52929     0.306579     -5.57784       0.4479
     1.18632      27.7158    -0.183019     0.195415     -6.18314      0.73608     0.494706     0.441502      0.40202      0.30498     -1.16554     -3.01287     0.589923     -1.72686      10.1536
  -0.0534428    -0.183019    0.0754369   -0.0746594     0.901664    0.0156505   -0.0484301    0.0009018  -0.00625493    0.0328491 -0.000136652    0.0553417    0.0102187     0.243865   -0.0497818
    0.994172     0.195415   -0.0746594      26.6322     -4.32091     0.367041      7.45268    -0.704743     -0.61112    -0.421193      7.46076     -4.07368     0.638323       7.1479      10.1421
     2.34183     -6.18314     0.901664     -4.32091       953.69     -3.88765     -25.4083      2.23761     0.736655    0.0170314     -6.54642      5.03179     -1.29891     -6.47927      12.7671
     0.50958      0.73608    0.0156505     0.367041     -3.88765      8.91404      1.65885      0.28661    0.0400649      0.10989     0.485405     -1.24865     0.106238     -3.13139    -0.963913
    -2.54423     0.494706   -0.0484301      7.45268     -25.4083      1.65885      40.0225     0.581912    -0.268022    -0.157376     -5.14748     -4.46917    -0.525588     -11.7487     0.632634
   0.0299216     0.441502    0.0009018    -0.704743      2.23761      0.28661     0.581912      17.1608   -0.0170268     0.868041    0.0970388     -16.3314    -0.173898     -3.78909     -1.34071
   -0.399944      0.40202  -0.00625493     -0.61112     0.736655    0.0400649    -0.268022   -0.0170268     0.960038  -0.00951778    -0.316275     0.869562    0.0577847   -0.0964258   -0.0130344
  0.00422458      0.30498    0.0328491    -0.421193    0.0170314      0.10989    -0.157376     0.868041  -0.00951778        11.91    -0.466925    -0.123567   -0.0598623     -4.35426     0.464278
     0.85892     -1.16554 -0.000136652      7.46076     -6.54642     0.485405     -5.14748    0.0970388    -0.316275    -0.466925      35.6582      -2.3122     -0.52163      25.1592      -27.662
    -2.52929     -3.01287    0.0553417     -4.07368      5.03179     -1.24865     -4.46917     -16.3314     0.869562    -0.123567      -2.3122      366.654     0.216407      3.75737     -1.83028
    0.306579     0.589923    0.0102187     0.638323     -1.29891     0.106238    -0.525588    -0.173898    0.0577847   -0.0598623     -0.52163     0.216407      9.14208      1.98178      1.34058
    -5.57784     -1.72686     0.243865       7.1479     -6.47927     -3.13139     -11.7487     -3.78909   -0.0964258     -4.35426      25.1592      3.75737      1.98178      89.2015      -17.193
      0.4479      10.1536   -0.0497818      10.1421      12.7671    -0.963913     0.632634     -1.34071   -0.0130344     0.464278      -27.662     -1.83028      1.34058      -17.193      48.1911
