  87.6673   15.9391  -8.65176   7.98625   18.6595   8.12642  -20.4152  -9.45715   19.0324   23.6249    1.5791   2.54947  -2.58219  -10.6538   15.6479
  15.9391   35.5461  -4.30413  0.791013   9.14392    29.409   1.77675   -3.2577  -8.26897   8.16137  -5.50142   -4.4028   3.17049  0.430812   15.6554
 -8.65176  -4.30413   47.0737   -2.8522   1.59124  -5.05252  -1.30341  0.283806  -2.21897 -0.641715  -1.31576   1.65694 -0.259265   1.46749  -2.71987
  7.98625  0.791013   -2.8522   34.0813  -5.71374   0.17942   15.2631  -7.17494   18.0851  -10.8617   7.52782   6.23611    2.5397   5.94177    17.069
  18.6595   9.14392   1.59124  -5.71374   79.0974  -1.81197   -23.969  -13.3631  -1.17335   3.92416    9.5076  -4.05848 -0.269581   15.6329  -7.37319
  8.12642    29.409  -5.05252   0.17942  -1.81197   60.4198   31.3302   14.6302  -4.78774    1.1893   12.2537  -2.86844  -3.06412  -6.74935  -9.30735
 -20.4152   1.77675  -1.30341   15.2631   -23.969   31.3302   52.4871   26.1927   3.31699  -10.0899  -3.79803   1.09002  -2.81733  -20.0544   6.81298
 -9.45715   -3.2577  0.283806  -7.17494  -13.3631   14.6302   26.1927   33.0458  -2.71772   -2.3862  -14.5289  -4.75135  -3.24288  -23.4102 -0.928975
  19.0324  -8.26897  -2.21897   18.0851  -1.17335  -4.78774   3.31699  -2.71772   23.8944   -3.1094   8.96978   5.08071  -2.16825 -0.620299   2.84697
  23.6249   8.16137 -0.641715  -10.8617   3.92416    1.1893  -10.0899   -2.3862   -3.1094   27.8539  -15.1623 -0.088325   -1.1888  -18.2364   17.3166
   1.5791  -5.50142  -1.31576   7.52782    9.5076   12.2537  -3.79803  -14.5289   8.96978  -15.1623   45.9558   3.68494  -4.28904   30.8716  -39.6151
  2.54947   -4.4028   1.65694   6.23611  -4.05848  -2.86844   1.09002  -4.75135   5.08071 -0.088325   3.68494   34.6824  0.963815  0.882473  0.964719
 -2.58219   3.17049 -0.259265    2.5397 -0.269581  -3.06412  -2.81733  -3.24288  -2.16825   -1.1888  -4.28904  0.963815   65.8063   3.00789   7.04881
 -10.6538  0.430812   1.46749   5.94177   15.6329  -6.74935  -20.0544  -23.4102 -0.620299  -18.2364   30.8716  0.882473   3.00789   43.7791  -25.7094
  15.6479   15.6554  -2.71987    17.069  -7.37319  -9.30735   6.81298 -0.928975   2.84697   17.3166  -39.6151  0.964719   7.04881  -25.7094   61.6198
