   49.5616    1.18238  -0.120587    1.03328    1.68959    1.68325   -2.91154  -0.133944  -0.709486  0.0152922     1.0996   -2.23949   0.338103   -2.49834   0.571819
   1.18238    29.0662   -0.37556   0.381916   -4.03372    5.92402   0.307848   -0.88276   0.694233   0.286539   -1.66367   -1.96934   0.865392  -0.943345    11.2763
 -0.120587   -0.37556   0.314022  -0.167713    1.19937 -0.0332227 -0.0965216  -0.122256 -0.0217663  0.0841145  -0.015783  0.0718077  0.0262531   0.256304  -0.127744
   1.03328   0.381916  -0.167713     27.814    -3.0776   0.311192    8.91577   -3.59489   -1.03231  -0.519116    7.41986   -2.69747   0.838613    6.79738    11.5297
   1.68959   -4.03372    1.19937    -3.0776    408.004    -6.8871   -17.0723   -4.84375   0.794159  0.0122803   -4.33641    2.05073  -0.988157   -1.62722    8.11997
   1.68325    5.92402 -0.0332227   0.311192    -6.8871    61.4505    6.03492    3.59356   0.240471   0.702991    2.63137   -4.59301 -0.0999487   -7.77344   -3.19139
  -2.91154   0.307848 -0.0965216    8.91577   -17.0723    6.03492    42.4391    11.0102  -0.460001  -0.297522   -5.31531   -2.90375  -0.695686   -13.1221    1.56331
 -0.133944   -0.88276  -0.122256   -3.59489   -4.84375    3.59356    11.0102    28.4244   0.274722      1.087   -11.1982   -8.98294  -0.638333   -16.0758   -3.42163
 -0.709486   0.694233 -0.0217663   -1.03231   0.794159   0.240471  -0.460001   0.274722     2.6876 -0.0202434  -0.539725   0.880374   0.122518  -0.325261 -0.0239854
 0.0152922   0.286539  0.0841145  -0.519116  0.0122803   0.702991  -0.297522      1.087 -0.0202434     16.216  -0.416352   0.250717  -0.157829   -3.10394    0.61652
    1.0996   -1.66367  -0.015783    7.41986   -4.33641    2.63137   -5.31531   -11.1982  -0.539725  -0.416352    37.7185   -2.00627  -0.869134    27.0801   -29.7826
  -2.23949   -1.96934  0.0718077   -2.69747    2.05073   -4.59301   -2.90375   -8.98294   0.880374   0.250717   -2.00627    156.923   0.220372   0.692511    -1.4151
  0.338103   0.865392  0.0262531   0.838613  -0.988157 -0.0999487  -0.695686  -0.638333   0.122518  -0.157829  -0.869134   0.220372    15.7051    1.43522    1.87709
  -2.49834  -0.943345   0.256304    6.79738   -1.62722   -7.77344   -13.1221   -16.0758  -0.325261   -3.10394    27.0801   0.692511    1.43522    44.5144   -19.3436
  0.571819    11.2763  -0.127744    11.5297    8.11997   -3.19139    1.56331   -3.42163 -0.0239854    0.61652   -29.7826    -1.4151    1.87709   -19.3436    50.1757
