 8.46531e+07      6609.51     -12167.7            0            0            0            0            0            0            0
     6609.51         2670     -95.4936      4.29388       370189            0      92.3302     -829.434            0            0
    -12167.7     -95.4936      104.639    -0.851563      -511367     -3959.53       3682.2       3077.3     -18941.4      76551.5
           0      4.29388    -0.851563     0.346764            0            0            0            0      134.994            0
           0       370189      -511367            0  8.03034e+11            0 -3.34569e+07            0            0            0
           0            0     -3959.53            0            0  3.27892e+06        82395      75148.6            0            0
           0      92.3302       3682.2            0 -3.34569e+07        82395  5.69634e+06            0            0            0
           0     -829.434       3077.3            0            0      75148.6            0  4.96884e+06            0            0
           0            0     -18941.4      134.994            0            0            0            0  1.70825e+08            0
           0            0      76551.5            0            0            0            0            0            0  3.47036e+09
