      2373    12.1452   -32.5526          0          0          0          0          0          0          0
   12.1452    15.6981    2.51532    1.21193    24.2475    22.8604   -6.11668   -5.13162     13.968   -16.4972
  -32.5526    2.51532    33.6609 -0.0393608   -73.9087   -68.6468    26.3997    13.1916   -66.3996    94.0014
         0    1.21193 -0.0393608    2.98888          0          0          0          0    2.28921          0
         0    24.2475   -73.9087          0    59735.3          0   -100.802          0          0          0
         0    22.8604   -68.6468          0          0    3538.05    33.4198    21.3633          0          0
         0   -6.11668    26.3997          0   -100.802    33.4198    826.079          0          0          0
         0   -5.13162    13.1916          0          0    21.3633          0    368.764          0          0
         0     13.968   -66.3996    2.28921          0          0          0          0    5675.65          0
         0   -16.4972    94.0014          0          0          0          0          0          0      12117
