 3.10036e+07      2640.79     -7176.65            0            0            0            0            0            0            0
     2640.79      1163.86     -61.4389      3.14188       164203            0      39.8616     -344.819            0            0
    -7176.65     -61.4389      99.3733    -0.919686      -334774     -2768.07      2346.49      1888.26     -11341.5      41030.4
           0      3.14188    -0.919686     0.425908            0            0            0            0      91.8916            0
           0       164203      -334774            0  3.62529e+11            0 -1.45758e+07            0            0            0
           0            0     -2768.07            0            0  1.68748e+06      38646.1      33941.9            0            0
           0      39.8616      2346.49            0 -1.45758e+07      38646.1  2.43563e+06            0            0            0
           0     -344.819      1888.26            0            0      33941.9            0  1.97003e+06            0            0
           0            0     -11341.5      91.8916            0            0            0            0  6.44475e+07            0
           0            0      41030.4            0            0            0            0            0            0  1.04797e+09
