     288191     37.0824    -615.723           0           0           0           0           0           0           0
    37.0824     24.2511    -7.88603    0.730925     629.808           0    0.792637    -5.79153           0           0
   -615.723    -7.88603     78.7014    -1.31974    -7970.91     -525.56     289.544     195.443    -1040.42     2145.94
          0    0.730925    -1.31974     1.10799           0           0           0           0     15.2682           0
          0     629.808    -7970.91           0 2.59245e+08           0    -51847.6           0           0           0
          0           0     -525.56           0           0     76777.3     1142.83     842.036           0           0
          0    0.792637     289.544           0    -51847.6     1142.83     46790.1           0           0           0
          0    -5.79153     195.443           0           0     842.036           0     26640.2           0           0
          0           0    -1040.42     15.2682           0           0           0           0      683846           0
          0           0     2145.94           0           0           0           0           0           0 3.61283e+06
