    6.45176      403850    0.202234   -0.206982    -1.54755    0.850707
     403850 2.05306e+12    -85928.1      319371 1.85357e+06      376976
   0.202234    -85928.1     5.98498   0.0372301    -14.7929   -0.966343
  -0.206982      319371   0.0372301     6.79884    -5.29639    -1.13047
   -1.54755 1.85357e+06    -14.7929    -5.29639     3685.73      16.337
   0.850707      376976   -0.966343    -1.13047      16.337     7.67846
