    5.94123     1660.77    0.030885   -0.357494   -0.091844     1.11167
    1660.77 3.56644e+07    -557.089     1076.75      1782.1     1626.72
   0.030885    -557.089     5.70672    0.320544    -3.74665    -1.55838
  -0.357494     1076.75    0.320544     6.32796     -1.7152    -1.75889
  -0.091844      1782.1    -3.74665     -1.7152     198.313     3.94915
    1.11167     1626.72    -1.55838    -1.75889     3.94915     7.91426
