     8846.52    -0.600173     -3.87389     -10.3263        360.6    -0.615424     -1262.74  -0.00798322      18.6765     0.257885      95.4838     -121.205    -0.292801     0.549395   0.00210023
   -0.600173      10.2519    0.0106891    -0.160884      -17.575  -0.00469577            0  0.000117003            0    -0.473687     -1.33841     -5.07339    0.0117386  0.000466508 -0.000247115
    -3.87389    0.0106891      7.99211    -0.180093     -51.1854   -0.0159554      82.6516  -3.0727e-05      1.08083     0.651906      -43.174     0.289302  -0.00398903   0.00196238  6.16413e-05
    -10.3263    -0.160884    -0.180093      381.036     -1264.89    0.0890398      1026.95  -0.00139953      5.79619      7.12036      10.5061     -38.4216     0.072206    0.0597397 -0.000633356
       360.6      -17.575     -51.1854     -1264.89  3.19821e+06      9.29066            0      -0.1072     -193.854      257.779       72.958     -377.689      0.47355      18.1147  -0.00998039
   -0.615424  -0.00469577   -0.0159554    0.0890398      9.29066      0.16227     -13.4289  9.07664e-06    -0.035228     0.188338    -0.136047    -0.475869  -0.00107395  0.000273727   1.3119e-05
    -1262.74            0      82.6516      1026.95            0     -13.4289   4.6141e+06     0.245438     -348.633            0        -1295      572.579       -6.107      8.55831    0.0376531
 -0.00798322  0.000117003  -3.0727e-05  -0.00139953      -0.1072  9.07664e-06     0.245438  2.50607e-06  -0.00205629  -0.00011053  0.000891291   -0.0017821  9.83832e-07 -3.66811e-06 -1.56606e-07
     18.6765            0      1.08083      5.79619     -193.854    -0.035228     -348.633  -0.00205629      315.833     0.347197     -1.76826      4.45617   -0.0632723   -0.0236093  0.000791192
    0.257885    -0.473687     0.651906      7.12036      257.779     0.188338            0  -0.00011053     0.347197        94.65      -3.9139      3.48883   -0.0281774  -0.00658652 -0.000778094
     95.4838     -1.33841      -43.174      10.5061       72.958    -0.136047        -1295  0.000891291     -1.76826      -3.9139       974.37     -22.7207   -0.0891112     0.106011   0.00518629
    -121.205     -5.07339     0.289302     -38.4216     -377.689    -0.475869      572.579   -0.0017821      4.45617      3.48883     -22.7207       3608.6   -0.0261493   -0.0418886  0.000301874
   -0.292801    0.0117386  -0.00398903     0.072206      0.47355  -0.00107395       -6.107  9.83832e-07   -0.0632723   -0.0281774   -0.0891112   -0.0261493    0.0218638  0.000312469 -3.05738e-05
    0.549395  0.000466508   0.00196238    0.0597397      18.1147  0.000273727      8.55831 -3.66811e-06   -0.0236093  -0.00658652     0.106011   -0.0418886  0.000312469    0.0292034 -2.88841e-06
  0.00210023 -0.000247115  6.16413e-05 -0.000633356  -0.00998039   1.3119e-05    0.0376531 -1.56606e-07  0.000791192 -0.000778094   0.00518629  0.000301874 -3.05738e-05 -2.88841e-06  6.64917e-06
