     608.158    -0.169015     -1.57618     -1.49048      8.14542    -0.463539     -25.7006    -0.106034      2.85077    0.0508215      12.5822     -11.1088    -0.283977     0.958804    0.0473214
   -0.169015      11.8265    0.0187222   -0.0951109     -1.62578   -0.0144728            0   0.00636759            0    -0.382395    -0.719705     -1.90434    0.0467238   0.00333534   -0.0232728
    -1.57618    0.0187222      18.9726    -0.153477     -6.78912   -0.0706104       10.052  -0.00255071     0.971554     0.754713      -33.083     0.135486   -0.0224967    0.0206785    0.0083337
    -1.49048   -0.0951109    -0.153477      115.464     -59.9681     0.141252      43.9527   -0.0387924      1.85781      2.94655      2.88542      -7.3912     0.147415     0.218984   -0.0313183
     8.14542     -1.62578     -6.78912     -59.9681      23726.4      2.29831            0    -0.472089     -9.73112      16.6955      3.07666     -11.3709     0.151536      10.3862   -0.0755652
   -0.463539   -0.0144728   -0.0706104     0.141252      2.29831      1.33895     -2.99812   0.00130906   -0.0593258     0.406634    -0.212794    -0.477767   -0.0114385   0.00523747   0.00316242
    -25.7006            0       10.052      43.9527            0     -2.99812      27885.3     0.972603     -15.8103            0     -50.2235      15.6769     -1.76042      4.42928      0.42828
   -0.106034   0.00636759  -0.00255071   -0.0387924    -0.472089   0.00130906     0.972603   0.00650607   -0.0607555  -0.00438951    0.0228143   -0.0316376  0.000184583   -0.0012511 -0.000719371
     2.85077            0     0.971554      1.85781     -9.73112   -0.0593258     -15.8103   -0.0607555      107.353     0.155207    -0.514823     0.909023    -0.136867   -0.0917007    0.0417206
   0.0508215    -0.382395     0.754713      2.94655      16.6955     0.406634            0  -0.00438951     0.155207      53.4861      -1.4626     0.917011   -0.0784874   -0.0329574   -0.0533987
     12.5822    -0.719705      -33.083      2.88542      3.07666    -0.212794     -50.2235    0.0228143    -0.514823      -1.4626       241.97     -3.91833    -0.167572      0.35838     0.232517
    -11.1088     -1.90434     0.135486      -7.3912     -11.3709    -0.477767      15.6769   -0.0316376     0.909023     0.917011     -3.91833      440.734   -0.0343156   -0.0974628   0.00932229
   -0.283977    0.0467238   -0.0224967     0.147415     0.151536   -0.0114385     -1.76042  0.000184583    -0.136867   -0.0784874    -0.167572   -0.0343156     0.300841   0.00772145   -0.0102331
    0.958804   0.00333534    0.0206785     0.218984      10.3862   0.00523747      4.42928   -0.0012511   -0.0917007   -0.0329574      0.35838   -0.0974628   0.00772145      1.29402   -0.0017272
   0.0473214   -0.0232728    0.0083337   -0.0313183   -0.0755652   0.00316242      0.42828 -0.000719371    0.0417206   -0.0533987     0.232517   0.00932229   -0.0102331   -0.0017272    0.0546459
