     14.7749    0.0654563 -7.45779e-05      -144380    0.0370993      0.01933  0.000737525     -3.08444   -0.0042481      4140.92      2241.36     -4.24295     -1.34152     0.329719  -0.00108783
   0.0654563     0.555796 -4.30476e-06      26623.5      1.76753 -0.000194368  0.000208279     0.198069    -0.249681     -2013.17      226.103     0.234207    -0.969035     0.108493  0.000678562
-7.45779e-05 -4.30476e-06  1.49641e-07    -0.983752 -7.99484e-05  8.08803e-07  8.46862e-07  0.000122798  7.50851e-07    -0.130016     0.351752   0.00046237  0.000252288  3.28885e-05  1.38669e-06
     -144380      26623.5    -0.983752  5.55983e+11      -631684      5004.22      220.535      49944.5      3338.94            0            0       123271      -346719      -300710     -602.298
   0.0370993      1.76753 -7.99484e-05      -631684      2098.08    -0.211952    0.0234631     -27.4981    -0.450673            0            0     -41.1916     -51.4069     -6.45084   -0.0807226
     0.01933 -0.000194368  8.08803e-07      5004.22    -0.211952      0.14071 -9.14226e-05     0.340433  -0.00469541            0      396.134     0.152557     0.150616     0.145054  0.000195074
 0.000737525  0.000208279  8.46862e-07      220.535    0.0234631 -9.14226e-05  0.000303271     0.016862    -1.51e-05       41.075            0    0.0166104  -0.00417412  -0.00498557  -2.9714e-05
    -3.08444     0.198069  0.000122798      49944.5     -27.4981     0.340433     0.016862      2791.49     -1.52935            0            0      2881.53     -30.7431     -3.72802  -0.00246739
  -0.0042481    -0.249681  7.50851e-07      3338.94    -0.450673  -0.00469541    -1.51e-05     -1.52935     0.370197      133.852     -64.6851     -2.08594      1.05969    -0.318148 -0.000836717
     4140.92     -2013.17    -0.130016            0            0            0       41.075            0      133.852  5.32691e+09            0      2840.05     -67181.3      8227.22      65.9687
     2241.36      226.103     0.351752            0            0      396.134            0            0     -64.6851            0  6.94083e+09            0     -20316.4      7995.45      38.1166
    -4.24295     0.234207   0.00046237       123271     -41.1916     0.152557    0.0166104      2881.53     -2.08594      2840.05            0      3872.14      13.1292     -1.09319   -0.0363976
    -1.34152    -0.969035  0.000252288      -346719     -51.4069     0.150616  -0.00417412     -30.7431      1.05969     -67181.3     -20316.4      13.1292      1457.01      6.10769  -0.00650103
    0.329719     0.108493  3.28885e-05      -300710     -6.45084     0.145054  -0.00498557     -3.72802    -0.318148      8227.22      7995.45     -1.09319      6.10769      79.6851  -0.00538121
 -0.00108783  0.000678562  1.38669e-06     -602.298   -0.0807226  0.000195074  -2.9714e-05  -0.00246739 -0.000836717      65.9687      38.1166   -0.0363976  -0.00650103  -0.00538121   0.00179764
