   89.1827 -0.0684713  -0.570711  -0.373397   0.542082  -0.357655   -1.57375  -0.725135   0.743316  0.0160214    3.35174   -1.89003  -0.370408    1.59042   0.182282
-0.0684713    13.0981  0.0944307 -0.0647537  -0.297289 -0.0309454          0    0.12666          0  -0.329709  -0.527868  -0.892138   0.206741  0.0133921   -0.83426
 -0.570711  0.0944307    40.6053   0.294571   -1.93836  -0.187379    3.13117 -0.0226658   0.979669   0.858637   -24.3405  -0.248767   -3.97985   0.202651   0.130229
 -0.373397 -0.0647537   0.294571    49.0825   -6.79301   0.190187    4.58969  -0.437399    0.82416    1.57446    1.26677   -2.16462   0.370365    0.54478  -0.644793
  0.542082  -0.297289   -1.93836   -6.79301    713.528    0.80396          0   -1.49965   -1.15547    2.38395  0.0209947  -0.890223   0.320917    6.97114  -0.440725
 -0.357655 -0.0309454  -0.187379   0.190187    0.80396    5.42633  -0.972496  0.0470473 -0.0823156   0.666196  -0.193959  -0.429482 -0.0826259   0.040591   0.129005
  -1.57375          0    3.13117    4.58969          0  -0.972496    713.494    2.76769   -1.72044   0.489381   -4.95585    1.24326   -1.07356    2.75495    4.54223
 -0.725135    0.12666 -0.0226658  -0.437399   -1.49965  0.0470473    2.76769     2.0706  -0.741454   -0.06691   0.173685  -0.251918  0.0343728 -0.0870588  -0.433598
  0.743316          0   0.979669    0.82416   -1.15547 -0.0823156   -1.72044  -0.741454    49.7671  0.0740982 -0.0992836   0.269996  -0.392633  -0.237516   0.913722
 0.0160214  -0.329709   0.858637    1.57446    2.38395   0.666196   0.489381   -0.06691  0.0740982    35.9723  -0.622715   0.348068  -0.309188  -0.105713   -1.37745
   3.35174  -0.527868   -24.3405    1.26677  0.0209947  -0.193959   -4.95585   0.173685 -0.0992836  -0.622715     88.446  -0.694319    1.73699   0.869908    5.60256
  -1.89003  -0.892138  -0.248767   -2.16462  -0.890223  -0.429482    1.24326  -0.251918   0.269996   0.348068  -0.694319    87.5075  -0.123296  -0.163325   0.459281
 -0.370408   0.206741   -3.97985   0.370365   0.320917 -0.0826259   -1.07356  0.0343728  -0.392633  -0.309188    1.73699  -0.123296      4.969   0.156463   -1.41293
   1.59042  0.0133921   0.202651    0.54478    6.97114   0.040591    2.75495 -0.0870588  -0.237516  -0.105713   0.869908  -0.163325   0.156463    19.3417   -0.17864
  0.182282   -0.83426   0.130229  -0.644793  -0.440725   0.129005    4.54223  -0.433598   0.913722   -1.37745    5.60256   0.459281   -1.41293   -0.17864    56.7818
