     2.72267     0.126841    -0.103783     0.032625      1.57463   -0.0284193   -0.0971543    -0.134125  0.000307657     0.199979    -0.756482     0.748115  -0.00866071    -0.060916     0.126264
    0.126841       351.63    -0.268778    -0.470713     -1.56197      7.08141     -1.54884      9.93664    0.0132979     -3.36367       3.1777      -1.8777    -0.078041     0.603143     0.709868
   -0.103783    -0.268778      17.9376  -0.00210457    -0.313521     0.218088    -0.116735     0.559013   0.00614903     0.975297    -0.251756    -0.163742   0.00625179    -0.185553    -0.208434
    0.032625    -0.470713  -0.00210457     0.944763    -0.513371     0.145297    0.0157795    -0.300655 -0.000438899    0.0354287     0.637208    -0.304232  -0.00821544   0.00875607     0.407585
     1.57463     -1.56197    -0.313521    -0.513371      50.0344      2.28657     0.490106     -14.5203  -0.00506274      5.44018     -8.45762       13.956  -0.00613435     0.885228     0.231805
  -0.0284193      7.08141     0.218088     0.145297      2.28657      56.1984     0.839606      8.89003     0.025536      8.96312      7.20923     -3.24611     0.127901     0.127842     0.142318
  -0.0971543     -1.54884    -0.116735    0.0157795     0.490106     0.839606      7.22966      1.65269 -0.000517066    -0.914101    -0.366072    -0.112996   -0.0113401     0.189863    -0.192435
   -0.134125      9.93664     0.559013    -0.300655     -14.5203      8.89003      1.65269      50.8236    0.0172226      1.12964     -15.9372      1.66065    0.0301766       1.0686    -0.747347
 0.000307657    0.0132979   0.00614903 -0.000438899  -0.00506274     0.025536 -0.000517066    0.0172226   0.00163577   0.00273382  -0.00800308    -0.012062  9.60906e-05  -0.00266438  -0.00454651
    0.199979     -3.36367     0.975297    0.0354287      5.44018      8.96312    -0.914101      1.12964   0.00273382      57.8505       5.3135      10.9308     0.030996    0.0487297     -3.46318
   -0.756482       3.1777    -0.251756     0.637208     -8.45762      7.20923    -0.366072     -15.9372  -0.00800308       5.3135       25.769     -7.14306    0.0210398    -0.572724     -0.58433
    0.748115      -1.8777    -0.163742    -0.304232       13.956     -3.24611    -0.112996      1.66065    -0.012062      10.9308     -7.14306      19.2797   0.00897074     0.340392    -0.297414
 -0.00866071    -0.078041   0.00625179  -0.00821544  -0.00613435     0.127901   -0.0113401    0.0301766  9.60906e-05     0.030996    0.0210398   0.00897074    0.0212356   -0.0092819   -0.0185672
   -0.060916     0.603143    -0.185553   0.00875607     0.885228     0.127842     0.189863       1.0686  -0.00266438    0.0487297    -0.572724     0.340392   -0.0092819      8.30387   -0.0646985
    0.126264     0.709868    -0.208434     0.407585     0.231805     0.142318    -0.192435    -0.747347  -0.00454651     -3.46318     -0.58433    -0.297414   -0.0185672   -0.0646985      14.7988
