    8.46038    0.137776   -0.188536     0.10999     2.75243  -0.0417167   -0.217629   -0.282321  0.00627233    0.361435     -1.3413     1.45292   -0.043019   -0.121773    0.354076
   0.137776     133.479   -0.170635   -0.554624   -0.966057     4.31357    -1.21277     6.26817   0.0948236    -2.19709     2.06753    -1.34289   -0.135482    0.421432    0.695769
  -0.188536   -0.170635     19.0471 -0.00414292   -0.326696    0.246787   -0.152892    0.568021   0.0733376      1.0245   -0.271835   -0.108197   0.0181533   -0.216834   -0.341705
    0.10999   -0.554624 -0.00414292     3.45547   -0.963426     0.26921   0.0383524   -0.545268 -0.00971318   0.0561215     1.22874   -0.656071  -0.0442709       0.019     1.24013
    2.75243   -0.966057   -0.326696   -0.963426     49.9358     1.99027    0.612932    -15.4318  -0.0591127     5.17823    -8.03898     15.9641  -0.0194712    0.991265     0.37268
 -0.0417167     4.31357    0.246787     0.26921     1.99027     56.6917     1.04958     9.50661    0.297939     10.8045     7.03371    -3.44015    0.362758    0.147411    0.144262
  -0.217629    -1.21277   -0.152892   0.0383524    0.612932     1.04958     11.6761     2.11999 -0.00760645    -1.18344   -0.441148   -0.129893  -0.0406073    0.273633   -0.389019
  -0.282321     6.26817    0.568021   -0.545268    -15.4318     9.50661     2.11999     51.0313    0.199022    0.727119    -15.3057     1.35057   0.0872068     1.20592    -1.18868
 0.00627233   0.0948236   0.0733376 -0.00971318  -0.0591127    0.297939 -0.00760645    0.199022    0.219102   0.0414879  -0.0951301   -0.128168  0.00313369   -0.034969  -0.0837125
   0.361435    -2.19709      1.0245   0.0561215     5.17823     10.8045    -1.18344    0.727119   0.0414879     58.2906     4.69484     12.6136   0.0916697   0.0388333    -5.47809
    -1.3413     2.06753   -0.271835     1.22874    -8.03898     7.03371   -0.441148    -15.3057  -0.0951301     4.69484     26.3069    -8.30465   0.0598217   -0.641359   -0.921474
    1.45292    -1.34289   -0.108197   -0.656071     15.9641    -3.44015   -0.129893     1.35057   -0.128168     12.6136    -8.30465     19.7071   0.0169598    0.456087   -0.659517
  -0.043019   -0.135482   0.0181533  -0.0442709  -0.0194712    0.362758  -0.0406073   0.0872068  0.00313369   0.0916697   0.0598217   0.0169598    0.168604  -0.0296613  -0.0832374
  -0.121773    0.421432   -0.216834       0.019    0.991265    0.147411    0.273633     1.20592   -0.034969   0.0388333   -0.641359    0.456087  -0.0296613      10.681   -0.116734
   0.354076    0.695769   -0.341705     1.24013     0.37268    0.144262   -0.389019    -1.18868  -0.0837125    -5.47809   -0.921474   -0.659517  -0.0832374   -0.116734     37.4564
