     1.00117     0.659859    -0.236098 -7.60186e-05     0.141199      17.0888    0.0408852            0 -5.88263e-06   0.00876985     0.104489    -0.053197   -0.0458418  0.000856431            0
    0.659859      67.2818     -6.82508   -0.0223294      1.59531     -86.3733      6.16608     -48.7464  0.000419022     0.350321     -11.9311   -0.0433416     0.929329   -0.0453198     -1.47158
   -0.236098     -6.82508      18.0769    0.0014863     -6.07954      39.1174       1.8604     -3.61022 -0.000200271    -0.466498     -21.7047      1.39573    -0.446046   -0.0638449   -0.0203009
-7.60186e-05   -0.0223294    0.0014863    0.0021688   -0.0357762     -1.05475   0.00579866  -0.00498506 -9.35306e-07  -0.00481573    0.0429018   0.00239934 -0.000105789 -0.000873871  -0.00464698
    0.141199      1.59531     -6.07954   -0.0357762      40.2879      -47.607      8.56366      29.7142 -9.22494e-05     0.994138     -13.4985   -0.0799371    0.0930882    0.0704148     0.129555
     17.0888     -86.3733      39.1174     -1.05475      -47.607       202055      88.4147       1865.5    0.0240549     -75.7334      21.2325      80.3311     -1.37578     -2.72338      -261.54
   0.0408852      6.16608       1.8604   0.00579866      8.56366      88.4147      42.2235      10.1712   -0.0009408    0.0899691      6.25779      1.81157   -0.0720178   -0.0156993    -0.703165
           0     -48.7464     -3.61022  -0.00498506      29.7142       1865.5      10.1712      3803.02  -0.00271663      1.37557      6.72085      -2.5617    0.0505764    0.0926674      1.98903
-5.88263e-06  0.000419022 -0.000200271 -9.35306e-07 -9.22494e-05    0.0240549   -0.0009408  -0.00271663  2.19951e-06  7.45508e-06  -0.00036351  2.13784e-05  4.96077e-05 -6.37843e-06 -1.99913e-06
  0.00876985     0.350321    -0.466498  -0.00481573     0.994138     -75.7334    0.0899691      1.37557  7.45508e-06      3.29504    -0.113707    -0.220457    0.0352064  0.000674315    -0.166846
    0.104489     -11.9311     -21.7047    0.0429018     -13.4985      21.2325      6.25779      6.72085  -0.00036351    -0.113707      91.5156     -3.08259     0.665952    0.0815543      1.42441
   -0.053197   -0.0433416      1.39573   0.00239934   -0.0799371      80.3311      1.81157      -2.5617  2.13784e-05    -0.220457     -3.08259      11.5893    0.0129216  -0.00513896     -5.08737
  -0.0458418     0.929329    -0.446046 -0.000105789    0.0930882     -1.37578   -0.0720178    0.0505764  4.96077e-05    0.0352064     0.665952    0.0129216      1.26178   0.00347097   -0.0105325
 0.000856431   -0.0453198   -0.0638449 -0.000873871    0.0704148     -2.72338   -0.0156993    0.0926674 -6.37843e-06  0.000674315    0.0815543  -0.00513896   0.00347097    0.0151389    0.0117694
           0     -1.47158   -0.0203009  -0.00464698     0.129555      -261.54    -0.703165      1.98903 -1.99913e-06    -0.166846      1.42441     -5.08737   -0.0105325    0.0117694      18.6166
