     2.30187      1.00296    -0.360693 -0.000223151     0.214997      7.50298    0.0707757            0 -2.85266e-05    0.0166952     0.151764    -0.086673    -0.082882   0.00267671            0
     1.00296      67.5318     -6.81713   -0.0425215      1.87129     -31.6064      6.73241     -36.3211   0.00134161     0.437392     -12.5483   -0.0200695      1.10447   -0.0951985     -1.39783
   -0.360693     -6.81713       18.254   0.00259537     -5.98172      13.4876       1.5394     -2.66955 -0.000619115     -0.58082     -22.0316      1.51119    -0.537263    -0.133475   -0.0241684
-0.000223151   -0.0425215   0.00259537   0.00774941   -0.0677541     -0.57063    0.0101317  -0.00703924 -5.72646e-06   -0.0112889    0.0811969   0.00486732 -0.000237951  -0.00343793  -0.00827667
    0.214997      1.87129     -5.98172   -0.0677541      40.6399     -16.2921      9.59263      22.2629 -0.000314191      1.23339     -13.6079   -0.0538746     0.108644     0.145511     0.109529
     7.50298     -31.6064      13.4876     -0.57063     -16.2921      17484.5      34.4631      412.205    0.0218166     -27.7246      10.2828      25.9063    -0.649197     -1.68247     -72.5811
   0.0707757      6.73241       1.5394    0.0101317      9.59263      34.4631      42.6486      7.75109  -0.00300945     0.130408      6.16829      1.93969   -0.0783604    -0.030576    -0.667686
           0     -36.3211     -2.66955  -0.00703924      22.2629      412.205      7.75109      2115.25  -0.00643539      1.27385      5.16657     -2.05065    0.0448997     0.143864      1.39374
-2.85266e-05   0.00134161 -0.000619115 -5.72646e-06 -0.000314191    0.0218166  -0.00300945  -0.00643539  2.21569e-05  2.66924e-05  -0.00121696   7.0813e-05   0.00018622 -4.20981e-05 -4.91383e-06
   0.0166952     0.437392     -0.58082   -0.0112889      1.23339     -27.7246     0.130408      1.27385  2.66924e-05       5.0671     -0.14405    -0.293798    0.0520791    0.0017414    -0.194971
    0.151764     -12.5483     -22.0316    0.0811969     -13.6079      10.2828      6.16829      5.16657  -0.00121696     -0.14405      91.3725     -3.30382     0.787429     0.169864      1.34521
   -0.086673   -0.0200695      1.51119   0.00486732   -0.0538746      25.9063      1.93969     -2.05065   7.0813e-05    -0.293798     -3.30382      13.3548     0.016578   -0.0114779     -5.14759
   -0.082882      1.10447    -0.537263 -0.000237951     0.108644    -0.649197   -0.0783604    0.0448997   0.00018622    0.0520791     0.787429     0.016578      1.79204   0.00860886   -0.0119196
  0.00267671   -0.0951985    -0.133475  -0.00343793     0.145511     -1.68247    -0.030576     0.143864 -4.20981e-05    0.0017414     0.169864   -0.0114779   0.00860886    0.0655763    0.0230899
           0     -1.39783   -0.0241684  -0.00827667     0.109529     -72.5811    -0.667686      1.39374 -4.91383e-06    -0.194971      1.34521     -5.14759   -0.0119196    0.0230899      16.5428
