     29.935    0.311951   -0.366135    0.453352     5.18944  -0.0569374   -0.464025   -0.624986   0.0889469    0.660327    -2.57121     2.98137   -0.266492   -0.268926     1.14856
   0.311951     45.4547   -0.100385   -0.677001   -0.558605     2.54675    -1.07903     3.85991   -0.600422    -1.41516     1.32722   -0.917782   -0.258395    0.294436    0.687797
  -0.366135   -0.100385     19.7973 -0.00906922   -0.320461    0.283993   -0.314636    0.501801    0.066756     1.01995   -0.307786  -0.0447031   0.0686678   -0.264232   -0.572367
   0.453352   -0.677001 -0.00906922     15.2298    -1.95674    0.560722    0.118108    -1.07281   -0.530113   0.0568796     2.65113    -1.54512   -0.304527   0.0480192     4.42782
    5.18944   -0.558605   -0.320461    -1.95674     50.3747     1.43567     0.41663    -16.6864     -1.2361     4.77649    -7.47625     17.9186  -0.0795312     1.26288    0.665569
 -0.0569374     2.54675    0.283993    0.560722     1.43567      58.158     1.45391     10.4636     5.94748     13.5886     6.52408    -3.57956     1.20126    0.182744   0.0347018
  -0.464025    -1.07903   -0.314636    0.118108     0.41663     1.45391     23.5655     3.67792     5.97149    -1.54299   -0.406333   -0.322728   -0.208666    0.444643   -0.797681
  -0.624986     3.85991    0.501801    -1.07281    -16.6864     10.4636     3.67792     52.1746     4.97609   -0.028375    -14.3109    0.667999     0.29311     1.37696    -2.04528
  0.0889469   -0.600422    0.066756   -0.530113     -1.2361     5.94748     5.97149     4.97609     77.3431    -7.08194    -6.90448    -1.96673  -0.0741853    -1.11314    -1.55566
   0.660327    -1.41516     1.01995   0.0568796     4.77649     13.5886    -1.54299   -0.028375    -7.08194     59.9154     3.13172     14.4919    0.322211   0.0405118    -9.27584
   -2.57121     1.32722   -0.307786     2.65113    -7.47625     6.52408   -0.406333    -14.3109    -6.90448     3.13172     27.7796    -10.1873    0.199168   -0.776754    -1.55853
    2.98137   -0.917782  -0.0447031    -1.54512     17.9186    -3.57956   -0.322728    0.667999    -1.96673     14.4919    -10.1873     20.3688   0.0194166    0.663619    -1.38251
  -0.266492   -0.258395   0.0686678   -0.304527  -0.0795312     1.20126   -0.208666     0.29311  -0.0741853    0.322211    0.199168   0.0194166     1.80335   -0.115154   -0.467095
  -0.268926    0.294436   -0.264232   0.0480192     1.26288    0.182744    0.444643     1.37696    -1.11314   0.0405118   -0.776754    0.663619   -0.115154     15.0469   -0.231718
    1.14856    0.687797   -0.572367     4.42782    0.665569   0.0347018   -0.797681    -2.04528    -1.55566    -9.27584    -1.55853    -1.38251   -0.467095   -0.231718     108.319
