      12.601     -5.68072    -0.366137     -623.761    0.0794533  -0.00323358     -1.05388      1.17193     0.074655    -0.044403      2.76008    -0.179827  1.44981e-05     -2.79601     -2.42468
    -5.68072      7163.08     -22.8482      42591.8      11.5261   -0.0242445     -12.5825     -31.1174      18.3284     0.718784      286.127    -0.854047  0.000517497      24.4995     -718.239
   -0.366137     -22.8482      31.3626     -1781.57     -12.8528    0.0107098     -19.4903      8.96215     -8.13464     -1.48799      19.6804     -0.56524   7.0719e-05       1.9558      10.0451
    -623.761      42591.8     -1781.57  1.76221e+08     -623.608      -3.5875     -3041.74     -8843.07      2639.54       497.06       658717      377.114   0.00232191     -4309.05     -12744.9
   0.0794533      11.5261     -12.8528     -623.608      35.5725   -0.0081681      8.43725      7.97313       10.459       4.3683     -15.1109    -0.140972 -4.65136e-05      16.4934      42.1394
 -0.00323358   -0.0242445    0.0107098      -3.5875   -0.0081681   0.00067344  0.000827801  -0.00614367  0.000642396 -0.000244681  -0.00390326  3.09576e-05 -1.55458e-07  -0.00235537    -0.116056
    -1.05388     -12.5825     -19.4903     -3041.74      8.43725  0.000827801       40.486     -5.75761     -4.28616      1.81595     -31.8768    -0.365766 -2.58576e-06      9.36794      126.639
     1.17193     -31.1174      8.96215     -8843.07      7.97313  -0.00614367     -5.75761      44.9625     -7.38832   -0.0532706     -11.9737      1.98251   7.1964e-05     -5.71245      13.5326
    0.074655      18.3284     -8.13464      2639.54       10.459  0.000642396     -4.28616     -7.38832      28.3924     0.180875      1.76917   -0.0620158 -0.000108539      1.24168     -60.3235
   -0.044403     0.718784     -1.48799       497.06       4.3683 -0.000244681      1.81595   -0.0532706     0.180875      1.33715    -0.338315   -0.0557627 -9.97689e-06      1.16931      8.29483
     2.76008      286.127      19.6804       658717     -15.1109  -0.00390326     -31.8768     -11.9737      1.76917    -0.338315      9246.95     0.653287  0.000704107     -13.5113     -1349.39
   -0.179827    -0.854047     -0.56524      377.114    -0.140972  3.09576e-05    -0.365766      1.98251   -0.0620158   -0.0557627     0.653287      4.37814  7.74854e-06     -1.37887     -0.67122
 1.44981e-05  0.000517497   7.0719e-05   0.00232191 -4.65136e-05 -1.55458e-07 -2.58576e-06   7.1964e-05 -0.000108539 -9.97689e-06  0.000704107  7.74854e-06  5.05169e-08  0.000115708  -0.00476784
    -2.79601      24.4995       1.9558     -4309.05      16.4934  -0.00235537      9.36794     -5.71245      1.24168      1.16931     -13.5113     -1.37887  0.000115708      63.4197       103.84
    -2.42468     -718.239      10.0451     -12744.9      42.1394    -0.116056      126.639      13.5326     -60.3235      8.29483     -1349.39     -0.67122  -0.00476784       103.84       159292
