     17.7696     -3.29643    -0.431104     -57.6281    0.0744037   -0.0229662      -1.2754      1.40094    0.0494526    -0.286342      1.66665    -0.273548  0.000181039      -3.3493    -0.785274
    -3.29643      1718.46     -11.7435         1607      6.78853    -0.071964     -5.94641     -15.8277      9.09575      0.71044      74.4817    -0.540539   0.00266096      12.0528     -95.4795
   -0.431104     -11.7435      31.3874     -155.383     -12.4615    0.0635975     -18.7687       11.094     -8.94913      -7.3696      9.96707    -0.691891  0.000800539      2.29559      3.80336
    -57.6281         1607     -155.383  1.03255e+06     -110.417     -1.64739      -236.66     -684.726      214.304      72.0767      26512.2      37.1568  5.13113e-05      -326.97     -266.639
   0.0744037      6.78853     -12.4615     -110.417      31.4192   -0.0535489      6.58693      7.45872      11.5038      14.6911     -8.59536    0.0308388 -0.000396526      17.1263      8.27498
  -0.0229662    -0.071964    0.0635975     -1.64739   -0.0535489    0.0245296   0.00587165    -0.034978   0.00516953   -0.0110288   -0.0131301  6.25486e-05 -9.87387e-06   -0.0143986    -0.188267
     -1.2754     -5.94641     -18.7687      -236.66      6.58693   0.00587165      40.2967      -6.8412      -3.5621      9.52437     -16.8033    -0.490134 -3.79416e-05      9.66117      34.0434
     1.40094     -15.8277       11.094     -684.726      7.45872    -0.034978      -6.8412        45.68     -9.57989   -0.0645894     -5.88173      2.54224  0.000883192     -6.83075      3.62994
   0.0494526      9.09575     -8.94913      214.304      11.5038   0.00516953      -3.5621     -9.57989       28.846      1.69912     0.923356    -0.123553  -0.00120698     0.624995     -16.3533
   -0.286342      0.71044      -7.3696      72.0767      14.6911   -0.0110288      9.52437   -0.0645894      1.69912      16.2326     -3.57587    -0.284157 -0.000375192      7.04036      13.0158
     1.66665      74.4817      9.96707      26512.2     -8.59536   -0.0131301     -16.8033     -5.88173     0.923356     -3.57587      2586.26     0.431079   0.00387584     -6.98856     -194.697
   -0.273548    -0.540539    -0.691891      37.1568    0.0308388  6.25486e-05    -0.490134      2.54224    -0.123553    -0.284157     0.431079      7.13506  0.000108483     -1.76945     -0.23602
 0.000181039   0.00266096  0.000800539  5.13113e-05 -0.000396526 -9.87387e-06 -3.79416e-05  0.000883192  -0.00120698 -0.000375192   0.00387584  0.000108483  5.72758e-06   0.00121638   -0.0134459
     -3.3493      12.0528      2.29559      -326.97      17.1263   -0.0143986      9.66117     -6.83075     0.624995      7.04036     -6.98856     -1.76945   0.00121638      63.4263       28.345
   -0.785274     -95.4795      3.80336     -266.639      8.27498    -0.188267      34.0434      3.62994     -16.3533      13.0158     -194.697     -0.23602   -0.0134459       28.345      11790.6
