    29.1493 -0.00281084    0.446737       -1.33           0  0.00707937    -1.21749     0.28429   -0.360435   0.0791425    0.326184    -4.57305    0.042179     3.00248  -0.0132522  -0.0578337
-0.00281084   0.0797517  0.00806097    0.231653    0.380931 -0.00272667  -0.0368964  -0.0554716    0.031844   -0.010081   0.0834236   -0.184404  -0.0181735   -0.195501   0.0125534   0.0136187
   0.446737  0.00806097      22.054     3.42266     5.13208   -0.274186   -0.956663    0.260987    0.778056     1.67427    0.345339     -1.7059   -0.549758    -91.5165   0.0625533    0.524089
      -1.33    0.231653     3.42266     512.536     12.0028    0.240255     2.74225    -2.18405     1.63165    -1.24543    -3.93152     0.91069    -2.38069    -34.5866     3.37893  -0.0701283
          0    0.380931     5.13208     12.0028     685.279    0.115123    -5.29373      1.2572    -1.29954    0.163248    -2.27962     6.70995   -0.448825    -28.8157    -1.56685     2.00378
 0.00707937 -0.00272667   -0.274186    0.240255    0.115123    0.614974    0.129676   0.0496556   0.0714191  -0.0965543    0.199385    0.250007    0.128244    0.941993   0.0200372   0.0177297
   -1.21749  -0.0368964   -0.956663     2.74225    -5.29373    0.129676     36.4357    -2.12612    -1.80795    -1.60717    0.606726     -1.3792     4.18238     5.08868     19.1855   -0.671533
    0.28429  -0.0554716    0.260987    -2.18405      1.2572   0.0496556    -2.12612     13.0598   -0.243856    0.339022    -2.06463     1.00023   -0.121019     65.8628    -2.04683    0.665904
  -0.360435    0.031844    0.778056     1.63165    -1.29954   0.0714191    -1.80795   -0.243856     22.3618   0.0263196   -0.838564     3.51662     2.28073    -3.16961    0.377961   -0.123273
  0.0791425   -0.010081     1.67427    -1.24543    0.163248  -0.0965543    -1.60717    0.339022   0.0263196      12.902    -0.35074     1.20728    0.950446    -3.45398    -1.52348    0.393219
   0.326184   0.0834236    0.345339    -3.93152    -2.27962    0.199385    0.606726    -2.06463   -0.838564    -0.35074     23.7043     10.4138     2.48419     -5.9611    -6.49625    0.247509
   -4.57305   -0.184404     -1.7059     0.91069     6.70995    0.250007     -1.3792     1.00023     3.51662     1.20728     10.4138     57.0794     8.55988     0.77288    -6.38972 -0.00359612
   0.042179  -0.0181735   -0.549758    -2.38069   -0.448825    0.128244     4.18238   -0.121019     2.28073    0.950446     2.48419     8.55988      37.212  -0.0369568    -6.51161    0.375848
    3.00248   -0.195501    -91.5165    -34.5866    -28.8157    0.941993     5.08868     65.8628    -3.16961    -3.45398     -5.9611     0.77288  -0.0369568     774.943     14.0503    0.781095
 -0.0132522   0.0125534   0.0625533     3.37893    -1.56685   0.0200372     19.1855    -2.04683    0.377961    -1.52348    -6.49625    -6.38972    -6.51161     14.0503     27.3748   -0.509866
 -0.0578337   0.0136187    0.524089  -0.0701283     2.00378   0.0177297   -0.671533    0.665904   -0.123273    0.393219    0.247509 -0.00359612    0.375848    0.781095   -0.509866     2.93137
