  41.9089  -8.11935   5.55937   7.27683   37.9968  -23.1265  0.622383  -16.6663   -9.4829   16.1179  -11.9496   23.3766  -1.59341  -2.14798  -3.98078   2.07973
 -8.11935   28.2388   1.39194   1.62708  -23.3083  -12.5445   5.67117   19.8853   3.84097   0.95486   -8.2816  -4.84796 -0.572241 -0.966364   13.1121 -0.484159
  5.55937   1.39194   69.5968  -2.34878   1.69588  -1.03086   1.63537  -1.62811   2.59364   4.93346  -2.20292   2.33087   2.67781  -2.34722  0.186091   2.34744
  7.27683   1.62708  -2.34878   13.5062   9.29831 -0.639082   9.58415     5.117   3.43941   2.39771  -4.75262   2.08528  -1.86934   3.30124   3.80074  -4.33242
  37.9968  -23.3083   1.69588   9.29831   61.4459  0.884454   3.62963  -21.7312 -0.396778   5.87303  -7.26267    22.449 -0.271866  0.576267  -9.25165   2.23932
 -23.1265  -12.5445  -1.03086 -0.639082  0.884454   72.2136  -1.36808   13.5624   18.9135   20.8859   5.60049   -4.7666    5.4101 -0.320753  -4.40418   3.58929
 0.622383   5.67117   1.63537   9.58415   3.62963  -1.36808    82.574   16.7367   9.93615  -5.64985  -3.03858   4.09498  -1.16656   1.06946   6.76648  -8.33883
 -16.6663   19.8853  -1.62811     5.117  -21.7312   13.5624   16.7367   63.9268   17.0634  -1.52425  -14.3694  0.640094   0.98965  0.254813   16.7544    2.6823
  -9.4829   3.84097   2.59364   3.43941 -0.396778   18.9135   9.93615   17.0634   42.9646  -20.0759  -25.8896 -0.216149   1.72733   2.09522   18.6434 -0.709064
  16.1179   0.95486   4.93346   2.39771   5.87303   20.8859  -5.64985  -1.52425  -20.0759   75.2363  -0.11679   19.7457   1.47401  -4.60235  -8.62396   3.51954
 -11.9496   -8.2816  -2.20292  -4.75262  -7.26267   5.60049  -3.03858  -14.3694  -25.8896  -0.11679   36.2517  -15.4991  0.504832  -1.57699  -18.7897  -1.63981
  23.3766  -4.84796   2.33087   2.08528    22.449   -4.7666   4.09498  0.640094 -0.216149   19.7457  -15.4991   24.8056 -0.354782 -0.236893 -0.101254   2.37234
 -1.59341 -0.572241   2.67781  -1.86934 -0.271866    5.4101  -1.16656   0.98965   1.72733   1.47401  0.504832 -0.354782   32.0768   -1.0525  -1.30753   1.00752
 -2.14798 -0.966364  -2.34722   3.30124  0.576267 -0.320753   1.06946  0.254813   2.09522  -4.60235  -1.57699 -0.236893   -1.0525   24.3111 -0.959443   16.2217
 -3.98078   13.1121  0.186091   3.80074  -9.25165  -4.40418   6.76648   16.7544   18.6434  -8.62396  -18.7897 -0.101254  -1.30753 -0.959443    22.728  0.357758
  2.07973 -0.484159   2.34744  -4.33242   2.23932   3.58929  -8.33883    2.6823 -0.709064   3.51954  -1.63981   2.37234   1.00752   16.2217  0.357758    38.606
