    5130.56    -42.1344           0           0    -94.4934    -189.164           0           0     393.564     154.558           0
   -42.1344     14.4253     -58.295     1345.77     36.5431    -197.987    -49.5366 5.55429e+07     305.241     -226.07     116.396
          0     -58.295     10807.6    -6405.59           0           0    -54.2316           0           0     611.981    -21.4989
          0     1345.77    -6405.59 6.05691e+06    -4360.51           0     -1090.1           0           0           0           0
   -94.4934     36.5431           0    -4360.51     11313.7           0           0           0           0           0           0
   -189.164    -197.987           0           0           0      247729           0           0           0           0    -149.084
          0    -49.5366    -54.2316     -1090.1           0           0     2711.22 -2.0783e+09           0           0           0
          0 5.55429e+07           0           0           0           0 -2.0783e+09 5.64878e+15           0           0           0
    393.564     305.241           0           0           0           0           0           0      286702           0           0
    154.558     -226.07     611.981           0           0           0           0           0           0      164093           0
          0     116.396    -21.4989           0           0    -149.084           0           0           0           0     36200.9
