     11807.8            0      -137.21            0            0            0            0            0      26.1063            0            0            0            0            0      2514.52
           0      17477.5     -331.721     -26.5271     -1033.99            0            0            0      81.4759            0            0            0            0            0            0
     -137.21     -331.721      101.896     -16.7454      26.3081      39.8524      7316.82      50.7595    -0.707733     -22.4067      -212264      54.2988      84.5005      15.2528     -47.0802
           0     -26.5271     -16.7454      200.483      3.19507     -2.14365            0            0      4.69318      3.40786            0            0            0            0     -3.32443
           0     -1033.99      26.3081      3.19507       207.18            0            0            0     -8.08306            0            0            0            0     -1.40785      10.2256
           0            0      39.8524     -2.14365            0      672.256            0            0     -9.12707            0            0            0            0            0     -7.44072
           0            0      7316.82            0            0            0  3.32841e+08            0     -3230.81            0            0            0            0            0     -12512.5
           0            0      50.7595            0            0            0            0      6472.36     -14.9838     -6.68296            0            0            0            0     -25.3608
     26.1063      81.4759    -0.707733      4.69318     -8.08306     -9.12707     -3230.81     -14.9838      13.3558      3.00969      57405.1     -11.6688     -20.6757     -3.95122      6.10611
           0            0     -22.4067      3.40786            0            0            0     -6.68296      3.00969       255.62            0      3.21674            0      1.41109      8.36665
           0            0      -212264            0            0            0            0            0      57405.1            0  4.16952e+10 -2.92479e+06            0            0            0
           0            0      54.2988            0            0            0            0            0     -11.6688      3.21674 -2.92479e+06      994.758            0            0            0
           0            0      84.5005            0            0            0            0            0     -20.6757            0            0            0      3953.46            0            0
           0            0      15.2528            0     -1.40785            0            0            0     -3.95122      1.41109            0            0            0      209.066      5.39216
     2514.52            0     -47.0802     -3.32443      10.2256     -7.44072     -12512.5     -25.3608      6.10611      8.36665            0            0            0      5.39216      1164.13
