    1066.72           0    -34.1017           0    -41.8093           0     11.5176           0    -111.565     6.54834           0           0     34.4361
          0     8453.11     233.316           0           0           0    -43.2407           0           0           0           0           0    -125.324
   -34.1017     233.316     179.254     3092.45     -151.06       330.4   -0.473703     5863.34     46.7505     11.4437     130.799    -21.3654     121.652
          0           0     3092.45 2.25739e+06           0           0    -860.467           0           0           0           0     753.148    -2183.02
   -41.8093           0     -151.06           0     31866.2           0     51.1689           0           0    -242.109           0     164.267    -3318.21
          0           0       330.4           0           0       55398    -106.401           0    -165.304           0     236.501    -330.148           0
    11.5176    -43.2407   -0.473703    -860.467     51.1689    -106.401     25.9905    -730.274    -15.9399    -5.17131    -56.0378     5.76482    -50.9141
          0           0     5863.34           0           0           0    -730.274 5.52653e+07           0           0           0           0           0
   -111.565           0     46.7505           0           0    -165.304    -15.9399           0     881.519           0    -31.5611           0           0
    6.54834           0     11.4437           0    -242.109           0    -5.17131           0           0     87.8423           0           0     924.458
          0           0     130.799           0           0     236.501    -56.0378           0    -31.5611           0     9103.82       41.35           0
          0           0    -21.3654     753.148     164.267    -330.148     5.76482           0           0           0       41.35     3243.99           0
    34.4361    -125.324     121.652    -2183.02    -3318.21           0    -50.9141           0           0     924.458           0           0     10972.6
