  164.125         0  -8.06387         0  -3.76291         0   3.84423         0  -18.7099    1.9976         0         0   3.82601
        0   603.962   37.5868         0         0         0  -9.83099         0         0         0         0         0  -9.48865
 -8.06387   37.5868   65.0724    93.517  -20.8954   23.7612 -0.249519   159.768   12.0497   5.36624   26.3611  -3.84841   20.7757
        0         0    93.517   5681.47         0         0  -36.7283         0         0         0         0   11.2907  -31.0209
 -3.76291         0  -20.8954         0   1677.74         0   9.99054         0         0  -43.2044         0   11.2633  -215.663
        0         0   23.7612         0         0   788.439  -10.8008         0  -8.43139         0   9.43094  -11.7696         0
  3.84423  -9.83099 -0.249519  -36.7283   9.99054  -10.8008   18.8369   -28.081  -5.79905  -3.42262  -15.9403   1.46566  -12.2727
        0         0   159.768         0         0         0   -28.081    112957         0         0         0         0         0
 -18.7099         0   12.0497         0         0  -8.43139  -5.79905         0   161.137         0  -4.51044         0         0
   1.9976         0   5.36624         0  -43.2044         0  -3.42262         0         0   53.1304         0         0   203.649
        0         0   26.3611         0         0   9.43094  -15.9403         0  -4.51044         0   1017.18   4.13026         0
        0         0  -3.84841   11.2907   11.2633  -11.7696   1.46566         0         0         0   4.13026   289.676         0
  3.82601  -9.48865   20.7757  -31.0209  -215.663         0  -12.2727         0         0   203.649         0         0   880.359
