2.81078e+06           0           0           0     2758.66    -587.091     1745.87     85706.1           0           0           0           0           0
          0     55073.2           0           0     341.641    -57.3786     301.111           0           0           0           0           0           0
          0           0 3.10591e+07           0     5658.36    -1036.98     2900.99           0     -592619    -62192.7           0           0           0
          0           0           0 1.57624e+11      -96357     20522.7     -186357           0           0           0           0           0           0
    2758.66     341.641     5658.36      -96357       156.5     1.27852    -16.8364     7645.68    -1574.15     412.624     7775.02     4964.38      -276.3
   -587.091    -57.3786    -1036.98     20522.7     1.27852     29.8951    -3.05198    -1636.81     866.666    -19.9166    -1977.38    -212.749     47.6412
    1745.87     301.111     2900.99     -186357    -16.8364    -3.05198     80.4946     3413.68    -1024.96      162.02     4005.01     7944.94    -126.426
    85706.1           0           0           0     7645.68    -1636.81     3413.68   2.688e+07           0     73210.2     -151365           0           0
          0           0     -592619           0    -1574.15     866.666    -1024.96           0 3.49221e+06           0           0           0           0
          0           0    -62192.7           0     412.624    -19.9166      162.02     73210.2           0      242745           0           0           0
          0           0           0           0     7775.02    -1977.38     4005.01     -151365           0           0 3.61494e+07           0     -102009
          0           0           0           0     4964.38    -212.749     7944.94           0           0           0           0 3.74077e+08           0
          0           0           0           0      -276.3     47.6412    -126.426           0           0           0     -102009           0     19712.2
