     39.2722      2.27333      0.97617      0.12056     -16.4733    -0.628784   -0.0126889    -0.759356    -0.326529  0.000452788    0.0102199    -0.504435   -0.0033624     -9.13652
     2.27333      435.667      1.68279     0.149698      21.6067     0.238037   0.00608892     -1.54739     0.406011   -0.0118613    0.0770722      1.41539     -1.14633      2.61235
     0.97617      1.68279      660.047     0.033025      15.3483   -0.0737674     -1.01413    -0.679279    -0.952327    0.0106192    0.0177342     0.931778      1.36107      0.16277
     0.12056     0.149698     0.033025     0.626123    0.0245883    0.0093901   -0.0830055   -0.0943478   -0.0136551   0.00098257  0.000125555     0.017534     0.042685     0.281309
    -16.4733      21.6067      15.3483    0.0245883      4693.98    -0.244522     -2.98742      5.30827     -4.35506     0.231364   -0.0625104     -11.4183      5.78422      56.6235
   -0.628784     0.238037   -0.0737674    0.0093901    -0.244522      15.1803    -0.785195     0.426704   -0.0741834 -1.44708e-05   0.00529275     0.637381     0.437687       1.0632
  -0.0126889   0.00608892     -1.01413   -0.0830055     -2.98742    -0.785195      4.48658     0.437263   -0.0430343   0.00527726   -0.0180558     0.372438     0.222814     0.195314
   -0.759356     -1.54739    -0.679279   -0.0943478      5.30827     0.426704     0.437263      90.2136     0.683198    0.0336353   0.00405594      2.58142      1.60513      3.37289
   -0.326529     0.406011    -0.952327   -0.0136551     -4.35506   -0.0741834   -0.0430343     0.683198      3.00997 -0.000419032  -0.00222314     -1.57816    -0.218794      -2.7045
 0.000452788   -0.0118613    0.0106192   0.00098257     0.231364 -1.44708e-05   0.00527726    0.0336353 -0.000419032   0.00350983   0.00011461   -0.0228314  -0.00508181  -0.00967534
   0.0102199    0.0770722    0.0177342  0.000125555   -0.0625104   0.00529275   -0.0180558   0.00405594  -0.00222314   0.00011461   0.00957074   -0.0376923   -0.0138265    0.0867074
   -0.504435      1.41539     0.931778     0.017534     -11.4183     0.637381     0.372438      2.58142     -1.57816   -0.0228314   -0.0376923      207.685    -0.147282     -2.28357
  -0.0033624     -1.14633      1.36107     0.042685      5.78422     0.437687     0.222814      1.60513    -0.218794  -0.00508181   -0.0138265    -0.147282      12.0408      5.60791
    -9.13652      2.61235      0.16277     0.281309      56.6235       1.0632     0.195314      3.37289      -2.7045  -0.00967534    0.0867074     -2.28357      5.60791      3044.33
