     53.8781      1.45713     0.704695     0.263429      -8.4727    -0.834165   -0.0209122    -0.711436    -0.694645   0.00211397    0.0460837    -0.465852  -0.00511426     -5.31142
     1.45713      130.485     0.567644     0.152831      5.19241     0.147546    0.0046887    -0.677376     0.403573   -0.0258744     0.162379     0.610727    -0.812114     0.709583
    0.704695     0.567644      250.761     0.037973      4.15412   -0.0514938    -0.879498    -0.334903     -1.06612    0.0260831    0.0420808     0.452818      1.08599    0.0497954
    0.263429     0.152831     0.037973      2.17893    0.0201417    0.0198399     -0.21787    -0.140783   -0.0462664   0.00730657  0.000901643    0.0257891     0.103079     0.260459
     -8.4727      5.19241      4.15412    0.0201417      905.099    -0.121611     -1.84574      1.86448     -3.47337     0.404973    -0.105672     -3.95314      3.28796      12.3407
   -0.834165     0.147546   -0.0514938    0.0198399    -0.121611      19.4734     -1.25129     0.386577    -0.152591 -6.52063e-05    0.0230774     0.569168     0.641723     0.597671
  -0.0209122    0.0046887    -0.879498     -0.21787     -1.84574     -1.25129      8.88203     0.492118    -0.109975    0.0295979   -0.0978011     0.413157     0.405832     0.136395
   -0.711436    -0.677376    -0.334903    -0.140783      1.86448     0.386577     0.492118      57.7202     0.992552     0.107245    0.0124896      1.62798      1.66205      1.33905
   -0.694645     0.403573     -1.06612   -0.0462664     -3.47337    -0.152591    -0.109975     0.992552      9.92934  -0.00303347   -0.0155444     -2.25992    -0.514421     -2.43798
  0.00211397   -0.0258744    0.0260831   0.00730657     0.404973 -6.52063e-05    0.0295979     0.107245  -0.00303347    0.0557692   0.00175873   -0.0717524   -0.0262233   -0.0191375
   0.0460837     0.162379    0.0420808  0.000901643    -0.105672    0.0230774   -0.0978011    0.0124896   -0.0155444   0.00175873     0.141841    -0.114405   -0.0689045     0.165674
   -0.465852     0.610727     0.452818    0.0257891     -3.95314     0.569168     0.413157      1.62798     -2.25992   -0.0717524    -0.114405      129.102     -0.15032    -0.893601
 -0.00511426    -0.812114      1.08599     0.103079      3.28796     0.641723     0.405832      1.66205    -0.514421   -0.0262233   -0.0689045     -0.15032      20.1775      3.60306
    -5.31142     0.709583    0.0497954     0.260459      12.3407     0.597671     0.136395      1.33905     -2.43798   -0.0191375     0.165674    -0.893601      3.60306      749.933
