     11329.4   -0.0189142     -4.12499            0     0.882085      1.05196     -31.6574      13.4999       1.4564     -4.08648     -1.92256      1.15192    -0.617014            0
  -0.0189142     0.451295   -0.0913546    -0.211497  -0.00997067    0.0016578   0.00760446     0.136373   -0.0165982     0.123028    0.0678978 -0.000184127     0.043912   0.00447953
    -4.12499   -0.0913546      37.5343      1.26287   -0.0693413    0.0250095    -0.068413      1.18178    0.0430611     -1.76664     0.130165   -0.0168775    -0.263798    -0.327907
           0    -0.211497      1.26287      108.044     0.252132  -0.00436734    0.0456081    -0.818435    -0.275618      1.15824    0.0293143   -0.0042525     0.304424     0.488753
    0.882085  -0.00997067   -0.0693413     0.252132      1.13977   0.00570256    -0.086991    -0.215001  -0.00847261     0.340181    0.0230408   0.00452953    0.0625716    -0.111599
     1.05196    0.0016578    0.0250095  -0.00436734   0.00570256    0.0149451   0.00205807     0.035972 -0.000643994 -8.46125e-05  -0.00361995  0.000162002   -0.0156167   -0.0107497
    -31.6574   0.00760446    -0.068413    0.0456081    -0.086991   0.00205807      8.29147     0.419454   -0.0265032     0.251894     -0.05396    0.0246552    0.0661151     0.747918
     13.4999     0.136373      1.18178    -0.818435    -0.215001     0.035972     0.419454      47.3966    0.0446577     -1.99566   -0.0460016   -0.0902209    0.0944195      1.65249
      1.4564   -0.0165982    0.0430611    -0.275618  -0.00847261 -0.000643994   -0.0265032    0.0446577     0.398938     0.107916   0.00593194  -0.00766636    0.0109207    -0.344743
    -4.08648     0.123028     -1.76664      1.15824     0.340181 -8.46125e-05     0.251894     -1.99566     0.107916      68.7859    -0.356075   -0.0430805     0.432607      -1.1491
    -1.92256    0.0678978     0.130165    0.0293143    0.0230408  -0.00361995     -0.05396   -0.0460016   0.00593194    -0.356075      3.49178   -0.0137778    0.0436789   -0.0764157
     1.15192 -0.000184127   -0.0168775   -0.0042525   0.00452953  0.000162002    0.0246552   -0.0902209  -0.00766636   -0.0430805   -0.0137778    0.0847603   -0.0171406     0.106788
   -0.617014     0.043912    -0.263798     0.304424    0.0625716   -0.0156167    0.0661151    0.0944195    0.0109207     0.432607    0.0436789   -0.0171406       6.5756     0.337446
           0   0.00447953    -0.327907     0.488753    -0.111599   -0.0107497     0.747918      1.65249    -0.344743      -1.1491   -0.0764157     0.106788     0.337446      66.0844
