    83.1383    0.847764    0.478833    0.748593    -3.60457    -1.68641  -0.0438571   -0.935299    -1.41236   0.0172454    0.343993   -0.749681 -0.00823436    -2.61195
   0.847764     27.5995   -0.121745    0.173299    0.805228   0.0981973  0.00458554   -0.469352    0.372805  -0.0788522    0.466104    0.333566   -0.517647    0.126662
   0.478833   -0.121745     74.5619  0.00815904    0.767312   -0.333199   -0.753889    0.146797    -1.54932   0.0935716    0.173573   -0.159083    0.838129    0.017484
   0.748593    0.173299  0.00815904     11.3794   0.0135489   -0.174438   -0.785194   -0.473257   -0.342941    0.102103  0.00563463  -0.0193058     0.32722    0.233895
   -3.60457    0.805228    0.767312   0.0135489     102.298   -0.511851   -0.972277    0.829782    -3.11589    0.861686   -0.215801   -0.976317     1.54872     1.64575
   -1.68641   0.0981973   -0.333199   -0.174438   -0.511851     28.1232     -2.3425    0.220178    -9.26181  -0.0428872    0.143034    0.959978      1.5954    0.317716
 -0.0438571  0.00458554   -0.753889   -0.785194   -0.972277     -2.3425     21.9691    0.505793      0.5212    0.295045    -0.95627    0.790682     0.89956   0.0850105
  -0.935299   -0.469352    0.146797   -0.473257    0.829782    0.220178    0.505793     32.6191     1.69647    0.857166   0.0523887     13.9343     1.59438     0.34445
   -1.41236    0.372805    -1.54932   -0.342941    -3.11589    -9.26181      0.5212     1.69647       52.62   -0.028824    -0.27369    -2.89085    -1.84141    -2.20227
  0.0172454  -0.0788522   0.0935716    0.102103    0.861686  -0.0428872    0.295045    0.857166   -0.028824     2.23961   0.0699675  -0.0883887   -0.235517   -0.106859
   0.343993    0.466104    0.173573  0.00563463   -0.215801    0.143034    -0.95627   0.0523887    -0.27369   0.0699675     5.35763   -0.653191   -0.616435    0.403369
  -0.749681    0.333566   -0.159083  -0.0193058   -0.976317    0.959978    0.790682     13.9343    -2.89085  -0.0883887   -0.653191     78.1649    0.129201   -0.202552
-0.00823436   -0.517647    0.838129     0.32722     1.54872      1.5954     0.89956     1.59438    -1.84141   -0.235517   -0.616435    0.129201     39.8708     1.99737
   -2.61195    0.126662    0.017484    0.233895     1.64575    0.317716   0.0850105     0.34445    -2.20227   -0.106859    0.403369   -0.202552     1.99737     117.538
