    8.27221    -15.5139    -7.96847     327.203    -0.62777     4.96998     3.36081    -43.6961    -20.6323     2.72216    0.506707    -42623.8
   -15.5139     2731.12           0           0    -11.0222           0           0           0           0      13.583           0           0
   -7.96847           0     1669.59    -614.324           0           0           0           0           0     7.93601           0           0
    327.203           0    -614.324      875472      199.45           0           0    -22447.8           0           0           0           0
   -0.62777    -11.0222           0      199.45     116.709    -1.76933           0           0           0    -1.85634   -0.280769           0
    4.96998           0           0           0    -1.76933     776.511           0           0           0           0     1.15493           0
    3.36081           0           0           0           0           0     90.2388           0           0    -1.79446   0.0422028    -8426.66
   -43.6961           0           0    -22447.8           0           0           0     6309.45           0     16.7425           0           0
   -20.6323           0           0           0           0           0           0           0     4406.59    -18.3499           0           0
    2.72216      13.583     7.93601           0    -1.85634           0    -1.79446     16.7425    -18.3499     221.643    0.225503     -7151.9
   0.506707           0           0           0   -0.280769     1.15493   0.0422028           0           0    0.225503     9.93564     -322664
   -42623.8           0           0           0           0           0    -8426.66           0           0     -7151.9     -322664 1.55776e+10
