     6227.96     -12.2761      53.2371      21.5169      20954.1            0      -243127      19.3343      174.747     -2164.11            0            0      38.4494
    -12.2761      12113.7      81.3206            0      147.911            0            0       19.165            0            0            0            0     -245.291
     53.2371      81.3206      34.4207     -29.1641      336.582  7.63106e+06      -214572      -21.985      78.3611      3002.82      69.0234      116.712     -235.168
     21.5169            0     -29.1641      765.957      246.668            0            0     0.640478            0            0      -319.82      9.67611      18.5505
     20954.1      147.911      336.582      246.668       260891            0            0      256.097            0            0            0      45.6891      443.689
           0            0  7.63106e+06            0            0  1.07254e+14            0            0            0            0            0            0 -1.46204e+09
     -243127            0      -214572            0            0            0  7.56437e+10            0            0            0            0            0  1.70768e+07
     19.3343       19.165      -21.985     0.640478      256.097            0            0      678.971            0            0            0            0            0
     174.747            0      78.3611            0            0            0            0            0      26715.4            0            0            0            0
    -2164.11            0      3002.82            0            0            0            0            0            0  2.10799e+07            0            0            0
           0            0      69.0234      -319.82            0            0            0            0            0            0  4.38361e+06            0            0
           0            0      116.712      9.67611      45.6891            0            0            0            0            0            0      12357.2     -12.3354
     38.4494     -245.291     -235.168      18.5505      443.689 -1.46204e+09  1.70768e+07            0            0            0            0     -12.3354      41568.6
