 0.000451178   -0.0015471   0.00129897    0.0177918  0.000293017    0.0792019   0.00883353    0.0228041   0.00379715    0.0023403 -5.12294e-05   0.00910558    0.0129917    0.0111764  -0.00459222
  -0.0015471       60.014      -1.4269      -3.5689   -0.0201939      1.29152    0.0699645     -4.15312    -0.673414    -0.291642    -0.114026      2.11354     0.997931     -1.95744      2.39494
  0.00129897      -1.4269       38.793      9.96226    0.0623743      2.20057      -11.074      12.2431      22.3427      1.46431        1.392       5.7819     -5.92684     -13.6935      2.79163
   0.0177918      -3.5689      9.96226      31.0159   -0.0151986     -1.55726      10.6657      23.7142      8.25802     0.397619     0.134925      15.8187      8.50649      8.76378     -3.11196
 0.000293017   -0.0201939    0.0623743   -0.0151986    0.0562197    -0.266044    0.0353573    0.0399378     0.107029     0.014688    0.0211842     0.045851    0.0638337   -0.0636179    0.0802964
   0.0792019      1.29152      2.20057     -1.55726    -0.266044      3473.93      3.31873      5.93994     -3.38694      13.4045     -2.25928       12.744    -0.657423     0.404105     -1.24607
  0.00883353    0.0699645      -11.074      10.6657    0.0353573      3.31873      42.7669      17.2355      2.67449     -2.88683     0.381292      20.7395      4.78944     -15.4263     -19.4544
   0.0228041     -4.15312      12.2431      23.7142    0.0399378      5.93994      17.2355      40.7558      11.4791    -0.014971     0.763593      18.6128      19.1385      5.42227     -11.9361
  0.00379715    -0.673414      22.3427      8.25802     0.107029     -3.38694      2.67449      11.4791      27.6661     0.809316      1.02995      6.82317     -1.84944     -8.65503      15.5443
   0.0023403    -0.291642      1.46431     0.397619     0.014688      13.4045     -2.88683    -0.014971     0.809316      14.8561     0.264773     -1.99433    -0.123577      1.47334      1.79014
-5.12294e-05    -0.114026        1.392     0.134925    0.0211842     -2.25928     0.381292     0.763593      1.02995     0.264773      2.50257     0.194846    -0.287335     -1.33362    -0.472324
  0.00910558      2.11354       5.7819      15.8187     0.045851       12.744      20.7395      18.6128      6.82317     -1.99433     0.194846      29.6345      17.6523     -5.69462     -4.06808
   0.0129917     0.997931     -5.92684      8.50649    0.0638337    -0.657423      4.78944      19.1385     -1.84944    -0.123577    -0.287335      17.6523      35.7993      18.5304       8.3869
   0.0111764     -1.95744     -13.6935      8.76378   -0.0636179     0.404105     -15.4263      5.42227     -8.65503      1.47334     -1.33362     -5.69462      18.5304      37.9015      16.7996
 -0.00459222      2.39494      2.79163     -3.11196    0.0802964     -1.24607     -19.4544     -11.9361      15.5443      1.79014    -0.472324     -4.06808       8.3869      16.7996      45.7778
