     48.3092      1205.46   -0.0110624     -3.26708     -1.90256      1.44762      3.98364     -15.3058     -0.15072   0.00334218    -0.752786     -4.24694     -1.43605       -3.744     -16.2979  -3.2644e-11      3.17633
     1205.46  2.26247e+07     -14.6967       -490.6      253.959      1718.07     -506.721     -667.038     -107.161      51.4068      76.1225      1691.48        -2353     -973.232       157.89            0     -395.805
  -0.0110624     -14.6967    0.0323722     0.037822     0.022364     0.031891    0.0359248  -0.00997183   0.00056168 -3.70181e-05   -0.0326681    0.0308826  -0.00379849    0.0607244    -0.111179            0   -0.0499056
    -3.26708       -490.6     0.037822      164.563    -0.314734     0.469481     -9.25954      3.93208     0.132955 -0.000786336    -0.507656       8.3115     0.486284      1.54646     -2.57673  1.35036e-10      15.3048
    -1.90256      253.959     0.022364    -0.314734       66.962    -0.416466     0.928544    0.0531565    -0.129395   0.00140545   -0.0368792      -4.1664    -0.118278   -0.0384497      4.81343 -4.19075e-09     0.698696
     1.44762      1718.07     0.031891     0.469481    -0.416466      39.6058      2.54994      2.57749    0.0603545   0.00134562    -0.265459     -4.19227    -0.674199     -0.50323     -3.56495  5.51383e-11      1.08805
     3.98364     -506.721    0.0359248     -9.25954     0.928544      2.54994      337.644     -4.33422    -0.469929  -0.00161292      5.60949     -8.47189     -2.52774     -4.90399     -9.86198            0   -0.0780083
    -15.3058     -667.038  -0.00997183      3.93208    0.0531565      2.57749     -4.33422      31.6119     0.054016  -0.00183456     -2.98647      4.28716      1.77102     -1.93769      10.7536 -3.39293e-10     -2.34302
    -0.15072     -107.161   0.00056168     0.132955    -0.129395    0.0603545    -0.469929     0.054016       2.4755 -0.000239751     0.043644 -0.000886017    -0.123995     0.279763      1.31305  2.50851e-11    -0.147465
  0.00334218      51.4068 -3.70181e-05 -0.000786336   0.00140545   0.00134562  -0.00161292  -0.00183456 -0.000239751  0.000122172  1.43512e-05   0.00306273  -0.00527362  -0.00219764  0.000283661            0 -0.000955173
   -0.752786      76.1225   -0.0326681    -0.507656   -0.0368792    -0.265459      5.60949     -2.98647     0.043644  1.43512e-05      30.4069      0.38561    -0.870413      1.71309     -1.05377 -4.55182e-11     0.170428
    -4.24694      1691.48    0.0308826       8.3115      -4.1664     -4.19227     -8.47189      4.28716 -0.000886017   0.00306273      0.38561      70.0421     0.386477     -8.35831     -3.46566  1.88665e-10      4.01475
    -1.43605        -2353  -0.00379849     0.486284    -0.118278    -0.674199     -2.52774      1.77102    -0.123995  -0.00527362    -0.870413     0.386477      31.7177      1.88157     -1.87434            0     0.731289
      -3.744     -973.232    0.0607244      1.54646   -0.0384497     -0.50323     -4.90399     -1.93769     0.279763  -0.00219764      1.71309     -8.35831      1.88157       33.845     -8.63559 -1.29709e-10      -2.7045
    -16.2979       157.89    -0.111179     -2.57673      4.81343     -3.56495     -9.86198      10.7536      1.31305  0.000283661     -1.05377     -3.46566     -1.87434     -8.63559      69.9442 -5.90881e-10     -2.71892
 -3.2644e-11            0            0  1.35036e-10 -4.19075e-09  5.51383e-11            0 -3.39293e-10  2.50851e-11            0 -4.55182e-11  1.88665e-10            0 -1.29709e-10 -5.90881e-10  5.97996e-19            0
     3.17633     -395.805   -0.0499056      15.3048     0.698696      1.08805   -0.0780083     -2.34302    -0.147465 -0.000955173     0.170428      4.01475     0.731289      -2.7045     -2.71892            0      30.9797
