 1.56132e-07 -4.68421e-05  3.02552e-05  0.000316972  1.66467e-07   0.00808985  0.000156056  0.000408732  6.99391e-05  4.73835e-05  6.08269e-07 -1.79303e-06  0.000248116  0.000217605 -9.09055e-05
-4.68421e-05       134.99     -1.83495     -4.76483 -0.000823347      17.7476     0.198037     -6.32686     -1.43986    -0.188504   -0.0388458      1.95263      1.20154     -3.20459      3.36015
 3.02552e-05     -1.83495      37.2474      9.56913   0.00174738      12.7257     -10.0934      12.5253      21.2806     0.784023     0.305108     0.155611     -4.89663     -13.2231      1.26893
 0.000316972     -4.76483      9.56913      29.0541  -0.00039792     -13.6042       9.6516      20.6833      6.50146     0.353974    0.0190549     0.955477      10.6349      8.96677     -2.83182
 1.66467e-07 -0.000823347   0.00174738  -0.00039792  5.01424e-05   -0.0453939  0.000925284   0.00131588    0.0032059  0.000245824  0.000144044 -0.000239024   0.00190276  -0.00158706   0.00241703
  0.00808985      17.7476      12.7257     -13.6042   -0.0453939       102358      6.58577      24.0509     -29.5883      65.7126     -3.33717      65.7873      -4.9876      8.97078     -3.33317
 0.000156056     0.198037     -10.0934       9.6516  0.000925284      6.58577       40.891      14.2478      2.88516     -2.23929    0.0808186      1.94134      5.60291     -14.5012      -16.973
 0.000408732     -6.32686      12.5253      20.6833   0.00131588      24.0509      14.2478      37.8541      11.5877    -0.117373     0.171104     0.269508      18.2642      6.59627     -10.9615
 6.99391e-05     -1.43986      21.2806      6.50146    0.0032059     -29.5883      2.88516      11.5877      26.6754     0.446758     0.239787    0.0875393     -1.70036     -8.51675      14.0105
 4.73835e-05    -0.188504     0.784023     0.353974  0.000245824      65.7126     -2.23929    -0.117373     0.446758      10.4331    0.0409917    -0.121535    -0.253103      1.24313      1.25758
 6.08269e-07   -0.0388458     0.305108    0.0190549  0.000144044     -3.33717    0.0808186     0.171104     0.239787    0.0409917     0.129868   -0.0592659   -0.0708137    -0.294536    -0.111566
-1.79303e-06      1.95263     0.155611     0.955477 -0.000239024      65.7873      1.94134     0.269508    0.0875393    -0.121535   -0.0592659      9.20587     0.266009     -1.39132     -1.03033
 0.000248116      1.20154     -4.89663      10.6349   0.00190276      -4.9876      5.60291      18.2642     -1.70036    -0.253103   -0.0708137     0.266009      34.3151      18.1846      7.38978
 0.000217605     -3.20459     -13.2231      8.96677  -0.00158706      8.97078     -14.5012      6.59627     -8.51675      1.24313    -0.294536     -1.39132      18.1846      36.8964      15.0902
-9.09055e-05      3.36015      1.26893     -2.83182   0.00241703     -3.33317      -16.973     -10.9615      14.0105      1.25758    -0.111566     -1.03033      7.38978      15.0902      43.3462
