 8.12896e-09 -1.83877e-05  9.44575e-06  7.10496e-05   1.9518e-09    0.0108657  3.53612e-05  8.25637e-05  1.75484e-05  1.21842e-05  5.77554e-08 -2.06935e-07  5.88972e-05  5.32426e-05 -2.21953e-05
-1.83877e-05      332.698     -3.26549     -7.08209 -8.40941e-05      137.126     0.548989     -9.74736     -2.63234     -0.32346   -0.0139558      1.18973      1.50118     -5.43933      5.49417
 9.44575e-06     -3.26549      37.1337      9.48631  9.42906e-05       79.811     -9.34088      12.0165      21.2009      0.85459    0.0707958    0.0602259     -4.26034     -12.6286    -0.114441
 7.10496e-05     -7.08209      9.48631      28.3391 -2.79513e-05     -70.0881      9.13362      16.2599      5.40764     0.401685   0.00285364     0.374847       11.844      9.65834     -2.75727
  1.9518e-09 -8.40941e-05  9.42906e-05 -2.79513e-05  1.27508e-07   -0.0119918  3.90719e-05  5.20902e-05  0.000165059   1.2443e-05  1.63058e-06 -4.97179e-06  8.22853e-05 -8.45194e-05  0.000130265
   0.0108657      137.126       79.811     -70.0881   -0.0119918   3.1386e+06      58.2101      356.565     -127.225      397.518      -4.1736      140.872      9.84766      74.4585     -36.4743
 3.53612e-05     0.548989     -9.34088      9.13362  3.90719e-05      58.2101       40.389       11.057      3.39689     -2.43302     0.018311     0.753024       6.3109     -13.8086     -15.2319
 8.25637e-05     -9.74736      12.0165      16.2599  5.20902e-05      356.565       11.057      34.7155      11.4758    0.0380704    0.0380198  -0.00462879      16.0877      7.45134     -9.42317
 1.75484e-05     -2.63234      21.2009      5.40764  0.000165059     -127.225      3.39689      11.4758      26.5492     0.476958    0.0559091    0.0138978     -1.43951     -8.12411      12.7754
 1.21842e-05     -0.32346      0.85459     0.401685   1.2443e-05      397.518     -2.43302    0.0380704     0.476958      12.4773    0.0102521   -0.0513638    -0.266777      1.35092      1.30758
 5.77554e-08   -0.0139558    0.0707958   0.00285364  1.63058e-06      -4.1736     0.018311    0.0380198    0.0559091    0.0102521   0.00680553  -0.00526441   -0.0160734   -0.0654892   -0.0263487
-2.06935e-07      1.18973    0.0602259     0.374847 -4.97179e-06      140.872     0.753024  -0.00462879    0.0138978   -0.0513638  -0.00526441      1.38426     0.111555    -0.533754    -0.377147
 5.88972e-05      1.50118     -4.26034       11.844  8.22853e-05      9.84766       6.3109      16.0877     -1.43951    -0.266777   -0.0160734     0.111555      34.1358      18.6629      6.68402
 5.32426e-05     -5.43933     -12.6286      9.65834 -8.45194e-05      74.4585     -13.8086      7.45134     -8.12411      1.35092   -0.0654892    -0.533754      18.6629      36.7152      13.7559
-2.21953e-05      5.49417    -0.114441     -2.75727  0.000130265     -36.4743     -15.2319     -9.42317      12.7754      1.30758   -0.0263487    -0.377147      6.68402      13.7559      42.4818
