     135.099 -0.000438469      23.7141     -2.46109     0.374034    -0.110839     0.212225     0.638451     0.122701     -1.40611     0.390332      1.70722      1.14275   -0.0020395       -0.389
-0.000438469  4.19496e-05   0.00242349  -0.00243373  0.000583738  3.59141e-05  0.000275991  5.85741e-05 -0.000326307   0.00127211 -9.15923e-06   0.00483419  0.000498193  6.96658e-07  -0.00142863
     23.7141   0.00242349      36.6583     0.958448     -4.94991   -0.0879766    -0.575076     0.378286    -0.869289     0.164389     -0.18493    -0.127623     -1.06816  -0.00476237      2.95661
    -2.46109  -0.00243373     0.958448      25.2619      1.02625    0.0733095     -2.58835     0.692714     -1.00593      2.17283     0.452078      6.91983    -0.984463   -0.0101007      2.49125
    0.374034  0.000583738     -4.94991      1.02625      44.9707     0.112309      3.72446     -1.04633     0.639692      11.2622     0.670239      8.89472     -3.17297  -0.00837778      9.20333
   -0.110839  3.59141e-05   -0.0879766    0.0733095     0.112309     0.335834    -0.111461   0.00569249    -0.089036   -0.0690507   -0.0121921      0.29865   -0.0108258  -6.5554e-05   -0.0321965
    0.212225  0.000275991    -0.575076     -2.58835      3.72446    -0.111461       38.899     0.552531   0.00400172      1.73133     -1.19531     -7.92957   -0.0565103  -0.00843762       1.2142
    0.638451  5.85741e-05     0.378286     0.692714     -1.04633   0.00569249     0.552531      7.85992   -0.0644838      -1.0479    -0.107813     0.914392    -0.177198   0.00214522     -1.30413
    0.122701 -0.000326307    -0.869289     -1.00593     0.639692    -0.089036   0.00400172   -0.0644838      22.9407     -2.15141     -0.58914     0.274732    -0.940926   0.00672235     0.744731
    -1.40611   0.00127211     0.164389      2.17283      11.2622   -0.0690507      1.73133      -1.0479     -2.15141      30.2272    -0.394991    -0.767018     -3.22572     0.011337      3.16054
    0.390332 -9.15923e-06     -0.18493     0.452078     0.670239   -0.0121921     -1.19531    -0.107813     -0.58914    -0.394991      4.37008     -1.09939   -0.0559944  -0.00484777     0.140852
     1.70722   0.00483419    -0.127623      6.91983      8.89472      0.29865     -7.92957     0.914392     0.274732    -0.767018     -1.09939      414.388     -1.21796   -0.0235411      12.9221
     1.14275  0.000498193     -1.06816    -0.984463     -3.17297   -0.0108258   -0.0565103    -0.177198    -0.940926     -3.22572   -0.0559944     -1.21796      45.6559  -0.00377475     -2.43262
  -0.0020395  6.96658e-07  -0.00476237   -0.0101007  -0.00837778  -6.5554e-05  -0.00843762   0.00214522   0.00672235     0.011337  -0.00484777   -0.0235411  -0.00377475   0.00211841  -0.00771584
      -0.389  -0.00142863      2.95661      2.49125      9.20333   -0.0321965       1.2142     -1.30413     0.744731      3.16054     0.140852      12.9221     -2.43262  -0.00771584      24.5427
