  3.12359   0.44916 0.0500973   1.53644  0.479504   1.06805  0.766556   1.95332  0.242822  0.342147 0.0385595   1.00668   1.08264  0.945886 -0.451598
  0.44916   22.6663  -13.2182   4.74101  -4.31331  -3.67614   7.81579   0.80705  -12.4417   -5.5305  -7.20017   9.62753   11.1496   6.35845  -6.18959
0.0500973  -13.2182   42.4891   10.9816   12.2113  0.358604  -13.0613   11.4957   24.4154   8.36212   10.5119   6.27718  -7.44596  -14.3782   5.58058
  1.53644   4.74101   10.9816   34.6037 -0.642871  -1.51249   12.0959    27.996   11.2299 -0.590595  0.483036   16.6975   5.32341   9.29042  -3.54807
 0.479504  -4.31331   12.2113 -0.642871   58.2212   2.30437   3.52717    4.8131    1.4205    6.4364   5.86112    1.2561  -10.4426  -16.9608   -18.096
  1.06805  -3.67614  0.358604  -1.51249   2.30437   122.052  0.283587  -1.15411  0.341391  -1.27107  -2.25568   1.04437  -1.15715 -0.958944    1.2588
 0.766556   7.81579  -13.0613   12.0959   3.52717  0.283587   47.4179    21.678   2.99085  -7.40472  -1.21963   25.8918   3.74934  -17.2771  -23.5818
  1.95332   0.80705   11.4957    27.996    4.8131  -1.15411    21.678   46.0383   12.3403   7.48262   5.49752   25.9024   19.7183   4.73277  -13.4724
 0.242822  -12.4417   24.4154   11.2299    1.4205  0.341391   2.99085   12.3403   30.2829 -0.653579   6.01849   10.2508  -2.16803  -8.74721   18.1429
 0.342147   -5.5305   8.36212 -0.590595    6.4364  -1.27107  -7.40472   7.48262 -0.653579   12.3298   5.48134  -3.88549  0.668951  0.474185  -7.66944
0.0385595  -7.20017   10.5119  0.483036   5.86112  -2.25568  -1.21963   5.49752   6.01849   5.48134   61.4871  0.601527  -0.80717  -6.22276  -2.73753
  1.00668   9.62753   6.27718   16.6975    1.2561   1.04437   25.8918   25.9024   10.2508  -3.88549  0.601527   34.9831    20.214   -7.7411  -5.76081
  1.08264   11.1496  -7.44596   5.32341  -10.4426  -1.15715   3.74934   19.7183  -2.16803  0.668951  -0.80717    20.214   38.7675   19.4305   9.66947
 0.945886   6.35845  -14.3782   9.29042  -16.9608 -0.958944  -17.2771   4.73277  -8.74721  0.474185  -6.22276   -7.7411   19.4305   40.8761   19.2022
-0.451598  -6.18959   5.58058  -3.54807   -18.096    1.2588  -23.5818  -13.4724   18.1429  -7.66944  -2.73753  -5.76081   9.66947   19.2022   50.7623
