   0.0381284   0.00778936     -70.5951    -0.063189 -1.07629e-07   0.00980258    -0.082442   -0.0092618     0.251523     0.115269     -3.93682   -0.0209919   0.00791624    0.0372673  -0.00176165
  0.00778936      29.9494      5254.72      5.66219 -7.31385e-06    -0.132971      -4.2456      2.92481      36.4923     -3.34529     -74.2707      1.96096     -1.48359      9.49719   0.00138081
    -70.5951      5254.72  2.96222e+08     -10979.7     0.022087     -269.379      1892.93      3915.81      34881.3      535.749     -92832.4      4104.03      232.115      488.826     -99.6122
   -0.063189      5.66219     -10979.7      30.5853 -1.71962e-05     0.141103      3.12756      6.18642     -3.43721     0.986932      -327.39     -3.15128    -0.393182      1.61257   0.00256141
-1.07629e-07 -7.31385e-06     0.022087 -1.71962e-05  7.50852e-09  2.99551e-07  7.42011e-07 -0.000103941  0.000221299  2.08381e-05  -0.00153357  3.37955e-05  8.34639e-06  1.10546e-05   2.9436e-07
  0.00980258    -0.132971     -269.379     0.141103  2.99551e-07     0.811948   -0.0277958     -0.74182      1.31073    -0.121674       7.6006    -0.520181    -0.126272    -0.103369   0.00218756
   -0.082442      -4.2456      1892.93      3.12756  7.42011e-07   -0.0277958      35.7279     -2.31708      -64.065     -4.16263     -112.696      17.7597    -0.313451     -29.2307    0.0976801
  -0.0092618      2.92481      3915.81      6.18642 -0.000103941     -0.74182     -2.31708      210.087     -71.7959      2.98634     -176.485     -3.19623      0.31015      1.78952    -0.049877
    0.251523      36.4923      34881.3     -3.43721  0.000221299      1.31073      -64.065     -71.7959      38979.1      133.728      1037.11      42.5585      27.1916      9.15745    -0.365377
    0.115269     -3.34529      535.749     0.986932  2.08381e-05    -0.121674     -4.16263      2.98634      133.728      42.2224     -83.6447      14.9934      3.61596      2.87893   -0.0153092
    -3.93682     -74.2707     -92832.4      -327.39  -0.00153357       7.6006     -112.696     -176.485      1037.11     -83.6447       271901     -113.568      2.19068     -1.73226    -0.235387
  -0.0209919      1.96096      4104.03     -3.15128  3.37955e-05    -0.520181      17.7597     -3.19623      42.5585      14.9934     -113.568      39.0552     -1.81983     -14.9024    0.0592176
  0.00791624     -1.48359      232.115    -0.393182  8.34639e-06    -0.126272    -0.313451      0.31015      27.1916      3.61596      2.19068     -1.81983      31.6693     0.710429  -0.00503711
   0.0372673      9.49719      488.826      1.61257  1.10546e-05    -0.103369     -29.2307      1.78952      9.15745      2.87893     -1.73226     -14.9024     0.710429      34.3747   -0.0789637
 -0.00176165   0.00138081     -99.6122   0.00256141   2.9436e-07   0.00218756    0.0976801    -0.049877    -0.365377   -0.0153092    -0.235387    0.0592176  -0.00503711   -0.0789637    0.0153102
