    13.9135    0.269392   -0.830137    -1.24086 -0.00198761     1.19986    -1.79609   -0.353866    0.167188     2.27651    -3.78945   -0.535805    0.927543    0.783086   -0.767499
   0.269392     32.4885      3.0959     8.04609  -0.0122329   -0.500811    -10.2648     3.22581      1.6049    -3.17896     -3.8006     -3.3158      13.724     13.3373   -0.108851
  -0.830137      3.0959     116.417    -6.50208   0.0114359    -1.10423    0.181632     2.08903    0.826999    0.201835    -3.04306     1.83904     6.79278    0.309853    -1.44878
   -1.24086     8.04609    -6.50208     32.4689  -0.0175212    0.667851     3.39486     4.40687  -0.0213611     3.19335    -17.3122    -1.20374    -4.88165     3.65557    0.284422
-0.00198761  -0.0122329   0.0114359  -0.0175212   0.0107058   0.0047512  0.00862159  -0.0562225  0.00828148   0.0168104  -0.0940658   0.0408786 -0.00351813  0.00763473   0.0080378
    1.19986   -0.500811    -1.10423    0.667851   0.0047512     32.5607    0.245612     -3.2198    0.312743    -0.67417     2.39569    -3.45729    -1.57112    -0.75367    0.337093
   -1.79609    -10.2648    0.181632     3.39486  0.00862159    0.245612     38.7686    -2.54126    -2.65841    -5.19648    -6.34325     20.9968     14.7915    -32.2483     2.29642
  -0.353866     3.22581     2.08903     4.40687  -0.0562225     -3.2198    -2.54126     47.8536   -0.814571     1.88559    -7.26897   -0.891271     3.10948     1.60262   -0.566287
   0.167188      1.6049    0.826999  -0.0213611  0.00828148    0.312743    -2.65841   -0.814571     49.6985     4.92812     1.87478     1.40346     2.11538    0.663902   -0.275229
    2.27651    -3.17896    0.201835     3.19335   0.0168104    -0.67417    -5.19648     1.88559     4.92812      44.305    -4.60663     14.9935     15.9469     2.78836   -0.337791
   -3.78945     -3.8006    -3.04306    -17.3122  -0.0940658     2.39569    -6.34325    -7.26897     1.87478    -4.60663      691.23    -6.59061  0.00449445    -0.29675   -0.202932
  -0.535805     -3.3158     1.83904    -1.20374   0.0408786    -3.45729     20.9968   -0.891271     1.40346     14.9935    -6.59061     43.8927     17.8342    -17.7367      1.3825
   0.927543      13.724     6.79278    -4.88165 -0.00351813    -1.57112     14.7915     3.10948     2.11538     15.9469  0.00449445     17.8342     38.7838     -12.829     1.10947
   0.783086     13.3373    0.309853     3.65557  0.00763473    -0.75367    -32.2483     1.60262    0.663902     2.78836    -0.29675    -17.7367     -12.829     35.7955    -1.81107
  -0.767499   -0.108851    -1.44878    0.284422   0.0080378    0.337093     2.29642   -0.566287   -0.275229   -0.337791   -0.202932      1.3825     1.10947    -1.81107     7.51152
