  0.00234773     -8549.78  0.000304407    -0.158288  0.000198725            0  -0.00645899    -0.949531 -3.76917e-06    0.0307636   0.00120636  2.01719e-05  -0.00323346  5.66911e-07    0.0417448    0.0102223
    -8549.78  3.20146e+10     -1260.89       561311     -2004.57            0      23922.6  3.20806e+06      15.2535     -95286.1     -14757.1     -75.4284     -3485.01     -2.12947      -153764       -33123
 0.000304407     -1260.89     0.254764      1.00126   -0.0089303    0.0148918    0.0629856      12.6922  1.48757e-05    0.0202271    0.0517501  -0.00013337   -0.0854791  1.43443e-06     -0.09966    0.0458597
   -0.158288       561311      1.00126       1891.7     -5.55927      0.92847      5.35795        23208  -0.00124079      19.6219       12.292   -0.0145645     -11.4733  0.000139205     -17.5672       10.252
 0.000198725     -2004.57   -0.0089303     -5.55927      1.18817   -0.0263109    -0.589956     -86.1194 -4.02704e-05      0.21546    -0.011522 -0.000104407      0.11812 -1.21799e-05    -0.897732    -0.123663
           0            0    0.0148918      0.92847   -0.0263109      1.17335    -0.142276      27.0319   1.7997e-05     0.331244   -0.0304614 -0.000104233     0.427929 -2.35986e-05     0.321293    -0.352833
 -0.00645899      23922.6    0.0629856      5.35795    -0.589956    -0.142276      40.0344      9.88419 -0.000671214      9.98988    -0.457278   0.00261459     -13.9467  0.000181548     -3.18127      4.39688
   -0.949531  3.20806e+06      12.6922        23208     -86.1194      27.0319      9.88419       441201    -0.162521      5.89046      71.0842   -0.0416901     -24.6933    0.0130444     -25.1058      21.6293
-3.76917e-06      15.2535  1.48757e-05  -0.00124079 -4.02704e-05   1.7997e-05 -0.000671214    -0.162521   3.0283e-06  0.000297009 -0.000138377 -1.12081e-06  0.000519686   8.3207e-10 -0.000205129 -0.000738235
   0.0307636     -95286.1    0.0202271      19.6219      0.21546     0.331244      9.98988      5.89046  0.000297009       46.312      1.01589   0.00012822     -5.49863  -0.00020521      12.1417     -5.40688
  0.00120636     -14757.1    0.0517501       12.292    -0.011522   -0.0304614    -0.457278      71.0842 -0.000138377      1.01589       5.4227  0.000444998    -0.354297  3.25655e-05     0.569517     0.428602
 2.01719e-05     -75.4284  -0.00013337   -0.0145645 -0.000104407 -0.000104233   0.00261459   -0.0416901 -1.12081e-06   0.00012822  0.000444998   0.00014273  -0.00160971  9.87952e-08   -0.0115572  -0.00354609
 -0.00323346     -3485.01   -0.0854791     -11.4733      0.11812     0.427929     -13.9467     -24.6933  0.000519686     -5.49863    -0.354297  -0.00160971      55.9307  3.47766e-05      23.1968     -19.5962
 5.66911e-07     -2.12947  1.43443e-06  0.000139205 -1.21799e-05 -2.35986e-05  0.000181548    0.0130444   8.3207e-10  -0.00020521  3.25655e-05  9.87952e-08  3.47766e-05  1.22344e-07  0.000211762 -0.000140389
   0.0417448      -153764     -0.09966     -17.5672    -0.897732     0.321293     -3.18127     -25.1058 -0.000205129      12.1417     0.569517   -0.0115572      23.1968  0.000211762      73.8758     -10.9455
   0.0102223       -33123    0.0458597       10.252    -0.123663    -0.352833      4.39688      21.6293 -0.000738235     -5.40688     0.428602  -0.00354609     -19.5962 -0.000140389     -10.9455      38.2315
