    0.123978    0.0149154     -30.3363    -0.113104 -2.39472e-07    0.0253327    -0.150127   -0.0146444     0.235283     0.207843      -4.0009   -0.0373876    0.0175749    0.0688273  -0.00586009
   0.0149154      30.0703      1228.95      6.00764 -9.47115e-06    -0.184429     -4.88286      2.62094      19.1145     -3.37935      -42.053      1.38533       -1.811      10.1858  0.000664747
    -30.3363      1228.95  1.68255e+07     -2605.73   0.00647706     -91.9889      433.374      815.551       4314.1      110.999     -12463.4      970.782      68.1403      115.797     -43.7971
   -0.113104      6.00764     -2605.73      30.6396 -2.10102e-05     0.197621      3.11204      5.44859     -1.33926      1.34032     -185.136     -2.93064    -0.484158      1.83628   0.00471057
-2.39472e-07 -9.47115e-06   0.00647706 -2.10102e-05  1.14388e-08  5.31278e-07  1.15833e-06 -0.000112016  0.000141305  2.52402e-05  -0.00106619  4.17693e-05  1.26634e-05   1.2967e-05  6.69639e-07
   0.0253327    -0.184429     -91.9889     0.197621  5.31278e-07      1.66784   -0.0387469     -0.92925     0.974568     -0.16833      6.13931     -0.74425    -0.222803    -0.145023   0.00578385
   -0.150127     -4.88286      433.374      3.11204  1.15833e-06   -0.0387469      35.7535     -2.07747     -33.9035     -4.25359     -63.6975      17.8825    -0.371331      -29.319     0.179957
  -0.0146444      2.62094      815.551      5.44859 -0.000112016     -0.92925     -2.07747      160.324     -32.5411      2.68925     -87.2865     -2.80808     0.332983      1.66883   -0.0803972
    0.235283      19.1145       4314.1     -1.33926  0.000141305     0.974568     -33.9035     -32.5411      10489.2       69.359      303.201      22.2687      17.3653      5.65209    -0.349639
    0.207843     -3.37935      110.999      1.34032  2.52402e-05     -0.16833     -4.25359      2.68925       69.359      42.2063     -47.6917      15.0981      4.47236       2.9039   -0.0284757
     -4.0009      -42.053     -12463.4     -185.136  -0.00106619      6.13931     -63.6975     -87.2865      303.201     -47.6917      86366.1     -64.7261      1.52074     -1.23716    -0.244727
  -0.0373876      1.38533      970.782     -2.93064  4.17693e-05     -0.74425      17.8825     -2.80808      22.2687      15.0981     -64.7261      39.3777      -2.1951     -15.1794     0.110144
   0.0175749       -1.811      68.1403    -0.484158  1.26634e-05    -0.222803    -0.371331     0.332983      17.3653      4.47236      1.52074      -2.1951      48.0003     0.849726   -0.0114388
   0.0688273      10.1858      115.797      1.83628   1.2967e-05    -0.145023      -29.319      1.66883      5.65209       2.9039     -1.23716     -15.1794     0.849726      34.3972    -0.146048
 -0.00586009  0.000664747     -43.7971   0.00471057  6.69639e-07   0.00578385     0.179957   -0.0803972    -0.349639   -0.0284757    -0.244727     0.110144   -0.0114388    -0.146048    0.0521016
