     1.32996    0.0606581     -5.08349    -0.368092 -3.58905e-06     0.171577    -0.510566   -0.0470756     0.199001     0.687019     -4.23198    -0.126837    0.0978028     0.235474   -0.0658332
   0.0606581       30.757      59.9009      6.90262   -5.224e-05    -0.350561     -6.82873      2.72142      5.25795     -3.32682     -13.6497    -0.158941    -0.164444      11.7673   -0.0164064
    -5.08349      59.9009        43863     -131.973   0.00140844     -9.86238       18.661      19.4765      58.4078      3.58926      -205.17      47.8315      21.2556      5.45999     -7.66032
   -0.368092      6.90262     -131.973      31.1022 -9.38723e-05     0.377971      3.18163      4.42736    -0.132329      2.21324     -60.7074     -2.33491     0.702977      2.47757     0.018085
-3.58905e-06   -5.224e-05   0.00140844 -9.38723e-05   2.3737e-07  6.12834e-06  1.62866e-05 -0.000371689  0.000157836  0.000100392  -0.00155618  0.000191687 -0.000170074  4.37494e-05  1.04535e-05
    0.171577    -0.350561     -9.86238     0.377971  6.12834e-06       7.1038   -0.0785891     -1.42862     0.521536    -0.323029      4.08053     -1.53593     -1.26663    -0.281971    0.0408624
   -0.510566     -6.82873       18.661      3.18163  1.62866e-05   -0.0785891      36.4058     -1.96498     -9.19997     -4.61004     -20.8932      18.7903   0.00378575     -29.9534     0.621367
  -0.0470756      2.72142      19.4765      4.42736 -0.000371689     -1.42862     -1.96498      81.6804     -6.25845      2.93277     -27.2487     -2.04606      48.0378      1.64723     -0.23834
    0.199001      5.25795      58.4078    -0.132329  0.000157836     0.521536     -9.19997     -6.25845      700.875      18.1301      25.2023      5.76738      2.14971      1.92143    -0.308782
    0.687019     -3.32682      3.58926      2.21324  0.000100392    -0.323029     -4.61004      2.93277      18.1301      42.6975     -15.9505      15.3588      4.79788      2.92247     -0.10029
    -4.23198     -13.6497      -205.17     -60.7074  -0.00155618      4.08053     -20.8932     -27.2487      25.2023     -15.9505       9023.8     -21.7133      3.65031    -0.715788    -0.263101
   -0.126837    -0.158941      47.8315     -2.33491  0.000191687     -1.53593      18.7903     -2.04606      5.76738      15.3588     -21.7133      40.6813     -2.52407     -16.1697     0.390235
   0.0978028    -0.164444      21.2556     0.702977 -0.000170074     -1.26663   0.00378575      48.0378      2.14971      4.79788      3.65031     -2.52407      91.3582     0.124031     -0.14171
    0.235474      11.7673      5.45999      2.47757  4.37494e-05    -0.281971     -29.9534      1.64723      1.92143      2.92247    -0.715788     -16.1697     0.124031      34.6425    -0.505814
  -0.0658332   -0.0164064     -7.66032     0.018085  1.04535e-05    0.0408624     0.621367     -0.23834    -0.308782     -0.10029    -0.263101     0.390235     -0.14171    -0.505814     0.612146
