     4.39729     0.121151     -2.09398    -0.693315  -7.8865e-05      0.46611    -0.985628    -0.275379     0.183858      1.27449      -4.1186    -0.256127     0.399121     0.440095    -0.224288
    0.121151        32.09      14.4904      7.62142 -0.000720616    -0.429639     -8.45133      4.18606      2.92353     -3.43471     -7.54715     -1.41906      12.5873      12.8251   -0.0325874
    -2.09398      14.4904       2308.5     -29.5026   0.00333815     -3.92601      2.14729      8.88783      7.16208     0.954037     -26.7956      9.25325      28.7266      2.16458     -3.37188
   -0.693315      7.62142     -29.5026      32.3533   -0.0012228     0.520418      3.28706      4.99654   -0.0606747      2.75334     -33.1482     -1.98354     -4.35992      2.97092    0.0707028
 -7.8865e-05 -0.000720616   0.00333815   -0.0012228  3.68933e-05  0.000231726  0.000614453  -0.00394825  0.000952976   0.00108837   -0.0105685   0.00246084 -0.000614745  0.000383666  0.000261661
     0.46611    -0.429639     -3.92601     0.520418  0.000231726        15.65     0.116618     -2.27499     0.427042     -0.52801      3.16989     -2.43462     -1.38596     -0.52951      0.12446
   -0.985628     -8.45133      2.14729      3.28706  0.000614453     0.116618      38.4339     -2.63971     -5.09565     -5.09147     -12.0186      20.3561      14.8828     -31.5471      1.21388
   -0.275379      4.18606      8.88783      4.99654  -0.00394825     -2.27499     -2.63971      70.1109     -1.51152      1.94667     -18.2146   -0.0692068      5.28964      1.65982    -0.338747
    0.183858      2.92353      7.16208   -0.0606747  0.000952976     0.427042     -5.09565     -1.51152      188.044      9.60603      7.04529      2.91458      2.98416      1.18253    -0.274379
     1.27449     -3.43471     0.954037      2.75334   0.00108837     -0.52801     -5.09147      1.94667      9.60603      44.2417     -8.71194      15.6629      12.9334       2.9796    -0.197438
     -4.1186     -7.54715     -26.7956     -33.1482   -0.0105685      3.16989     -12.0186     -18.2146      7.04529     -8.71194      2575.68     -12.2233    -0.221726    -0.318356    -0.198297
   -0.256127     -1.41906      9.25325     -1.98354   0.00246084     -2.43462      20.3561   -0.0692068      2.91458      15.6629     -12.2233      42.7106      16.6224     -17.2973     0.719387
    0.399121      12.5873      28.7266     -4.35992 -0.000614745     -1.38596      14.8828      5.28964      2.98416      12.9334    -0.221726      16.6224      36.0235     -10.8671     0.534124
    0.440095      12.8251      2.16458      2.97092  0.000383666     -0.52951     -31.5471      1.65982      1.18253       2.9796    -0.318356     -17.2973     -10.8671      35.8302    -0.967774
   -0.224288   -0.0325874     -3.37188    0.0707028  0.000261661      0.12446      1.21388    -0.338747    -0.274379    -0.197438    -0.198297     0.719387     0.534124    -0.967774      2.10997
