  47.9073  0.733324   1.62837  -2.09944  -0.10161   -1.1436  -3.46482   1.09832 0.0160547   4.78598  -3.69501  -1.57594   2.11603   1.88051 -0.407054
 0.733324   35.9793  -20.1215   9.06793  -0.26818   12.4061  -13.4104  -4.88193    1.0126  -2.53929   -1.9429  -6.06402   16.0391   14.0043   10.3743
  1.62837  -20.1215   44.0077  -2.20177  -0.30367  -14.1271   13.3023   14.4461   1.26789    21.165   1.09081  -1.09037   7.55981  -21.2871  -11.4288
 -2.09944   9.06793  -2.20177   35.8583 -0.256705  -15.2281   3.88379   14.6546  -0.13959   3.85762  -9.68975  0.250559  -6.04507   5.04212   2.93839
 -0.10161  -0.26818  -0.30367 -0.256705   3.92563  0.493452  0.102413  -1.22655 0.0829181  0.238517 -0.939033  0.824382 -0.082913  0.155812  0.234386
  -1.1436   12.4061  -14.1271  -15.2281  0.493452   47.8064   5.40487  -24.7828  -1.62066  -24.1045   3.80478  -8.46579   10.3686  -5.36209   3.68003
 -3.46482  -13.4104   13.3023   3.88379  0.102413   5.40487   43.2126  -9.93575  -1.41536  -4.94039  -3.21828   24.4413    15.568  -35.9787   -11.689
  1.09832  -4.88193   14.4461   14.6546  -1.22655  -24.7828  -9.93575   60.3106  0.011059   18.9492  -6.73512  -11.0113  -6.94822   9.76505    1.7631
0.0160547    1.0126   1.26789  -0.13959 0.0829181  -1.62066  -1.41536  0.011059   15.8286   2.97659  0.588497  0.869593   1.54842  0.337123 -0.125525
  4.78598  -2.53929    21.165   3.85762  0.238517  -24.1045  -4.94039   18.9492   2.97659    49.441  -2.29783   14.3722   20.6226   2.90591   1.79899
 -3.69501   -1.9429   1.09081  -9.68975 -0.939033   3.80478  -3.21828  -6.73512  0.588497  -2.29783   183.467  -3.98173 0.0683281 -0.423929 -0.921812
 -1.57594  -6.06402  -1.09037  0.250559  0.824382  -8.46579   24.4413  -11.0113  0.869593   14.3722  -3.98173   50.0728   16.5285  -18.6829  -8.48472
  2.11603   16.0391   7.55981  -6.04507 -0.082913   10.3686    15.568  -6.94822   1.54842   20.6226 0.0683281   16.5285   45.3685  -16.3586  0.632649
  1.88051   14.0043  -21.2871   5.04212  0.155812  -5.36209  -35.9787   9.76505  0.337123   2.90591 -0.423929  -18.6829  -16.3586   38.3058   14.8975
-0.407054   10.3743  -11.4288   2.93839  0.234386   3.68003   -11.689    1.7631 -0.125525   1.79899 -0.921812  -8.48472  0.632649   14.8975   11.3383
