    0.406475    0.0292776     -12.7089    -0.204719 -6.61341e-07    0.0659024    -0.276834   -0.0263533     0.215519     0.377796     -4.12695   -0.0684178    0.0573229     0.127887   -0.0196347
   0.0292776      30.4284      278.957      6.43799 -1.56532e-05    -0.255888     -5.74475      2.87876      9.98835      -3.3818     -24.1099     0.717091    -0.790695      10.9893  -0.00326996
    -12.7089      278.957       896510     -600.042   0.00224261     -30.8199      92.9338      125.364      521.482      21.5463     -1633.54      220.422      73.2909      26.5756     -18.7291
   -0.204719      6.43799     -600.042      30.9156 -3.19127e-05     0.275604      3.15772       5.3666    -0.450446      1.75525     -106.237     -2.66309     0.208235      2.10785   0.00912404
-6.61341e-07 -1.56532e-05   0.00224261 -3.19127e-05  2.68508e-08  1.28756e-06  2.92548e-06 -0.000158302  0.000109362  3.74451e-05 -0.000919908  6.42974e-05 -3.24724e-05  1.78963e-05  1.89245e-06
   0.0659024    -0.255888     -30.8199     0.275604  1.28756e-06      3.44111   -0.0535206     -1.22817     0.716674    -0.234508       5.0238     -1.06973    -0.719288    -0.202489    0.0153718
   -0.276834     -5.74475      92.9338      3.15772  2.92548e-06   -0.0535206      36.0629     -2.34213     -17.6816     -4.36654     -36.4916      18.2497   -0.0995662     -29.6359     0.334188
  -0.0263533      2.87876      125.364       5.3666 -0.000158302     -1.22817     -2.34213      127.966     -16.4894      3.59127      -60.414     -2.51741      42.3535      1.88981    -0.155628
    0.215519      9.98835      521.482    -0.450446  0.000109362     0.716674     -17.6816     -16.4894      2740.27      35.6569      87.8745      11.5349      6.09259      3.29574    -0.329192
    0.377796      -3.3818      21.5463      1.75525  3.74451e-05    -0.234508     -4.36654      3.59127      35.6569      42.5106     -27.7727      15.3267      5.15997      2.90725   -0.0532687
    -4.12695     -24.1099     -1633.54     -106.237 -0.000919908       5.0238     -36.4916      -60.414      87.8745     -27.7727      28025.4     -37.4285     0.973162    -0.996017    -0.252522
  -0.0684178     0.717091      220.422     -2.66309  6.42974e-05     -1.06973      18.2497     -2.51741      11.5349      15.3267     -37.4285      40.0495     -2.53755     -15.6644     0.206759
   0.0573229    -0.790695      73.2909     0.208235 -3.24724e-05    -0.719288   -0.0995662      42.3535      6.09259      5.15997     0.973162     -2.53755      81.0304     0.387317    -0.059115
    0.127887      10.9893      26.5756      2.10785  1.78963e-05    -0.202489     -29.6359      1.88981      3.29574      2.90725    -0.996017     -15.6644     0.387317      34.5937    -0.271987
  -0.0196347  -0.00326996     -18.7291   0.00912404  1.89245e-06    0.0153718     0.334188    -0.155628    -0.329192   -0.0532687    -0.252522     0.206759    -0.059115    -0.271987     0.178418
