 8.40947e+14  2.51935e+10            0            0            0 -1.70891e+09            0            0            0  1.74857e+07            0            0 -3.76578e+07
 2.51935e+10  4.37411e+06     -22825.8            0 -5.84664e+07     -51320.9      6059.26            0      30066.7      1374.93            0            0     -3496.39
           0     -22825.8  1.55056e+06            0            0            0            0            0            0     -661.392            0     -1027.79      1943.53
           0            0            0  6.29345e+08            0            0            0            0            0      12644.4            0     -36801.9     -22084.1
           0 -5.84664e+07            0            0  1.74806e+12            0            0            0  -9.8566e+06      -543791            0            0  1.40012e+06
-1.70891e+09     -51320.9            0            0            0       116286            0            0            0     -133.904            0            0      398.263
           0      6059.26            0            0            0            0  1.19261e+06            0      36355.5      470.955            0     -1996.48     -1213.63
           0            0            0            0            0            0            0  1.69099e+06            0     -715.804            0     -600.927      1918.82
           0      30066.7            0            0  -9.8566e+06            0      36355.5            0       261450      327.625      33360.4            0     -761.363
 1.74857e+07      1374.93     -661.392      12644.4      -543791     -133.904      470.955     -715.804      327.625      28.2767      844.935     -158.336     -2.83437
           0            0            0            0            0            0            0            0      33360.4      844.935  4.33397e+07            0     -4258.11
           0            0     -1027.79     -36801.9            0            0     -1996.48     -600.927            0     -158.336            0      88326.4      435.722
-3.76578e+07     -3496.39      1943.53     -22084.1  1.40012e+06      398.263     -1213.63      1918.82     -761.363     -2.83437     -4258.11      435.722      295.232
