6.26335e+10 2.74157e+06           0           0           0     -858631           0           0           0      105292           0           0     -115787
2.74157e+06     690.372    -9.87251           0    -1630.76    -37.6761     2.45745           0     15.3746     11.8514           0           0    -15.0937
          0    -9.87251     1817.85           0           0           0           0           0           0    -15.1661           0    -2.67395     21.9774
          0           0           0     15569.5           0           0           0           0           0     44.8408           0    -13.9194     -41.427
          0    -1630.76           0           0  8.6519e+06           0           0           0    -882.221    -837.141           0           0     1084.42
    -858631    -37.6761           0           0           0     393.898           0           0           0    -5.22668           0           0     7.71452
          0     2.45745           0           0           0           0     1272.12           0     48.3384     10.5344           0    -4.95071    -13.5873
          0           0           0           0           0           0           0     1414.28           0    -14.0814           0    -1.32068     18.8389
          0     15.3746           0           0    -882.221           0     48.3384           0     432.883     9.22758     13.9207           0    -10.8429
     105292     11.8514    -15.1661     44.8408    -837.141    -5.22668     10.5344    -14.0814     9.22758     17.0197      5.2126    -8.16559    -1.93295
          0           0           0           0           0           0           0           0     13.9207      5.2126     4559.07           0    -13.4122
          0           0    -2.67395    -13.9194           0           0    -4.95071    -1.32068           0    -8.16559           0     510.915     11.1922
    -115787    -15.0937     21.9774     -41.427     1084.42     7.71452    -13.5873     18.8389    -10.8429    -1.93295    -13.4122     11.1922     22.6782
