     756.164      3.32012     -196.769     -2.73739      41.4688     -2.84291      8.40537 -2.83574e+13
     3.32012       4.5007      2.69826     -1.50521     -7.42046     -1.05318      2.77439 -6.91357e+12
    -196.769      2.69826      13062.9      4.14242            0     -8.99993     -6.52452            0
    -2.73739     -1.50521      4.14242      4.90243     -3.57831      1.83008     -3.47467 -4.33206e+11
     41.4688     -7.42046            0     -3.57831      1110.72     -6.18058      5.16758            0
    -2.84291     -1.05318     -8.99993      1.83008     -6.18058       5.8084     -3.30925  4.04431e+12
     8.40537      2.77439     -6.52452     -3.47467      5.16758     -3.30925      9.29822 -1.09594e+13
-2.83574e+13 -6.91357e+12            0 -4.33206e+11            0  4.04431e+12 -1.09594e+13  2.63148e+26
