     67.3304      1.26389      -7.8841     -1.22109      1.40243     -1.23695      2.72768 -6.12855e+08
     1.26389      4.36767     0.222609     -1.99214    -0.697501     -1.56072      3.04758 -5.21045e+08
     -7.8841     0.222609      234.353     0.608985            0     -1.00871      -1.0162            0
    -1.22109     -1.99214     0.608985      4.81551    -0.426441      2.35721     -3.73567  7.54911e+07
     1.40243    -0.697501            0    -0.426441      13.6871    -0.701977     0.580051            0
    -1.23695     -1.56072     -1.00871      2.35721    -0.701977       5.7735     -3.58244  3.55615e+08
     2.72768      3.04758      -1.0162     -3.73567     0.580051     -3.58244       8.8929 -7.55448e+08
-6.12855e+08 -5.21045e+08            0  7.54911e+07            0  3.55615e+08 -7.55448e+08  1.28565e+18
