1.57247e+10           0           0    -1411.38    -9936.05     5390.23    -32400.1
          0     19.0182           0    0.314925     2.59296    -2.56023     1.38128
          0           0      706028    -145.238     27.3407    -110.151    -72.3594
   -1411.38    0.314925    -145.238     8.17673   0.0549755   -0.668276    0.193973
   -9936.05     2.59296     27.3407   0.0549755     8.40429    -3.72972     1.70468
    5390.23    -2.56023    -110.151   -0.668276    -3.72972     7.44606     -1.2096
   -32400.1     1.38128    -72.3594    0.193973     1.70468     -1.2096     5.45506
