    58765         0         0  -2.59057  -13.5121   10.8426  -58.2927
        0   4.43337         0  0.151901   1.07617  -1.30825  0.830299
        0         0   1228.14  -5.53458  0.868578  -4.42372  -2.31306
 -2.59057  0.151901  -5.53458   7.19226 -0.115284 -0.511112  0.156475
 -13.5121   1.07617  0.868578 -0.115284    8.0357  -4.42958   2.63472
  10.8426  -1.30825  -4.42372 -0.511112  -4.42958   7.31019  -2.16602
 -58.2927  0.830299  -2.31306  0.156475   2.63472  -2.16602   5.06216
