1.47245e+09           0           0    -428.165    -2901.92     1712.06       -9809
          0     14.3646           0    0.273351     2.20885    -2.27455     1.26144
          0           0      210679    -78.0671      14.272    -59.6096    -37.8872
   -428.165    0.273351    -78.0671     7.97778   0.0288269   -0.640639     0.19141
   -2901.92     2.20885      14.272   0.0288269     8.34549    -3.93518     1.89429
    1712.06    -2.27455    -59.6096   -0.640639    -3.93518     7.40275    -1.38098
      -9809     1.26144    -37.8872     0.19141     1.89429    -1.38098     5.35584
