 1.85616e+06            0            0     -507.351 -2.70306e+11            0      1772.56            0            0            0            0            0            0      -311593
           0      5519.85      1.17222     -17.8213            0            0      11.2693      -1892.1            0            0     -677.023      555.691            0            0
           0      1.17222      1553.44      11.8034            0            0            0     -52.1012     -308.117            0            0            0      422.551            0
    -507.351     -17.8213      11.8034      13.8934  2.76759e+08     -6197.75    -0.907034      66.8678       86.549     -70.7343      64.8107     -115.296     -857.771     -4842.44
-2.70306e+11            0            0  2.76759e+08   8.8641e+17            0 -2.87928e+10            0            0            0            0            0            0            0
           0            0            0     -6197.75            0  4.16933e+08      18235.2            0            0            0            0       506275            0  4.06114e+07
     1772.56      11.2693            0    -0.907034 -2.87928e+10      18235.2       9652.1      259.379            0     -74.0109            0            0            0        25264
           0      -1892.1     -52.1012      66.8678            0            0      259.379      27270.6     -560.134            0            0     -90.5482            0            0
           0            0     -308.117       86.549            0            0            0     -560.134       351586            0            0      2551.09      -119991            0
           0            0            0     -70.7343            0            0     -74.0109            0            0      61503.8            0            0            0            0
           0     -677.023            0      64.8107            0            0            0            0            0            0        90829            0       -18254     -60408.9
           0      555.691            0     -115.296            0       506275            0     -90.5482      2551.09            0            0       203314            0            0
           0            0      422.551     -857.771            0            0            0            0      -119991            0       -18254            0  5.07281e+06            0
     -311593            0            0     -4842.44            0  4.06114e+07        25264            0            0            0     -60408.9            0            0  2.86839e+08
