     72540.4            0            0     -93.8046 -3.39404e+09            0       164.53            0            0            0            0            0            0     -6056.36
           0       1120.3      0.31784       -7.509            0            0      2.38355     -331.726            0            0     -87.6438      67.5621            0            0
           0      0.31784      562.805      6.64464            0            0            0     -12.2038     -45.9257            0            0            0      42.9507            0
    -93.8046       -7.509      6.64464      12.1526  1.64406e+07     -731.501    -0.398761      24.3374      20.0458     -20.6452      17.4172     -29.1024      -135.49     -445.262
-3.39404e+09            0            0  1.64406e+07  3.57593e+15            0 -8.58656e+08            0            0            0            0            0            0            0
           0            0            0     -731.501            0  6.62634e+06      1082.44            0            0            0            0      17215.9            0       503867
      164.53      2.38355            0    -0.398761 -8.58656e+08      1082.44      2127.84      47.3936            0     -10.8446            0            0            0      1163.57
           0     -331.726     -12.2038      24.3374            0            0      47.3936         4130     -53.9766            0            0     -9.50927            0            0
           0            0     -45.9257      20.0458            0            0            0     -53.9766      21560.8            0            0       170.49     -5018.35            0
           0            0            0     -20.6452            0            0     -10.8446            0            0      5989.83            0            0            0            0
           0     -87.6438            0      17.4172            0            0            0            0            0            0      7499.84            0     -885.864     -1708.49
           0      67.5621            0     -29.1024            0      17215.9            0     -9.50927       170.49            0            0      14807.6            0            0
           0            0      42.9507      -135.49            0            0            0            0     -5018.35            0     -885.864            0       144690            0
    -6056.36            0            0     -445.262            0       503867      1163.57            0            0            0     -1708.49            0            0  2.77065e+06
