    7.03941   -0.186336    0.505749    0.568548     14250.3    0.191393
  -0.186336      7.6855    -1.03628    0.670793     74401.6   -0.495227
   0.505749    -1.03628     7.47978   -0.185202     -203661    0.625907
   0.568548    0.670793   -0.185202     8.36734     71977.7    -1.10814
    14250.3     74401.6     -203661     71977.7 1.91784e+11      219822
   0.191393   -0.495227    0.625907    -1.10814      219822     26.0074
