    6.06664    0.514789     1.47467    0.161867    -24207.1    0.413136
   0.514789     9.83625   -0.270473     2.36524      144721      2.6595
    1.47467   -0.270473     7.49598     -0.8293     -206381     1.92945
   0.161867     2.36524     -0.8293     6.29809     66153.2    -2.10704
   -24207.1      144721     -206381     66153.2 1.92275e+11      121307
   0.413136      2.6595     1.92945    -2.10704      121307     20.3519
