    6.53405   -0.209014    0.830828    0.489763     1941.37    0.277525
  -0.209014     5.91551    -0.90327    0.582249     65274.4   -0.486047
   0.830828    -0.90327      7.4691   -0.342828     -204483     1.09391
   0.489763    0.582249   -0.342828     7.57708       73902    -1.04435
    1941.37     65274.4     -204483       73902 1.91778e+11      192797
   0.277525   -0.486047     1.09391    -1.04435      192797     23.6929
