      49.838      9.88924     -16.9055      20.6462    0.0324286    -0.370763   0.00770426     0.405275      -3.9189      604.458      35636.4  -0.00018769   0.00739798     -1.00997      13.7907
     9.88924      65.1417      8.25251     -20.3822    -0.016674    -0.119347  0.000741717     0.314275      0.80236     -3819.73      1959.16 -1.88006e-05   -0.0349198     -1.89856     0.134152
    -16.9055      8.25251        43.31      3.65544   -0.0291759    0.0743634   0.00234109     -0.55424     -5.41352     -4503.91     -8182.93  5.39738e-05   -0.0192377   -0.0891291      10.7448
     20.6462     -20.3822      3.65544      77.1827  -0.00635846     -1.39631   0.00710979     -1.11688      8.99596     -6458.14      10830.4  0.000253429    0.0759717       1.3908      25.5856
   0.0324286    -0.016674   -0.0291759  -0.00635846   0.00457248   0.00152151 -5.00617e-05   0.00527522    0.0106897     -12.5565      185.681 -1.10785e-06  -0.00034678   0.00520961  -0.00184503
   -0.370763    -0.119347    0.0743634     -1.39631   0.00152151       1.0583  0.000199318   -0.0237472    -0.582353      45.0914      8937.37 -1.24702e-05  -0.00151716    0.0569897    -0.417693
  0.00770426  0.000741717   0.00234109   0.00710979 -5.00617e-05  0.000199318  0.000153695 -0.000566387   -0.0054987      3.04789     -80.3145  2.57712e-07    9.601e-05  -0.00032516    0.0122506
    0.405275     0.314275     -0.55424     -1.11688   0.00527522   -0.0237472 -0.000566387      2.68161   -0.0267651      243.297       5716.4 -6.02863e-05   0.00347097   -0.0596096     -1.64312
     -3.9189      0.80236     -5.41352      8.99596    0.0106897    -0.582353   -0.0054987   -0.0267651      25.5511     -4312.71      14719.6  0.000321021    0.0745794      1.53569      1.05749
     604.458     -3819.73     -4503.91     -6458.14     -12.5565      45.0914      3.04789      243.297     -4312.71  5.63946e+07  -2.1594e+07    0.0025596      14.2815      183.241     -1942.84
     35636.4      1959.16     -8182.93      10830.4      185.681      8937.37     -80.3145       5716.4      14719.6  -2.1594e+07  3.55895e+10       3.6051      535.297     -1168.83      16069.7
 -0.00018769 -1.88006e-05  5.39738e-05  0.000253429 -1.10785e-06 -1.24702e-05  2.57712e-07 -6.02863e-05  0.000321021    0.0025596       3.6051  3.72259e-07  4.25613e-06  4.53889e-05  0.000302072
  0.00739798   -0.0349198   -0.0192377    0.0759717  -0.00034678  -0.00151716    9.601e-05   0.00347097    0.0745794      14.2815      535.297  4.25613e-06   0.00852754   0.00448112    0.0176451
    -1.00997     -1.89856   -0.0891291       1.3908   0.00520961    0.0569897  -0.00032516   -0.0596096      1.53569      183.241     -1168.83  4.53889e-05   0.00448112      4.00048    -0.389826
     13.7907     0.134152      10.7448      25.5856  -0.00184503    -0.417693    0.0122506     -1.64312      1.05749     -1942.84      16069.7  0.000302072    0.0176451    -0.389826      47.7265
