     49.8675      9.79851     -17.0504      20.6568    0.0449496    -0.400466    0.0113633     0.442963     -3.74417      397.365      23499.6 -0.000319723   0.00964775     -1.15378      14.4099
     9.79851      65.1931      8.17663     -20.5751   -0.0229651    -0.128893   0.00104782     0.340918      1.00049     -2536.33      1292.72 -2.25112e-05   -0.0438664     -2.17685    0.0688915
    -17.0504      8.17663      43.3235      3.25805   -0.0402543    0.0849102   0.00341531    -0.591975     -5.47918      -2972.5     -5424.26  9.27244e-05   -0.0245615    -0.103163      11.0831
     20.6568     -20.5751      3.25805      77.2075  -0.00855178     -1.50456    0.0104472     -1.20174      9.26806     -4281.17      7170.76   0.00042584    0.0965872      1.61168      26.8377
   0.0449496   -0.0229651   -0.0402543  -0.00855178   0.00873308   0.00226212 -0.000102567   0.00787995    0.0147493     -11.5024      168.707 -2.59597e-06 -0.000605642   0.00827529  -0.00244288
   -0.400466    -0.128893    0.0849102     -1.50456   0.00226212      1.22484  0.000317944   -0.0276161    -0.630412      32.1409      6341.87 -2.25416e-05  -0.00206247    0.0704922    -0.475695
   0.0113633   0.00104782   0.00341531    0.0104472 -0.000102567  0.000317944  0.000337881 -0.000908117   -0.0081291      2.99583     -78.4541  6.47279e-07  0.000179919 -0.000553669     0.018262
    0.442963     0.340918    -0.591975     -1.20174   0.00787995   -0.0276161 -0.000908117      3.13315   -0.0297133      174.375      4074.66 -0.000109969   0.00474149   -0.0740549     -1.76721
    -3.74417      1.00049     -5.47918      9.26806    0.0147493    -0.630412   -0.0081291   -0.0297133      25.6021      -2871.5      9717.66  0.000548346    0.0943924      1.76358      1.19159
     397.365     -2536.33      -2972.5     -4281.17     -11.5024      32.1409      2.99583      174.375      -2871.5  2.47881e+07 -9.40044e+06   0.00100089      11.9634       139.65     -1412.57
     23499.6      1292.72     -5424.26      7170.76      168.707      6341.87     -78.4541      4074.66      9717.66 -9.40044e+06  1.54651e+10      4.05792      445.793     -886.419      11107.6
-0.000319723 -2.25112e-05  9.27244e-05   0.00042584 -2.59597e-06 -2.25416e-05  6.47279e-07 -0.000109969  0.000548346   0.00100089      4.05792   1.0965e-06  9.06852e-06  8.92281e-05  0.000508611
  0.00964775   -0.0438664   -0.0245615    0.0965872 -0.000605642  -0.00206247  0.000179919   0.00474149    0.0943924      11.9634      445.793  9.06852e-06    0.0136192   0.00650931    0.0238104
    -1.15378     -2.17685    -0.103163      1.61168   0.00827529    0.0704922 -0.000553669   -0.0740549      1.76358       139.65     -886.419  8.92281e-05   0.00650931      5.28496    -0.424589
     14.4099    0.0688915      11.0831      26.8377  -0.00244288    -0.475695     0.018262     -1.76721      1.19159     -1412.57      11107.6  0.000508611    0.0238104    -0.424589      47.9295
