     50.0191      9.53476     -17.4759      20.7568      0.11925      -0.5054    0.0360311     0.632829      -3.1924      113.321      4037.22  -0.00248844    0.0213681     -1.71888      16.4857
     9.53476      65.4671      7.89974     -21.2238   -0.0599349    -0.163026   0.00395332     0.380856      1.67453     -747.208      227.965 -5.67003e-05    -0.086267     -3.27405    -0.144779
    -17.4759      7.89974      43.4375      1.94043    -0.104978     0.126586    0.0113077    -0.815214     -5.71663     -857.056     -939.929  0.000696519   -0.0512365     -0.16276      12.0584
     20.7568     -21.2238      1.94043      77.4476   -0.0200648     -1.88364    0.0333518     -1.47513      10.2087        -1254      1222.45   0.00332582     0.198128      2.50733      30.7016
     0.11925   -0.0599349    -0.104978   -0.0200648     0.060323   0.00735256 -0.000871119    0.0265337    0.0385293     -8.87752      76.1041 -5.34157e-05  -0.00320125    0.0329639  -0.00524064
     -0.5054    -0.163026     0.126586     -1.88364   0.00735256      1.89494   0.00126713    -0.041264    -0.801343      11.7089      1360.38 -0.000215806  -0.00516116      0.13289    -0.692303
   0.0360311   0.00395332    0.0113077    0.0333518 -0.000871119   0.00126713   0.00352303  -0.00407434   -0.0262077       2.8325     -43.7409  1.64011e-05   0.00117986  -0.00277774    0.0602171
    0.632829     0.380856    -0.815214     -1.47513    0.0265337    -0.041264  -0.00407434      5.06095   -0.0374115      65.8838      1004.55  -0.00112519    0.0123793    -0.133974      -2.4475
     -3.1924      1.67453     -5.71663      10.2087    0.0385293    -0.801343   -0.0262077   -0.0374115      25.8116     -853.892       1679.6   0.00433894     0.190932      2.66689      1.69322
     113.321     -747.208     -857.056        -1254     -8.87752      11.7089       2.8325      65.8838     -853.892  2.12691e+06      -467293  -0.00378872      7.04434      61.8865     -525.112
     4037.22      227.965     -939.929      1222.45      76.1041      1360.38     -43.7409      1004.55       1679.6      -467293  4.60227e+08      5.54005      153.507     -234.421      2132.08
 -0.00248844 -5.67003e-05  0.000696519   0.00332582 -5.34157e-05 -0.000215806  1.64011e-05  -0.00112519   0.00433894  -0.00378872      5.54005  6.90103e-05  0.000141036   0.00106922   0.00387605
   0.0213681    -0.086267   -0.0512365     0.198128  -0.00320125  -0.00516116   0.00117986    0.0123793     0.190932      7.04434      153.507  0.000141036    0.0550849    0.0198712    0.0574351
    -1.71888     -3.27405     -0.16276      2.50733    0.0329639      0.13289  -0.00277774    -0.133974      2.66689      61.8865     -234.421   0.00106922    0.0198712      12.1333    -0.523513
     16.4857    -0.144779      12.0584      30.7016  -0.00524064    -0.692303    0.0602171      -2.4475      1.69322     -525.112      2132.08   0.00387605    0.0574351    -0.523513      48.5252
