   53.5307    9.29309   -19.3937    23.0493    2.49541   -1.25862    1.46842   -1.29072   -1.78015    2.72288    8.66564   -2.19249   0.246562   -18.0715     25.299
   9.29309    70.7768     6.9427   -25.0483  -0.838699   -0.44411    0.11248    9.05878    4.76143    -20.006    1.30217  -0.410917  -0.693094   -53.0059    1.79505
  -19.3937     6.9427    46.5681   -3.88414   -1.71117   0.593626   0.417177    -13.893   -7.54261   -21.4764   -1.55452  0.0942205  -0.579863   -11.1326    12.2352
   23.0493   -25.0483   -3.88414     82.956  -0.512579   -4.58598    1.19323   -18.7455    14.9158   -34.1455    4.45845    3.03035    1.93221    39.7817     40.956
   2.49541  -0.838699   -1.71117  -0.512579    21.5915   0.341478  -0.673395   0.551238   0.581177   -4.41929    3.56224  -0.696184  -0.556582    1.06487   0.229821
  -1.25862   -0.44411   0.593626   -4.58598   0.341478      9.645   0.104083   0.613988   -2.21132   0.764995    6.97992  -0.402642 -0.0945646   -1.83468   -2.63421
   1.46842    0.11248   0.417177    1.19323  -0.673395   0.104083    5.65885   -1.51244    -1.1422    2.52886   -4.14816   0.394457   0.401407   -1.38485    2.33854
  -1.29072    9.05878    -13.893   -18.7455   0.551238   0.613988   -1.51244    24.6335 0.00388379    10.9638 -0.0354978   -2.57594  -0.204848   -10.0363    -24.173
  -1.78015    4.76143   -7.54261    14.9158   0.581177   -2.21132    -1.1422 0.00388379    28.5774   -24.7807    4.75344    3.70105    1.78202    28.1797    4.06696
   2.72288    -20.006   -21.4764   -34.1455   -4.41929   0.764995    2.52886    10.9638   -24.7807    1467.39    -47.804  -0.184482    1.73297   -11.4026   -22.5288
   8.66564    1.30217   -1.55452    4.45845    3.56224    6.97992   -4.14816 -0.0354978    4.75344    -47.804    2675.35    11.7289    3.22226    1.23308    9.85973
  -2.19249  -0.410917  0.0942205    3.03035  -0.696184  -0.402642   0.394457   -2.57594    3.70105  -0.184482    11.7289    39.6974    1.12757    5.82912    1.39406
  0.246562  -0.693094  -0.579863    1.93221  -0.556582 -0.0945646   0.401407  -0.204848    1.78202    1.73297    3.22226    1.12757    4.41956    2.59221   0.871257
  -18.0715   -53.0059   -11.1326    39.7817    1.06487   -1.83468   -1.38485   -10.0363    28.1797   -11.4026    1.23308    5.82912    2.59221    84.1401    3.09737
    25.299    1.79505    12.2352     40.956   0.229821   -2.63421    2.33854    -24.173    4.06696   -22.5288    9.85973    1.39406   0.871257    3.09737    49.0955
