 6.80773e-09  2.83726e-05  3.28955e-10 -4.95302e-05  3.77638e-08  8.01231e-06  -0.00284181  1.72505e-05  2.17789e-06  2.19625e-06 -1.26155e-05  9.75284e-06   0.00822165 -1.81231e-05 -1.63652e-09
 2.83726e-05      64.9793  4.92351e-05     -21.2455     0.300619    -0.841643      77.2906      39.8511      1.08658      3.91958       4.4327       1.3761     -3.73725      5.83532  0.000159634
 3.28955e-10  4.92351e-05  9.63237e-08 -0.000104407 -5.04533e-06  -6.2961e-05    0.0114937  5.49632e-05 -3.64597e-05 -0.000106682  0.000255668  7.65708e-06   -0.0305836 -8.59926e-05  2.20072e-09
-4.95302e-05     -21.2455 -0.000104407      53.3345    -0.573021    -0.438605     -22.3814        4.845     -2.03242     -17.0614      2.80414      0.60525      64.1034     -1.14392 -4.47734e-05
 3.77638e-08     0.300619 -5.04533e-06    -0.573021     0.260404    0.0295103      8.41236    -0.113723    0.0109393     0.271153     -0.35939    -0.031933      -21.022   -0.0330819 -2.90054e-06
 8.01231e-06    -0.841643  -6.2961e-05    -0.438605    0.0295103      14.3185      12.7749     -0.18678   -0.0814152     -1.08988      2.48803    -0.427237     -16.4929     -0.41646 -8.50404e-05
 -0.00284181      77.2906    0.0114937     -22.3814      8.41236      12.7749       219193      560.571     -25.2525     -14.6603      16.1663     -87.3143      -347003      7.11676  -0.00114621
 1.72505e-05      39.8511  5.49632e-05        4.845    -0.113723     -0.18678      560.571       1233.1    -0.698589     -4.84129    -0.833876            0       91.193     -2.08234  0.000366139
 2.17789e-06      1.08658 -3.64597e-05     -2.03242    0.0109393   -0.0814152     -25.2525    -0.698589      4.30606       1.2247    -0.304297   -0.0619214      73.3758     0.295977  1.79599e-06
 2.19625e-06      3.91958 -0.000106682     -17.0614     0.271153     -1.08988     -14.6603     -4.84129       1.2247      25.7474     -17.5249     -1.13114     -88.2388       13.031  2.13552e-06
-1.26155e-05       4.4327  0.000255668      2.80414     -0.35939      2.48803      16.1663    -0.833876    -0.304297     -17.5249      64.3821      4.23207      -42.452      9.81207  0.000114645
 9.75284e-06       1.3761  7.65708e-06      0.60525    -0.031933    -0.427237     -87.3143            0   -0.0619214     -1.13114      4.23207      76.0388      498.829     0.364272 -3.88545e-05
  0.00822165     -3.73725   -0.0305836      64.1034      -21.022     -16.4929      -347003       91.193      73.3758     -88.2388      -42.452      498.829       965241       32.168   0.00791961
-1.81231e-05      5.83532 -8.59926e-05     -1.14392   -0.0330819     -0.41646      7.11676     -2.08234     0.295977       13.031      9.81207     0.364272       32.168      26.9804  3.75948e-05
-1.63652e-09  0.000159634  2.20072e-09 -4.47734e-05 -2.90054e-06 -8.50404e-05  -0.00114621  0.000366139  1.79599e-06  2.13552e-06  0.000114645 -3.88545e-05   0.00791961  3.75948e-05  7.21525e-08
