    51.5904     9.57066     -18.609     21.5912    0.318617   -0.727383    0.120525    -1.85398    -2.78592     33.9651     535.209  -0.0236256   0.0484256    -2.54646     18.5949
    9.57066      67.595     7.82076    -22.4919   -0.156005   -0.272242   0.0191106     4.62346      2.6046    -226.371     33.6717 -0.00387493    -0.17437    -4.91252    0.674917
    -18.609     7.82076     44.8686    0.239659   -0.276288    0.249836   0.0387893    -8.60456    -6.27998    -253.738    -130.519  0.00427903   -0.114674   -0.248425       12.06
    21.5912    -22.4919    0.239659     79.9359   -0.050155    -2.62809    0.111831    -12.6535      11.548     -378.33     151.245   0.0332799    0.416344     3.86615     33.4263
   0.318617   -0.156005   -0.276288   -0.050155       0.419   0.0260014 -0.00791805   0.0627676    0.100759     -6.8543     26.1627 -0.00126004  -0.0171641    0.130114   0.0200361
  -0.727383   -0.272242    0.249836    -2.62809   0.0260014      3.4242  0.00557013    0.134566     -1.2058     5.10108     243.025 -0.00277163   -0.014227     0.25701    -1.23165
   0.120525   0.0191106   0.0387893    0.111831 -0.00791805  0.00557013    0.041579   -0.112617  -0.0933581     2.51977    -20.0022 0.000440188  0.00812329  -0.0168724    0.198688
   -1.85398     4.62346    -8.60456    -12.6535   0.0627676    0.134566   -0.112617      22.205   -0.196738     69.6638     95.8426  -0.0331347  -0.0096538    0.444349    -21.5127
   -2.78592      2.6046    -6.27998      11.548    0.100759     -1.2058  -0.0933581   -0.196738     26.9077    -262.277     226.494    0.041898    0.398222     3.97284       2.343
    33.9651    -226.371    -253.738     -378.33     -6.8543     5.10108     2.51977     69.6638    -262.277      188164    -18576.9  -0.0114255     4.36967     27.3444    -175.005
    535.209     33.6717    -130.519     151.245     26.1627     243.025    -20.0022     95.8426     226.494    -18576.9 8.33324e+06      6.4244     41.7974    -45.3994     472.565
 -0.0236256 -0.00387493  0.00427903   0.0332799 -0.00126004 -0.00277163 0.000440188  -0.0331347    0.041898  -0.0114255      6.4244   0.0054988  0.00259574   0.0154163   0.0235494
  0.0484256    -0.17437   -0.114674    0.416344  -0.0171641   -0.014227  0.00812329  -0.0096538    0.398222     4.36967     41.7974  0.00259574    0.228582   0.0604847    0.166408
   -2.54646    -4.91252   -0.248425     3.86615    0.130114     0.25701  -0.0168724    0.444349     3.97284     27.3444    -45.3994   0.0154163   0.0604847     26.5503   -0.422137
    18.5949    0.674917       12.06     33.4263   0.0200361    -1.23165    0.198688    -21.5127       2.343    -175.005     472.565   0.0235494    0.166408   -0.422137     47.2464
