   51.6974    9.25206   -18.8886     21.868   0.833468  -0.960254    0.40128    -1.5338   -2.19127    9.30187    69.0417   -0.20378   0.109841   -4.04779     21.531
   9.25206     68.116    7.33522   -23.3286  -0.392278  -0.362422  0.0600108    6.63844    3.59761   -67.4319    4.68683 -0.0311487  -0.353554   -7.50533    1.24834
  -18.8886    7.33522    45.0196   -1.72381  -0.704935   0.381917    0.11937   -11.2295   -6.72251   -73.2796   -16.9819  0.0292323  -0.251897  -0.473131     12.055
    21.868   -23.3286   -1.72381    80.1683  -0.110408    -3.4621   0.355812   -15.8565    12.9142   -112.073    19.9788   0.301201   0.881527    6.32632    37.0678
  0.833468  -0.392278  -0.704935  -0.110408     2.8221  0.0908059 -0.0699406   0.180792   0.255527      -5.28    8.80885  -0.028875 -0.0913347   0.511463  0.0732447
 -0.960254  -0.362422   0.381917    -3.4621  0.0908059    5.84052  0.0247748   0.328665   -1.61979    1.98356    41.1144 -0.0320253 -0.0377751   0.517525   -1.82352
   0.40128  0.0600108    0.11937   0.355812 -0.0699406  0.0247748   0.481085   -0.40448  -0.315266    2.53527   -8.80488  0.0129176  0.0568683 -0.0859337   0.653207
   -1.5338    6.63844   -11.2295   -15.8565   0.180792   0.328665   -0.40448    22.9827 -0.0526396    28.1751    6.64903  -0.281079 -0.0648402 -0.0640631   -22.7595
  -2.19127    3.59761   -6.72251    12.9142   0.255527   -1.61979  -0.315266 -0.0526396     27.273   -79.2426     29.402   0.369445   0.820799    6.09677     3.1669
   9.30187   -67.4319   -73.2796   -112.073      -5.28    1.98356    2.53527    28.1751   -79.2426    16471.6   -713.031 -0.0261801    2.66039    11.3138   -63.6487
   69.0417    4.68683   -16.9819    19.9788    8.80885    41.1144   -8.80488    6.64903     29.402   -713.031     139749    8.31463    11.1247   -9.13883    64.4081
  -0.20378 -0.0311487  0.0292323   0.301201  -0.028875 -0.0320253  0.0129176  -0.281079   0.369445 -0.0261801    8.31463   0.427251  0.0478942    0.22685   0.178436
  0.109841  -0.353554  -0.251897   0.881527 -0.0913347 -0.0377751  0.0568683 -0.0648402   0.820799    2.66039    11.1247  0.0478942    0.96723   0.189932   0.383179
  -4.04779   -7.50533  -0.473131    6.32632   0.511463   0.517525 -0.0859337 -0.0640631    6.09677    11.3138   -9.13883    0.22685   0.189932    60.4242  -0.468223
    21.531    1.24834     12.055    37.0678  0.0732447   -1.82352   0.653207   -22.7595     3.1669   -63.6487    64.4081   0.178436   0.383179  -0.468223    47.2288
