   56.9928    10.1242   -19.8392    24.9536   -6.84155   -2.11861    12.5015   -1.55017    -1.4062   0.756593    1.10694   -22.7823  -0.204565   -19.1373    29.9247
   10.1242    76.0143    6.74682   -28.7995    2.02212  -0.499134  -0.275474    12.1937    5.35076   -5.82781   0.278854    24.3609   -2.41302   -58.0053    1.79835
  -19.8392    6.74682    50.5371   -6.91477    8.23515    1.02751   -2.20597   -17.7375   -8.64354   -6.03632  -0.430276    15.7629   -1.54416   -13.3531     13.262
   24.9536   -28.7995   -6.91477    89.9991   -30.7397   -7.01116    7.55138   -20.8451    18.4574   -10.3387   0.998852    8.44386    5.12131    46.9959    45.0985
  -6.84155    2.02212    8.23515   -30.7397    37.4047    1.86465   -14.6103   0.414918    7.80707   0.424777    1.09962   -11.6598   0.497802    3.70327   -8.69629
  -2.11861  -0.499134    1.02751   -7.01116    1.86465    17.0935   0.495994    1.05442   -3.57445   0.672872   0.811563   -1.75423  -0.435748   -3.26719   -4.31436
   12.5015  -0.275474   -2.20597    7.55138   -14.6103   0.495994     15.184   -4.21317   -14.3534    2.61393  -0.176289   -6.89119   -2.36256   -16.2126    9.59139
  -1.55017    12.1937   -17.7375   -20.8451   0.414918    1.05442   -4.21317    27.2103   0.188502    3.53034 -0.0382775  -0.743502  -0.312255   -11.6532   -25.9111
   -1.4062    5.35076   -8.64354    18.4574    7.80707   -3.57445   -14.3534   0.188502    30.5977   -7.38369    0.54879    12.7829    5.28956    30.4743    5.30567
  0.756593   -5.82781   -6.03632   -10.3387   0.424777   0.672872    2.61393    3.53034   -7.38369     119.01   -1.54034    -9.3141    1.50565   -3.80122   -7.06009
   1.10694   0.278854  -0.430276   0.998852    1.09962   0.811563  -0.176289 -0.0382775    0.54879   -1.54034    35.0034   -0.30628   0.910275 0.00133688    1.41459
  -22.7823    24.3609    15.7629    8.44386   -11.6598   -1.75423   -6.89119  -0.743502    12.7829    -9.3141   -0.30628    68.4772    2.31611    2.33214   -0.41247
 -0.204565   -2.41302   -1.54416    5.12131   0.497802  -0.435748   -2.36256  -0.312255    5.28956    1.50565   0.910275    2.31611    24.9185    8.12708    1.55704
  -19.1373   -58.0053   -13.3531    46.9959    3.70327   -3.26719   -16.2126   -11.6532    30.4743   -3.80122 0.00133688    2.33214    8.12708    90.9377    2.78263
   29.9247    1.79835     13.262    45.0985   -8.69629   -4.31436    9.59139   -25.9111    5.30567   -7.06009    1.41459   -0.41247    1.55704    2.78263    52.9773
