    2887.78           0           0           0     30.2999      16.236           0           0    -2.22815    -1015.09    -13.8094
          0      1487.4           0           0     28.1697           0           0           0           0           0           0
          0           0     32396.6           0    -165.003           0           0           0           0           0           0
          0           0           0     17131.6     61.2089           0           0           0           0           0           0
    30.2999     28.1697    -165.003     61.2089     23.0876     2.56176    -7.18041    -786.146     -4.7135    -400.596     13.0459
     16.236           0           0           0     2.56176     230.706    -5.54893     266.141   -0.700812           0           0
          0           0           0           0    -7.18041    -5.54893     459.414           0           0           0    -1.46539
          0           0           0           0    -786.146     266.141           0 2.02008e+06           0           0           0
   -2.22815           0           0           0     -4.7135   -0.700812           0           0     38.8653           0   -0.544014
   -1015.09           0           0           0    -400.596           0           0           0           0      369285    -103.647
   -13.8094           0           0           0     13.0459           0    -1.46539           0   -0.544014    -103.647     294.431
