      51.738      2.90076    -0.802183            0      1.12248    -0.174814      8.84761  1.07247e-06     0.265143    0.0252603     0.242178      2.41916    -0.254176     0.112733 -0.000286514
     2.90076      35.4325      4.42995     -3267.45     -3.39947    0.0629025      20.8048 -3.14629e-05      1.01536    -0.706291    -0.242499     -7.43724     -3.31348      1.82497  0.000172727
   -0.802183      4.42995      27.9698     -30620.1     -2.42348   -0.0795714      14.2299 -5.26414e-06     0.672469    -0.481814     0.340279     -5.90209      17.6364     -3.79338 -0.000279182
           0     -3267.45     -30620.1  1.62849e+10      12252.3      2575.99     -69422.3    -0.396148      989.837      1559.37     -4802.66     -13195.5     -13011.3       -19716     -74.4963
     1.12248     -3.39947     -2.42348      12252.3      104.643    0.0409363    -0.321812 -2.68051e-05     0.485875    -0.313212    0.0188937      2.45057     -2.06187      1.34496  -0.00476901
   -0.174814    0.0629025   -0.0795714      2575.99    0.0409363     0.446162     0.217671 -5.65724e-07    0.0165862   -0.0192538   -0.0196122     0.195792    -0.077841    -0.148439 -0.000584211
     8.84761      20.8048      14.2299     -69422.3    -0.321812     0.217671      65.5629 -0.000108659       1.3288    -0.571925     0.340482      15.0673      5.68077     -4.93772  -0.00314821
 1.07247e-06 -3.14629e-05 -5.26414e-06    -0.396148 -2.68051e-05 -5.65724e-07 -0.000108659  3.50552e-08 -1.76323e-06  -3.1382e-06 -2.18371e-06 -1.00769e-05  3.07568e-05  7.58901e-05 -7.83566e-08
    0.265143      1.01536     0.672469      989.837     0.485875    0.0165862       1.3288 -1.76323e-06      5.27655     0.141265   -0.0694221     -0.27294   -0.0678612     -1.23531   -0.0011485
   0.0252603    -0.706291    -0.481814      1559.37    -0.313212   -0.0192538    -0.571925  -3.1382e-06     0.141265      2.17565    0.0118995     0.352408    -0.146975      0.57658  0.000280608
    0.242178    -0.242499     0.340279     -4802.66    0.0188937   -0.0196122     0.340482 -2.18371e-06   -0.0694221    0.0118995      1.15007  -0.00397451     0.181588    -0.375308 -0.000484314
     2.41916     -7.43724     -5.90209     -13195.5      2.45057     0.195792      15.0673 -1.00769e-05     -0.27294     0.352408  -0.00397451      19.9678      -2.3012      2.89741  0.000222442
   -0.254176     -3.31348      17.6364     -13011.3     -2.06187    -0.077841      5.68077  3.07568e-05   -0.0678612    -0.146975     0.181588      -2.3012      18.3804      1.87471   0.00167552
    0.112733      1.82497     -3.79338       -19716      1.34496    -0.148439     -4.93772  7.58901e-05     -1.23531      0.57658    -0.375308      2.89741      1.87471      36.5328   0.00397869
-0.000286514  0.000172727 -0.000279182     -74.4963  -0.00476901 -0.000584211  -0.00314821 -7.83566e-08   -0.0011485  0.000280608 -0.000484314  0.000222442   0.00167552   0.00397869  0.000137606
