 7.19234e+09      300.043      226.909            0      17262.4      23023.6      -115867     -24833.3      63266.9      13.5385     -25958.5     -876.554     -27436.7 -1.84693e+08     0.228837     -14619.2
     300.043      3.23118   0.00060201  -0.00779309      1.97493      1.09036      4.64434     0.705138     -4.38839  0.000185558    -0.284673    -0.218504     0.455593        14847 -2.26456e-06     0.857125
     226.909   0.00060201       0.0236 -2.22394e-06    0.0830134   -0.0993604     0.614186    0.0555083   -0.0368658  9.20441e-06    0.0680527    0.0272668   -0.0629873       129.57 -3.18154e-09  -0.00140091
           0  -0.00779309 -2.22394e-06     0.296086     0.162286     0.298477            0   -0.0266655     0.281941  2.08503e-05    0.0480959   -0.0764995     0.323176     -994.179   9.3069e-07    -0.189126
     17262.4      1.97493    0.0830134     0.162286      53.0333      15.2467      96.8114      9.90548     -1.55769   0.00459392       22.787     -6.92957     -2.44624     -2113.72 -3.92683e-05      18.8382
     23023.6      1.09036   -0.0993604     0.298477      15.2467      41.6901      49.4037     -13.0818     -2.49099   0.00104732      1.67664     -5.82334      1.42696      13948.2 -5.37041e-05     -5.44549
     -115867      4.64434     0.614186            0      96.8114      49.4037      12678.6       77.004     -59.0006    0.0143651     -33.8313     0.199206      25.4008       168582 -0.000190806      24.0007
    -24833.3     0.705138    0.0555083   -0.0266655      9.90548     -13.0818       77.004        45.74      10.4432   0.00327649     -5.68485      3.89019     -2.50001     -21732.1  3.29059e-05     -14.7372
     63266.9     -4.38839   -0.0368658     0.281941     -1.55769     -2.49099     -59.0006      10.4432      2549.96   0.00192762      -20.315     0.154984      43.6058 -9.25516e+06  2.32065e-05     -6.14447
     13.5385  0.000185558  9.20441e-06  2.08503e-05   0.00459392   0.00104732    0.0143651   0.00327649   0.00192762  1.88424e-05    0.0101344  0.000386629   0.00281481     -7.15258   3.3261e-08  0.000891216
    -25958.5    -0.284673    0.0680527    0.0480959       22.787      1.67664     -33.8313     -5.68485      -20.315    0.0101344      1135.99    0.0695741     -9.30069      65312.8  0.000121388      7.77791
    -876.554    -0.218504    0.0272668   -0.0764995     -6.92957     -5.82334     0.199206      3.89019     0.154984  0.000386629    0.0695741      10.2786      1.58619      2800.36  1.67464e-06     -5.60378
    -27436.7     0.455593   -0.0629873     0.323176     -2.44624      1.42696      25.4008     -2.50001      43.6058   0.00281481     -9.30069      1.58619      44.8182      -145900  -9.2593e-05      7.46841
-1.84693e+08        14847       129.57     -994.179     -2113.72      13948.2       168582     -21732.1 -9.25516e+06     -7.15258      65312.8      2800.36      -145900  3.47227e+10 -0.000325335      6142.95
    0.228837 -2.26456e-06 -3.18154e-09   9.3069e-07 -3.92683e-05 -5.37041e-05 -0.000190806  3.29059e-05  2.32065e-05   3.3261e-08  0.000121388  1.67464e-06  -9.2593e-05 -0.000325335  1.83223e-08  7.91891e-06
    -14619.2     0.857125  -0.00140091    -0.189126      18.8382     -5.44549      24.0007     -14.7372     -6.14447  0.000891216      7.77791     -5.60378      7.46841      6142.95  7.91891e-06      48.5417
