      18.403      1.69889    -0.439047            0     0.509856    -0.212259      5.19323  5.48581e-06      0.19568    0.0274446     0.287968      1.43015    -0.153671    0.0288363  -0.00187276
     1.69889      35.4462      5.33879     -42.7249     -2.96692     0.119639      21.5297 -0.000286661      1.26012     -1.30116    -0.452395     -8.26725     -2.78093       1.2145   0.00211861
   -0.439047      5.33879      27.8903     -442.057      -1.7296    -0.165828       14.992 -4.42096e-05     0.865851    -0.905918      0.68039     -6.82984      17.7079     -4.76953  -0.00404592
           0     -42.7249     -442.057  3.45105e+06      133.534      76.1655     -975.438   -0.0509711      17.8202      40.4324     -138.921     -195.856     -195.462     -271.559     -11.9266
    0.509856     -2.96692      -1.7296      133.534      58.1442    0.0626888    -0.321834 -0.000193811     0.502195    -0.418156    0.0302109      2.06099       -1.361     0.718363   -0.0393907
   -0.212259     0.119639    -0.165828      76.1655    0.0626888      1.84444     0.483037 -1.14085e-05    0.0415927   -0.0704332    -0.077771     0.388099    -0.165197    -0.289472   -0.0130696
     5.19323      21.5297       14.992     -975.438    -0.321834     0.483037      66.1719 -0.000996463      1.70264     -1.08525     0.662684      15.0404        5.912     -6.33773   -0.0329729
 5.48581e-06 -0.000286661 -4.42096e-05   -0.0509711 -0.000193811 -1.14085e-05 -0.000996463  3.03012e-06 -2.09751e-05 -5.09552e-05 -3.57228e-05 -8.46086e-05  0.000311244  0.000734917 -7.29251e-06
     0.19568      1.26012     0.865851      17.8202     0.502195    0.0415927      1.70264 -2.09751e-05      8.02553     0.304766    -0.169551    -0.376474   -0.0740966     -1.55062   -0.0155868
   0.0274446     -1.30116    -0.905918      40.4324    -0.418156   -0.0704332     -1.08525 -5.09552e-05     0.304766      6.96296    0.0417282     0.677682    -0.268256      1.10182    0.0055193
    0.287968    -0.452395      0.68039     -138.921    0.0302109    -0.077771     0.662684 -3.57228e-05    -0.169551    0.0417282      4.53303   -0.0214368     0.355692    -0.750784   -0.0106021
     1.43015     -8.26725     -6.82984     -195.856      2.06099     0.388099      15.0404 -8.46086e-05    -0.376474     0.677682   -0.0214368      19.9875     -2.75999      3.91685   0.00254488
   -0.153671     -2.78093      17.7079     -195.462       -1.361    -0.165197        5.912  0.000311244   -0.0740966    -0.268256     0.355692     -2.75999      18.5264      1.61189    0.0181042
   0.0288363       1.2145     -4.76953     -271.559     0.718363    -0.289472     -6.33773  0.000734917     -1.55062      1.10182    -0.750784      3.91685      1.61189      36.6945    0.0445716
 -0.00187276   0.00211861  -0.00404592     -11.9266   -0.0393907   -0.0130696   -0.0329729 -7.29251e-06   -0.0155868    0.0055193   -0.0106021   0.00254488    0.0181042    0.0445716    0.0166666
