   28.0287   0.784204   0.637448    -5.2722   -1.23637   -1.70072    5.22601  0.0408521  -0.263228  -0.479357 0.00625165      1.837    1.37573    0.65609   0.942558
  0.784204    40.4397    7.44298   -1.69963    7.53837    9.92594    26.4373 -0.0823723    2.42058    8.43335   -1.37188   -10.3562   -1.56647    0.46949   0.201451
  0.637448    7.44298    31.8007   -2.43631    2.14203   0.947371    21.0112 -0.0408471    1.50111   -19.0375   -2.92084   -8.71939    20.9825   -7.46593 -0.0804495
   -5.2722   -1.69963   -2.43631    177.336    9.32999   0.677595   -9.29289  -0.143859    1.34386   -2.50934   0.702547   -2.22777   -1.10019   -1.12381   -1.88135
  -1.23637    7.53837    2.14203    9.32999    44.1879    4.88317   0.188713  -0.188746    5.96252   -3.63109   -4.63845   -13.8139   -4.28647   -32.7582  -0.745517
  -1.70072    9.92594   0.947371   0.677595    4.88317    16.9608    18.7122 -0.0914013    1.86445    1.41205   -6.34906    4.83235   -7.03442   -7.15097  -0.670902
   5.22601    26.4373    21.0112   -9.29289   0.188713    18.7122    76.9324  -0.254434    3.82069   -10.5272   -13.4182    15.5175    7.96648   -12.2184  -0.464318
 0.0408521 -0.0823723 -0.0408471  -0.143859  -0.188746 -0.0914013  -0.254434   0.257012  -0.028686   -0.11628  0.0346819 -0.0132054   0.061742   0.194931 -0.0595458
 -0.263228    2.42058    1.50111    1.34386    5.96252    1.86445    3.82069  -0.028686    26.9462   0.485096   -1.09149  -0.849009  -0.621201   -3.06874  -0.985669
 -0.479357    8.43335   -19.0375   -2.50934   -3.63109    1.41205   -10.5272   -0.11628   0.485096    40.8964    7.78801   -2.58875   -19.6191    10.7241  -0.670438
0.00625165   -1.37188   -2.92084   0.702547   -4.63845   -6.34906   -13.4182  0.0346819   -1.09149    7.78801    6.58079   -5.12959    0.60686     8.5937   0.153112
     1.837   -10.3562   -8.71939   -2.22777   -13.8139    4.83235    15.5175 -0.0132054  -0.849009   -2.58875   -5.12959    22.6072   -4.99632    6.53366  -0.120513
   1.37573   -1.56647    20.9825   -1.10019   -4.28647   -7.03442    7.96648   0.061742  -0.621201   -19.6191    0.60686   -4.99632    21.5825    1.40046   0.278022
   0.65609    0.46949   -7.46593   -1.12381   -32.7582   -7.15097   -12.2184   0.194931   -3.06874    10.7241     8.5937    6.53366    1.40046    42.0965    1.20348
  0.942558   0.201451 -0.0804495   -1.88135  -0.745517  -0.670902  -0.464318 -0.0595458  -0.985669  -0.670438   0.153112  -0.120513   0.278022    1.20348    8.41003
