     27.7596      2.08625    -0.581444            0      0.64206    -0.196693      6.44897  1.76419e-06     0.221026    0.0262003     0.267547      1.74261    -0.196397    0.0740564 -0.000887771
     2.08625        35.43      4.96666     -237.554     -2.99399     0.093816      21.1268 -7.05701e-05      1.15597     -1.00618    -0.362428      -7.8938     -3.03486      1.45733  0.000834413
   -0.581444      4.96666       27.925     -2498.82       -1.756    -0.122917      14.4733 -1.17117e-05     0.781996    -0.696898     0.512126     -6.40168      17.6503     -4.35862  -0.00133997
           0     -237.554     -2498.82   1.1091e+08      776.847      325.711     -5644.47   -0.0729196      92.9107      181.981     -596.843     -1079.62     -1086.78     -1594.69     -26.0991
     0.64206     -2.99399       -1.756      776.847      61.2689    0.0485344    -0.251706 -4.64936e-05      0.47096    -0.337685    0.0242335      2.06667     -1.39726     0.742713   -0.0156055
   -0.196693     0.093816    -0.122917      325.711    0.0485344      1.05013     0.348714 -2.02559e-06    0.0288687   -0.0417067   -0.0452346     0.296865    -0.121964    -0.223399  -0.00380689
     6.44897      21.1268      14.4733     -5644.47    -0.251706     0.348714      66.0361  -0.00024782      1.53864    -0.831312      0.50183       14.897      5.72191     -5.55403   -0.0131012
 1.76419e-06 -7.05701e-05 -1.17117e-05   -0.0729196 -4.64936e-05 -2.02559e-06  -0.00024782  1.83249e-07 -4.63022e-06 -9.96937e-06 -6.99361e-06 -2.09776e-05  7.29113e-05  0.000175968 -7.32536e-07
    0.221026      1.15597     0.781996      92.9107      0.47096    0.0288687      1.53864 -4.63022e-06      6.79429       0.2264    -0.118484    -0.331104   -0.0734047     -1.41438  -0.00553598
   0.0262003     -1.00618    -0.696898      181.981    -0.337685   -0.0417067    -0.831312 -9.96937e-06       0.2264      4.33997     0.025278     0.513151    -0.211655     0.826993   0.00168372
    0.267547    -0.362428     0.512126     -596.843    0.0242335   -0.0452346      0.50183 -6.99361e-06    -0.118484     0.025278      2.60164   -0.0106359     0.274886    -0.569578  -0.00309448
     1.74261      -7.8938     -6.40168     -1079.62      2.06667     0.296865       14.897 -2.09776e-05    -0.331104     0.513151   -0.0106359       19.962     -2.52718      3.43309   0.00104298
   -0.196397     -3.03486      17.6503     -1086.78     -1.39726    -0.121964      5.72191  7.29113e-05   -0.0734047    -0.211655     0.274886     -2.52718      18.4628      1.72072   0.00707548
   0.0740564      1.45733     -4.35862     -1594.69     0.742713    -0.223399     -5.55403  0.000175968     -1.41438     0.826993    -0.569578      3.43309      1.72072      36.5985    0.0169921
-0.000887771  0.000834413  -0.00133997     -26.0991   -0.0156055  -0.00380689   -0.0131012 -7.32536e-07  -0.00553598   0.00168372  -0.00309448   0.00104298   0.00707548    0.0169921   0.00248341
