 4.23975e+13      47316.5   -2.526e+09 -2.84246e+06      3.28105   -1.215e+06       168723        87814      -761284      -831577  1.07642e+08      4751.45     -341.125       629423            0
     47316.5     0.188005      171.207    -0.358376  4.04476e-06    -0.265938  -0.00823794   -0.0163911   -0.0961135    -0.176368     -5.43051  6.28151e-05  0.000114191    0.0148234      -268760
  -2.526e+09      171.207  4.78384e+08      -3229.3    -0.105623     -1379.88     -303.241      745.642      578.968     -2629.19 -1.77186e+06     -3.18346      10.7832     -4506.58 -1.65026e+10
-2.84246e+06    -0.358376      -3229.3      69.0458 -2.58149e-05      6.25245    -0.669714     0.891818      25.5309      10.5872      18.5253  -0.00157766    0.0052671      4.19402  3.04633e+07
     3.28105  4.04476e-06    -0.105623 -2.58149e-05  4.99222e-08   -0.0001227  6.68641e-06 -8.21292e-06 -1.06065e-05 -8.77459e-05   0.00601293 -2.77709e-08   2.1836e-08 -1.94916e-05      27.4829
  -1.215e+06    -0.265938     -1379.88      6.25245   -0.0001227      27.4288    -0.126927   -0.0718915     -2.94159      11.5531      65.0921 -7.08904e-05 -0.000857154     0.967028 -2.45929e+07
      168723  -0.00823794     -303.241    -0.669714  6.68641e-06    -0.126927     0.924814   -0.0271085    -0.157747   -0.0514052      1.45501  0.000104619 -0.000101251    -0.550898      -316046
       87814   -0.0163911      745.642     0.891818 -8.21292e-06   -0.0718915   -0.0271085       1.0755     0.388338     0.104377      11.3973   8.1089e-05  0.000124083      0.20231   1.2923e+06
     -761284   -0.0961135      578.968      25.5309 -1.06065e-05     -2.94159    -0.157747     0.388338      15.9312      4.44427     -88.9318 -4.33244e-05   0.00290134      -5.7002  2.25699e+07
     -831577    -0.176368     -2629.19      10.5872 -8.77459e-05      11.5531   -0.0514052     0.104377      4.44427      14.9613      57.6798  9.49152e-05  0.000138464    -0.652405 -1.18161e+07
 1.07642e+08     -5.43051 -1.77186e+06      18.5253   0.00601293      65.0921      1.45501      11.3973     -88.9318      57.6798       143122   -0.0660966     0.436003      27.0171  5.39501e+08
     4751.45  6.28151e-05     -3.18346  -0.00157766 -2.77709e-08 -7.08904e-05  0.000104619   8.1089e-05 -4.33244e-05  9.49152e-05   -0.0660966  1.68928e-05  5.13256e-07  -0.00145437     -3915.56
    -341.125  0.000114191      10.7832    0.0052671   2.1836e-08 -0.000857154 -0.000101251  0.000124083   0.00290134  0.000138464     0.436003  5.13256e-07  6.42252e-05  -0.00520966     -1450.81
      629423    0.0148234     -4506.58      4.19402 -1.94916e-05     0.967028    -0.550898      0.20231      -5.7002    -0.652405      27.0171  -0.00145437  -0.00520966      38.9764 -7.04967e+06
           0      -268760 -1.65026e+10  3.04633e+07      27.4829 -2.45929e+07      -316046   1.2923e+06  2.25699e+07 -1.18161e+07  5.39501e+08     -3915.56     -1450.81 -7.04967e+06  5.07021e+15
