     41.7489      2.58681    -0.720086            0     0.898535    -0.181774      7.94356  1.12611e-06     0.248689    0.0255404     0.250147      2.15784    -0.231445    0.0995715 -0.000421869
     2.58681      35.4255      4.60014     -1407.15     -3.04682    0.0722082      20.9016 -3.69903e-05      1.06114    -0.796999    -0.278482     -7.58665     -3.23283      1.70436  0.000298396
   -0.720086      4.60014      27.9544     -13808.8     -2.17461   -0.0922608      14.2766 -6.31211e-06     0.707727    -0.546431     0.391157      -6.0607      17.6319      -3.9764 -0.000474878
           0     -1407.15     -13808.8  3.33901e+09      4941.71      1348.77     -31313.1    -0.211338      468.842      795.363     -2502.62     -5935.59     -5911.25     -8887.96     -55.2919
    0.898535     -3.04682     -2.17461      4941.71      83.0901    0.0422226    -0.314069 -2.84249e-05      0.45282    -0.314096    0.0193719      2.19442     -1.84022      1.21182  -0.00697019
   -0.181774    0.0722082   -0.0922608      1348.77    0.0422226      0.59781      0.25543 -7.76934e-07    0.0200455   -0.0250756   -0.0260964     0.225874   -0.0906781    -0.170892  -0.00110878
     7.94356      20.9016      14.2766     -31313.1    -0.314069      0.25543      65.7501   -0.0001286      1.39654    -0.649593     0.388924      14.9868      5.67324     -5.10042  -0.00513185
 1.12611e-06 -3.69903e-05 -6.31211e-06    -0.211338 -2.84249e-05 -7.76934e-07   -0.0001286  4.91116e-08  -2.1815e-06 -4.16596e-06 -2.93316e-06 -1.15081e-05  3.66459e-05  9.00342e-05 -1.51117e-07
    0.248689      1.06114     0.707727      468.842      0.45282    0.0200455      1.39654  -2.1815e-06       5.7529     0.166003   -0.0833536    -0.291609   -0.0701674     -1.29323  -0.00196642
   0.0255404    -0.796999    -0.546431      795.363    -0.314096   -0.0250756    -0.649593 -4.16596e-06     0.166003      2.75553    0.0154008     0.400556     -0.16622     0.652038  0.000517856
    0.250147    -0.278482     0.391157     -2502.62    0.0193719   -0.0260964     0.388924 -2.93316e-06   -0.0833536    0.0154008      1.52072  -0.00598746     0.209113    -0.432466 -0.000913208
     2.15784     -7.58665      -6.0607     -5935.59      2.19442     0.225874      14.9868 -1.15081e-05    -0.291609     0.400556  -0.00598746      19.9618     -2.36669      3.06296  0.000382619
   -0.231445     -3.23283      17.6319     -5911.25     -1.84022   -0.0906781      5.67324  3.66459e-05   -0.0701674     -0.16622     0.209113     -2.36669      18.4044      1.82429   0.00274429
   0.0995715      1.70436      -3.9764     -8887.96      1.21182    -0.170892     -5.10042  9.00342e-05     -1.29323     0.652038    -0.432466      3.06296      1.82429      36.5479    0.0065292
-0.000421869  0.000298396 -0.000474878     -55.2919  -0.00697019  -0.00110878  -0.00513185 -1.51117e-07  -0.00196642  0.000517856 -0.000913208  0.000382619   0.00274429    0.0065292  0.000370015
