     11.1366      1.40041    -0.132318            0     0.350758    -0.413277      3.87556  8.30475e-05     0.181467  -0.00445444   -0.0880656      1.19072   -0.0210478     -0.15553   -0.0121466
     1.40041      37.0587      6.39635     -2.03752     -2.73445     0.756904      23.6145   -0.0100152      1.75645     -2.16381      -0.8194       -9.223     -2.07653     0.640971    0.0227741
   -0.132318      6.39635      28.9839     -15.3824     -1.59408     0.203284      17.5661  -0.00254928      1.10573     -2.63031     -2.09477     -7.85632       18.773     -6.14859   -0.0303723
           0     -2.03752     -15.3824      3782.79      3.91409      6.07842     -30.0673   -0.0621671     0.641009      1.43064      -1.3466     -8.02107     -7.08511      -7.6964     -2.97685
    0.350758     -2.73445     -1.59408      3.91409      45.0498     0.491833    -0.364852  -0.00658218     0.686872    -0.832872   -0.0484402      2.00944     -1.25633     0.627617    -0.264738
   -0.413277     0.756904     0.203284      6.07842     0.491833      13.5859      2.02803 -0.000381145   -0.0378423     -8.51927    -0.788074     0.618493     -0.27522     -1.38629    -0.272587
     3.87556      23.6145      17.5661     -30.0673    -0.364852      2.02803      69.6854   -0.0351255      2.77953     -2.27867     -9.96609      15.3783         6.89     -9.33253    -0.194987
 8.30475e-05   -0.0100152  -0.00254928   -0.0621671  -0.00658218 -0.000381145   -0.0351255    0.0040676  -0.00129766  -0.00553252   0.00525617   -0.0037234    0.0113741    0.0292929   -0.0019857
    0.181467      1.75645      1.10573     0.641009     0.686872   -0.0378423      2.77953  -0.00129766      15.7556      1.39058    -0.704176    -0.679726     -0.17193     -2.17049    -0.157574
 -0.00445444     -2.16381     -2.63031      1.43064    -0.832872     -8.51927     -2.27867  -0.00553252      1.39058      35.9746     0.746723      1.54883     -1.40756       3.0128    0.0799285
  -0.0880656      -0.8194     -2.09477      -1.3466   -0.0484402    -0.788074     -9.96609   0.00525617    -0.704176     0.746723      5.32909     -4.75743     0.223515      6.94897    0.0103094
     1.19072       -9.223     -7.85632     -8.02107      2.00944     0.618493      15.3783   -0.0037234    -0.679726      1.54883     -4.75743      20.5938     -3.77906      5.37067   -0.0153127
  -0.0210478     -2.07653       18.773     -7.08511     -1.25633     -0.27522         6.89    0.0113741     -0.17193     -1.40756     0.223515     -3.77906      19.4188      1.52068     0.142648
    -0.15553     0.640971     -6.14859      -7.6964     0.627617     -1.38629     -9.33253    0.0292929     -2.17049       3.0128      6.94897      5.37067      1.52068      38.4557     0.347192
  -0.0121466    0.0227741   -0.0303723     -2.97685    -0.264738    -0.272587    -0.194987   -0.0019857    -0.157574    0.0799285    0.0103094   -0.0153127     0.142648     0.347192     0.928274
