     14.3125      1.57638    -0.208624            0     0.429885    -0.282298      4.43905  1.66724e-05     0.173595    0.0349065     0.102226      1.34841   -0.0584818    -0.121989  -0.00506636
     1.57638      36.8195      5.90845     -10.9585     -2.93035    0.0693256      23.0412  -0.00183454      1.47403     -1.90089    -0.634132      -8.9487     -2.49542     0.930971   0.00828316
   -0.208624      5.90845      28.8366     -84.0282      -1.6915     -0.25568       16.376 -0.000398619     0.899242     -1.35213     -1.82124     -7.54484      18.3913     -5.44391   -0.0100767
           0     -10.9585     -84.0282       110959      22.9834      22.8411     -166.678   -0.0550388       3.0288      11.0235     -15.0404     -40.5103     -36.3244     -44.9401     -5.93398
    0.429885     -2.93035      -1.6915      22.9834      52.8586    0.0899123    -0.283975  -0.00115399     0.630767    -0.657818    0.0132453      2.12822     -1.34766     0.679339    -0.105134
   -0.282298    0.0693256     -0.25568      22.8411    0.0899123      4.17618     0.811098 -0.000122203    0.0626729    -0.157356    -0.362366     0.615033    -0.252559    -0.476547    -0.055154
     4.43905      23.0412       16.376     -166.678    -0.283975     0.811098      68.5411  -0.00594938      2.27314     -1.64793     -7.22182      15.6759      6.33646      -7.9434   -0.0733365
 1.66724e-05  -0.00183454 -0.000398619   -0.0550388  -0.00115399 -0.000122203  -0.00594938  0.000108212 -0.000176324 -0.000497215  0.000508056 -0.000548821   0.00190833   0.00475408 -0.000120076
    0.173595      1.47403     0.899242       3.0288     0.630767    0.0626729      2.27314 -0.000176324       11.044     0.523732    -0.555256    -0.529443     -0.15905     -1.79561   -0.0485963
   0.0349065     -1.90089     -1.35213      11.0235    -0.657818    -0.157356     -1.64793 -0.000497215     0.523732      15.2813     0.266961     0.999401    -0.396294      1.71416    0.0209591
    0.102226    -0.634132     -1.82124     -15.0404    0.0132453    -0.362366     -7.22182  0.000508056    -0.555256     0.266961        5.003     -4.27037     -0.24653       6.0862  -0.00828636
     1.34841      -8.9487     -7.54484     -40.5103      2.12822     0.615033      15.6759 -0.000548821    -0.529443     0.999401     -4.27037      20.6199     -3.14887      4.66776  -0.00311777
  -0.0584818     -2.49542      18.3913     -36.3244     -1.34766    -0.252559      6.33646   0.00190833     -0.15905    -0.396294     -0.24653     -3.14887      19.1586       1.5726     0.054761
   -0.121989     0.930971     -5.44391     -44.9401     0.679339    -0.476547      -7.9434   0.00475408     -1.79561      1.71416       6.0862      4.66776       1.5726      38.2898     0.124184
 -0.00506636   0.00828316   -0.0100767     -5.93398    -0.105134    -0.055154   -0.0733365 -0.000120076   -0.0485963    0.0209591  -0.00828636  -0.00311777     0.054761     0.124184     0.125757
