     147.434  0.000605044    0.0021875      2.61737     0.239914      7.01948  -3.0335e-05    0.0274265   -0.0124571     -1.50166      6.27359     -3.61416     -1.65345     -5.65921      116.366
 0.000605044  1.32832e-05  4.68538e-07  -0.00110586 -2.73862e-05 -0.000379357  3.04853e-08            0 -3.53615e-06    -7.47e-05 -0.000289273  0.000568761 -0.000324906 -0.000364541   0.00233008
   0.0021875  4.68538e-07    0.0333148    0.0364822   0.00322036   0.00104997 -2.42089e-06   0.00131787 -0.000102701   -0.0154276   -0.0400382  -0.00490315     0.003653     0.037973   -0.0108642
     2.61737  -0.00110586    0.0364822      115.157   -0.0680251      4.85939 -5.03223e-05   0.00399831   -0.0016497     -3.68341    -0.617612      5.12316     -1.48325      7.60779    -0.734196
    0.239914 -2.73862e-05   0.00322036   -0.0680251      7.42333    -0.147099  1.51928e-05   -0.0136143 -0.000962494    0.0350764     0.549898 -0.000699338    0.0806919     0.152375     0.421547
     7.01948 -0.000379357   0.00104997      4.85939    -0.147099      29.1707 -4.65607e-05   0.00424271   0.00597061     -5.82644    -0.292379     -2.60554     -8.47959     -7.08042      3.10966
 -3.0335e-05  3.04853e-08 -2.42089e-06 -5.03223e-05  1.51928e-05 -4.65607e-05  5.06677e-08  1.40034e-07 -1.69505e-06  4.27457e-05 -4.40493e-05 -7.97977e-06 -7.86266e-05  0.000145188  2.20823e-06
   0.0274265            0   0.00131787   0.00399831   -0.0136143   0.00424271  1.40034e-07    0.0589407 -0.000219291   0.00373238   0.00388744   -0.0484865    0.0300042    0.0193481  0.000129209
  -0.0124571 -3.53615e-06 -0.000102701   -0.0016497 -0.000962494   0.00597061 -1.69505e-06 -0.000219291    0.0306279   -0.0066561    0.0271077     0.106163    -0.016545    0.0315515   0.00404641
    -1.50166    -7.47e-05   -0.0154276     -3.68341    0.0350764     -5.82644  4.27457e-05   0.00373238   -0.0066561      10.6424     -1.99526      -8.8949     -11.8149     -1.85474     0.944953
     6.27359 -0.000289273   -0.0400382    -0.617612     0.549898    -0.292379 -4.40493e-05   0.00388744    0.0271077     -1.99526      33.3677     -1.02826      4.95845     -9.73312      2.23382
    -3.61416  0.000568761  -0.00490315      5.12316 -0.000699338     -2.60554 -7.97977e-06   -0.0484865     0.106163      -8.8949     -1.02826      46.4084      1.55575      31.7908      -3.9616
    -1.65345 -0.000324906     0.003653     -1.48325    0.0806919     -8.47959 -7.86266e-05    0.0300042    -0.016545     -11.8149      4.95845      1.55575      38.4847     -12.1298     -2.18045
    -5.65921 -0.000364541     0.037973      7.60779     0.152375     -7.08042  0.000145188    0.0193481    0.0315515     -1.85474     -9.73312      31.7908     -12.1298      50.9733      -5.8496
     116.366   0.00233008   -0.0108642    -0.734196     0.421547      3.10966  2.20823e-06  0.000129209   0.00404641     0.944953      2.23382      -3.9616     -2.18045      -5.8496      121.945
