  23.0791  -1.00608   12.3996   3.26862   -1.2541     9.811 -0.227889  0.426496  0.319932  -12.7771  0.349688   13.1457   9.88688   11.3933  0.553521
 -1.00608   30.2837 -0.801892  -1.63488  -1.17022  -0.33998  0.711819   5.51706  -1.01195 -0.141824 -0.707994 -0.230355 -0.979735  -1.20757   2.86934
  12.3996 -0.801892   54.6376   2.57312  -4.03162   8.98557   -1.6999   3.00862  -1.15328  -4.26961  -24.6795   8.38138  -4.32326   15.6408  -1.93708
  3.26862  -1.63488   2.57312   75.3844  -5.19125   11.8059  0.571307 -0.140287  -1.67854   3.87128   3.83289  -6.39228  -20.5875   14.5459 -0.368379
  -1.2541  -1.17022  -4.03162  -5.19125    32.228 -0.690094  0.657433    -0.534 0.0453504   1.18029   1.44079  -1.42668 -0.237204  -1.02926   1.25454
    9.811  -0.33998   8.98557   11.8059 -0.690094   31.1219 -0.953921 0.0226492  0.243111  -5.68069 -0.725078  -4.47516  -11.4393  -9.46557   3.00594
-0.227889  0.711819   -1.6999  0.571307  0.657433 -0.953921   16.4712  0.221312  -1.11203  0.852985 -0.709881   -0.1124  -1.03479   2.50163   0.58605
 0.426496   5.51706   3.00862 -0.140287    -0.534 0.0226492  0.221312   41.1347  -1.45252  0.374438  0.569898  -1.63629  0.797491 -0.183714 -0.205977
 0.319932  -1.01195  -1.15328  -1.67854 0.0453504  0.243111  -1.11203  -1.45252    40.704 -0.029635  0.609488   3.71186 -0.756361  0.876591   1.38887
 -12.7771 -0.141824  -4.26961   3.87128   1.18029  -5.68069  0.852985  0.374438 -0.029635   12.8366  -5.83273  -7.53504  -13.2157   1.45563   2.62591
 0.349688 -0.707994  -24.6795   3.83289   1.44079 -0.725078 -0.709881  0.569898  0.609488  -5.83273   40.7765  -8.69408   14.9972  -17.8252 0.0691226
  13.1457 -0.230355   8.38138  -6.39228  -1.42668  -4.47516   -0.1124  -1.63629   3.71186  -7.53504  -8.69408   53.4915  -1.35421   36.1928   -1.7539
  9.88688 -0.979735  -4.32326  -20.5875 -0.237204  -11.4393  -1.03479  0.797491 -0.756361  -13.2157   14.9972  -1.35421   44.8744  -15.3245  -4.84621
  11.3933  -1.20757   15.6408   14.5459  -1.02926  -9.46557   2.50163 -0.183714  0.876591   1.45563  -17.8252   36.1928  -15.3245   56.0979  -4.27413
 0.553521   2.86934  -1.93708 -0.368379   1.25454   3.00594   0.58605 -0.205977   1.38887   2.62591 0.0691226   -1.7539  -4.84621  -4.27413   61.8658
