     162.865   0.00966639   0.00797839      2.26044      0.32566       7.3945 -0.000436252    0.0914174   -0.0481276      -1.6892        6.717     -4.03562      -1.6178     -6.14969      147.398
  0.00966639   0.00313516  1.63372e-05   -0.0138841 -0.000544123  -0.00572792  6.14651e-06            0 -0.000167533 -0.000663321  -0.00474669   0.00864172   -0.0054489  -0.00556079     0.042919
  0.00797839  1.63372e-05     0.397796     0.103218    0.0144221   0.00139789 -0.000115004     0.014755  -0.00111264   -0.0505298     -0.13862   -0.0116788   0.00639134     0.134509   -0.0452967
     2.26044   -0.0138841     0.103218      77.1919   -0.0720993      3.88657 -0.000549508     0.010591   -0.0179762     -2.98431    -0.586077      4.27606     -1.34441      6.11955    -0.725977
     0.32566 -0.000544123    0.0144221   -0.0720993      12.4725    -0.192863  0.000271308    -0.057074   -0.0145663    0.0328782      0.71938  -0.00446052     0.136743     0.180477     0.662111
      7.3945  -0.00572792   0.00139789      3.88657    -0.192863      29.1625 -0.000598737    0.0123296    0.0181253     -5.65013    -0.357945     -3.32428     -9.27192     -7.65034      3.82472
-0.000436252  6.14651e-06 -0.000115004 -0.000549508  0.000271308 -0.000598737  9.79456e-06   1.9582e-05 -7.08738e-05   0.00060489 -0.000665312  3.01799e-05  -0.00114341    0.0021385   6.4631e-05
   0.0914174            0     0.014755     0.010591    -0.057074    0.0123296   1.9582e-05     0.618481  -0.00170395   0.00722367    0.0178818    -0.154519     0.101539    0.0643179 -0.000497249
  -0.0481276 -0.000167533  -0.00111264   -0.0179762   -0.0145663    0.0181253 -7.08738e-05  -0.00170395     0.298508   -0.0142444    0.0777042      0.31219   -0.0550562    0.0793352   0.00827966
     -1.6892 -0.000663321   -0.0505298     -2.98431    0.0328782     -5.65013   0.00060489   0.00722367   -0.0142444      10.9493     -2.89084     -8.58097     -12.2635     -0.94413       1.1039
       6.717  -0.00474669     -0.13862    -0.586077      0.71938    -0.357945 -0.000665312    0.0178818    0.0777042     -2.89084      34.4045     -2.48146      7.53769     -11.9237      2.85348
    -4.03562   0.00864172   -0.0116788      4.27606  -0.00446052     -3.32428  3.01799e-05    -0.154519      0.31219     -8.58097     -2.48146      47.1831     0.828616      32.3668     -5.04858
     -1.6178   -0.0054489   0.00639134     -1.34441     0.136743     -9.27192  -0.00114341     0.101539   -0.0550562     -12.2635      7.53769     0.828616      39.1195     -13.0868     -2.48896
    -6.14969  -0.00556079     0.134509      6.11955     0.180477     -7.65034    0.0021385    0.0643179    0.0793352     -0.94413     -11.9237      32.3668     -13.0868      51.2493     -7.25353
     147.398     0.042919   -0.0452967    -0.725977     0.662111      3.82472   6.4631e-05 -0.000497249   0.00827966       1.1039      2.85348     -5.04858     -2.48896     -7.25353      176.665
