     154.654   0.00208995   0.00389466       2.4523      0.27584      7.19069 -6.39954e-05    0.0474361   -0.0204757     -1.57948      6.47422     -3.81377     -1.63954      -5.8982      129.499
  0.00208995  0.000151042   1.8942e-06  -0.00340548 -0.000103467  -0.00127168   2.0882e-07            0 -1.91686e-05 -0.000199318 -0.000997694   0.00190078  -0.00113827  -0.00122777   0.00853756
  0.00389466   1.8942e-06     0.100681     0.058008    0.0062842   0.00132949   -8.682e-06    0.0038701 -0.000286552   -0.0261872   -0.0697194  -0.00737097   0.00497879     0.066746    -0.020519
      2.4523  -0.00340548     0.058008      96.3398   -0.0698157      4.39832 -9.40984e-05   0.00617431  -0.00242711     -3.35352    -0.605586      4.72833     -1.42354      6.90577    -0.729019
     0.27584 -0.000103467    0.0062842   -0.0698157      9.35466    -0.165817  3.50775e-05   -0.0258086  -0.00174292    0.0346563     0.619209 -0.000932458     0.102047     0.164943     0.514108
     7.19069  -0.00127168   0.00132949      4.39832    -0.165817       29.163 -9.34679e-05   0.00693255   0.00957731     -5.75162     -0.32086     -2.93698     -8.83023     -7.32411      3.41091
-6.39954e-05   2.0882e-07   -8.682e-06 -9.40984e-05  3.50775e-05 -9.34679e-05  2.18133e-07  6.87931e-07 -5.57099e-06  8.93225e-05 -9.41354e-05 -8.96747e-06 -0.000165423  0.000307063  5.78594e-06
   0.0474361            0    0.0038701   0.00617431   -0.0258086   0.00693255  6.87931e-07     0.168188 -0.000594763   0.00509976   0.00756602   -0.0811107    0.0515583    0.0331452  0.000238778
  -0.0204757 -1.91686e-05 -0.000286552  -0.00242711  -0.00174292   0.00957731 -5.57099e-06 -0.000594763    0.0789676   -0.0106815    0.0423626     0.169901   -0.0263745    0.0490849   0.00706232
    -1.57948 -0.000199318   -0.0261872     -3.35352    0.0346563     -5.75162  8.93225e-05   0.00509976   -0.0106815      10.7759     -2.35745     -8.77201     -12.0086     -1.46214      1.01432
     6.47422 -0.000997694   -0.0697194    -0.605586     0.619209     -0.32086 -9.41354e-05   0.00756602    0.0423626     -2.35745      33.7637     -1.59069      6.01641     -10.6578      2.44464
    -3.81377   0.00190078  -0.00737097      4.72833 -0.000932458     -2.93698 -8.96747e-06   -0.0811107     0.169901     -8.77201     -1.59069      46.7181      1.25341      32.0377     -4.38392
    -1.63954  -0.00113827   0.00497879     -1.42354     0.102047     -8.83023 -0.000165423    0.0515583   -0.0263745     -12.0086      6.01641      1.25341      38.7076     -12.5475     -2.33811
     -5.8982  -0.00122777     0.066746      6.90577     0.164943     -7.32411  0.000307063    0.0331452    0.0490849     -1.46214     -10.6578      32.0377     -12.5475      51.0774     -6.37001
     129.499   0.00853756    -0.020519    -0.729019     0.514108      3.41091  5.78594e-06  0.000238778   0.00706232      1.01432      2.44464     -4.38392     -2.33811     -6.37001      143.966
