    98.9893  0.00107755   0.0477288     2.41132    0.225105     6.61392 -0.00555043    0.213702  -0.0669572    -2.03054     6.05424    -2.87728    -1.24924    -4.26601     73.0988
 0.00107755   0.0651138 0.000264908   -0.056627 -0.00286805  -0.0254724 0.000289452           0 -0.00178999  -0.0024276   -0.022883   0.0397944  -0.0261149  -0.0257667    0.176992
  0.0477288 0.000264908     1.62188    0.186376   0.0339283  0.00494648 -0.00240577   0.0808466 -0.00372286   -0.100461   -0.283198  -0.0346489   0.0114144    0.274364  -0.0908937
    2.41132   -0.056627    0.186376     61.8706  -0.0742126     3.44249 -0.00510355   0.0181168  -0.0434789    -2.66086   -0.564302     3.87204    -1.26776     5.42898    -1.05449
   0.225105 -0.00286805   0.0339283  -0.0742126     16.6351   -0.226541  0.00325539   -0.126189  -0.0425294    0.028973    0.840524  -0.0151669    0.184882    0.195016    0.737422
    6.61392  -0.0254724  0.00494648     3.44249   -0.226541     29.2647 -0.00624982   0.0203895   0.0343667    -5.56234   -0.418733    -3.66885    -9.77492    -8.02155     2.57016
-0.00555043 0.000289452 -0.00240577 -0.00510355  0.00325539 -0.00624982  0.00105307 0.000444034 -0.00165659  0.00641411 -0.00732012 0.000874285   -0.011938   0.0226666 1.32582e-06
   0.213702           0   0.0808466   0.0181168   -0.126189   0.0203895 0.000444034     2.27236  -0.0100384  0.00983403   0.0437647   -0.296943    0.202273    0.124455   0.0133762
 -0.0669572 -0.00178999 -0.00372286  -0.0434789  -0.0425294   0.0343667 -0.00165659  -0.0100384     1.54988  -0.0158279    0.160735     0.70032   -0.144001    0.172176    0.125414
   -2.03054  -0.0024276   -0.100461    -2.66086    0.028973    -5.56234  0.00641411  0.00983403  -0.0158279      11.186    -3.56246    -8.34004    -12.5816   -0.359172     1.36357
    6.05424   -0.022883   -0.283198   -0.564302    0.840524   -0.418733 -0.00732012   0.0437647    0.160735    -3.56246     35.3999    -3.69213     9.40361    -13.4015     2.23795
   -2.87728   0.0397944  -0.0346489     3.87204  -0.0151669    -3.66885 0.000874285   -0.296943     0.70032    -8.34004    -3.69213      47.901     0.26517     32.8508    -4.05224
   -1.24924  -0.0261149   0.0114144    -1.26776    0.184882    -9.77492   -0.011938    0.202273   -0.144001    -12.5816     9.40361     0.26517     39.8612    -13.7193    -2.39878
   -4.26601  -0.0257667    0.274364     5.42898    0.195016    -8.02155   0.0226666    0.124455    0.172176   -0.359172    -13.4015     32.8508    -13.7193     51.6537    -5.96479
    73.0988    0.176992  -0.0908937    -1.05449    0.737422     2.57016 1.32582e-06   0.0133762    0.125414     1.36357     2.23795    -4.05224    -2.39878    -5.96479     105.382
