     26.4971     -9.22379     -19.5258      9.63373       4.7422  0.000238008   -0.0822587     0.132489      3.07095      4.80014     -5.23935    -0.117731      10.6325      1.67314      479.143
    -9.22379      37.8478      3.32411     -17.2164      3.41873 -0.000168795    -0.493368      0.21346     -5.00805     -10.0857      6.10052   -0.0282273      23.7575    -0.810526     -825.786
    -19.5258      3.32411      35.2511      19.0092     -7.70119 -0.000109128   -0.0545429     -1.09471     -18.1346     -2.87622      19.8244     0.220924     -6.60402    -0.729502     -131.093
     9.63373     -17.2164      19.0092      57.3883     -1.95118  1.14557e-05   -0.0128291     -1.32076     -18.2047      -8.0473     0.539836     0.320244      4.77184      3.20132      407.093
      4.7422      3.41873     -7.70119     -1.95118      89.5045 -6.29222e-05            0     0.145074     -0.46136    -0.599957     -17.6103    0.0445599      9.17798      1.05215     -330.351
 0.000238008 -0.000168795 -0.000109128  1.14557e-05 -6.29222e-05  6.43178e-07  2.69481e-06 -1.98275e-05  0.000338495 -8.24746e-05 -0.000798939 -6.75418e-06 -0.000215318  0.000197834    0.0573142
  -0.0822587    -0.493368   -0.0545429   -0.0128291            0  2.69481e-06      1.08654    0.0406752     -0.11371     0.511359    0.0613827  -0.00115397    -0.147136    0.0686376      31.6568
    0.132489      0.21346     -1.09471     -1.32076     0.145074 -1.98275e-05    0.0406752      21.2042    -0.834513      1.31706     -2.43842   -0.0104164      1.04378    -0.492329     -29.6527
     3.07095     -5.00805     -18.1346     -18.2047     -0.46136  0.000338495     -0.11371    -0.834513      25.9158     -4.50594     -3.01973    -0.115114     -12.8215    -0.398002      793.566
     4.80014     -10.0857     -2.87622      -8.0473    -0.599957 -8.24746e-05     0.511359      1.31706     -4.50594      31.5644      15.6977   -0.0966942    -0.363383      -1.4951     -611.531
    -5.23935      6.10052      19.8244     0.539836     -17.6103 -0.000798939    0.0613827     -2.43842     -3.01973      15.6977      1631.05     -0.50134     -4.30795      4.93527     -14193.9
   -0.117731   -0.0282273     0.220924     0.320244    0.0445599 -6.75418e-06  -0.00115397   -0.0104164    -0.115114   -0.0966942     -0.50134     0.269917    0.0215885   -0.0389925      -11.327
     10.6325      23.7575     -6.60402      4.77184      9.17798 -0.000215318    -0.147136      1.04378     -12.8215    -0.363383     -4.30795    0.0215885      39.6691      1.05114     -1249.54
     1.67314    -0.810526    -0.729502      3.20132      1.05215  0.000197834    0.0686376    -0.492329    -0.398002      -1.4951      4.93527   -0.0389925      1.05114      23.3764     -161.193
     479.143     -825.786     -131.093      407.093     -330.351    0.0573142      31.6568     -29.6527      793.566     -611.531     -14193.9      -11.327     -1249.54     -161.193  5.49798e+06
