     41.7073    0.0689906   -0.0130013       1.3877      0.65805     -12.5988     -524.658      6.31251    -0.673105      2.96416   -0.0504135      17.6137      -375119     -0.90626  7.42954e-05
   0.0689906     0.034718 -0.000248531    0.0423401     0.040546   -0.0167705      13.3202     0.119494  -0.00505714   -0.0343736  7.66736e-05    -0.012135     -6281.08    -0.209215 -1.22392e-06
  -0.0130013 -0.000248531   0.00049502   0.00598883  -0.00465315   0.00288876     -3.41822   0.00643204  0.000370593  -0.00734519  2.19326e-05  -0.00642106      1324.07   0.00409346 -1.94503e-07
      1.3877    0.0423401   0.00598883      53.7797    -0.509371     0.990165      -990.86       1.4728     0.383797    -0.330607  -0.00312733      3.97075      -195891      1.78974 -5.91583e-05
     0.65805     0.040546  -0.00465315    -0.509371      11.7168     -1.39274      179.181     0.419044    -0.152601     0.255917   0.00424165     -2.11765      41937.2     -1.33293  1.11069e-05
    -12.5988   -0.0167705   0.00288876     0.990165     -1.39274      28.9573      189.608      5.54791     0.680662      5.25793   0.00168976      8.54005     -49027.2     -6.80452 -8.01369e-05
    -524.658      13.3202     -3.41822      -990.86      179.181      189.608  1.57717e+07       493.12       173.74      99.9452      3.75572     -563.044            0     -2046.56    0.0847254
     6.31251     0.119494   0.00643204       1.4728     0.419044      5.54791       493.12      52.6329    -0.831331      -19.981  -0.00817072      7.81974       423724     -22.0283 -4.62737e-05
   -0.673105  -0.00505714  0.000370593     0.383797    -0.152601     0.680662       173.74    -0.831331      2.53687      0.74925   0.00047224     0.079405     -17558.6     0.589639  9.73997e-06
     2.96416   -0.0343736  -0.00734519    -0.330607     0.255917      5.25793      99.9452      -19.981      0.74925      22.6573   0.00968732     -2.32703      -246241    -0.273269  8.67039e-05
  -0.0504135  7.66736e-05  2.19326e-05  -0.00312733   0.00424165   0.00168976      3.75572  -0.00817072   0.00047224   0.00968732   0.00262396   -0.0449742      713.889   -0.0237122 -6.68744e-07
     17.6137    -0.012135  -0.00642106      3.97075     -2.11765      8.54005     -563.044      7.81974     0.079405     -2.32703   -0.0449742      42.4359      -719461      13.9726 -4.20274e-05
     -375119     -6281.08      1324.07      -195891      41937.2     -49027.2            0       423724     -17558.6      -246241      713.889      -719461  1.85987e+12      -837626      15.0103
    -0.90626    -0.209215   0.00409346      1.78974     -1.33293     -6.80452     -2046.56     -22.0283     0.589639    -0.273269   -0.0237122      13.9726      -837626      53.9136 -5.94015e-05
 7.42954e-05 -1.22392e-06 -1.94503e-07 -5.91583e-05  1.11069e-05 -8.01369e-05    0.0847254 -4.62737e-05  9.73997e-06  8.67039e-05 -6.68744e-07 -4.20274e-05      15.0103 -5.94015e-05  1.04223e-07
