    48.0231     1.52108   -0.778663    0.957531     34.9597    -11.9492    -1.83261       10.56    -5.32706     4.79465     -1.3658     16.3109    -1588.96     4.29552   0.0096926
    1.52108     30.7412    -0.42769    0.178253     4.94062   -0.965759    0.562366     5.14076     2.77586    -1.17217   0.0593012    -1.10544    -773.732    -5.76562 -0.00540932
  -0.778663    -0.42769     1.99717   -0.224317    -1.09808    0.174842   -0.458716    0.329329    0.368466   -0.540968   0.0309918   -0.295238     333.405    0.272446 -0.00212415
   0.957531    0.178253   -0.224317     25.1918     8.86776      19.313    0.143495    -2.10534    -7.06194     10.4906    -0.53093     17.1118    -1510.27     -1.1971  -0.0060363
    34.9597     4.94062    -1.09808     8.86776     54.4063    -4.15493     1.03804     16.1539     7.72668     9.55101   -0.782353     12.0108    -22.5109    -30.6459   0.0207336
   -11.9492   -0.965759    0.174842      19.313    -4.15493     31.6187       1.063     10.3323     3.28465     6.47777   0.0840734       8.678    -155.717    -8.95397 -0.00961867
   -1.83261    0.562366   -0.458716    0.143495     1.03804       1.063     59.7055    0.133238     2.58786    0.499618    0.245207    -1.16157 6.06863e-11    -4.20247   0.0288472
      10.56     5.14076    0.329329    -2.10534     16.1539     10.3323    0.133238     60.9389     6.13835    -22.4732   -0.306151      15.268     1805.99    -28.6909 -0.00407061
   -5.32706     2.77586    0.368466    -7.06194     7.72668     3.28465     2.58786     6.13835     39.1147     7.64739    0.978514    -27.4128        2317     -29.707    0.008021
    4.79465    -1.17217   -0.540968     10.4906     9.55101     6.47777    0.499618    -22.4732     7.64739     25.0464    0.242489    -1.34293    -1108.78     1.33815   0.0107166
    -1.3658   0.0593012   0.0309918    -0.53093   -0.782353   0.0840734    0.245207   -0.306151    0.978514    0.242489     1.84339   -0.933914     70.4765   -0.683684 -0.00260262
    16.3109    -1.10544   -0.295238     17.1118     12.0108       8.678    -1.16157      15.268    -27.4128    -1.34293   -0.933914     47.8547     -3046.5     15.3124 -0.00681779
   -1588.96    -773.732     333.405    -1510.27    -22.5109    -155.717 6.06863e-11     1805.99        2317    -1108.78     70.4765     -3046.5 3.04281e+07    -3657.84     9.46223
    4.29552    -5.76562    0.272446     -1.1971    -30.6459    -8.95397    -4.20247    -28.6909     -29.707     1.33815   -0.683684     15.3124    -3657.84     59.8303  -0.0124564
  0.0096926 -0.00540932 -0.00212415  -0.0060363   0.0207336 -0.00961867   0.0288472 -0.00407061    0.008021   0.0107166 -0.00260262 -0.00681779     9.46223  -0.0124564   0.0025634
