     46.1518     0.723469    -0.347664       1.6197      33.9173     -12.3518     -3.63222       9.4666     -4.80435      4.09069     -0.70655      16.5076     -23240.6      3.14841   0.00246711
    0.723469       7.1522   -0.0907169    0.0580621      2.40097    -0.391865      1.05559       2.3625    -0.630774    -0.558656    0.0163295    -0.493377     -5526.17     -2.82252 -0.000536576
   -0.347664   -0.0907169     0.381527   -0.0709265    -0.511307    0.0697621    -0.542063     0.183128     0.194391     -0.21714   0.00712854    -0.157869      2121.37      0.10164 -0.000220743
      1.6197    0.0580621   -0.0709265      23.7286      8.80599      17.3711      -1.0201     -3.19111       3.7598      9.09409    -0.292094      16.5586     -22592.7    0.0224239  -0.00191203
     33.9173      2.40097    -0.511307      8.80599      51.1778     -4.08229      4.28299      13.0011     -7.40272      9.17166    -0.404596      11.7066     -549.173     -28.4056   0.00442081
    -12.3518    -0.391865    0.0697621      17.3711     -4.08229      30.8116      1.40643      9.18574      3.61618      6.16159    0.0437519      8.69643     -1907.81     -8.55356  -0.00275516
    -3.63222      1.05559    -0.542063      -1.0201      4.28299      1.40643      502.694      3.07105       7.1087     0.252093     0.294905     -3.14226            0     -12.3203    0.0159128
      9.4666       2.3625     0.183128     -3.19111      13.0011      9.18574      3.07105      58.3235     -4.84586     -21.6182     -0.12498      13.5765      25092.3     -27.6023  -0.00177459
    -4.80435    -0.630774     0.194391       3.7598     -7.40272      3.61618       7.1087     -4.84586      93.7174      3.76622    0.0333442     0.456608     -9548.28      2.20457  0.000290816
     4.09069    -0.558656     -0.21714      9.09409      9.17166      6.16159     0.252093     -21.6182      3.76622      24.0686     0.134242     -1.97632     -15867.2     0.849275   0.00256278
    -0.70655    0.0163295   0.00712854    -0.292094    -0.404596    0.0437519     0.294905     -0.12498    0.0333442     0.134242      0.50382    -0.520788      535.518    -0.367662 -0.000279317
     16.5076    -0.493377    -0.157869      16.5586      11.7066      8.69643     -3.14226      13.5765     0.456608     -1.97632    -0.520788       46.001     -43768.9      15.5974  -0.00115228
    -23240.6     -5526.17      2121.37     -22592.7     -549.173     -1907.81            0      25092.3     -9548.28     -15867.2      535.518     -43768.9  6.52438e+09     -52564.5      29.7835
     3.14841     -2.82252      0.10164    0.0224239     -28.4056     -8.55356     -12.3203     -27.6023      2.20457     0.849275    -0.367662      15.5974     -52564.5      58.3466  -0.00181343
  0.00246711 -0.000536576 -0.000220743  -0.00191203   0.00442081  -0.00275516    0.0159128  -0.00177459  0.000290816   0.00256278 -0.000279317  -0.00115228      29.7835  -0.00181343  0.000120045
