     41.8573     0.132643     -0.03352      1.05835      0.91992        -12.5     -117.864      6.75798     -1.03099      3.08314    -0.107344      17.3808      -309336    0.0116005  0.000118794
    0.132643     0.136534  -0.00128325    0.0640813     0.110369   -0.0317014      5.68369     0.249487   -0.0154853   -0.0685516  0.000322142   -0.0263927     -10172.8    -0.414166 -3.92445e-06
    -0.03352  -0.00128325   0.00335553    0.0119002   -0.0166299   0.00750267     -1.91583     0.015944   0.00149103   -0.0189708  0.000121003    -0.016389      2815.59    0.0102606 -8.22699e-07
     1.05835    0.0640813    0.0119002      31.3203    -0.533518     0.753308       -162.8      1.12828     0.452244    -0.237694  -0.00506164      3.04913      -122107       1.3701 -7.24103e-05
     0.91992     0.110369   -0.0166299    -0.533518      22.0764     -1.89053      52.5259      0.49199    -0.323466     0.355076    0.0123386     -2.89785      47019.6     -1.80737  2.48525e-05
       -12.5   -0.0317014   0.00750267     0.753308     -1.89053      28.9726       42.382      6.27132      1.04934      5.40284   0.00396277        8.453     -37350.7     -7.20066 -0.000130067
    -117.864      5.68369     -1.91583       -162.8      52.5259       42.382       730169      112.908      57.6356      20.0746        1.716     -122.837            0     -441.508    0.0293751
     6.75798     0.249487     0.015944      1.12828      0.49199      6.27132      112.908      52.9324     -1.33286     -20.1407   -0.0204818      8.79545       353011     -23.2129 -8.31561e-05
    -1.03099   -0.0154853   0.00149103     0.452244    -0.323466      1.04934      57.6356     -1.33286      6.04849      1.15735   0.00154478      0.13024     -22145.8     0.903403  2.43044e-05
     3.08314   -0.0685516   -0.0189708    -0.237694     0.355076      5.40284      20.0746     -20.1407      1.15735      22.5902    0.0202892     -2.26978      -201938   -0.0946722  0.000140037
   -0.107344  0.000322142  0.000121003  -0.00506164    0.0123386   0.00396277        1.716   -0.0204818   0.00154478    0.0202892    0.0117838   -0.0949922      1235.17   -0.0513106 -2.29112e-06
     17.3808   -0.0263927    -0.016389      3.04913     -2.89785        8.453     -122.837      8.79545      0.13024     -2.26978   -0.0949922      42.5272      -589683      14.2972 -6.92129e-05
     -309336     -10172.8      2815.59      -122107      47019.6     -37350.7            0       353011     -22145.8      -201938      1235.17      -589683  1.24089e+12      -687961      19.6992
   0.0116005    -0.414166    0.0102606       1.3701     -1.80737     -7.20066     -441.508     -23.2129     0.903403   -0.0946722   -0.0513106      14.2972      -687961      53.9983 -9.29741e-05
 0.000118794 -3.92445e-06 -8.22699e-07 -7.24103e-05  2.48525e-05 -0.000130067    0.0293751 -8.31561e-05  2.43044e-05  0.000140037 -2.29112e-06 -6.92129e-05      19.6992 -9.29741e-05  2.73589e-07
