    51.0994     3.61645    -1.99262    0.108181     35.0393    -11.1205    -33.7481       12.03    -3.99368     5.96155    -2.76823     16.5539    -95.3688     5.27485    0.055356
    3.61645      173.61    -2.61611   -0.825853     12.4609    -2.88208    -1.55272     13.7285     8.41067    -3.88993   0.0226067    -4.47659    -98.5883    -14.4314 -0.00280295
   -1.99262    -2.61611     11.2544    -0.60899    -2.83596    0.428348     1.33069    0.762035    0.676013    -1.47283    0.121922   -0.804372     59.8551    0.620804   -0.026232
   0.108181   -0.825853    -0.60899     26.4334     8.93421     21.0018    -2.47865    -1.24457    -6.32277     11.4639    -1.02012     17.4599    -94.6962    -2.91914  -0.0274991
    35.0393     12.4609    -2.83596     8.93421     56.8427    -4.06507    -24.7398     17.5527     11.4095     10.2206    -1.47275     12.4715     11.9635    -32.9291     0.12888
   -11.1205    -2.88208    0.428348     21.0018    -4.06507     32.7501      7.9669     11.3301      5.2275     6.92856    0.272847     8.50469    -15.2112    -9.27475  -0.0502899
   -33.7481    -1.55272     1.33069    -2.47865    -24.7398      7.9669     33.7584    -16.8815     15.4439     5.61137     2.81309    -21.1057     79.6844     -4.1358  -0.0123426
      12.03     13.7285    0.762035    -1.24457     17.5527     11.3301    -16.8815     63.0422     7.10201    -22.7401   -0.731369     16.2687     108.934    -29.4136 -0.00968577
   -3.99368     8.41067    0.676013    -6.32277     11.4095      5.2275     15.4439     7.10201     43.9869     8.46592     1.84999    -31.0094     174.722    -33.2292   0.0446399
    5.96155    -3.88993    -1.47283     11.4639     10.2206     6.92856     5.61137    -22.7401     8.46592     25.9642    0.429047   -0.652374    -67.6714     2.18111   0.0536628
   -2.76823   0.0226067    0.121922    -1.02012    -1.47275    0.272847     2.81309   -0.731369     1.84999    0.429047      7.3632    -1.83466     7.74758    -1.40353  -0.0273587
    16.5539    -4.47659   -0.804372     17.4599     12.4715     8.50469    -21.1057     16.2687    -31.0094   -0.652374    -1.83466     49.8664    -198.983     14.3204   -0.029931
   -95.3688    -98.5883     59.8551    -94.6962     11.9635    -15.2112     79.6844     108.934     174.722    -67.6714     7.74758    -198.983      134997    -231.749     3.34037
    5.27485    -14.4314    0.620804    -2.91914    -32.9291    -9.27475     -4.1358    -29.4136    -33.2292     2.18111    -1.40353     14.3204    -231.749      61.073  -0.0712221
   0.055356 -0.00280295   -0.026232  -0.0274991     0.12888  -0.0502899  -0.0123426 -0.00968577   0.0446399   0.0536628  -0.0273587   -0.029931     3.34037  -0.0712221   0.0730105
