     43.5947     0.224151   -0.0755356      2.40807      1.30534     -12.6759     -38.7938      7.51243     -1.50373      3.36562    -0.197889      17.6177      -230431     0.859404  0.000265107
    0.224151     0.444303  -0.00474051     0.126884     0.254367   -0.0937015      3.12566     0.531297   -0.0311667       -0.132  0.000911894    -0.088642     -13775.4    -0.709041 -1.41406e-05
  -0.0755356  -0.00474051    0.0160089  -0.00647564   -0.0459805    0.0175944     -1.30752    0.0410309   0.00490912   -0.0411797  0.000451006   -0.0369311      4500.94    0.0210261 -3.96065e-06
     2.40807     0.126884  -0.00647564      20.3932      -2.1078      12.0407     -19.2248     -6.28683      1.08676       6.2494   -0.0825507      13.1712      -190220     0.318273 -0.000162213
     1.30534     0.254367   -0.0459805      -2.1078      36.8848      -2.4456      19.9066     0.619362     -0.60769     0.460483    0.0301091     -3.75951      43570.1     -2.33668  7.09197e-05
    -12.6759   -0.0937015    0.0175944      12.0407      -2.4456      30.0654      16.0394      7.33211       1.5926      5.71156    0.0125418      8.92458     -24675.5     -7.72055 -0.000284781
    -38.7938      3.12566     -1.30752     -19.2248      19.9066      16.0394      70863.6      33.6617      27.6594      4.78302      1.00105     -38.7096            0     -140.507    0.0198498
     7.51243     0.531297    0.0410309     -6.28683     0.619362      7.33211      33.6617      55.4877     -1.75322     -21.0396    -0.016725      10.1566       257421      -25.108 -0.000221889
    -1.50373   -0.0311667   0.00490912      1.08676     -0.60769       1.5926      27.6594     -1.75322      13.0101      1.68809   0.00278825     0.228836     -26116.2      1.16279  6.88464e-05
     3.36562       -0.132   -0.0411797       6.2494     0.460483      5.71156      4.78302     -21.0396      1.68809      23.1734    0.0398917     -2.25405      -152431     0.110083  0.000306543
   -0.197889  0.000911894  0.000451006   -0.0825507    0.0301091    0.0125418      1.00105    -0.016725   0.00278825    0.0398917     0.039994    -0.157188      1670.27   -0.0941367 -8.92116e-06
     17.6177    -0.088642   -0.0369311      13.1712     -3.75951      8.92458     -38.7096      10.1566     0.228836     -2.25405    -0.157188      44.5912      -439783      15.0717 -0.000149244
     -230431     -13775.4      4500.94      -190220      43570.1     -24675.5            0       257421     -26116.2      -152431      1670.27      -439783  6.67712e+11      -518224      31.2735
    0.859404    -0.709041    0.0210261     0.318273     -2.33668     -7.72055     -140.507      -25.108      1.16279     0.110083   -0.0941367      15.0717      -518224      56.2431  -0.00020083
 0.000265107 -1.41406e-05 -3.96065e-06 -0.000162213  7.09197e-05 -0.000284781    0.0198498 -0.000221889  6.88464e-05  0.000306543 -8.92116e-06 -0.000149244      31.2735  -0.00020083  1.29648e-06
