     1648.04   0.00077243     -20.1929 -0.000410343 -1.41179e+08  -0.00612254      24.6132      61.1476     -11.7682      -7.7882    -0.894239     -1.15246      4.28881  0.000345013      6.52781  -0.00193022
  0.00077243  4.05418e-07 -0.000102505   1.5041e-09     -20.4962  3.10806e-08  0.000197267 -2.10349e-05 -1.04894e-05  0.000734013 -1.49022e-05  2.55772e-05  0.000295887 -4.10647e-09  0.000171145  2.93081e-07
    -20.1929 -0.000102505      34.6337 -7.67334e-05 -2.96156e+06    -0.015049     -8.21771     0.709033     -2.09632     -9.11211     0.451816     0.123229      11.0341  0.000349693      4.12893  -0.00179183
-0.000410343   1.5041e-09 -7.67334e-05  4.25138e-08      19.2411  1.72783e-08  7.34576e-05  -6.4532e-05 -5.61597e-06  0.000221754 -8.31309e-06 -1.41272e-06 -2.64176e-05 -7.07434e-08  9.05164e-05 -6.42846e-08
-1.41179e+08     -20.4962 -2.96156e+06      19.2411  2.98837e+15     -16877.1  1.70328e+06 -1.23052e+09  2.63653e+07  4.54235e+06  2.96574e+06  7.84643e+06       895173      2571.29       616779     -12458.2
 -0.00612254  3.10806e-08    -0.015049  1.72783e-08     -16877.1  0.000849275    0.0129395    0.0152788   0.00272267   0.00202163 -7.84733e-05  0.000724044    0.0189799  2.80846e-06   -0.0296928  0.000135011
     24.6132  0.000197267     -8.21771  7.34576e-05  1.70328e+06    0.0129395        28.58     -1.90199     -1.88006     -1.22542     0.041079    -0.577197      5.27429  -0.00114452      8.67918   0.00409428
     61.1476 -2.10349e-05     0.709033  -6.4532e-05 -1.23052e+09    0.0152788     -1.90199      517.873     -14.3839      8.03149     -1.17023      -2.6942      3.47167 -0.000505343     -1.74093   0.00303819
    -11.7682 -1.04894e-05     -2.09632 -5.61597e-06  2.63653e+07   0.00272267     -1.88006     -14.3839      41.6552     -1.22188    0.0556939    -0.034015      0.44294  0.000165621      -3.4592   0.00421136
     -7.7882  0.000734013     -9.11211  0.000221754  4.54235e+06   0.00202163     -1.22542      8.03149     -1.22188      66.8583   -0.0893619     0.430907      8.98492  6.44816e-05      7.31854  0.000600392
   -0.894239 -1.49022e-05     0.451816 -8.31309e-06  2.96574e+06 -7.84733e-05     0.041079     -1.17023    0.0556939   -0.0893619      0.88755   -0.0176623     0.117311 -1.92144e-05     0.204196   7.9347e-05
    -1.15246  2.55772e-05     0.123229 -1.41272e-06  7.84643e+06  0.000724044    -0.577197      -2.6942    -0.034015     0.430907   -0.0176623      1.89108     0.278135 -0.000127627    -0.537613  0.000204594
     4.28881  0.000295887      11.0341 -2.64176e-05       895173    0.0189799      5.27429      3.47167      0.44294      8.98492     0.117311     0.278135      25.3044 -0.000816372     -7.04231   0.00303168
 0.000345013 -4.10647e-09  0.000349693 -7.07434e-08      2571.29  2.80846e-06  -0.00114452 -0.000505343  0.000165621  6.44816e-05 -1.92144e-05 -0.000127627 -0.000816372  6.75844e-06 -0.000225316  1.94115e-06
     6.52781  0.000171145      4.12893  9.05164e-05       616779   -0.0296928      8.67918     -1.74093      -3.4592      7.31854     0.204196    -0.537613     -7.04231 -0.000225316      36.8779   0.00106328
 -0.00193022  2.93081e-07  -0.00179183 -6.42846e-08     -12458.2  0.000135011   0.00409428   0.00303819   0.00421136  0.000600392   7.9347e-05  0.000204594   0.00303168  1.94115e-06   0.00106328  0.000200609
