   81.8991   0.296546   -4.87716  -0.314042    3.16695   -1.09549    5.13006    10.7738    -2.3456    -2.0485  -0.398568    1.85677   -0.26211   -1.52043    2.55525 -0.0881733
  0.296546    1.30337  -0.254523 0.00849678  0.0258516 -0.0173907   0.529044  0.0182559  -0.130082    1.40566  -0.112143   0.216151   0.456842 -0.0775052   0.462568  0.0498701
  -4.87716  -0.254523    39.7457  -0.230787    2.08605   -2.37276   -12.8728   -2.23419    1.24828   -10.1788    1.67187    2.41603    16.2332   0.725088    -1.0531   -0.18308
 -0.314042 0.00849678  -0.230787   0.315045 -0.0365364  0.0111777   0.201233 -0.0766256  -0.119928   0.623228 -0.0464526 -0.0599287 -0.0500909  -0.341928   0.224643 -0.0171278
   3.16695  0.0258516    2.08605 -0.0365364    12.5936  -0.380766    13.2912    -19.554   -5.60933   -12.1153    1.37287  0.0804211    1.60753   -0.44706    10.9969   0.112767
  -1.09549 -0.0173907   -2.37276  0.0111777  -0.380766    33.6606    2.57369    4.90891  -0.422341    1.03391   0.240858    5.14328    4.25114    1.47497   -5.58179    2.78423
   5.13006   0.529044   -12.8728   0.201233    13.2912    2.57369    30.2168   -1.24491   -11.8499    1.79975   0.940431    6.23636    3.90948   -1.00037    11.7167   0.476255
   10.7738  0.0182559   -2.23419 -0.0766256    -19.554    4.90891   -1.24491    387.824   -13.0891    12.1095    -4.6263    19.0961    8.32298   -2.27118    4.59353   0.266834
   -2.3456  -0.130082    1.24828  -0.119928   -5.60933  -0.422341   -11.8499   -13.0891    8.19614   -2.58965  -0.587916   -2.01545   -1.53116  0.0645934   -6.30144 -0.0539297
   -2.0485    1.40566   -10.1788   0.623228   -12.1153    1.03391    1.79975    12.1095   -2.58965    73.1633   -1.31764    1.16893    10.3061   0.644544    10.1792  0.0554156
 -0.398568  -0.112143    1.67187 -0.0464526    1.37287   0.240858   0.940431    -4.6263  -0.587916   -1.31764    18.9916  -0.498536   0.382715    10.1876    1.42604  0.0563627
   1.85677   0.216151    2.41603 -0.0599287  0.0804211    5.14328    6.23636    19.0961   -2.01545    1.16893  -0.498536     21.217    16.5808   -1.29596   -18.1015   0.205856
  -0.26211   0.456842    16.2332 -0.0500909    1.60753    4.25114    3.90948    8.32298   -1.53116    10.3061   0.382715    16.5808     28.461   -0.67574   -9.75107   0.276675
  -1.52043 -0.0775052   0.725088  -0.341928   -0.44706    1.47497   -1.00037   -2.27118  0.0645934   0.644544    10.1876   -1.29596   -0.67574    23.9049   0.255438   0.346078
   2.55525   0.462568    -1.0531   0.224643    10.9969   -5.58179    11.7167    4.59353   -6.30144    10.1792    1.42604   -18.1015   -9.75107   0.255438    41.2152   0.110229
-0.0881733  0.0498701   -0.18308 -0.0171278   0.112767    2.78423   0.476255   0.266834 -0.0539297  0.0554156  0.0563627   0.205856   0.276675   0.346078   0.110229    1.83552
