     1403.76  0.000861073     -18.6731 -0.000400443 -5.99051e+07  -0.00724474      22.7304      55.9204     -10.5045     -7.17145    -0.860603     -1.15539        3.896  0.000451825      6.07973  -0.00219837
 0.000861073  5.87628e-07 -0.000123073  1.91282e-09     -10.0905  4.53529e-08  0.000237025 -1.87593e-05 -1.18848e-05  0.000882963  -1.8677e-05  3.32653e-05  0.000355507 -6.50074e-09  0.000207245  4.31551e-07
    -18.6731 -0.000123073      34.6568 -8.15725e-05  -1.3667e+06   -0.0192451     -8.31344     0.588829     -2.01701     -9.12532      0.47082     0.135616      11.0925  0.000497791      3.98667    -0.002216
-0.000400443  1.91282e-09 -8.15725e-05  4.75877e-08      9.09966  2.34219e-08  7.80224e-05 -6.57626e-05 -5.72208e-06  0.000234874 -9.16456e-06  -1.6226e-06 -2.79142e-05 -1.05714e-07  9.59128e-05 -8.38746e-08
-5.99051e+07     -10.0905  -1.3667e+06      9.09966  6.31601e+14     -9936.41       786985 -5.60126e+08  1.17045e+07  2.10369e+06  1.42156e+06   3.9193e+06       416146      1671.86       285339     -7055.67
 -0.00724474  4.53529e-08   -0.0192451  2.34219e-08     -9936.41   0.00139515    0.0165328    0.0196117   0.00336923   0.00255842 -0.000104872    0.0010083    0.0243266  5.06427e-06   -0.0380107  0.000213322
     22.7304  0.000237025     -8.31344  7.80224e-05       786985    0.0165328      28.5874     -1.81583     -1.81678     -1.15688    0.0423484    -0.627833      5.20153  -0.00161599      8.75355   0.00504495
     55.9204 -1.87593e-05     0.588829 -6.57626e-05 -5.60126e+08    0.0196117     -1.81583      507.857     -13.7516      8.38725     -1.20961     -2.89522      3.56243 -0.000716458      -1.7596   0.00373376
    -10.5045 -1.18848e-05     -2.01701 -5.72208e-06  1.17045e+07   0.00336923     -1.81678     -13.7516      38.8328     -1.18601    0.0560622   -0.0356529     0.425042  0.000224028     -3.33644   0.00501278
    -7.17145  0.000882963     -9.12532  0.000234874  2.10369e+06   0.00255842     -1.15688      8.38725     -1.18601      66.8561   -0.0928631     0.466832      8.98775  8.94283e-05      7.39709  0.000741512
   -0.860603  -1.8677e-05      0.47082 -9.16456e-06  1.42156e+06 -0.000104872    0.0423484     -1.20961    0.0560622   -0.0928631     0.964944   -0.0200078      0.12285 -2.84746e-05     0.211985  0.000101993
    -1.15539  3.32653e-05     0.135616  -1.6226e-06   3.9193e+06    0.0010083    -0.627833     -2.89522   -0.0356529     0.466832   -0.0200078      2.23211     0.303162 -0.000195515    -0.584457  0.000274112
       3.896  0.000355507      11.0925 -2.79142e-05       416146    0.0243266      5.20153      3.56243     0.425042      8.98775      0.12285     0.303162      25.3202  -0.00114866      -7.0908   0.00372536
 0.000451825 -6.50074e-09  0.000497791 -1.05714e-07      1671.86  5.06427e-06  -0.00161599 -0.000716458  0.000224028  8.94283e-05 -2.84746e-05 -0.000195515  -0.00114866  1.34529e-05 -0.000316986  3.37384e-06
     6.07973  0.000207245      3.98667  9.59128e-05       285339   -0.0380107      8.75355      -1.7596     -3.33644      7.39709     0.211985    -0.584457      -7.0908 -0.000316986      36.8917   0.00131993
 -0.00219837  4.31551e-07    -0.002216 -8.38746e-08     -7055.67  0.000213322   0.00504495   0.00373376   0.00501278  0.000741512  0.000101993  0.000274112   0.00372536  3.37384e-06   0.00131993  0.000304862
