  71.3173   3.85136  -5.53161    -2.256   2.36364 -0.887824   4.17411   10.0296  -2.38823  -2.10315 -0.440607   1.35558  -1.11988 -0.172595  0.888888 -0.117166
  3.85136   29.5043  -4.69008   1.08237 -0.813323  -2.22663   7.84741   31.1793  -3.52266   28.5396  -13.6608   8.18242   13.4998  -8.79862   4.14515   2.29904
 -5.53161  -4.69008   45.1218  -1.81573   1.84752   13.0222  -15.1639 -0.854606   1.92141  -10.9948  -8.05985   4.89216   19.6294   -8.8136  -2.88827  -1.32036
   -2.256   1.08237  -1.81573   18.8301 -0.324806  0.129644   1.53327  0.402813  -1.01423   4.21029 -0.474127 -0.402131 -0.432024  0.275873   1.49834 -0.489976
  2.36364 -0.813323   1.84752 -0.324806   14.2842   4.81756   15.3261  -14.0642  -7.34402  -14.2715   3.03715 -0.441751   1.35886   2.35638   12.7512   1.15951
-0.887824  -2.22663   13.0222  0.129644   4.81756   14.1428  -2.32532   -2.9875  -1.07943   -3.6271  -4.61786  -7.44077   1.95269  -3.67761   13.7079   1.70299
  4.17411   7.84741  -15.1639   1.53327   15.3261  -2.32532   32.7807  -2.64715     -14.1   2.69844   1.02838   6.36584   3.92525   5.85828   13.2813   2.63505
  10.0296   31.1793 -0.854606  0.402813  -14.0642   -2.9875  -2.64715   379.054  -12.5951   11.5761  -5.22664   9.54579   9.66649 -0.661447   11.8172   2.37103
 -2.38823  -3.52266   1.92141  -1.01423  -7.34402  -1.07943     -14.1  -12.5951   9.71168  -4.06835  0.144275  -2.56582  -2.64474  -4.93095  -8.44252 -0.584859
 -2.10315   28.5396  -10.9948   4.21029  -14.2715   -3.6271   2.69844   11.5761  -4.06835   81.4632  -24.4958    1.3196   11.3214  -6.71633   10.7539  0.349392
-0.440607  -13.6608  -8.05985 -0.474127   3.03715  -4.61786   1.02838  -5.22664  0.144275  -24.4958   21.9563  -6.56911  -16.1391    10.756  -1.39731   1.24597
  1.35558   8.18242   4.89216 -0.402131 -0.441751  -7.44077   6.36584   9.54579  -2.56582    1.3196  -6.56911   24.2161   20.5936  -4.56556  -22.6373  0.372413
 -1.11988   13.4998   19.6294 -0.432024   1.35886   1.95269   3.92525   9.66649  -2.64474   11.3214  -16.1391   20.5936    31.475   -12.601  -11.6504  0.647716
-0.172595  -8.79862   -8.8136  0.275873   2.35638  -3.67761   5.85828 -0.661447  -4.93095  -6.71633    10.756  -4.56556   -12.601    16.527   2.16937   1.07819
 0.888888   4.14515  -2.88827   1.49834   12.7512   13.7079   13.2813   11.8172  -8.44252   10.7539  -1.39731  -22.6373  -11.6504   2.16937   45.6296   1.89235
-0.117166   2.29904  -1.32036 -0.489976   1.15951   1.70299   2.63505   2.37103 -0.584859  0.349392   1.24597  0.372413  0.647716   1.07819   1.89235   23.1577
