  6.4812e-08 -3.28793e-06  4.69685e-05  6.56481e-05  6.28117e-05 -3.31264e-06 -8.11288e-05            0  -1.5559e-05  -4.1143e-05 -8.61055e-06 -2.12136e-05  4.48902e-06  -7.2548e-08   0.00295025
-3.28793e-06      33.0574       1.4267     0.343109    -0.514489     -17.4695      9.09911  3.50684e+07      8.46073      4.15678     -0.76319     0.625712     0.106588   0.00831109     -38.0119
 4.69685e-05       1.4267      13.2885      1.93261    -0.576472     0.550354    -0.706133  1.22572e+09      0.52935    -0.933975   0.00566341     -1.52641  -0.00219115   0.00115277      136.637
 6.56481e-05     0.343109      1.93261      34.5517     0.589378     -5.51508      3.17551  -3.2766e+08     -20.7751     -3.73351     0.186858     -1.94088   -0.0411703    0.0130445      14.6497
 6.28117e-05    -0.514489    -0.576472     0.589378      50.2514      2.93156      3.48639 -2.49587e+08     -1.07949    -0.252815      0.15856      2.37324    0.0121808    -0.001788     -134.388
-3.31264e-06     -17.4695     0.550354     -5.51508      2.93156      275.021      1.90534 -1.24222e+09     -8.38609      1.13081    -0.328168    -0.297718    0.0456616   0.00640979     -322.755
-8.11288e-05      9.09911    -0.706133      3.17551      3.48639      1.90534      207.466  7.72104e+08     -1.34838      1.99196   -0.0763687      2.26146   0.00259264  -0.00481663     -21.6727
           0  3.50684e+07  1.22572e+09  -3.2766e+08 -2.49587e+08 -1.24222e+09  7.72104e+08  1.18963e+20 -9.76902e+08 -1.96488e+08  2.47577e+08  2.74882e+09  1.03564e+08       114613  9.23765e+10
 -1.5559e-05      8.46073      0.52935     -20.7751     -1.07949     -8.38609     -1.34838 -9.76902e+08      61.0128      -8.5228    -0.276296     -11.2642     0.472847  -0.00314649     -27.5408
 -4.1143e-05      4.15678    -0.933975     -3.73351    -0.252815      1.13081      1.99196 -1.96488e+08      -8.5228      13.1725    -0.211524      -4.9591   -0.0738665  -0.00365725      31.0702
-8.61055e-06     -0.76319   0.00566341     0.186858      0.15856    -0.328168   -0.0763687  2.47577e+08    -0.276296    -0.211524      1.19918    -0.149761   -0.0153632   0.00464663     -23.1339
-2.12136e-05     0.625712     -1.52641     -1.94088      2.37324    -0.297718      2.26146  2.74882e+09     -11.2642      -4.9591    -0.149761      38.5018    -0.400208   0.00508209     -76.1789
 4.48902e-06     0.106588  -0.00219115   -0.0411703    0.0121808    0.0456616   0.00259264  1.03564e+08     0.472847   -0.0738665   -0.0153632    -0.400208     0.286396  -0.00030303      12.3842
 -7.2548e-08   0.00831109   0.00115277    0.0130445    -0.001788   0.00640979  -0.00481663       114613  -0.00314649  -0.00365725   0.00464663   0.00508209  -0.00030303   0.00103094    -0.148956
  0.00295025     -38.0119      136.637      14.6497     -134.388     -322.755     -21.6727  9.23765e+10     -27.5408      31.0702     -23.1339     -76.1789      12.3842    -0.148956      96327.9
