      809.27   0.00158892     -14.2667 -0.000431295  -2.7922e+06   -0.0130046       17.308      41.2465     -7.20127     -5.41065    -0.753688     -1.17284      2.78486    0.0011602      4.76941  -0.00345645
  0.00158892  3.40627e-06 -0.000292326  6.51213e-09     -1.80879  1.97174e-07  0.000565694  1.16409e-05 -2.38003e-05   0.00211938 -5.17188e-05  0.000104289  0.000848495 -4.24044e-08  0.000509772  2.07029e-06
    -14.2667 -0.000292326      34.7546 -0.000118815     -64128.8   -0.0448649     -8.67694     0.133454     -1.77379     -9.16729     0.542402     0.188012      11.3388   0.00171184       3.4413  -0.00461253
-0.000431295  6.51213e-09 -0.000118815  9.64509e-08     0.394673  7.84025e-08  0.000112729 -7.87477e-05 -6.98896e-06  0.000336138 -1.50009e-05 -3.04903e-06 -3.93087e-05 -5.11424e-07  0.000136876 -2.46508e-07
 -2.7922e+06     -1.80879     -64128.8     0.394673  2.37327e+12     -1508.32      38250.7 -3.31854e+07       646295      99993.6       101244       317045        20341      346.944      18005.6     -894.376
  -0.0130046  1.97174e-07   -0.0448649  7.84025e-08     -1508.32   0.00772865    0.0385001    0.0465733   0.00702354   0.00577339 -0.000285118   0.00315595    0.0572231  4.01382e-05    -0.089067   0.00103395
      17.308  0.000565694     -8.67694  0.000112729      38250.7    0.0385001      28.6196     -1.49268     -1.61086    -0.890698    0.0466697    -0.834002      4.94373  -0.00545607      9.02792     0.010382
     41.2465  1.16409e-05     0.133454 -7.87477e-05 -3.31854e+07    0.0465733     -1.49268      474.908     -11.7784      9.78977     -1.35518     -3.68468      3.89815   -0.0024353     -1.86827   0.00761567
    -7.20127 -2.38003e-05     -1.77379 -6.98896e-06       646295   0.00702354     -1.61086     -11.7784      30.5229     -1.07109    0.0569554   -0.0328749     0.363966    0.0006645     -2.94717   0.00915468
    -5.41065   0.00211938     -9.16729  0.000336138      99993.6   0.00577339    -0.890698      9.78977     -1.07109      66.8458     -0.10588     0.612647      9.00022  0.000288773      7.67273   0.00154221
   -0.753688 -5.17188e-05     0.542402 -1.50009e-05       101244 -0.000285118    0.0466697     -1.35518    0.0569554     -0.10588      1.28653   -0.0305146     0.144213 -0.000111857     0.240689  0.000242348
    -1.17284  0.000104289     0.188012 -3.04903e-06       317045   0.00315595    -0.834002     -3.68468   -0.0328749     0.612647   -0.0305146      3.91756     0.406739 -0.000871298    -0.775624  0.000754754
     2.78486  0.000848495      11.3388 -3.93087e-05        20341    0.0572231      4.94373      3.89815     0.363966      9.00022     0.144213     0.406739      25.3679    -0.003839     -7.27617   0.00757698
   0.0011602 -4.24044e-08   0.00171184 -5.11424e-07      346.944  4.01382e-05  -0.00545607   -0.0024353    0.0006645  0.000288773 -0.000111857 -0.000871298    -0.003839  0.000153502  -0.00108743  2.34646e-05
     4.76941  0.000509772       3.4413  0.000136876      18005.6    -0.089067      9.02792     -1.86827     -2.94717      7.67273     0.240689    -0.775624     -7.27617  -0.00108743      36.9502   0.00279144
 -0.00345645  2.07029e-06  -0.00461253 -2.46508e-07     -894.376   0.00103395     0.010382   0.00761567   0.00915468   0.00154221  0.000242348  0.000754754   0.00757698  2.34646e-05   0.00279144   0.00129299
