 3.76878e-06  0.000758494 -0.000188144      16.8901 -0.000472426   0.00106769  0.000220157  0.000330014 -6.63673e-05     0.076604  3.91151e-05   0.00594578     0.035668 -3.81433e-05 -1.27875e-05
 0.000758494      512.062     0.747484     -23717.4      10.7672       5.2693    -0.230256     -1.71953     -2.27425      256.664    0.0418765     -8.54327      41.6454    -0.855684    -0.179945
-0.000188144     0.747484      16.7855     -20544.8     -4.58272     0.389847    -0.116945     -2.89744    -0.715419      214.585   -0.0209913      2.55737      11.2908    -0.180763   0.00366974
     16.8901     -23717.4     -20544.8  5.78926e+10      7319.59     -64215.3     -8989.35            0            0 -5.13072e+06            0      -383012  1.44387e+06            0     -983.441
-0.000472426      10.7672     -4.58272      7319.59      412.178      4.08422      1.09388    -0.905513            0     -521.881  -0.00860399     -22.2754            0   -0.0305442   -0.0584708
  0.00106769       5.2693     0.389847     -64215.3      4.08422      315.795    -0.388549     -4.20369      11.8841      263.223    0.0896694     -13.5398     -43.0382      0.26664   -0.0966574
 0.000220157    -0.230256    -0.116945     -8989.35      1.09388    -0.388549      2.96778     0.163732     -1.91532     -59.1954    0.0176901    -0.967713     -5.24073  -0.00876952  -0.00419072
 0.000330014     -1.71953     -2.89744            0    -0.905513     -4.20369     0.163732      66.7411     -1.62196      187.946   -0.0236307      9.07123     -9.95964    -0.112614    0.0287161
-6.63673e-05     -2.27425    -0.715419            0            0      11.8841     -1.91532     -1.62196       89.909      85.4818 -0.000193164       26.872     -31.3912    -0.260879    0.0249415
    0.076604      256.664      214.585 -5.13072e+06     -521.881      263.223     -59.1954      187.946      85.4818  1.98351e+06      19.9257     -1251.21        51132     -1.60092      9.06706
 3.91151e-05    0.0418765   -0.0209913            0  -0.00860399    0.0896694    0.0176901   -0.0236307 -0.000193164      19.9257     0.110661    0.0179578     0.474968    0.0176498  -0.00232448
  0.00594578     -8.54327      2.55737      -383012     -22.2754     -13.5398    -0.967713      9.07123       26.872     -1251.21    0.0179578      14172.8            0      -7.0146     0.544308
    0.035668      41.6454      11.2908  1.44387e+06            0     -43.0382     -5.24073     -9.95964     -31.3912        51132     0.474968            0       131542     -1.37771     -2.22231
-3.81433e-05    -0.855684    -0.180763            0   -0.0305442      0.26664  -0.00876952    -0.112614    -0.260879     -1.60092    0.0176498      -7.0146     -1.37771      2.16617    0.0196345
-1.27875e-05    -0.179945   0.00366974     -983.441   -0.0584708   -0.0966574  -0.00419072    0.0287161    0.0249415      9.06706  -0.00232448     0.544308     -2.22231    0.0196345      0.03787
