  0.0108149   0.0229572  -0.0128892      12.143 -0.00943429   0.0375022   0.0251637    0.012799 -0.00585961    0.214153  0.00761266   0.0593293    0.283404 -0.00371184 -0.00339229
  0.0229572      178.22    0.572043    -184.892      3.4202     2.08548   -0.288524   -0.759801   -0.279602      8.1051   0.0894736   -0.950242     3.65273   -0.910516   -0.532946
 -0.0128892    0.572043      28.326    -361.078    -5.17183    0.337881   -0.323911    -2.81918   -0.731927      14.925  -0.0988544    0.626492     2.19242   -0.424053    0.024009
     12.143    -184.892    -361.078 1.04469e+07    -55.3144    -580.109    -252.536           0           0    -3655.76           0    -975.196     2892.92           0    -66.2769
-0.00943429      3.4202    -5.17183    -55.3144     229.746     3.85864     2.46472   -0.672427     20.0292    -23.4611    0.053976    -3.99683           0   0.0250967   -0.206484
  0.0375022     2.08548    0.337881    -580.109     3.85864      142.18   -0.553365    -2.11655     6.57987      9.4394    0.216095    -1.70625    -4.31693    0.322593    -0.32489
  0.0251637   -0.288524   -0.323911    -252.536     2.46472   -0.553365     13.4536    0.261034    -3.26132    -6.74642     0.13641   -0.398319    -1.65827  -0.0336793  -0.0448266
   0.012799   -0.759801    -2.81918           0   -0.672427    -2.11655    0.261034     37.4398    -0.99926     7.52972  -0.0642154     1.28058    -1.08598   -0.152133    0.108027
-0.00585961   -0.279602   -0.731927           0     20.0292     6.57987    -3.26132    -0.99926     62.8778     4.38211  -0.0307061     4.12556     -3.8352   -0.462534   0.0978131
   0.214153      8.1051      14.925    -3655.76    -23.4611      9.4394    -6.74642     7.52972     4.38211     5682.18     3.86214    -12.6105      407.81   -0.154467     2.43557
 0.00761266   0.0894736  -0.0988544           0    0.053976    0.216095     0.13641  -0.0642154  -0.0307061     3.86214     1.44951   0.0131057    0.255364     0.11547  -0.0422332
  0.0593293   -0.950242    0.626492    -975.196    -3.99683    -1.70625   -0.398319     1.28058     4.12556    -12.6105   0.0131057     504.234           0    -2.38608    0.516025
   0.283404     3.65273     2.19242     2892.92           0    -4.31693    -1.65827    -1.08598     -3.8352      407.81    0.255364           0     2919.49   -0.369774     -1.6619
-0.00371184   -0.910516   -0.424053           0   0.0250967    0.322593  -0.0336793   -0.152133   -0.462534   -0.154467     0.11547    -2.38608   -0.369774     7.04758    0.177797
-0.00339229   -0.532946    0.024009    -66.2769   -0.206484    -0.32489  -0.0448266    0.108027   0.0978131     2.43557  -0.0422332    0.516025     -1.6619    0.177797     0.95446
