 4.19696e-05   0.00207747 -0.000670752      17.1955  -0.00142157    0.0030818  0.000928889  0.000981312 -0.000198363     0.101551  0.000194526    0.0117364    0.0659513 -0.000153568 -6.92871e-05
  0.00207747      369.957     0.688392     -6078.24      8.25504      3.95845    -0.246925     -1.33704     -1.79017       88.564     0.052892     -4.34961       19.694    -0.872143    -0.251391
-0.000670752     0.688392      19.7229     -6811.68     -4.48108     0.373482    -0.160046     -2.87314    -0.718141      94.4241   -0.0338131      1.65871      6.80745    -0.234976   0.00653914
     17.1955     -6078.24     -6811.68  5.37296e+09      2028.11     -17308.1     -3409.24            0            0      -630079            0     -69934.7       245033            0     -492.304
 -0.00142157      8.25504     -4.48108      2028.11      335.351       3.2555      1.24516    -0.747136            0      -191.09   -0.0115302      -12.019            0   -0.0330462   -0.0866841
   0.0030818      3.95845     0.373482     -17308.1       3.2555      246.674    -0.433352     -3.39882      9.72658      94.3876     0.117767     -7.15881     -21.1734       0.2826    -0.140388
 0.000928889    -0.246925    -0.160046     -3409.24      1.24516    -0.433352      4.72624     0.188992     -2.23826     -30.3257    0.0331766    -0.730962     -3.67585   -0.0132713  -0.00869632
 0.000981312     -1.33704     -2.87314            0    -0.747136     -3.39882     0.188992      55.8513     -1.37399      69.7603    -0.032127      4.96364     -5.06568    -0.123538    0.0431909
-0.000198363     -1.79017    -0.718141            0            0      9.72658     -2.23826     -1.37399      77.1042       32.135 -0.000265376      14.8879     -16.1718    -0.289713    0.0379625
    0.101551       88.564      94.4241      -630079      -191.09      94.3876     -30.3257      69.7603       32.135       326843      12.0196      -304.05      11547.3     -0.77901       6.0478
 0.000194526     0.052892   -0.0338131            0   -0.0115302     0.117767    0.0331766    -0.032127 -0.000265376      12.0196     0.244365    0.0159486     0.392642    0.0314522  -0.00567734
   0.0117364     -4.34961      1.65871     -69934.7      -12.019     -7.15881    -0.730962      4.96364      14.8879      -304.05    0.0159486      5072.73            0     -5.03302     0.535253
   0.0659513       19.694      6.80745       245033            0     -21.1734     -3.67585     -5.06568     -16.1718      11547.3     0.392642            0      40708.9    -0.919093     -2.03209
-0.000153568    -0.872143    -0.234976            0   -0.0330462       0.2826   -0.0132713    -0.123538    -0.289713     -0.77901    0.0314522     -5.03302    -0.919093      3.11513    0.0386995
-6.92871e-05    -0.251391   0.00653914     -492.304   -0.0866841    -0.140388  -0.00869632    0.0431909    0.0379625       6.0478  -0.00567734     0.535253     -2.03209    0.0386995     0.102302
