   2.80602   0.256506  -0.248773    8.14087 -0.0512197   0.441424   0.714101   0.169192  -0.146266   0.444793   0.298403   0.297519    1.22531 -0.0899134  -0.166945
  0.256506    85.8627   0.474834   -5.45977    1.13911    1.05738  -0.344663  -0.431853   0.690045   0.721299   0.151604  -0.206534   0.679649  -0.950577   -1.12995
 -0.248773   0.474834    40.6561   -17.8974   -2.94669   0.291051  -0.671812    -2.7651  -0.953767    1.92046  -0.288096   0.230402   0.706304   -0.76455  0.0881799
   8.14087   -5.45977   -17.8974    18467.6    4.70897   -17.7845   -18.3059          0          0   -19.6004          0   -12.7616    32.5977          0   -8.50759
-0.0512197    1.13911   -2.94669    4.70897    76.4388    1.94351    2.99586  -0.715255    32.0267  -0.827292  0.0570844    -1.0884          0 0.00836342  -0.354784
  0.441424    1.05738   0.291051   -17.7845    1.94351     75.889  -0.696004   -1.26627     4.5001   0.883799   0.382845  -0.383772  -0.848433   0.354487   -0.72541
  0.714101  -0.344663  -0.671812   -18.3059    2.99586  -0.696004    40.2393    0.36943   -4.76646   -1.50164   0.573714  -0.213525  -0.769378 -0.0948778  -0.237706
  0.169192  -0.431853    -2.7651          0  -0.715255   -1.26627    0.36943    25.1006  -0.810419   0.799361  -0.127823   0.332773  -0.235461  -0.187135   0.269843
 -0.146266   0.690045  -0.953767          0    32.0267     4.5001   -4.76646  -0.810419    63.5029   0.547254  -0.197854    1.16924  -0.924832  -0.670175   0.163824
  0.444793   0.721299    1.92046   -19.6004  -0.827292   0.883799   -1.50164   0.799361   0.547254    93.9846    1.25331   -0.49974    14.0917 -0.0298289   0.956862
  0.298403   0.151604  -0.288096          0  0.0570844   0.382845   0.573714  -0.127823  -0.197854    1.25331    8.58286  0.0093244    0.16642   0.423951  -0.314512
  0.297519  -0.206534   0.230402   -12.7616    -1.0884  -0.383772  -0.213525   0.332773    1.16924   -0.49974  0.0093244    49.0601          0    -1.1203   0.490376
   1.22531   0.679649   0.706304    32.5977          0  -0.848433  -0.769378  -0.235461  -0.924832    14.0917    0.16642          0    210.212  -0.149164   -1.36183
-0.0899134  -0.950577   -0.76455          0 0.00836342   0.354487 -0.0948778  -0.187135  -0.670175 -0.0298289   0.423951    -1.1203  -0.149164    15.9438   0.816824
 -0.166945   -1.12995  0.0881799   -8.50759  -0.354784   -0.72541  -0.237706   0.269843   0.163824   0.956862  -0.314512   0.490376   -1.36183   0.816824    8.90489
