    0.427548     0.405791 -0.000286266      2362.17    0.0031962      1093.53 -0.000399895     0.387133     -35.0733    -0.793011      2355.08  1.14671e-06      1.11946   -0.0838875   -0.0739812   -0.0237335  -0.00114644
    0.405791      1966.41   -0.0060077       908588     0.139472      -168996     0.048832            0      39595.9            0      20940.2            0     0.893153      5.90135      15.8591       1.8922            0
-0.000286266   -0.0060077  0.000219049      69.5105  0.000102245     -14.6322 -1.83482e-05   -0.0883713            0  0.000779268     -1315.79            0  -0.00209731  -0.00454592  0.000506819  0.000231905 -6.98584e-07
     2362.17       908588      69.5105  5.96698e+11     -5558.14 -7.56529e+08      525.547            0  2.97447e+08       490396 -1.01526e+10            0      45887.4      61764.6      69504.9      14921.8     -285.461
   0.0031962     0.139472  0.000102245     -5558.14     0.261847     -147.836  0.000118884            0     -1605.34    0.0835301      77593.7            0   -0.0213502     0.107999   -0.0134986   -0.0041853  0.000387532
     1093.53      -168996     -14.6322 -7.56529e+08     -147.836  2.13595e+08      -11.406       118305 -9.93488e+07     -39251.5 -2.10053e+09   0.00690713      5661.06     -7193.33      19674.6     -18174.3      29.5152
-0.000399895     0.048832 -1.83482e-05      525.547  0.000118884      -11.406   0.00300838      0.52202      35.2896     0.159524     -6478.45            0  -0.00299399    0.0129348    0.0064285  -0.00265264  2.37832e-05
    0.387133            0   -0.0883713            0            0       118305      0.52202      45642.9            0      340.969 -1.57241e+06            0     -35.8793     0.378014       24.836     -8.02931    0.0165525
    -35.0733      39595.9            0  2.97447e+08     -1605.34 -9.93488e+07      35.2896            0  2.13975e+09      44531.8  4.06341e+09            0     -2772.18            0      2254.21      -1854.2     -5.55487
   -0.793011            0  0.000779268       490396    0.0835301     -39251.5     0.159524      340.969      44531.8       7395.1 -1.02355e+07            0      5.75946     -12.7157    -0.110673     -9.73568   -0.0579708
     2355.08      20940.2     -1315.79 -1.01526e+10      77593.7 -2.10053e+09     -6478.45 -1.57241e+06  4.06341e+09 -1.02355e+07  1.65147e+12    -0.432494      -781404  -1.4637e+06      -137865       116832     -3759.57
 1.14671e-06            0            0            0            0   0.00690713            0            0            0            0    -0.432494  1.27993e-10  7.11697e-05            0            0 -3.06753e-07 -8.97917e-09
     1.11946     0.893153  -0.00209731      45887.4   -0.0213502      5661.06  -0.00299399     -35.8793     -2772.18      5.75946      -781404  7.11697e-05      143.906     0.198564     -1.00067      1.16826   0.00288244
  -0.0838875      5.90135  -0.00454592      61764.6     0.107999     -7193.33    0.0129348     0.378014            0     -12.7157  -1.4637e+06            0     0.198564      84.2243   -0.0896314     -0.67754  -0.00188584
  -0.0739812      15.8591  0.000506819      69504.9   -0.0134986      19674.6    0.0064285       24.836      2254.21    -0.110673      -137865            0     -1.00067   -0.0896314      17.8014     0.555474  -0.00134727
  -0.0237335       1.8922  0.000231905      14921.8   -0.0041853     -18174.3  -0.00265264     -8.02931      -1854.2     -9.73568       116832 -3.06753e-07      1.16826     -0.67754     0.555474      8.83525  -0.00628871
 -0.00114644            0 -6.98584e-07     -285.461  0.000387532      29.5152  2.37832e-05    0.0165525     -5.55487   -0.0579708     -3759.57 -8.97917e-09   0.00288244  -0.00188584  -0.00134727  -0.00628871  0.000908941
