     8.59478     0.514682   -0.0408759      34.2297    0.0448941      30.1977   -0.0265881     0.324151     -1.34453    -0.784238      30.6921  5.28388e-06      2.58191    -0.244524    -0.338101     -0.21467    -0.221452
    0.514682      155.132   -0.0485426      819.072      0.11937     -306.407     0.201319            0      98.2815            0     -168.942            0     0.131474      1.08083      4.60709      1.08442            0
  -0.0408759   -0.0485426     0.222469      7.03246    0.0101741     -2.69271   -0.0086085    -0.437147            0   0.00557602     -261.292            0   -0.0344417   -0.0942887   0.00998518    0.0170172  -0.00105492
     34.2297      819.072      7.03246  6.20117e+06     -55.8764     -15166.3      25.4036            0      8446.21       354.72      -221481            0      77.6014      130.153      225.212      101.576     -40.0353
   0.0448941      0.11937    0.0101741     -55.8764      2.55134      -2.6805   0.00581817    0.0882428     -44.3591    0.0566215      1458.12            0   -0.0350605     0.218935   -0.0467684   -0.0275966    0.0521781
     30.1977     -306.407     -2.69271     -15166.3      -2.6805      8127.29     -1.02582      91.1336     -5511.26     -52.2689       -71838  4.52584e-05        18.88     -27.4697      119.674     -237.133      7.34762
  -0.0265881     0.201319   -0.0086085      25.4036   0.00581817     -1.02582      0.65914      1.20042      4.62473     0.519474     -596.369            0   -0.0228059     0.124359    0.0968506   -0.0822462    0.0150576
    0.324151            0    -0.437147            0    0.0882428      91.1336      1.20042      1107.23            0      11.5978     -947.384            0     -2.85074      0.02673      3.00925     -3.26923     0.096609
    -1.34453      98.2815            0      8446.21     -44.3591     -5511.26      4.62473            0       168581      86.7382       219874            0     -13.0479            0      20.2577     -34.7027     -2.10711
   -0.784238            0   0.00557602       354.72    0.0566215     -52.2689     0.519474      11.5978      86.7382      358.751     -14072.5            0     0.650975      -1.8111   -0.0521069     -4.51604    -0.547867
     30.6921     -168.942     -261.292      -221481      1458.12       -71838     -596.369     -947.384       219874     -14072.5  6.32746e+07  -0.00273558     -2476.75      -5946.8     -123.853      1504.28     -1009.94
 5.28388e-06            0            0            0            0  4.52584e-05            0            0            0            0  -0.00273558  1.35198e-10  3.76369e-05            0            0 -6.63829e-07 -4.03808e-07
     2.58191     0.131474   -0.0344417      77.6014   -0.0350605        18.88   -0.0228059     -2.85074     -13.0479     0.650975     -2476.75  3.76369e-05       38.106    0.0664039    -0.524416      1.28355    0.0626712
   -0.244524      1.08083   -0.0942887      130.153     0.218935     -27.4697     0.124359      0.02673            0      -1.8111      -5946.8            0    0.0664039      35.5721   -0.0755302    -0.924776   -0.0531901
   -0.338101      4.60709   0.00998518      225.212   -0.0467684      119.674    0.0968506      3.00925      20.2577   -0.0521069     -123.853            0    -0.524416   -0.0755302      18.4329      1.17099   -0.0588489
    -0.21467      1.08442    0.0170172      101.576   -0.0275966     -237.133   -0.0822462     -3.26923     -34.7027     -4.51604      1504.28 -6.63829e-07      1.28355    -0.924776      1.17099      39.3825    -0.576437
   -0.221452            0  -0.00105492     -40.0353    0.0521781      7.34762    0.0150576     0.096609     -2.10711    -0.547867     -1009.94 -4.03808e-07    0.0626712   -0.0531901   -0.0588489    -0.576437        1.706
