     0.59318     0.415836 -0.000491695      2035.12   0.00426246      740.597 -0.000632114     0.371795     -24.8874    -0.791863      2335.27   1.3507e-06      1.22638   -0.0942924   -0.0873013   -0.0303053  -0.00204109
    0.415836      1488.45  -0.00762487       578256     0.137489     -84498.4    0.0570087            0      20749.1            0      7423.73            0     0.724037      4.89941      13.8217      1.78503            0
-0.000491695  -0.00762487  0.000465899      74.0522  0.000168826     -12.2639 -3.59038e-05    -0.105048            0  0.000971915     -1581.61            0  -0.00284385  -0.00632734  0.000740597  0.000365554 -1.54784e-06
     2035.12       578256      74.0522  3.19348e+11     -4604.22 -3.17929e+08      516.163            0  1.30921e+08       304242 -6.18427e+09            0      31287.9      43133.1      50928.3      11839.7     -315.584
  0.00426246     0.137489  0.000168826     -4604.22     0.335717     -96.3739  0.000180509            0     -1093.24    0.0802091      72387.9            0   -0.0225316     0.116697   -0.0153051  -0.00511414  0.000663279
     740.597     -84498.4     -12.2639 -3.17929e+08     -96.3739  7.05749e+07     -8.77699      55423.4 -3.44003e+07     -19130.7 -9.89429e+08   0.00397036      3027.28     -3945.65      11330.6     -11327.2      25.6586
-0.000632114    0.0570087 -3.59038e-05      516.163  0.000180509     -8.77699   0.00541705     0.570898      28.5223     0.181489     -7161.29            0   -0.0037363     0.016564   0.00864069  -0.00385979   4.8245e-05
    0.371795            0    -0.105048            0            0      55423.4     0.570898      30319.2            0      235.621 -1.05606e+06            0     -27.1988     0.292694      20.2778      -7.0957    0.0203986
    -24.8874      20749.1            0  1.30921e+08     -1093.24 -3.44003e+07      28.5223            0  7.76159e+08      22707.4  2.00786e+09            0     -1552.34            0      1360.91     -1211.32     -5.04834
   -0.791863            0  0.000971915       304242    0.0802091     -19130.7     0.181489      235.621      22707.4      5315.19 -7.14976e+06            0      4.54138     -10.2874   -0.0936206     -8.94942   -0.0742855
     2335.27      7423.73     -1581.61 -6.18427e+09      72387.9 -9.89429e+08     -7161.29 -1.05606e+06  2.00786e+09 -7.14976e+06  1.12021e+12    -0.355984      -598321 -1.15075e+06      -112862       103576     -4677.29
  1.3507e-06            0            0            0            0   0.00397036            0            0            0            0    -0.355984  1.27993e-10  6.61924e-05            0            0 -3.32534e-07 -1.35718e-08
     1.22638     0.724037  -0.00284385      31287.9   -0.0225316      3027.28   -0.0037363     -27.1988     -1552.34      4.54138      -598321  6.61924e-05      124.482     0.176237    -0.932365      1.17798    0.0040519
  -0.0942924      4.89941  -0.00632734      43133.1     0.116697     -3945.65     0.016564     0.292694            0     -10.2874 -1.15075e+06            0     0.176237      76.7003   -0.0857119    -0.701076  -0.00272026
  -0.0873013      13.8217  0.000740597      50928.3   -0.0153051      11330.6   0.00864069      20.2778      1360.91   -0.0936206      -112862            0    -0.932365   -0.0857119      17.8661     0.603375  -0.00204037
  -0.0303053      1.78503  0.000365554      11839.7  -0.00511414     -11327.2  -0.00385979      -7.0957     -1211.32     -8.94942       103576 -3.32534e-07      1.17798    -0.701076     0.603375      10.3866   -0.0103063
 -0.00204109            0 -1.54784e-06     -315.584  0.000663279      25.6586   4.8245e-05    0.0203986     -5.04834   -0.0742855     -4677.29 -1.35718e-08    0.0040519  -0.00272026  -0.00204037   -0.0103063   0.00207671
