     33.4896     0.644338    -0.327348      2.69329     0.153618      5.97622      -0.1734     0.307333    -0.266915    -0.979706       4.3032   0.00258292      3.78217    -0.398614    -0.691412    -0.673684     -2.07283
    0.644338      51.8688    -0.140925      19.0667    0.0312433      -23.275     0.379175            0      6.43971            0     -21.2845            0    0.0587033     0.537302      3.20478     0.841035   -0.0505658
   -0.327348    -0.140925      4.82771      1.34213    0.0854192     -1.30228    -0.127515    -0.879954            0    0.0132417     -48.4086            0    -0.118592    -0.362635    0.0291162     0.112277    -0.022266
     2.69329      19.0667      1.34213      10297.6     -3.78116     -60.7881       3.5076            0      40.0334       7.7978     -347.131            0      2.34456      4.39145      9.29909      5.73737     -7.80732
    0.153618    0.0312433    0.0854192     -3.78116      7.09522    -0.536132     0.027329    0.0749579     -8.45997    0.0452045       94.229            0   -0.0431563     0.302174   -0.0566385   -0.0727938     0.415942
     5.97622      -23.275     -1.30228     -60.7881    -0.536132      94.5179    -0.444093      0.24249     -67.7589     -2.62532     -293.193   0.00131143      1.73402      -2.0702      11.4403     -31.5208      2.76934
     -0.1734     0.379175    -0.127515       3.5076     0.027329    -0.444093      7.27715      1.67121      1.72345     0.869517     -77.4248            0   -0.0548973     0.340448     0.333993     -0.33521     0.231279
    0.307333            0    -0.879954            0    0.0749579      0.24249      1.67121      208.772            0      2.44426      -28.091            0    -0.912962   0.00620388      1.93632     -2.22677     0.187361
   -0.266915      6.43971            0      40.0334     -8.45997     -67.7589      1.72345            0      2142.01       4.8366      967.048            0     -1.19281            0      2.32781     -5.06106     -1.17841
   -0.979706            0    0.0132417       7.7978    0.0452045     -2.62532     0.869517      2.44426       4.8366      93.0947     -279.958            0     0.246398    -0.746589   -0.0432199     -2.96095     -1.33247
      4.3032     -21.2845     -48.4086     -347.131       94.229     -293.193     -77.4248      -28.091      967.048     -279.958      96933.1   -0.0331741     -71.6765     -190.943    -0.023229       93.972     -187.264
  0.00258292            0            0            0            0   0.00131143            0            0            0            0   -0.0331741  1.11405e-05   0.00805366            0            0 -0.000253053 -0.000580902
     3.78217    0.0587033    -0.118592      2.34456   -0.0431563      1.73402   -0.0548973    -0.912962     -1.19281     0.246398     -71.6765   0.00805366      21.1492    0.0409325    -0.393434      1.35148     0.231573
   -0.398614     0.537302    -0.362635      4.39145     0.302174      -2.0702     0.340448   0.00620388            0    -0.746589     -190.943            0    0.0409325      24.1618   -0.0721035     -1.05351    -0.395072
   -0.691412      3.20478    0.0291162      9.29909   -0.0566385      11.4403     0.333993      1.93632      2.32781   -0.0432199    -0.023229            0    -0.393434   -0.0721035      18.6591      1.50088    -0.267384
   -0.673684     0.841035     0.112277      5.73737   -0.0727938     -31.5208     -0.33521     -2.22677     -5.06106     -2.96095       93.972 -0.000253053      1.35148     -1.05351      1.50088      75.2096     -3.82073
    -2.07283   -0.0505658    -0.022266     -7.80732     0.415942      2.76934     0.231279     0.187361     -1.17841     -1.33247     -187.264 -0.000580902     0.231573    -0.395072    -0.267384     -3.82073      39.3565
