     2.25724     0.461096  -0.00448091      418.392    0.0138262      150.538  -0.00409792     0.348049      -5.8587    -0.787363      607.061  2.63546e-06      1.77936      -0.1519    -0.171839   -0.0817065   -0.0214912
    0.461096      478.102   -0.0184295      34375.6      0.12968     -5090.69     0.106988            0      1431.09            0     -5129.33            0     0.309774      2.29288      7.98538      1.37453            0
 -0.00448091   -0.0184295    0.0101748      35.8729   0.00131009     -5.59846 -0.000555178    -0.212335            0   0.00237867     -1315.45            0  -0.00989149   -0.0244366   0.00234245   0.00255223 -3.93919e-05
     418.392      34375.6      35.8729  3.52839e+09     -803.026 -3.51291e+06      181.308            0  1.66652e+06      16434.4 -1.24231e+08            0      2486.84      3758.45      5376.14      1733.44     -179.083
   0.0138262      0.12968   0.00131009     -803.026     0.925549     -16.2718   0.00102407    0.0677098     -220.716    0.0675993      21001.2            0   -0.0283426     0.159941   -0.0268278   -0.0117797   0.00593918
     150.538     -5090.69     -5.59846 -3.51291e+06     -16.2718       765701     -2.91868      2361.94      -438023     -1026.17 -1.70531e+07  0.000419965      238.826     -334.463      1182.85     -1647.23      14.1198
 -0.00409792     0.106988 -0.000555178      181.308   0.00102407     -2.91868     0.059725     0.821203      11.5339     0.307252     -4231.11            0  -0.00921312    0.0454107    0.0288824   -0.0176753  0.000858157
    0.348049            0    -0.212335            0    0.0677098      2361.94     0.821203      5698.89            0      51.9597     -48537.8            0     -8.72437    0.0836761       7.5813     -4.28984    0.0481127
     -5.8587      1431.09            0  1.66652e+06     -220.716      -438023      11.5339            0  1.15134e+07      1407.38  4.29129e+07            0     -141.877            0      166.584     -204.514     -3.30091
   -0.787363            0   0.00237867      16434.4    0.0675993     -1026.17     0.307252      51.9597      1407.38      1380.71      -650815            0      1.71989      -4.3194   -0.0409589     -6.34728    -0.204601
     607.061     -5129.33     -1315.45 -1.24231e+08      21001.2 -1.70531e+07     -4231.11     -48537.8  4.29129e+07      -650815  3.52334e+10   -0.0629247     -78819.2      -169774     -9493.35      24896.7     -4477.79
 2.63546e-06            0            0            0            0  0.000419965            0            0            0            0   -0.0629247  1.28051e-10  4.92474e-05            0            0 -4.60805e-07 -7.31906e-08
     1.77936     0.309774  -0.00989149      2486.84   -0.0283426      238.826  -0.00921312     -8.72437     -141.877      1.71989     -78819.2  4.92474e-05      68.8772     0.108209    -0.700563      1.22351     0.016303
     -0.1519      2.29288   -0.0244366      3758.45     0.159941     -334.463    0.0454107    0.0836761            0      -4.3194      -169774            0     0.108209      52.2803   -0.0803363    -0.802593   -0.0121268
   -0.171839      7.98538   0.00234245      5376.14   -0.0268278      1182.85    0.0288824       7.5813      166.584   -0.0409589     -9493.35            0    -0.700563   -0.0803363      18.2169     0.848078   -0.0111665
  -0.0817065      1.37453   0.00255223      1733.44   -0.0117797     -1647.23   -0.0176753     -4.28984     -204.514     -6.34728      24896.7 -4.60805e-07      1.22351    -0.802593     0.848078      20.0995   -0.0774702
  -0.0214912            0 -3.93919e-05     -179.083   0.00593918      14.1198  0.000858157    0.0481127     -3.30091    -0.204601     -4477.79 -7.31906e-08     0.016303   -0.0121268   -0.0111665   -0.0774702    0.0605068
