    0.784909   -0.0254311      0.18704         1.33     0.129465    0.0400321      0.12052    -0.155571    -0.164094    -0.219349 -0.000734186     0.187393     0.154443     0.576513     0.124322
  -0.0254311      36.1439     -3.51144      171.059      6.57939     0.823794     -14.0202    -0.870141     -4.38397      5.66678    0.0348785      1.54802     -9.90181     -2.71397     -1.06093
     0.18704     -3.51144      24.6839      47.9702     -8.32692    -0.843572     -1.96167     -5.13013     -1.77777    -0.775623    0.0154093      1.39201      4.36853    -0.914426   -0.0429289
        1.33      171.059      47.9702      64708.5     -18.5673     0.554325      17.0023     -35.2969     -57.2055       44.248     0.148743      57.5664      12.9303     -89.5777      5.57358
    0.129465      6.57939     -8.32692     -18.5673      37.5868     0.263003     -7.72666    -0.694899      7.32487      5.69372    0.0439844     -5.44268     -3.36855     -6.40443     -1.11022
   0.0400321     0.823794    -0.843572     0.554325     0.263003       7.5199    0.0537579      1.68731     -0.76276     0.609562  -0.00452081     -2.03601     0.588688    0.0988827    0.0529469
     0.12052     -14.0202     -1.96167      17.0023     -7.72666    0.0537579      524.753      4.26023      1.71403     -7.23903    -0.218741      4.75244      3.85817            0     -1.82574
   -0.155571    -0.870141     -5.13013     -35.2969    -0.694899      1.68731      4.26023      14.4159     -10.5634    -0.670809   -0.0658744      4.98309      1.58415      2.28438    -0.119472
   -0.164094     -4.38397     -1.77777     -57.2055      7.32487     -0.76276      1.71403     -10.5634       121.27     -2.33247   -0.0450419      2.16667     -17.3405     -1.75954      4.60001
   -0.219349      5.66678    -0.775623       44.248      5.69372     0.609562     -7.23903    -0.670809     -2.33247      15.4203   0.00592687      -1.9099     0.111634      -3.1504    -0.639948
-0.000734186    0.0348785    0.0154093     0.148743    0.0439844  -0.00452081    -0.218741   -0.0658744   -0.0450419   0.00592687    0.0616517    -0.038815   -0.0977947   -0.0785232            0
    0.187393      1.54802      1.39201      57.5664     -5.44268     -2.03601      4.75244      4.98309      2.16667      -1.9099    -0.038815      259.788     -6.51139     -1.86785    -0.366761
    0.154443     -9.90181      4.36853      12.9303     -3.36855     0.588688      3.85817      1.58415     -17.3405     0.111634   -0.0977947     -6.51139      916.969            0    -0.269087
    0.576513     -2.71397    -0.914426     -89.5777     -6.40443    0.0988827            0      2.28438     -1.75954      -3.1504   -0.0785232     -1.86785            0      231.148      2.59764
    0.124322     -1.06093   -0.0429289      5.57358     -1.11022    0.0529469     -1.82574    -0.119472      4.60001    -0.639948            0    -0.366761    -0.269087      2.59764      19.5677
