    7.54763   -0.131641    0.588924    0.930159    0.126983     0.21582    0.212899   -0.508468   -0.392231   -0.688327 -0.00649325    0.333517    0.250035    0.725873    0.230617
  -0.131641     36.8886    -4.59201     38.9058     10.6189     1.53376     -8.1274   -0.838288    -4.55018     7.20896   0.0976208    0.856201    -5.19549    -1.13436   -0.756248
   0.588924    -4.59201     24.6988     10.0037    -12.0293    -1.44587   -0.971921    -6.75596    -2.30597    -1.24643    0.040523    0.823197     2.34875    -0.35964  -0.0267564
   0.930159     38.9058     10.0037     3296.25   -0.876562    0.206028     2.18175    -9.34895    -12.0241     10.7852   0.0962828     7.45576      1.5245    -8.20672    0.770491
   0.126983     10.6189    -12.0293   -0.876562     37.4438    0.933903    -5.14357    0.619129     5.42009     8.79351    0.118746    -3.15012    -2.32378    -2.60122    -0.71225
    0.21582     1.53376    -1.44587    0.206028    0.933903     22.7706   0.0541992     2.96665    -1.27575     1.08518  -0.0224466    -2.03259    0.534068   0.0696307   0.0610639
   0.212899     -8.1274   -0.971921     2.18175    -5.14357   0.0541992     170.095     2.64537    0.987809    -4.27503    -0.35612     1.55348     1.14494           0   -0.650078
  -0.508468   -0.838288    -6.75596    -9.34895    0.619129     2.96665     2.64537     14.8762     -8.3625    -1.06205    -0.19076     2.77141    0.619243    0.977403  -0.0736477
  -0.392231    -4.55018    -2.30597    -12.0241     5.42009    -1.27575    0.987809     -8.3625     85.5013    -2.42758  -0.0997215    0.810987    -7.59713    -0.59017     2.54365
  -0.688327     7.20896    -1.24643     10.7852     8.79351     1.08518    -4.27503    -1.06205    -2.42758     15.6874    0.018996     -1.0846  -0.0745254    -1.29158   -0.394559
-0.00649325   0.0976208    0.040523   0.0962828    0.118746  -0.0224466    -0.35612    -0.19076  -0.0997215    0.018996    0.504056  -0.0637913   -0.145846   -0.091131           0
   0.333517    0.856201    0.823197     7.45576    -3.15012    -2.03259     1.55348     2.77141    0.810987     -1.0846  -0.0637913     85.5414    -1.94714   -0.435576   -0.132495
   0.250035    -5.19549     2.34875      1.5245    -2.32378    0.534068     1.14494    0.619243    -7.59713  -0.0745254   -0.145846    -1.94714     249.311           0   -0.043059
   0.725873    -1.13436    -0.35964    -8.20672    -2.60122   0.0696307           0    0.977403    -0.59017    -1.29158   -0.091131   -0.435576           0     38.0898    0.660619
   0.230617   -0.756248  -0.0267564    0.770491    -0.71225   0.0610639   -0.650078  -0.0736477     2.54365   -0.394559           0   -0.132495   -0.043059    0.660619     7.69767
