   22.7612  -0.277947    1.02451   0.801171  -0.117498   0.453337   0.280684  -0.873117  -0.659153   -1.20355 -0.0188893   0.437514    0.32469   0.810965   0.460491
 -0.277947    37.4582   -5.27294    19.1038    12.9624     2.0343   -6.25818   -0.78538   -4.97167    8.14829    0.16264   0.624784   -3.78257  -0.742385  -0.913488
   1.02451   -5.27294    24.7764    4.59352   -14.0297   -1.83096  -0.657822   -7.55956   -2.41057    -1.5649  0.0621354   0.645591    1.72782  -0.221823 -0.0810617
  0.801171    19.1038    4.59352    776.995   0.423157   0.151597   0.788654   -4.82497   -6.03458    5.47976  0.0776474    2.73102   0.541765   -2.56888   0.428099
 -0.117498    12.9624   -14.0297   0.423157    37.4136    1.56383   -4.15825    1.22045    8.16998    10.6134   0.174057   -2.25085   -2.11879   -1.65196  -0.706476
  0.453337     2.0343   -1.83096   0.151597    1.56383    38.6174  0.0376234    3.82007   -1.77597     1.4762 -0.0485978   -1.99396   0.511367  0.0612063   0.369553
  0.280684   -6.25818  -0.657822   0.788654   -4.15825  0.0376234    98.5725    2.09996   0.723949    -3.3428  -0.451606   0.903371    0.63663          0  -0.579453
 -0.873117   -0.78538   -7.55956   -4.82497    1.22045    3.82007    2.09996    15.0202   -8.49368   -1.49613  -0.313525    2.03407    0.41081   0.651903 -0.0729376
 -0.659153   -4.97167   -2.41057   -6.03458    8.16998   -1.77597   0.723949   -8.49368    78.4825   -2.37435  -0.144099   0.488505   -5.28555  -0.384212    3.15812
  -1.20355    8.14829    -1.5649    5.47976    10.6134     1.4762    -3.3428   -1.49613   -2.37435    15.9206  0.0358594  -0.830844  -0.113674  -0.843962  -0.520914
-0.0188893    0.16264  0.0621354  0.0776474   0.174057 -0.0485978  -0.451606  -0.313525  -0.144099  0.0358594    1.39925 -0.0816625  -0.176957 -0.0978647          0
  0.437514   0.624784   0.645591    2.73102   -2.25085   -1.99396   0.903371    2.03407   0.488505  -0.830844 -0.0816625    48.8738   -1.08731  -0.216957  -0.115666
   0.32469   -3.78257    1.72782   0.541765   -2.11879   0.511367    0.63663    0.41081   -5.28555  -0.113674  -0.176957   -1.08731    132.677          0 -0.0201091
  0.810965  -0.742385  -0.221823   -2.56888   -1.65196  0.0612063          0   0.651903  -0.384212  -0.843962 -0.0978647  -0.216957          0    15.8269   0.512547
  0.460491  -0.913488 -0.0810617   0.428099  -0.706476   0.369553  -0.579453 -0.0729376    3.15812  -0.520914          0  -0.115666 -0.0201091   0.512547    11.2316
