    0.833912   -0.0266152     0.192861      1.31725     0.131472    0.0418785     0.122373    -0.160668    -0.168105    -0.226163 -0.000778341     0.190306     0.156411     0.580079     0.125886
  -0.0266152      36.1593     -3.53619      164.406      6.67072     0.837441     -13.8164    -0.871403     -4.38667      5.70285    0.0358594      1.52358     -9.73187     -2.65137     -1.04286
    0.192861     -3.53619       24.684       46.016     -8.41733    -0.855893     -1.92654     -5.17046     -1.79255    -0.786156     0.015821      1.37235      4.29607    -0.891989   -0.0419875
     1.31725      164.406       46.016      59753.3     -17.5297     0.540236      16.0933     -34.0799     -54.8627      42.5983     0.147021      54.5028      12.2103     -84.0275      5.26187
    0.131472      6.67072     -8.41733     -17.5297      37.5838     0.273621     -7.64372    -0.661761      7.23378      5.76428     0.045222     -5.36774     -3.33114     -6.25422     -1.09454
   0.0418785     0.837441    -0.855893     0.540236     0.273621      7.74631    0.0537687       1.7137    -0.772024      0.61916  -0.00471893     -2.03592     0.587154    0.0979563    0.0527673
    0.122373     -13.8164     -1.92654      16.0933     -7.64372    0.0537687      509.162      4.20631      1.69103     -7.13653     -0.22162      4.61233      3.73469            0     -1.76677
   -0.160668    -0.871403     -5.17046     -34.0799    -0.661761       1.7137      4.20631      14.4332     -10.4811    -0.676988   -0.0678106        4.908      1.54649       2.2326    -0.115688
   -0.168105     -4.38667     -1.79255     -54.8627      7.23378    -0.772024      1.69103     -10.4811      120.136     -2.33555   -0.0460813      2.11819     -16.9603     -1.70733      4.49804
   -0.226163      5.70285    -0.786156      42.5983      5.76428      0.61916     -7.13653    -0.676988     -2.33555      15.4257   0.00610672     -1.88065     0.104062     -3.07578     -0.62895
-0.000778341    0.0358594     0.015821     0.147021     0.045222  -0.00471893     -0.22162   -0.0678106   -0.0460813   0.00610672    0.0652229   -0.0393367   -0.0988493   -0.0788399            0
    0.190306      1.52358      1.37235      54.5028     -5.36774     -2.03592      4.61233        4.908      2.11819     -1.88065   -0.0393367      252.178     -6.30447     -1.79641    -0.354939
    0.156411     -9.73187      4.29607      12.2103     -3.33114     0.587154      3.73469      1.54649     -16.9603     0.104062   -0.0988493     -6.30447      885.545            0    -0.259743
    0.580079     -2.65137    -0.891989     -84.0275     -6.25422    0.0979563            0       2.2326     -1.70733     -3.07578   -0.0788399     -1.79641            0      220.259      2.49098
    0.125886     -1.04286   -0.0419875      5.26187     -1.09454    0.0527673     -1.76677    -0.115688      4.49804     -0.62895            0    -0.354939    -0.259743      2.49098      18.8834
