   29.7009   -7.70664    3.71852   0.483923    -12.247    15.0909    1.19749  -0.250505    2.19094    2.35555  -0.377393   0.271155    1.20413   0.987527    1.25598
  -7.70664    39.7307   -6.42519    9.10452    16.2648  -0.975211   -5.56318   -0.66907   -5.28052    9.73596   0.262708   0.510485   -2.94305  -0.556812   -1.00299
   3.71852   -6.42519    25.9602    2.32516   -16.9443   -1.09981  -0.575422   -8.48464   -3.12267   -2.09967   0.137641   0.507082    1.39474  -0.117383  -0.129874
  0.483923    9.10452    2.32516    180.216   0.774967   -1.08933  -0.267014   -2.81264   -2.77424    3.03911  0.0988994    1.07001   0.865597  -0.864892   0.241504
   -12.247    16.2648   -16.9443   0.774967    40.3465    13.0391   -3.62117    2.49788    11.0446    13.2433   0.292358   -1.81528   -2.03031    -1.2224  -0.555561
   15.0909  -0.975211   -1.09981   -1.08933    13.0391    48.1597  -0.334934     4.9942    17.8377    16.0103  -0.721147   0.481261  -0.488998  -0.524688   0.755512
   1.19749   -5.56318  -0.575422  -0.267014   -3.62117  -0.334934     67.576    1.79107    0.14042   -2.89619  -0.749427 -0.0034394   0.438202          0  -0.648677
 -0.250505   -0.66907   -8.48464   -2.81264    2.49788     4.9942    1.79107    16.4499   -10.8132   -2.09094  -0.630852    1.85515   0.348315   0.478387  -0.255496
   2.19094   -5.28052   -3.12267   -2.77424    11.0446    17.8377    0.14042   -10.8132    82.8525   -2.45073  -0.220909   0.613931   -3.74846  -0.334427    3.66017
   2.35555    9.73596   -2.09967    3.03911    13.2433    16.0103   -2.89619   -2.09094   -2.45073    17.2076   0.107604  -0.618799  -0.220972  -0.654302   -0.62963
 -0.377393   0.262708   0.137641  0.0988994   0.292358  -0.721147  -0.749427  -0.630852  -0.220909   0.107604    5.62665  -0.146015  -0.265024  -0.134977 0.00947476
  0.271155   0.510485   0.507082    1.07001   -1.81528   0.481261 -0.0034394    1.85515   0.613931  -0.618799  -0.146015    29.8767  -0.660358  -0.157778 -0.0937689
   1.20413   -2.94305    1.39474   0.865597   -2.03031  -0.488998   0.438202   0.348315   -3.74846  -0.220972  -0.265024  -0.660358    70.2706          0 -0.0106025
  0.987527  -0.556812  -0.117383  -0.864892    -1.2224  -0.524688          0   0.478387  -0.334427  -0.654302  -0.134977  -0.157778          0    7.79147   0.408895
   1.25598   -1.00299  -0.129874   0.241504  -0.555561   0.755512  -0.648677  -0.255496    3.66017   -0.62963 0.00947476 -0.0937689 -0.0106025   0.408895      14.51
