   22.2357   -13.8548    7.02468   -5.33361   -9.39611    11.5647  -0.649439   -2.54509   0.486024    4.20266   -0.74057    5.46769    1.51235   0.385519  -0.885315
  -13.8548    46.6555   -8.09925   -10.8309    20.9803    1.22818     2.8769    -1.5593    -6.1888    12.6787   0.563047   -3.33074   -2.71124  -0.484509     2.0231
   7.02468   -8.09925    29.7401    4.91036   -21.8654   -1.29813   -4.18453   -10.5638   -4.67638   -2.89812  -0.389963    10.0064    1.09353 -0.0618827   -1.81157
  -5.33361   -10.8309    4.91036    40.7782    2.77185   -3.34441   -1.88524   -5.55823   -15.3195    3.65727   -0.18052   -6.53096    1.57021  -0.824683   -8.91919
  -9.39611    20.9803   -21.8654    2.77185    46.3137    22.2162   -4.61903    1.04558    17.8114    17.9369    1.62293   -8.83262   -1.87341  -0.711896    6.36817
   11.5647    1.22818   -1.29813   -3.34441    22.2162    48.5325   -9.55888   0.387399    20.2988    22.3932    -1.5371    5.60481  0.0729386  -0.956898    7.17165
 -0.649439     2.8769   -4.18453   -1.88524   -4.61903   -9.55888    53.2453    3.89671   -16.3998  -0.730756   -1.52229   -4.99527    1.51606  -0.269519   -7.85033
  -2.54509    -1.5593   -10.5638   -5.55823    1.04558   0.387399    3.89671    19.7283   -14.3989   -4.01333  -0.424407   -8.52037   0.832399   0.526838   -1.33782
  0.486024    -6.1888   -4.67638   -15.3195    17.8114    20.2988   -16.3998   -14.3989    93.8536   -3.01954   -2.76046    19.2572   -3.38728  -0.311863    20.2691
   4.20266    12.6787   -2.89812    3.65727    17.9369    22.3932  -0.730756   -4.01333   -3.01954    19.9579   -0.24639  -0.825244 -0.0620565  -0.541038   -0.95398
  -0.74057   0.563047  -0.389963   -0.18052    1.62293    -1.5371   -1.52229  -0.424407   -2.76046   -0.24639    42.9839   -3.49247  -0.306062  -0.156572     2.0776
   5.46769   -3.33074    10.0064   -6.53096   -8.83262    5.60481   -4.99527   -8.52037    19.2572  -0.825244   -3.49247    21.9324  -0.185247   0.152381    1.37843
   1.51235   -2.71124    1.09353    1.57021   -1.87341  0.0729386    1.51606   0.832399   -3.38728 -0.0620565  -0.306062  -0.185247    49.8531          0  -0.236873
  0.385519  -0.484509 -0.0618827  -0.824683  -0.711896  -0.956898  -0.269519   0.526838  -0.311863  -0.541038  -0.156572   0.152381          0    4.83156  -0.103078
 -0.885315     2.0231   -1.81157   -8.91919    6.36817    7.17165   -7.85033   -1.33782    20.2691   -0.95398     2.0776    1.37843  -0.236873  -0.103078    19.1288
