    2.50804  -0.0598992    0.336998     1.10604     0.15791   0.0950717    0.161444   -0.287275   -0.259657     -0.3945  -0.0022509    0.251913    0.197095    0.648866    0.158569
 -0.0598992     36.4782    -4.02294     79.9401     8.50188     1.13128    -10.5918   -0.876663    -4.44456      6.4058   0.0592858     1.14151    -7.10767    -1.73476   -0.782234
   0.336998    -4.02294     24.6871     21.5347    -10.1558    -1.11319    -1.37924    -5.93828    -2.07374   -0.995161   0.0254742     1.05996     3.17387   -0.567488  -0.0203822
    1.10604     79.9401     21.5347     14035.1    -5.43201    0.337509     5.92685    -17.9318      -25.68     21.3903    0.118908     20.1623     4.30964    -26.2616     1.84798
    0.15791     8.50188    -10.1558    -5.43201     37.5245    0.529847    -6.28042  -0.0157375     5.91047      7.1677   0.0741239    -4.14271    -2.75195      -4.049   -0.840247
  0.0950717     1.13128    -1.11319    0.337509    0.529847     13.2834   0.0539654     2.26453   -0.971826    0.821646   -0.010295    -2.03437    0.559949    0.082586   0.0519984
   0.161444    -10.5918    -1.37924     5.92685    -6.28042   0.0539654      294.25     3.33483      1.3146    -5.51391   -0.281037      2.6767     2.06764           0   -0.976411
  -0.287275   -0.876663    -5.93828    -17.9318  -0.0157375     2.26453     3.33483     14.7089    -9.21608   -0.819337   -0.114275     3.70436     0.99328     1.47329  -0.0720772
  -0.259657    -4.44456    -2.07374      -25.68     5.91047   -0.971826      1.3146    -9.21608     101.305    -2.39846  -0.0691338     1.37414    -11.3367   -0.990624     3.01982
    -0.3945      6.4058   -0.995161     21.3903      7.1677    0.821646    -5.51391   -0.819337    -2.39846     15.5379   0.0106269    -1.42339 -0.00416149     -1.9906   -0.461225
 -0.0022509   0.0592858   0.0254742    0.118908   0.0741239   -0.010295   -0.281037   -0.114275  -0.0691338   0.0106269    0.181481  -0.0501146   -0.120106  -0.0848076           0
   0.251913     1.14151     1.05996     20.1623    -4.14271    -2.03437      2.6767     3.70436     1.37414    -1.42339  -0.0501146     146.873    -3.50477   -0.884302   -0.196468
   0.197095    -7.10767     3.17387     4.30964    -2.75195    0.559949     2.06764     0.99328    -11.3367 -0.00416149   -0.120106    -3.50477     469.815           0   -0.137912
   0.648866    -1.73476   -0.567488    -26.2616      -4.049    0.082586           0     1.47329   -0.990624     -1.9906  -0.0848076   -0.884302           0     91.6021     1.16642
   0.158569   -0.782234  -0.0203822     1.84798   -0.840247   0.0519984   -0.976411  -0.0720772     3.01982   -0.461225           0   -0.196468   -0.137912     1.16642     9.96152
