 5.74482e+07    0.0178413     -993.927     -11.9097      379.026 -9.98663e+07      2857.02      88118.9     -1045.25     -5062.59      135.498     -1580.08      150.954     -713.861      328.141
   0.0178413  1.00278e-06  -3.4088e-05  1.80521e-07   0.00024609      -17.807 -0.000199638   0.00230931  0.000533694  0.000258337 -0.000329151  0.000774342  0.000118406  0.000239767  1.94026e-05
    -993.927  -3.4088e-05      4.66285  -0.00154116     -0.36287      -164173     -1.54173      18.3596     -1.45202     0.442474     0.246271     -1.90893     0.163853      -1.5758    -0.155145
    -11.9097  1.80521e-07  -0.00154116   0.00528739    0.0160583     -793.277    -0.022999    -0.260763   -0.0314612  -0.00216148 -0.000413236   0.00780511  -0.00430012  0.000473393  -0.00382954
     379.026   0.00024609     -0.36287    0.0160583      32.7895       -62549     -1.38448      104.084      5.46928       9.9158    -0.411022     -1.54093    -0.841857      1.91702    -0.403147
-9.98663e+07      -17.807      -164173     -793.277       -62549  1.37915e+12      3356.58 -2.57044e+07     -61304.2     -27555.2      -124894      11653.8      69271.3     -39506.1      -150685
     2857.02 -0.000199638     -1.54173    -0.022999     -1.38448      3356.58      35.7216      47.6153      3.08261      -4.4239     -1.31191     0.805786    -0.939501     -6.08912    -0.123584
     88118.9   0.00230931      18.3596    -0.260763      104.084 -2.57044e+07      47.6153       362894      209.839      46.8626     -36.4836     -628.046     -12.0835      55.8287     -17.3124
    -1045.25  0.000533694     -1.45202   -0.0314612      5.46928     -61304.2      3.08261      209.839      34.3731      15.2322     -1.46589     -5.16047     -0.46571       13.104  -0.00682224
    -5062.59  0.000258337     0.442474  -0.00216148       9.9158     -27555.2      -4.4239      46.8626      15.2322      26.0522     0.347727       1.2389    -0.561088     -4.01819     -1.27127
     135.498 -0.000329151     0.246271 -0.000413236    -0.411022      -124894     -1.31191     -36.4836     -1.46589     0.347727      6.08067    -0.646449     0.124145     -1.88607     0.148113
    -1580.08  0.000774342     -1.90893   0.00780511     -1.54093      11653.8     0.805786     -628.046     -5.16047       1.2389    -0.646449      61.6958     0.736424      7.56803    -0.871386
     150.954  0.000118406     0.163853  -0.00430012    -0.841857      69271.3    -0.939501     -12.0835     -0.46571    -0.561088     0.124145     0.736424      2.78087    0.0551492     0.003363
    -713.861  0.000239767      -1.5758  0.000473393      1.91702     -39506.1     -6.08912      55.8287       13.104     -4.01819     -1.88607      7.56803    0.0551492      36.3252      1.22801
     328.141  1.94026e-05    -0.155145  -0.00382954    -0.403147      -150685    -0.123584     -17.3124  -0.00682224     -1.27127     0.148113    -0.871386     0.003363      1.22801      3.54126
