     24.7524  -4.3025e-05     0.530827     -12.4428  -0.00094711     -12.9117   -0.0188879      4.20171 -0.000722321      3.08723    -0.973827  2.10575e-05     -6.91296      -136.83      16.5729
 -4.3025e-05  2.03237e-08 -3.44234e-05  9.78064e-05 -5.25467e-10  8.45161e-05  7.66516e-08 -1.19492e-05  2.12481e-08  2.45859e-05  -3.7137e-07  3.23059e-10 -9.55908e-05   0.00767907  4.71928e-06
    0.530827 -3.44234e-05      31.4539     -23.4756  -0.00013867     -2.62919   -0.0211926      4.53983   -0.0026034     -17.7636    -0.191303 -0.000118071     -9.61561      4.09939     -14.0989
    -12.4428  9.78064e-05     -23.4756      70.3573  0.000660461      19.6256     -0.01578     -7.53796   0.00696004      35.6002     0.701534  0.000157818      4.77702      360.071      22.5966
 -0.00094711 -5.25467e-10  -0.00013867  0.000660461  1.19599e-05 -1.61559e-05  6.04567e-06  0.000815569   1.1581e-06   0.00295719 -9.15607e-05 -2.36318e-08   0.00174215    -0.883696  0.000425682
    -12.9117  8.45161e-05     -2.62919      19.6256 -1.61559e-05      19.1618   -0.0066577     -4.58384    0.0012124      13.3157     0.308335  1.27143e-05     -12.2657     -52.9015     -2.52395
  -0.0188879  7.66516e-08   -0.0211926     -0.01578  6.04567e-06   -0.0066577   0.00795798   -0.0158869   2.8009e-06    0.0120343  -0.00199841  4.27659e-07    0.0767503     -12.5128   -0.0380389
     4.20171 -1.19492e-05      4.53983     -7.53796  0.000815569     -4.58384   -0.0158869      82.9207   0.00128906     0.174308    -0.127432 -2.97324e-05      1.46318     -279.052       3.6526
-0.000722321  2.12481e-08   -0.0026034   0.00696004   1.1581e-06    0.0012124   2.8009e-06   0.00128906   3.6954e-05    0.0166366   0.00015741 -3.55815e-08   0.00195014      2.85844   0.00334785
     3.08723  2.45859e-05     -17.7636      35.6002   0.00295719      13.3157    0.0120343     0.174308    0.0166366      1217.84     0.490856  7.92496e-06     -13.8521      1323.55      19.1783
   -0.973827  -3.7137e-07    -0.191303     0.701534 -9.15607e-05     0.308335  -0.00199841    -0.127432   0.00015741     0.490856      1.71961   1.9717e-06      1.25019      135.293    -0.774845
 2.10575e-05  3.23059e-10 -0.000118071  0.000157818 -2.36318e-08  1.27143e-05  4.27659e-07 -2.97324e-05 -3.55815e-08  7.92496e-06   1.9717e-06  4.92738e-08 -7.39309e-06   -0.0191183  0.000207102
    -6.91296 -9.55908e-05     -9.61561      4.77702   0.00174215     -12.2657    0.0767503      1.46318   0.00195014     -13.8521      1.25019 -7.39309e-06      58.5437      324.134     -2.82175
     -136.83   0.00767907      4.09939      360.071    -0.883696     -52.9015     -12.5128     -279.052      2.85844      1323.55      135.293   -0.0191183      324.134  1.27026e+07     -143.187
     16.5729  4.71928e-06     -14.0989      22.5966  0.000425682     -2.52395   -0.0380389       3.6526   0.00334785      19.1783    -0.774845  0.000207102     -2.82175     -143.187       45.598
