     2.70655    0.0864597    0.0415079     -0.50763  -0.00797718     0.071316     0.104816 -0.000665113     0.430263   -0.0180905     0.084397            0     -2.53609   -0.0407033            0
   0.0864597      11.6905    0.0251911      1.58449    0.0836865     0.323535  -0.00786379  -0.00113537    -0.872918   -0.0432097     0.507892      4168.78    -0.108528    -0.214325     -21.0117
   0.0415079    0.0251911      7.60985      1.10037    0.0367311      3.14942    0.0728238  0.000633942     0.291888   -0.0675271    0.0463599     -34039.5    -0.455946    -0.142958       1.1124
    -0.50763      1.58449      1.10037      849.254     0.177601     -3.89003     -1.69988   -0.0113057      5.69655    -0.707546     0.845908      53349.6    -0.621835    -0.126836     -29.6377
 -0.00797718    0.0836865    0.0367311     0.177601     0.859087     0.287432    0.0722959  0.000761639   -0.0371567    0.0140439    -0.110125     -3903.02     -1.41507   -0.0338057     -1.08168
    0.071316     0.323535      3.14942     -3.89003     0.287432      169.686     0.311997   0.00620985      3.22907            0     0.604866 -2.36157e+06     -2.37093     -0.74997     -5.88615
    0.104816  -0.00786379    0.0728238     -1.69988    0.0722959     0.311997      3.81425 -0.000613295     0.374883    -0.156963   -0.0767284       1903.3     -1.05439    0.0734916     0.266069
-0.000665113  -0.00113537  0.000633942   -0.0113057  0.000761639   0.00620985 -0.000613295  0.000522557  -0.00400894  -0.00147173  -0.00103072     -73.6513   0.00999488 -0.000691086    -0.013398
    0.430263    -0.872918     0.291888      5.69655   -0.0371567      3.22907     0.374883  -0.00400894      277.178      1.02162    -0.404176     -43042.6      -3.5584    -0.159961            0
  -0.0180905   -0.0432097   -0.0675271    -0.707546    0.0140439            0    -0.156963  -0.00147173      1.02162      4.51025     0.301824            0      2.25349     0.177462    -0.501638
    0.084397     0.507892    0.0463599     0.845908    -0.110125     0.604866   -0.0767284  -0.00103072    -0.404176     0.301824      30.9837            0      6.12589     0.103833     -5.02737
           0      4168.78     -34039.5      53349.6     -3903.02 -2.36157e+06       1903.3     -73.6513     -43042.6            0            0  3.41902e+10            0      14050.4            0
    -2.53609    -0.108528    -0.455946    -0.621835     -1.41507     -2.37093     -1.05439   0.00999488      -3.5584      2.25349      6.12589            0       729.36      2.16072       9.5834
  -0.0407033    -0.214325    -0.142958    -0.126836   -0.0338057     -0.74997    0.0734916 -0.000691086    -0.159961     0.177462     0.103833      14050.4      2.16072      3.76795      1.43704
           0     -21.0117       1.1124     -29.6377     -1.08168     -5.88615     0.266069    -0.013398            0    -0.501638     -5.02737            0       9.5834      1.43704      589.305
