     88.3558      52779.3            0    -0.578119      317.801      225.039 -3.70939e-05     0.383851      38.4138      9.09097    -0.802027  2.60243e-05    0.0335215    -0.919863            0
     52779.3  4.67421e+12            0      -147417            0            0      21.6077       110276            0  -8.3959e+06            0     -8.88706      4223.85  1.02322e+07  7.96104e+17
           0            0  1.79312e+12      -145258            0            0      -1.6383            0            0            0      -281809     -18.5527            0            0            0
   -0.578119      -147417      -145258      19.4508     -105.638      -22.981 -4.53525e-05      1.10499      1.83627     -1.49475     -1.93468 -1.62834e-05   -0.0050101      3.97219 -6.58384e+11
     317.801            0            0     -105.638   4.7515e+06     -13947.7  -0.00868696            0            0     -1564.73       3452.3    -0.012578     -3.07244      -123112 -5.13428e+14
     225.039            0            0      -22.981     -13947.7       274197  0.000261921     -53.7222      132.973     -798.449     -285.616  0.000948551     0.520254      6752.21            0
-3.70939e-05      21.6077      -1.6383 -4.53525e-05  -0.00868696  0.000261921  1.03978e-07            0   0.00050804 -0.000710463 -7.95004e-07  6.67447e-10  8.77367e-07   0.00186822  3.26217e+09
    0.383851       110276            0      1.10499            0     -53.7222            0      27.4704      3.95683            0     -6.51424  4.50809e-05   -0.0258329     -33.8267            0
     38.4138            0            0      1.83627            0      132.973   0.00050804      3.95683      5944.02       74.668      87.6289   -0.0012602    0.0766172      271.298            0
     9.09097  -8.3959e+06            0     -1.49475     -1564.73     -798.449 -0.000710463            0       74.668      10609.7     -101.413 -0.000588046     0.866835      736.019 -2.66088e+13
   -0.802027            0      -281809     -1.93468       3452.3     -285.616 -7.95004e-07     -6.51424      87.6289     -101.413      1820.45 -0.000160924     0.093204      110.095            0
 2.60243e-05     -8.88706     -18.5527 -1.62834e-05    -0.012578  0.000948551  6.67447e-10  4.50809e-05   -0.0012602 -0.000588046 -0.000160924   4.0148e-08 -6.02671e-07  -0.00260983  5.05385e+07
   0.0335215      4223.85            0   -0.0050101     -3.07244     0.520254  8.77367e-07   -0.0258329    0.0766172     0.866835     0.093204 -6.02671e-07   0.00714562     -1.36868 -2.06649e+10
   -0.919863  1.02322e+07            0      3.97219      -123112      6752.21   0.00186822     -33.8267      271.298      736.019      110.095  -0.00260983     -1.36868       176262   8.9648e+13
           0  7.96104e+17            0 -6.58384e+11 -5.13428e+14            0  3.26217e+09            0            0 -2.66088e+13            0  5.05385e+07 -2.06649e+10   8.9648e+13  1.43699e+26
