     59.4164      1.00179     0.450469    -0.798707    -0.334157     0.153562      1.00429    -0.131016     0.701987    -0.157625     0.548958            0     -5.10713    -0.408921    -0.718757
     1.00179      64.0865     0.450561      1.01744     0.104478      -0.0685   -0.0475581    -0.223391    -0.697329    -0.364187      1.18672      8372.29     0.106874    -0.570846      14.9311
    0.450469     0.450561      40.8315     0.858675     0.762805      3.31436     0.321492    0.0619513     0.228239    -0.240659     0.150543     -79737.3    -0.445824    -0.710882      1.02229
   -0.798707      1.01744     0.858675      95.6838     0.526137    -0.639496     -1.17576    -0.158017     0.642324    -0.366453     0.394975      17756.5   -0.0903482   -0.0909971     -4.32701
   -0.334157     0.104478     0.762805     0.526137      69.0381      1.20125      1.32569     0.286296    -0.108627     0.194503     -1.36956     -35104.7     -5.43546    -0.648638      -3.4025
    0.153562      -0.0685      3.31436    -0.639496      1.20125       35.071     0.269002     0.118609    -0.159628   -0.0128856     0.381739 -1.07075e+06     -0.46208    -0.724371     -2.29345
     1.00429   -0.0475581     0.321492     -1.17576      1.32569     0.269002      15.8629   -0.0522958     0.258928    -0.496152    -0.215874      3881.14    -0.921842     0.320437     0.700165
   -0.131016    -0.223391    0.0619513    -0.158017     0.286296     0.118609   -0.0522958     0.917771   -0.0575955   -0.0953434   -0.0603653     -3076.15     0.180861   -0.0620309    -0.470473
    0.701987    -0.697329     0.228239     0.642324    -0.108627    -0.159628     0.258928   -0.0575955      32.4858     0.541158    -0.195795     -14818.2    -0.509838    -0.114989    -0.292322
   -0.157625    -0.364187    -0.240659    -0.366453     0.194503   -0.0128856    -0.496152   -0.0953434     0.541158      10.7724     0.647411            0      1.49247       0.5875    -0.299393
    0.548958      1.18672     0.150543     0.394975     -1.36956     0.381739    -0.215874   -0.0603653    -0.195795     0.647411      59.6731            0      3.64228     0.309261     -3.20708
           0      8372.29     -79737.3      17756.5     -35104.7 -1.07075e+06      3881.14     -3076.15     -14818.2            0            0  3.40575e+10            0      29671.2      34578.8
    -5.10713     0.106874    -0.445824   -0.0903482     -5.43546     -0.46208    -0.921842     0.180861    -0.509838      1.49247      3.64228            0      133.649      1.97259    -0.281176
   -0.408921    -0.570846    -0.710882   -0.0909971    -0.648638    -0.724371     0.320437   -0.0620309    -0.114989       0.5875     0.309261      29671.2      1.97259      17.2234      1.55749
   -0.718757      14.9311      1.02229     -4.32701      -3.4025     -2.29345     0.700165    -0.470473    -0.292322    -0.299393     -3.20708      34578.8    -0.281176      1.55749      101.537
