      114.49       101465            0    -0.627674      1437.81      796.276 -1.74796e-05     0.431383        89.65      23.5702     -1.54581  1.75848e-05    0.0126772      -2.8097            0
      101465  1.34723e+13            0      -260259            0            0      2.00414       185056            0 -3.25934e+07            0      -8.9388      2369.88  5.43652e+07            0
           0            0  1.37416e+13      -384215            0            0     -1.92407            0            0            0 -1.32563e+06     -30.5258            0            0            0
   -0.627674      -260259      -384215      17.7001     -408.825     -68.1928  -1.7248e-05      1.03968      3.58814     -3.25647     -3.18057 -9.17822e-06  -0.00158678      11.8033 -1.66858e+12
     1437.81            0            0     -408.825   7.4587e+07      -171606   -0.0121619            0            0     -14078.6      23497.3    -0.029368     -4.04146 -1.52273e+06 -4.94749e+15
     796.276            0            0     -68.1928      -171606  2.64892e+06  0.000323964     -165.316      850.192     -5652.23     -1529.71   0.00172997     0.536777      65302.9            0
-1.74796e-05      2.00414     -1.92407  -1.7248e-05   -0.0121619  0.000323964  1.64338e-08            0  0.000418592 -0.000624765 -2.70461e-07  1.47877e-10  1.19365e-07   0.00242402  3.32529e+09
    0.431383       185056            0      1.03968            0     -165.316            0      26.8196      8.01088            0     -11.0983  2.65378e-05  -0.00848314     -104.205            0
       89.65            0            0      3.58814            0      850.192  0.000418592      8.01088        24982      349.187      308.803   -0.0015296    0.0521873      1744.11            0
     23.5702 -3.25934e+07            0     -3.25647     -14078.6     -5652.23 -0.000624765            0      349.187      55023.8     -398.294 -0.000793438     0.655141      5210.38  -1.5035e+14
    -1.54581            0 -1.32563e+06     -3.18057      23497.3     -1529.71 -2.70461e-07     -11.0983      308.803     -398.294      5406.18 -0.000166503    0.0533928      592.548            0
 1.75848e-05      -8.9388     -30.5258 -9.17822e-06    -0.029368   0.00172997  1.47877e-10  2.65378e-05   -0.0015296 -0.000793438 -0.000166503  1.40632e-08 -1.18864e-07  -0.00483433    7.343e+07
   0.0126772      2369.88            0  -0.00158678     -4.04146     0.536777  1.19365e-07  -0.00848314    0.0521873     0.655141    0.0533928 -1.18864e-07  0.000788241     -1.41851  -1.7665e+10
     -2.8097  5.43652e+07            0      11.8033 -1.52273e+06      65302.9   0.00242402     -104.205      1744.11      5210.38      592.548  -0.00483433     -1.41851  1.71566e+06  7.61389e+14
           0            0            0 -1.66858e+12 -4.94749e+15            0  3.32529e+09            0            0  -1.5035e+14            0    7.343e+07  -1.7665e+10  7.61389e+14  9.55395e+26
