     16.4953     0.355539     0.163548    -0.682414   -0.0665807     0.111214     0.389359   -0.0130792     0.601567   -0.0568413     0.249878            0     -3.90185    -0.153849 -0.000281268
    0.355539      29.7105     0.120686      1.34644     0.298716     0.200616   -0.0200589   -0.0208133     -0.80786    -0.128752      0.84722      6554.74     -0.04284    -0.454746     -12.7034
    0.163548     0.120686      19.3816     0.957332     0.198185      3.17282     0.174519   0.00806884     0.263425    -0.137105    0.0889448     -54622.8    -0.452411    -0.349237      1.29218
   -0.682414      1.34644     0.957332      251.867     0.326566      -1.3398     -1.39678   -0.0490217      1.75527    -0.490397     0.552712      28931.3    -0.211063    -0.105804     -13.6156
  -0.0665807     0.298716     0.198185     0.326566      9.81911     0.613882     0.368184    0.0205133   -0.0707694    0.0604204    -0.446752     -13209.7     -2.98213    -0.174898     -2.55798
    0.111214     0.200616      3.17282      -1.3398     0.613882      67.7037     0.296165    0.0312785      1.15971            0     0.458221 -1.49012e+06    -0.933634    -0.724988     -3.91547
    0.389359   -0.0200589     0.174519     -1.39678     0.368184     0.296165      8.64072  -0.00732692     0.318921    -0.300704    -0.137502      2858.13    -0.987904     0.169432     0.371169
  -0.0130792   -0.0208133   0.00806884   -0.0490217    0.0205133    0.0312785  -0.00732692    0.0331587   -0.0180935   -0.0149188  -0.00991243     -586.188     0.049643  -0.00842594   -0.0771442
    0.601567     -0.80786     0.263425      1.75527   -0.0707694      1.15971     0.318921   -0.0180935      89.0294     0.737504    -0.275168     -24542.3      -1.2527    -0.138982    0.0537611
  -0.0568413    -0.128752    -0.137105    -0.490397    0.0604204            0    -0.300704   -0.0149188     0.737504      7.30443      0.46081            0      1.78801     0.345745    -0.435419
    0.249878      0.84722    0.0889448     0.552712    -0.446752     0.458221    -0.137502  -0.00991243    -0.275168      0.46081      44.5888            0      4.58289     0.190774     -4.63738
           0      6554.74     -54622.8      28931.3     -13209.7 -1.49012e+06      2858.13     -586.188     -24542.3            0            0   3.4122e+10            0      21407.6      24157.1
    -3.90185     -0.04284    -0.452411    -0.211063     -2.98213    -0.933634    -0.987904     0.049643      -1.2527      1.78801      4.58289            0      283.356      2.05808      1.15578
   -0.153849    -0.454746    -0.349237    -0.105804    -0.174898    -0.724988     0.169432  -0.00842594    -0.138982     0.345745     0.190774      21407.6      2.05808      8.83413       1.7507
-0.000281268     -12.7034      1.29218     -13.6156     -2.55798     -3.91547     0.371169   -0.0771442    0.0537611    -0.435419     -4.63738      24157.1      1.15578       1.7507      332.316
