     3.88515     0.112984    0.0546045    -0.538576   -0.0121941    0.0779438     0.136241  -0.00120665     0.460104    -0.022745     0.104865            0     -2.76421   -0.0531043            0
    0.112984      13.9073    0.0301685      1.53038     0.116457     0.321903  -0.00930488   -0.0018751    -0.849776    -0.049457     0.574492       4546.9    -0.107685    -0.254556      -21.932
   0.0546045    0.0301685      9.17441       1.0699    0.0514563      3.15449    0.0867472   0.00105404     0.286051    -0.077807    0.0527897     -37375.3    -0.455433    -0.170929      1.16889
   -0.538576      1.53038       1.0699      665.953     0.200656     -3.14235     -1.63307   -0.0151599      4.50236    -0.657502     0.776842      47242.7    -0.500943    -0.122307     -25.1164
  -0.0121941     0.116457    0.0514563     0.200656      1.39844     0.334531     0.100069   0.00147152   -0.0423122    0.0188031    -0.145712     -4979.72     -1.64244   -0.0469675     -1.32073
   0.0779438     0.321903      3.15449     -3.14235     0.334531      141.203     0.308766    0.0085781      2.62906            0      0.57222 -2.15427e+06     -1.96755    -0.744983     -5.13853
    0.136241  -0.00930488    0.0867472     -1.63307     0.100069     0.308766      4.48924   -0.0010076     0.362996    -0.178698   -0.0863264      2064.86     -1.04062    0.0868207      0.27624
 -0.00120665   -0.0018751   0.00105404   -0.0151599   0.00147152    0.0085781   -0.0010076   0.00119826   -0.0054176  -0.00233869  -0.00161865     -111.529     0.013769  -0.00113939   -0.0194166
    0.460104    -0.849776     0.286051      4.50236   -0.0423122      2.62906     0.362996   -0.0054176      220.805     0.956868    -0.374113       -38417     -2.88928    -0.155469            0
   -0.022745    -0.049457    -0.077807    -0.657502    0.0188031            0    -0.178698  -0.00233869     0.956868      4.96684     0.328472            0      2.15132     0.202791    -0.503779
    0.104865     0.574492    0.0527897     0.776842    -0.145712      0.57222   -0.0863264  -0.00161865    -0.374113     0.328472      33.3231            0      5.77943     0.117259     -4.98949
           0       4546.9     -37375.3      47242.7     -4979.72 -2.15427e+06      2064.86     -111.529       -38417            0            0  3.41902e+10            0        15300            0
    -2.76421    -0.107685    -0.455433    -0.500943     -1.64244     -1.96755     -1.04062     0.013769     -2.88928      2.15132      5.77943            0      603.618      2.14049      8.34333
  -0.0531043    -0.254556    -0.170929    -0.122307   -0.0469675    -0.744983    0.0868207  -0.00113939    -0.155469     0.202791     0.117259        15300      2.14049      4.46801      1.49756
           0      -21.932      1.16889     -25.1164     -1.32073     -5.13853      0.27624   -0.0194166            0    -0.503779     -4.98949            0      8.34333      1.49756      539.709
