    4.69628     -2.8247    0.646405    -2.26749    0.514144     -78.272     0.18473
    -2.8247     6.52769     3.39435     3.79583    -1.05275        79.1   0.0656601
   0.646405     3.39435     34305.5    -10.9809           0           0     81.5937
   -2.26749     3.79583    -10.9809     5.65649   -0.608828    -172.416   -0.185832
   0.514144    -1.05275           0   -0.608828     8.02987           0    0.297608
    -78.272        79.1           0    -172.416           0 1.75866e+06    -199.107
    0.18473   0.0656601     81.5937   -0.185832    0.297608    -199.107     9.10106
