   9.17009 -0.0806675          0    1.25398  -0.296143   0.239951
-0.0806675    6.79253    151.958   -1.54098   0.883345   0.296308
         0    151.958     582315    32.0619    338.441     110.72
   1.25398   -1.54098    32.0619    8.69627   -1.02484   -1.05095
 -0.296143   0.883345    338.441   -1.02484    13.8402    0.60754
  0.239951   0.296308     110.72   -1.05095    0.60754    7.58464
