     88.2022  5.26845e+07     0.826519     -1.87679  2.04873e+08     -6.44181      2.19368
 5.26845e+07   1.1885e+14  4.67813e+06 -2.72831e+06  4.58969e+14 -6.30635e+06       959706
    0.826519  4.67813e+06      7.91357    -0.689358  1.81872e+07     -0.66526     0.461976
    -1.87679 -2.72831e+06    -0.689358      6.28635 -1.06053e+07      1.02606     -0.18749
 2.04873e+08  4.58969e+14  1.81872e+07 -1.06053e+07  1.80559e+15  -2.4518e+07  3.73098e+06
    -6.44181 -6.30635e+06     -0.66526      1.02606  -2.4518e+07       6.5642    -0.613679
     2.19368       959706     0.461976     -0.18749  3.73098e+06    -0.613679      6.29291
