     23.3924  2.87509e+06     0.614011     -1.25001  1.47035e+07     -3.29297      1.24802
 2.87509e+06  1.33446e+12       514380      -340308  6.77613e+12      -657781       128626
    0.614011       514380      7.29487    -0.776281  2.62993e+06     -0.93837     0.507819
    -1.25001      -340308    -0.776281      5.85373 -1.73973e+06      1.49414    -0.297909
 1.47035e+07  6.77613e+12  2.62993e+06 -1.73973e+06  3.50581e+13 -3.36322e+06       657633
    -3.29297      -657781     -0.93837      1.49414 -3.36322e+06      6.58154    -0.823317
     1.24802       128626     0.507819    -0.297909       657633    -0.823317      5.91911
