 3.94188e+10 -2.10084e+06     -2884.56  -4.9174e+06            0            0      37.0221      5885.74     -3011.44      -103518      73549.5       180666      52.8458            0            0     -98.7353            0
-2.10084e+06        23140      10.8377      4131.18     -221.969            0   -0.0482676      2.74216      2.90166       117.02      -13.469      16.0557    0.0187367      27.6863      -552121    -0.399905            0
    -2884.56      10.8377      4.94668      64.6421   -0.0536112     -2.49912  0.000917331     0.082882    0.0611206     -2.30942     0.150956    -0.045487   0.00565211     0.175163     -15344.7   -0.0102525      3.11422
 -4.9174e+06      4131.18      64.6421       917470      410.084            0    -0.159142     -2.35138      0.93642      850.278     -2785.59     -24.5795    0.0530854      11.4501            0     -1.02013      6596.68
           0     -221.969   -0.0536112      410.084      815.303    -0.533205 -0.000878319    -0.195964    -0.100161      69.7985     -11.6281    -0.223756  -0.00770906      3.65737     -58634.9   -0.0540311     -371.004
           0            0     -2.49912            0    -0.533205      643.518  -0.00337809    -0.265589   -0.0795018     -15.4311            0    -0.422552   0.00120514     -20.5578     -464.463    0.0363751      132.287
     37.0221   -0.0482676  0.000917331    -0.159142 -0.000878319  -0.00337809  0.000138127 -0.000472269 -5.70442e-05   -0.0251887  -0.00251582   0.00025655  3.59607e-06  -0.00160921     -77.2014 -5.73592e-05    0.0947326
     5885.74      2.74216     0.082882     -2.35138    -0.195964    -0.265589 -0.000472269       1.2433   0.00288536    -0.767505     0.121688    0.0015455   0.00027854     0.292039     -3552.56 -0.000558998      2.96659
    -3011.44      2.90166    0.0611206      0.93642    -0.100161   -0.0795018 -5.70442e-05   0.00288536     0.151071     0.201195     0.041643    -0.016288  -0.00056257   0.00307531      1486.08  0.000556484      1.81141
     -103518       117.02     -2.30942      850.278      69.7985     -15.4311   -0.0251887    -0.767505     0.201195      2653.14    -0.550552    -0.382098   0.00923643      5.60505      -182066    -0.250811      210.547
     73549.5      -13.469     0.150956     -2785.59     -11.6281            0  -0.00251582     0.121688     0.041643    -0.550552      45.7352     0.348683  -0.00256168   -0.0392319      -7202.9   0.00160606     -3.65556
      180666      16.0557    -0.045487     -24.5795    -0.223756    -0.422552   0.00025655    0.0015455    -0.016288    -0.382098     0.348683       1.1418  0.000110903  -0.00554376     -2635.84  -0.00265983     0.612322
     52.8458    0.0187367   0.00565211    0.0530854  -0.00770906   0.00120514  3.59607e-06   0.00027854  -0.00056257   0.00923643  -0.00256168  0.000110903  8.05796e-05 -6.55115e-06     -7.33778 -6.93525e-06     0.155581
           0      27.6863     0.175163      11.4501      3.65737     -20.5578  -0.00160921     0.292039   0.00307531      5.60505   -0.0392319  -0.00554376 -6.55115e-06      30.5469     -20181.3  -0.00894474      344.002
           0      -552121     -15344.7            0     -58634.9     -464.463     -77.2014     -3552.56      1486.08      -182066      -7202.9     -2635.84     -7.33778     -20181.3  3.23286e+10      17214.9            0
    -98.7353    -0.399905   -0.0102525     -1.02013   -0.0540311    0.0363751 -5.73592e-05 -0.000558998  0.000556484    -0.250811   0.00160606  -0.00265983 -6.93525e-06  -0.00894474      17214.9    0.0100569      0.31627
           0            0      3.11422      6596.68     -371.004      132.287    0.0947326      2.96659      1.81141      210.547     -3.65556     0.612322     0.155581      344.002            0      0.31627       197383
