     30.3214            0            0      58471.1            0     -1.32634    0.0239652      50.8109     0.760949    -0.322983       318020       214909
           0  1.34931e+07 -1.15211e+08 -1.74958e+08            0     -219.154     -10.1993       115920            0     -505.064 -6.65302e+07            0
           0 -1.15211e+08  2.55928e+12            0            0      -653227     -7039.25  1.02924e+06            0      35037.3            0            0
     58471.1 -1.74958e+08            0   6.9252e+11 -6.05467e+11      -457865      1453.11 -3.59055e+06            0      27783.3            0            0
           0            0            0 -6.05467e+11  4.43085e+12            0            0  6.67635e+06            0            0            0            0
    -1.32634     -219.154      -653227      -457865            0      624.312   -0.0960406     -78.3327      13.2474     -3.87039            0  8.16871e+06
   0.0239652     -10.1993     -7039.25      1453.11            0   -0.0960406    0.0151837     0.418642    -0.078028    0.0113978       4011.1            0
     50.8109       115920  1.02924e+06 -3.59055e+06  6.67635e+06     -78.3327     0.418642      3294.56     -46.5901    -0.251649 -1.19139e+07 -1.64853e+06
    0.760949            0            0            0            0      13.2474    -0.078028     -46.5901      1442.15      2.99956            0            0
   -0.322983     -505.064      35037.3      27783.3            0     -3.87039    0.0113978    -0.251649      2.99956      50.0563            0            0
      318020 -6.65302e+07            0            0            0            0       4011.1 -1.19139e+07            0            0  3.41278e+12            0
      214909            0            0            0            0  8.16871e+06            0 -1.64853e+06            0            0            0  2.20543e+13
