 3.94188e+10 -1.26479e+06     -3291.63 -2.03871e+06            0            0      111.479      8520.57     -4795.15     -66790.2      75183.3       254283      182.341            0            0     -201.171            0
-1.26479e+06      8387.13      7.44355      1031.14     -99.1219            0   -0.0875166      2.38997      2.78165      45.4553     -8.28902      13.6048    0.0389504      15.8569      -332400    -0.490557            0
    -3291.63      7.44355      6.43736      30.5723   -0.0457225      -2.2312    0.0031515     0.136877     0.111015     -1.69978     0.175944   -0.0730402    0.0222527      0.19011       -17505   -0.0238312      1.50963
-2.03871e+06      1031.14      30.5723       157699      126.108            0    -0.198681     -1.41129      0.61819      227.446     -1180.53     -14.3428    0.0760178        4.516            0    -0.861881      1126.72
           0     -99.1219   -0.0457225      126.108      448.562    -0.309534  -0.00196482    -0.210426    -0.118302       33.404      -8.8167    -0.233599   -0.0197241      2.58077     -43492.1   -0.0816598     -113.373
           0            0      -2.2312            0    -0.309534      394.171  -0.00796003    -0.300917    -0.099076     -7.79215            0    -0.465461   0.00325324     -15.3061     -363.384    0.0580061       42.654
     111.479   -0.0875166    0.0031515    -0.198681  -0.00196482  -0.00796003   0.00125236  -0.00205872 -0.000273133   -0.0489107  -0.00774183   0.00108715  3.73693e-05  -0.00460881     -232.069 -0.000351492     0.117515
     8520.57      2.38997     0.136877     -1.41129    -0.210426    -0.300917  -0.00205872       2.6057   0.00665144    -0.716894      0.18008   0.00314917   0.00139185     0.402201     -5142.99  -0.00164898      1.76938
    -4795.15      2.78165     0.111015      0.61819    -0.118302    -0.099076 -0.000273133   0.00665144     0.383038     0.206719    0.0677818    -0.036504  -0.00309196   0.00465894      2366.33   0.00180549      1.18832
    -66790.2      45.4553     -1.69978      227.446       33.404     -7.79215   -0.0489107    -0.716894     0.206719      1104.48    -0.363111    -0.346987    0.0205221      3.44037      -117470    -0.329728      55.9664
     75183.3     -8.28902     0.175944     -1180.53      -8.8167            0  -0.00774183      0.18008    0.0677818    -0.363111      47.7898     0.501662  -0.00903832   -0.0381514     -7362.88   0.00334593     -1.53924
      254283      13.6048   -0.0730402     -14.3428    -0.233599    -0.465461   0.00108715   0.00314917    -0.036504    -0.346987     0.501662       2.2619  0.000538531  -0.00742227     -3709.81  -0.00762769     0.355201
     182.341    0.0389504    0.0222527    0.0760178   -0.0197241   0.00325324  3.73693e-05   0.00139185  -0.00309196    0.0205221  -0.00903832  0.000538531  0.000959935 -2.13067e-05     -25.3115 -4.87569e-05     0.221132
           0      15.8569      0.19011        4.516      2.58077     -15.3061  -0.00460881     0.402201   0.00465894      3.44037   -0.0381514  -0.00742227 -2.13067e-05      27.6453     -19198.8    -0.017339      134.824
           0      -332400       -17505            0     -43492.1     -363.384     -232.069     -5142.99      2366.33      -117470     -7362.88     -3709.81     -25.3115     -19198.8  3.23285e+10      35076.5            0
    -201.171    -0.490557   -0.0238312    -0.861881   -0.0816598    0.0580061 -0.000351492  -0.00164898   0.00180549    -0.329728   0.00334593  -0.00762769 -4.87569e-05    -0.017339      35076.5    0.0417527     0.265437
           0            0      1.50963      1126.72     -113.373       42.654     0.117515      1.76938      1.18832      55.9664     -1.53924     0.355201     0.221132      134.824            0     0.265437      33501.9
