 3.90299e+10      -515191      -4118.9      -426830            0            0      803.214      16794.4     -10875.6     -30478.8      79300.7       455437      1801.45            0            0     -716.329            0
     -515191      1392.62      3.79662      88.4454     -23.7936            0    -0.257031      1.87365      2.57941      8.52918     -3.49727      10.0276      0.13579      5.91538      -135428     -0.70423            0
     -4118.9      3.79662      9.70135      7.83334   -0.0434171     -1.76473    0.0264311     0.331393     0.341059    -0.972838     0.234026    -0.162056     0.219183       0.2161     -21689.8     -0.10324       0.6996
     -426830      88.4454      7.83334      6986.31      15.6425            0    -0.301162    -0.571668       0.2946      22.0411     -258.633     -5.42606     0.115351     0.870082            0    -0.640281      49.3408
           0     -23.7936   -0.0434171      15.6425      155.804    -0.118287  -0.00838318    -0.238689    -0.157225       9.0663     -5.41561    -0.253785   -0.0999736      1.39238     -25638.2    -0.169631      -13.901
           0            0     -1.76473            0    -0.118287      165.526   -0.0372271    -0.375304    -0.146209     -2.32493            0    -0.545659    0.0180379     -9.08001      -233.55     0.132521      5.75119
     803.214    -0.257031    0.0264311    -0.301162  -0.00838318   -0.0372271    0.0650401   -0.0288555  -0.00306287    -0.162396   -0.0580269    0.0140913   0.00238181   -0.0304761     -1672.67  -0.00892186     0.175981
     16794.4      1.87365     0.331393    -0.571668    -0.238689    -0.375304   -0.0288555      9.65297    0.0284638    -0.635488     0.360846   0.00969455    0.0230395     0.708721     -9893.59   -0.0111824     0.708563
    -10875.6      2.57941     0.341059       0.2946    -0.157225    -0.146209  -0.00306287    0.0284638      1.98823     0.215745     0.160267    -0.149834   -0.0603247   0.00948982      5400.59    0.0145243      0.56484
    -30478.8      8.52918    -0.972838      22.0411       9.0663     -2.32493    -0.162396    -0.635488     0.215745      234.145    -0.174089    -0.285573    0.0885469      1.45015     -54098.1    -0.535194      5.36236
     79300.7     -3.49727     0.234026     -258.633     -5.41561            0   -0.0580269     0.360846     0.160267    -0.174089      51.7559     0.957641   -0.0812692   -0.0361888     -7681.46    0.0123729    -0.331599
      455437      10.0276    -0.162056     -5.42606    -0.253785    -0.545659    0.0140913   0.00969455    -0.149834    -0.285573     0.957641      7.34077    0.0110778   -0.0122047     -6722.68   -0.0486171     0.143516
     1801.45      0.13579     0.219183     0.115351   -0.0999736    0.0180379   0.00238181    0.0230395   -0.0603247    0.0885469   -0.0812692    0.0110778    0.0703011 -4.15853e-05         -235  -0.00161775     0.394647
           0      5.91538       0.2161     0.870082      1.39238     -9.08001   -0.0304761     0.708721   0.00948982      1.45015   -0.0361888   -0.0122047 -4.15853e-05      23.1676     -17579.1   -0.0559558      25.6828
           0      -135428     -21689.8            0     -25638.2      -233.55     -1672.67     -9893.59      5400.59     -54098.1     -7681.46     -6722.68         -235     -17579.1  3.23386e+10       123671            0
    -716.329     -0.70423     -0.10324    -0.640281    -0.169631     0.132521  -0.00892186   -0.0111824    0.0145243    -0.535194    0.0123729   -0.0486171  -0.00161775   -0.0559558       123671     0.518849     0.194742
           0            0       0.6996      49.3408      -13.901      5.75119     0.175981     0.708563      0.56484      5.36236    -0.331599     0.143516     0.394647      25.6828            0     0.194742      1450.62
