    61036.2    -265.767    -4.82445    -109.219           0   0.0602912     10.0321     37.9175    -31.2987    -17.4544     101.043     1052.26     19.1017           0           0    -3.05749           0
   -265.767     234.293     1.88014     7.57863    -5.75312           0   -0.892268     1.47712     2.41708     1.60741    -1.49501     7.58981    0.261559     2.21875    -55700.9     -1.0243           0
   -4.82445     1.88014     12.7884     1.80535    0.103318    -1.30905    0.193173    0.762556     1.19573   -0.534071    0.637139   -0.315443     1.16308    0.237105    -25763.7   -0.451936    0.183737
   -109.219     7.57863     1.80535     305.376     1.92854           0   -0.218867   -0.230528    0.138878     2.11947    -56.1572    -2.06021    0.184007    0.166385           0   -0.472212     2.08071
          0    -5.75312    0.103318     1.92854     54.2434  -0.0455769   0.0210448   -0.271917   -0.215294     2.45841    -3.35601    -0.27882   -0.434171    0.751381    -15094.5   -0.358654     -1.6886
  0.0602912           0    -1.30905           0  -0.0455769     69.6564   -0.182145   -0.469558   -0.215597   -0.690349           0   -0.656467   0.0497736    -5.39171    -130.942    0.305028    0.737618
    10.0321   -0.892268    0.193173   -0.218867   0.0210448   -0.182145     3.65936   -0.417591  -0.0549198   -0.550102    -0.46241    0.244847    0.131386   -0.209302    -12508.8   -0.233424    0.265416
    37.9175     1.47712    0.762556   -0.230528   -0.271917   -0.469558   -0.417591      35.943     0.11563   -0.563305     0.72435   0.0371106    0.322292     1.25199    -19222.4  -0.0772626    0.273662
   -31.2987     2.41708     1.19573    0.138878   -0.215294   -0.215597  -0.0549198     0.11563      10.541    0.214289    0.400168   -0.643968    -1.10402   0.0193743     12450.5    0.125769    0.281611
   -17.4544     1.60741   -0.534071     2.11947     2.45841   -0.690349   -0.550102   -0.563305    0.214289     49.5091  -0.0833559   -0.241897    0.385974    0.610452    -24892.9   -0.871948    0.494705
    101.043    -1.49501    0.637139    -56.1572    -3.35601           0    -0.46241     0.72435    0.400168  -0.0833559     55.9054     1.80379   -0.697164  -0.0341856    -7960.74   0.0515068    0.426084
    1052.26     7.58981   -0.315443    -2.06021    -0.27882   -0.656467    0.244847   0.0371106   -0.643968   -0.241897     1.80379     24.9731    0.137807  -0.0206567    -12370.8   -0.314311   0.0352129
    19.1017    0.261559     1.16308    0.184007   -0.434171   0.0497736    0.131386    0.322292    -1.10402    0.385974   -0.697164    0.137807     4.11192   0.0274709    -2107.31  -0.0683419     0.63521
          0     2.21875    0.237105    0.166385    0.751381    -5.39171   -0.209302     1.25199   0.0193743    0.610452  -0.0341856  -0.0206567   0.0274709     19.4017    -16090.5   -0.179812     4.71712
          0    -55700.9    -25763.7           0    -15094.5    -130.942    -12508.8    -19222.4     12450.5    -24892.9    -7960.74    -12370.8    -2107.31    -16090.5 3.23219e+10      437885           0
   -3.05749     -1.0243   -0.451936   -0.472212   -0.358654    0.305028   -0.233424  -0.0772626    0.125769   -0.871948   0.0515068   -0.314311  -0.0683419   -0.179812      437885     6.50899    0.142116
          0           0    0.183737     2.08071     -1.6886    0.737618    0.265416    0.273662    0.281611    0.494705    0.426084   0.0352129     0.63521     4.71712           0    0.142116     58.4186
