   0.0184241  0.000185587  -0.00541911   -0.0287193  -0.00549157  -0.00316092  -0.00648595  -0.00344739    0.0375849   -0.0191324  -0.00106865    0.0298353 -2.29354e-05            0    0.0394211  3.13596e-06
 0.000185587     0.101429   -0.0186885   0.00366818     0.166876    0.0720518    -0.223776    0.0201408   0.00934769  0.000660258     0.085666     0.256995 -3.62444e-05            0    0.0239319  -0.00010743
 -0.00541911   -0.0186885      5.18924    -0.374721    -0.674047    -0.368923     0.460955    0.0533535    -0.344831     0.175183     0.390267    -0.336898   0.00093623      -6296.3    -0.515536  -0.00118277
  -0.0287193   0.00366818    -0.374721      25.2073       5.8301    0.0338124      3.71118     0.896321     -10.0525     -1.53002    -0.154353     -14.7634   0.00183987       106119      3.06997    0.0142093
 -0.00549157     0.166876    -0.674047       5.8301      17.3993      14.0833      -8.0264     0.277382       0.1504     -2.29122      13.0348      9.07453  -0.00174973     -27729.4      3.45391  -0.00398627
 -0.00316092    0.0720518    -0.368923    0.0338124      14.0833      45.2812      24.1533     0.169502     0.494167     -1.48259      26.0715      6.61965   0.00570439     -42520.9      5.08553  -0.00620354
 -0.00648595    -0.223776     0.460955      3.71118      -8.0264      24.1533      42.1849     0.459791     -2.14292     -0.60738      9.25716     -19.4964    0.0107931      49282.3     0.653723   0.00745337
 -0.00344739    0.0201408    0.0533535     0.896321     0.277382     0.169502     0.459791      3.71375    0.0834868    -0.281059     0.433257    -0.289355 -4.01929e-05     -5522.82    -0.336675 -0.000109408
   0.0375849   0.00934769    -0.344831     -10.0525       0.1504     0.494167     -2.14292    0.0834868      54.9152      -2.0167     -20.8234      2.66425  -0.00405079     -64845.1     -6.98053   -0.0113622
  -0.0191324  0.000660258     0.175183     -1.53002     -2.29122     -1.48259     -0.60738    -0.281059      -2.0167       30.835   -0.0423725       2.7292  -0.00214502     -9281.97     0.679269  -0.00355378
 -0.00106865     0.085666     0.390267    -0.154353      13.0348      26.0715      9.25716     0.433257     -20.8234   -0.0423725      40.6046      13.9583   0.00346697     -31727.9      5.71377  -0.00509221
   0.0298353     0.256995    -0.336898     -14.7634      9.07453      6.61965     -19.4964    -0.289355      2.66425       2.7292      13.9583      40.1707  -0.00458504     -90797.2     -1.79876    -0.016611
-2.29354e-05 -3.62444e-05   0.00093623   0.00183987  -0.00174973   0.00570439    0.0107931 -4.01929e-05  -0.00405079  -0.00214502   0.00346697  -0.00458504  9.66842e-05     -31.1036  -0.00373279 -9.31441e-07
           0            0      -6296.3       106119     -27729.4     -42520.9      49282.3     -5522.82     -64845.1     -9281.97     -31727.9     -90797.2     -31.1036  2.30042e+10            0      2853.08
   0.0394211    0.0239319    -0.515536      3.06997      3.45391      5.08553     0.653723    -0.336675     -6.98053     0.679269      5.71377     -1.79876  -0.00373279            0      287.924  -0.00686296
 3.13596e-06  -0.00010743  -0.00118277    0.0142093  -0.00398627  -0.00620354   0.00745337 -0.000109408   -0.0113622  -0.00355378  -0.00509221    -0.016611 -9.31441e-07      2853.08  -0.00686296  0.000393528
