    0.108552  0.000836007   -0.0225514    -0.069448   -0.0132623  -0.00701467   -0.0155803   -0.0139928     0.091928   -0.0426634  -0.00461165    0.0732183 -0.000236839            0    0.0758385  2.92797e-05
 0.000836007     0.349188   -0.0594613    0.0104819     0.309402     0.120693    -0.416005    0.0624924    0.0140459   0.00112509      0.16243     0.481989 -0.000285923            0    0.0351874 -0.000766771
  -0.0225514   -0.0594613      15.2565    -0.636327     -1.15161    -0.620517     0.781526     0.153003    -0.564234     0.276084     0.635439    -0.572484    0.0068266     -10796.9    -0.700399  -0.00780298
   -0.069448    0.0104819    -0.636327       25.275      5.94381     0.326368      3.78352      1.51015     -10.7251     -1.34143     0.550155     -14.5455   0.00799525       106507      2.44338    0.0545701
  -0.0132623     0.309402     -1.15161      5.94381      17.3663      13.5681     -8.46527      0.47611   -0.0393588     -2.11817      13.1431      9.09717  -0.00770347     -27207.7      2.70552   -0.0150476
 -0.00701467     0.120693    -0.620517     0.326368      13.5681      45.9697      24.8387     0.354226     0.275274     -1.48976      26.9585      5.46026    0.0257624     -41217.4      3.94888   -0.0230133
  -0.0155803    -0.416005     0.781526      3.78352     -8.46527      24.8387      41.9139     0.771677     -2.15957    -0.549206      9.02902     -20.3096     0.045856      49943.1     0.452944    0.0289798
  -0.0139928    0.0624924     0.153003      1.51015      0.47611     0.354226     0.771677       10.386     0.123622    -0.431816     0.722125    -0.497709 -0.000285519     -9235.92    -0.446211 -0.000704246
    0.091928    0.0140459    -0.564234     -10.7251   -0.0393588     0.275274     -2.15957     0.123622      55.0121     -1.84713     -21.4549      2.75279    -0.017329     -66011.4     -5.54985   -0.0441882
  -0.0426634   0.00112509     0.276084     -1.34143     -2.11817     -1.48976    -0.549206    -0.431816     -1.84713       26.027    -0.052769      2.51774  -0.00838376      -8527.7     0.494624   -0.0125599
 -0.00461165      0.16243     0.635439     0.550155      13.1431      26.9585      9.02902     0.722125     -21.4549    -0.052769      40.9238      13.7609    0.0150506     -30659.6      4.63185   -0.0188422
   0.0732183     0.481989    -0.572484     -14.5455      9.09717      5.46026     -20.3096    -0.497709      2.75279      2.51774      13.7609      40.8355   -0.0204108     -92054.4     -1.45688     -0.06458
-0.000236839 -0.000285923    0.0068266   0.00799525  -0.00770347    0.0257624     0.045856 -0.000285519    -0.017329  -0.00838376    0.0150506   -0.0204108    0.0017497     -132.311   -0.0125913 -1.52506e-05
           0            0     -10796.9       106507     -27207.7     -41217.4      49943.1     -9235.92     -66011.4      -8527.7     -30659.6     -92054.4     -132.311  2.30041e+10            0      10975.7
   0.0758385    0.0351874    -0.700399      2.44338      2.70552      3.94888     0.452944    -0.446211     -5.54985     0.494624      4.63185     -1.45688   -0.0125913            0      180.869   -0.0209236
 2.92797e-05 -0.000766771  -0.00780298    0.0545701   -0.0150476   -0.0230133    0.0289798 -0.000704246   -0.0441882   -0.0125599   -0.0188422     -0.06458 -1.52506e-05      10975.7   -0.0209236   0.00582385
