     1.11392   0.00755439    -0.125937     -0.24372   -0.0350772   0.00634784   -0.0423223   -0.0841135      0.30259    -0.124041    -0.035357     0.264813  -0.00471355            0      0.18495  0.000434656
  0.00755439       1.8608    -0.548891    0.0476841     0.728075     0.285876    -0.963768      0.26994  -0.00657113   0.00207193     0.438667      1.14117  -0.00399686     -2223.86    0.0605676   -0.0143097
   -0.125937    -0.548891       37.953      1.40053     -4.13771      12.6804      21.7992      2.09185     -15.9338    -0.428307      16.9692     -8.37746     0.216921      21020.5    -0.313237    0.0668149
    -0.24372    0.0476841      1.40053      25.7131      6.04676     0.377295      3.84391      2.88692     -11.8005     -1.19298      1.45101     -13.9299    0.0593146       108670      1.67553     0.283933
  -0.0350772     0.728075     -4.13771      6.04676       17.484       13.293     -8.61258     0.911566     -0.49258     -1.90848       14.001      9.21128   -0.0475597     -25957.4      2.03836    -0.075294
  0.00634784     0.285876      12.6804     0.377295       13.293      46.3701      25.5188      0.77757     0.366173     -1.42552      27.6446      4.50321     0.162323     -41950.8      2.80021    -0.121698
  -0.0423223    -0.963768      21.7992      3.84391     -8.61258      25.5188      42.8996      1.44315     -2.46201    -0.555429       8.8044     -21.3083     0.284438      51007.7     0.256067     0.154305
  -0.0841135      0.26994      2.09185      2.88692     0.911566      0.77757      1.44315      36.3942     0.182644    -0.749706      1.38821    -0.928713   0.00590865     -17271.5    -0.832984  -0.00631187
     0.30259  -0.00657113     -15.9338     -11.8005     -0.49258     0.366173     -2.46201     0.182644      55.9111     -1.66656     -22.3602      2.55057     -0.11234     -68633.1     -3.98119    -0.235582
   -0.124041   0.00207193    -0.428307     -1.19298     -1.90848     -1.42552    -0.555429    -0.749706     -1.66656      22.9347  -0.00572733      2.49159   -0.0496415     -8039.04     0.350507    -0.061251
   -0.035357     0.438667      16.9692      1.45101       14.001      27.6446       8.8044      1.38821     -22.3602  -0.00572733      42.0321      14.3004    0.0912922     -29991.3      3.43662   -0.0958423
    0.264813      1.14117     -8.37746     -13.9299      9.21128      4.50321     -21.3083    -0.928713      2.55057      2.49159      14.3004      42.3836    -0.137527     -92382.5     -1.01971    -0.336428
 -0.00471355  -0.00399686     0.216921    0.0593146   -0.0475597     0.162323     0.284438   0.00590865     -0.11234   -0.0496415    0.0912922    -0.137527    0.0686335     -837.556   -0.0610586 -0.000337926
           0     -2223.86      21020.5       108670     -25957.4     -41950.8      51007.7     -17271.5     -68633.1     -8039.04     -29991.3     -92382.5     -837.556  2.30246e+10            0      56625.7
     0.18495    0.0605676    -0.313237      1.67553      2.03836      2.80021     0.256067    -0.832984     -3.98119     0.350507      3.43662     -1.01971   -0.0610586            0      99.3245   -0.0798143
 0.000434656   -0.0143097    0.0668149     0.283933    -0.075294    -0.121698     0.154305  -0.00631187    -0.235582    -0.061251   -0.0958423    -0.336428 -0.000337926      56625.7   -0.0798143     0.154867
