 0.000612764 -4.60833e-05   -0.0231657   0.00140516    -0.150215  -0.00652676    -0.283356    0.0168685  -0.00787619   -0.0613333    0.0187248  -0.00870893   -0.0165436   0.00460847    0.0858278
-4.60833e-05    0.0870544    0.0116515   0.00116028      2.08175   -0.0765594      30.2326     -4.69295     0.138208     0.252224    -0.247984   -0.0232821     0.209799     0.155049     -1.11641
  -0.0231657    0.0116515      243.002    -0.405394     -14.0487    -0.950345      769.602     -127.027      2.10547     -27.3183      3.04584     -3.82023    0.0904466     -6.14195      65.8816
  0.00140516   0.00116028    -0.405394    0.0716231     -1.60812     -0.10919    -0.307077    -0.300072     0.106857      1.17727    0.0144646    0.0300218    -0.152109            0     0.666297
   -0.150215      2.08175     -14.0487     -1.60812      15487.5     -5.70039      5169.84      99.0335    -0.956186     -106.102     -1.54226      11.9688      3.49173     -11.9134     -6040.43
 -0.00652676   -0.0765594    -0.950345     -0.10919     -5.70039      46.3989       146.02       33.293     -2.97406     -29.5444     0.128884      14.5136      5.83475    -0.531366      9.94594
   -0.283356      30.2326      769.602    -0.307077      5169.84       146.02       300681       -46756      89.4182      -815.93      257.388     -61.0133     -141.478      209.096     -1123.17
   0.0168685     -4.69295     -127.027    -0.300072      99.0335       33.293       -46756      13806.1     -24.9422      95.0639     -38.2401      35.2877       15.146            0     -137.873
 -0.00787619     0.138208      2.10547     0.106857    -0.956186     -2.97406      89.4182     -24.9422      44.1223     -32.6603     -10.6201     -4.97135     -7.17076      6.09603      22.2035
  -0.0613333     0.252224     -27.3183      1.17727     -106.102     -29.5444      -815.93      95.0639     -32.6603      7389.45     -31.1986     -7.61202      50.8549     -7.62139     -503.825
   0.0187248    -0.247984      3.04584    0.0144646     -1.54226     0.128884      257.388     -38.2401     -10.6201     -31.1986      34.8488     -17.8071     -10.9787     -2.64821      3.23922
 -0.00870893   -0.0232821     -3.82023    0.0300218      11.9688      14.5136     -61.0133      35.2877     -4.97135     -7.61202     -17.8071      37.7923     -7.94274      3.36587      -5.0584
  -0.0165436     0.209799    0.0904466    -0.152109      3.49173      5.83475     -141.478       15.146     -7.17076      50.8549     -10.9787     -7.94274      29.7789     -3.74702     -2.24054
  0.00460847     0.155049     -6.14195            0     -11.9134    -0.531366      209.096            0      6.09603     -7.62139     -2.64821      3.36587     -3.74702      377.488       4.2272
   0.0858278     -1.11641      65.8816     0.666297     -6040.43      9.94594     -1123.17     -137.873      22.2035     -503.825      3.23922      -5.0584     -2.24054       4.2272      3499.09
