     9168.47      53.6243     -2.70132            0     -81.2734     -41.2081      -548149    -0.355442      -557707     -12.1524            0      9.06166     -25.0539     -27.6826      3.25148     0.273234
     53.6243      71.6681  -0.00759959       2033.9      13.5508     -25.3642     -10115.5      2.11548       125348      8.44792     -10.9664     -13.7437       -1.882      11.9547      5.63287  -0.00132736
    -2.70132  -0.00759959    0.0175731      9.07058   -0.0714823   -0.0193937      5020.43   0.00180264     -4900.28   -0.0709683    0.0820862   -0.0223092   -0.0439429   -0.0427612  -0.00947843  -0.00110969
           0       2033.9      9.07058  8.80009e+07      -3507.6      1787.51 -2.69682e+08      573.007  -6.6004e+08      1043.65            0        -2334      1939.08     -2590.81     -105.783      152.269
    -81.2734      13.5508   -0.0714823      -3507.6      560.691     -2.13005       381853     -0.45501            0      11.5766      2.16887     -11.8736      7.28546     -13.9245     -10.1001     0.273949
    -41.2081     -25.3642   -0.0193937      1787.51     -2.13005      44.8945      9029.94     -1.27523      -576737     -1.17358      4.15825      -13.896      19.1278     -3.68719      7.90119    -0.127646
     -548149     -10115.5      5020.43 -2.69682e+08       381853      9029.94  6.23667e+10     -13996.8  1.52426e+11       106217 -1.78025e+06     -6676.54      8339.75     -470.257     -7084.94      3382.51
   -0.355442      2.11548   0.00180264      573.007     -0.45501     -1.27523     -13996.8      4.66883      6448.67    0.0889643    -0.315388    -0.151696     0.228507      1.30975    -0.235455     0.197792
     -557707       125348     -4900.28  -6.6004e+08            0      -576737  1.52426e+11      6448.67  3.33576e+12      -356215       379407       837092      -827615      31114.2       993784     -3636.01
    -12.1524      8.44792   -0.0709683      1043.65      11.5766     -1.17358       106217    0.0889643      -356215      344.109            0     -2.69128      1.24368      3.10004     0.842402     0.388104
           0     -10.9664    0.0820862            0      2.16887      4.15825 -1.78025e+06    -0.315388       379407            0      143.589      3.66502      3.48734     0.227784     -1.00961     0.124407
     9.06166     -13.7437   -0.0223092        -2334     -11.8736      -13.896     -6676.54    -0.151696       837092     -2.69128      3.66502       30.066     -9.63485      12.0177      7.01871   -0.0504203
    -25.0539       -1.882   -0.0439429      1939.08      7.28546      19.1278      8339.75     0.228507      -827615      1.24368      3.48734     -9.63485      36.8804      18.5719     -8.24506  0.000553981
    -27.6826      11.9547   -0.0427612     -2590.81     -13.9245     -3.68719     -470.257      1.30975      31114.2      3.10004     0.227784      12.0177      18.5719      48.3914      6.44403     0.039065
     3.25148      5.63287  -0.00947843     -105.783     -10.1001      7.90119     -7084.94    -0.235455       993784     0.842402     -1.00961      7.01871     -8.24506      6.44403       35.647   -0.0742177
    0.273234  -0.00132736  -0.00110969      152.269     0.273949    -0.127646      3382.51     0.197792     -3636.01     0.388104     0.124407   -0.0504203  0.000553981     0.039065   -0.0742177     0.180237
