    34.8536    0.265703    0.458239    -1.61767    0.428283    -0.40513   -0.475848     15.9282    0.877033   -0.440524    -1.03151     3.33509   0.0718628     4442.13    0.751351    0.114718
   0.265703     15.0429    -1.59446     0.27695     2.16408     0.90619    -2.70196    -1.56901   -0.173685     0.66583     1.62236     3.37887  -0.0418098    -3029.95    -1.28157   -0.247392
   0.458239    -1.59446     28.7222     2.63823    -4.91973     17.2804     27.1434    -1.06839    -20.9455     9.70204     19.8328     -11.408     1.42779     13844.6     5.10683    0.591064
   -1.61767     0.27695     2.63823     27.3412     6.14969    0.145487     3.97298     2.68956    -13.5742    -13.8942     2.49831    -12.7065    0.371933     44510.7    -6.61646     1.69405
   0.428283     2.16408    -4.91973     6.14969     18.2948     13.8268    -8.59446    -6.35318   -0.672739  -0.0803933     15.7491     9.53255    -0.33968    -10206.5    -1.27649   -0.367663
   -0.40513     0.90619     17.2804    0.145487     13.8268     48.5248     27.3727    -1.85843    0.229112     14.5406     29.1449     3.63105     1.12938    -15885.9     5.69057   -0.659492
  -0.475848    -2.70196     27.1434     3.97298    -8.59446     27.3727     44.9374     13.3146    -2.91075     5.72601     8.66033    -22.8226     1.85865     21523.2     5.28766    0.878979
    15.9282    -1.56901    -1.06839     2.68956    -6.35318    -1.85843     13.3146     172.781     23.3641    -19.2863    -19.3635    -15.7868     1.20926     2132.39    -1.40861    0.456946
   0.877033   -0.173685    -20.9455    -13.5742   -0.672739    0.229112    -2.91075     23.3641     58.8934    -6.90851    -23.9696     1.95325   -0.755137    -29108.1    -1.92457    -1.36375
  -0.440524     0.66583     9.70204    -13.8942  -0.0803933     14.5406     5.72601    -19.2863    -6.90851     44.2361     17.7482     17.1016  -0.0237718    -27618.4     15.3014     -1.6196
   -1.03151     1.62236     19.8328     2.49831     15.7491     29.1449     8.66033    -19.3635    -23.9696     17.7482     45.5621     15.7563     0.54659    -11658.9     4.41585   -0.562186
    3.33509     3.37887     -11.408    -12.7065     9.53255     3.63105    -22.8226    -15.7868     1.95325     17.1016     15.7563     46.3323   -0.911268    -35711.6    -1.63631    -2.00282
  0.0718628  -0.0418098     1.42779    0.371933    -0.33968     1.12938     1.85865     1.20926   -0.755137  -0.0237718     0.54659   -0.911268      2.8937    -2045.32     0.41406  0.00679076
    4442.13    -3029.95     13844.6     44510.7    -10206.5    -15885.9     21523.2     2132.39    -29108.1    -27618.4    -11658.9    -35711.6    -2045.32 3.76627e+09     2431.61      131495
   0.751351    -1.28157     5.10683    -6.61646    -1.27649     5.69057     5.28766    -1.40861    -1.92457     15.3014     4.41585    -1.63631     0.41406     2431.61     91.3599   -0.453735
   0.114718   -0.247392    0.591064     1.69405   -0.367663   -0.659492    0.878979    0.456946    -1.36375     -1.6196   -0.562186    -2.00282  0.00679076      131495   -0.453735      5.1496
