     91.5048     0.121518     -1.27466     0.776075      4.63023      210.974      3.04276     0.688041      2.88562   -0.0475251    -0.961504   0.00922609   -0.0409185    -0.276912     -7.24915
    0.121518      53.1915     -9.93772     -2.05524     -25.4461      203.697     -4.34521     -18.5932      2.98995  -0.00991329      -2.6021     -0.56756   -0.0106563     0.359305      22.7003
    -1.27466     -9.93772      54.2421      8.58984     -8.98317     -104.925    -0.472412     -3.97139    -0.883577   -0.0124703     0.533191    -0.239373    -0.025508     0.792883      14.2823
    0.776075     -2.05524      8.58984      228.791    -0.673367     0.866768      1.95061      -2.3684      2.11269   -0.0148518     -1.02933      0.37226    0.0133121    -0.565763     0.695266
     4.63023     -25.4461     -8.98317    -0.673367      38.8875     -221.647     -18.2578      2.67144     -1.64252    0.0163039     -1.12957     0.483156   -0.0186019     -1.29609      -18.798
     210.974      203.697     -104.925     0.866768     -221.647  1.20327e+06     -331.081      -213.73     -278.773      1.15879      174.988     -43.8228     -1.63387      44.9888      346.797
     3.04276     -4.34521    -0.472412      1.95061     -18.2578     -331.081      53.7561      17.0153     0.832721  -0.00187327      1.69761   0.00426757    0.0322683    -0.410343     -15.8117
    0.688041     -18.5932     -3.97139      -2.3684      2.67144      -213.73      17.0153      32.2255      4.49821    0.0194064      3.92482    -0.490994    0.0306284     -1.34487        -1.88
     2.88562      2.98995    -0.883577      2.11269     -1.64252     -278.773     0.832721      4.49821      117.822 -0.000720113     0.880175    0.0515849    0.0184195    -0.496294      1.32908
  -0.0475251  -0.00991329   -0.0124703   -0.0148518    0.0163039      1.15879  -0.00187327    0.0194064 -0.000720113   0.00148503     0.019344 -0.000357481 -5.04146e-06   -0.0050077   0.00206807
   -0.961504      -2.6021     0.533191     -1.02933     -1.12957      174.988      1.69761      3.92482     0.880175     0.019344      34.1722   -0.0945534   -0.0153039    -0.281257      1.05792
  0.00922609     -0.56756    -0.239373      0.37226     0.483156     -43.8228   0.00426757    -0.490994    0.0515849 -0.000357481   -0.0945534     0.769812  -0.00113837    0.0308237    -0.907196
  -0.0409185   -0.0106563    -0.025508    0.0133121   -0.0186019     -1.63387    0.0322683    0.0306284    0.0184195 -5.04146e-06   -0.0153039  -0.00113837   0.00592054  -0.00537351 -0.000926294
   -0.276912     0.359305     0.792883    -0.565763     -1.29609      44.9888    -0.410343     -1.34487    -0.496294   -0.0050077    -0.281257    0.0308237  -0.00537351      10.6494     0.441561
    -7.24915      22.7003      14.2823     0.695266      -18.798      346.797     -15.8117        -1.88      1.32908   0.00206807      1.05792    -0.907196 -0.000926294     0.441561      40.9681
