     41.0079   -0.0932773    -0.728893     0.486797       3.0222       39.109      2.15605     0.558124      1.27374     -0.10309     -0.81238    0.0103857   -0.0798291    -0.241235     -4.85794
  -0.0932773      53.7915     -8.55334     -1.76037      -26.949      60.2429     -5.15243     -20.1959       1.8167   -0.0344314     -3.35082    -0.937014   -0.0324544     0.562015      23.7228
   -0.728893     -8.55334      54.5148       8.0288     -9.07495     -30.8558    -0.952445     -4.07882    -0.475635   -0.0400422     0.609976    -0.428755   -0.0764656     0.990534      14.7464
    0.486797     -1.76037       8.0288      200.846    -0.694208     0.221872      1.75978     -2.16657      1.30525   -0.0450867     -1.21718     0.586116    0.0363462    -0.689839     0.728659
      3.0222      -26.949     -9.07495    -0.694208      39.3869     -60.4028     -17.8543      3.49303     -1.09708    0.0530055     -1.31064     0.828595   -0.0522209     -1.66474     -19.0265
      39.109      60.2429     -30.8558     0.221872     -60.4028      92266.6     -94.7008     -62.1085     -50.9004      1.03971      61.1564     -20.3925     -1.31852      16.2127      97.0396
     2.15605     -5.15243    -0.952445      1.75978     -17.8543     -94.7008       54.068      18.3258     0.636264  -0.00411986      2.18955  -0.00407545    0.0944284    -0.607745     -16.7407
    0.558124     -20.1959     -4.07882     -2.16657      3.49303     -62.1085      18.3258      32.7978      2.93598    0.0632724       4.9593    -0.799958    0.0896903     -1.77806     -3.36523
     1.27374       1.8167    -0.475635      1.30525     -1.09708     -50.9004     0.636264      2.93598      51.2235  -0.00153732      0.73249    0.0571684    0.0353932    -0.425852     0.809921
    -0.10309   -0.0344314   -0.0400422   -0.0450867    0.0530055      1.03971  -0.00411986    0.0632724  -0.00153732    0.0155911    0.0791056  -0.00194607 -4.76115e-05   -0.0211157   0.00597844
    -0.81238     -3.35082     0.609976     -1.21718     -1.31064      61.1564      2.18955       4.9593      0.73249    0.0791056      54.4321    -0.200531    -0.056289    -0.461945      1.21507
   0.0103857    -0.937014    -0.428755     0.586116     0.828595     -20.3925  -0.00407545    -0.799958    0.0571684  -0.00194607    -0.200531      2.17376  -0.00557462    0.0674131     -1.51553
  -0.0798291   -0.0324544   -0.0764656    0.0363462   -0.0522209     -1.31852    0.0944284    0.0896903    0.0353932 -4.76115e-05    -0.056289  -0.00557462    0.0502829   -0.0203788  -0.00547763
   -0.241235     0.562015     0.990534    -0.689839     -1.66474      16.2127    -0.607745     -1.77806    -0.425852   -0.0211157    -0.461945    0.0674131   -0.0203788      18.0357      0.59358
    -4.85794      23.7228      14.7464     0.728659     -19.0265      97.0396     -16.7407     -3.36523     0.809921   0.00597844      1.21507     -1.51553  -0.00547763      0.59358      41.5071
