     52.4093   -0.0153683      9.54813      9.40159     -24.9946     -10.0337     -0.78366    0.0295176      1.49185 -0.000312884       3.2976      -9.3376   0.00409353     -1.87067     0.130495
  -0.0153683  0.000670248   0.00725862  -0.00753676   0.00141393    0.0166408  -0.00915162   -4.784e-06   -0.0083123  6.08615e-07  -0.00590098   0.00388514 -8.64523e-05  -0.00509282 -0.000301303
     9.54813   0.00725862      20.2271     -12.8045       5.8785      9.96123      1.74155    0.0376326      4.95979  0.000210343     -2.29398     -3.13551  -0.00227323     0.798624    -0.148138
     9.40159  -0.00753676     -12.8045      36.6197      7.96308     -4.50126      -1.5423 -0.000394359      4.01369 -0.000259811      8.15625   -0.0204385  -0.00237753      3.05109     0.108774
    -24.9946   0.00141393       5.8785      7.96308      76.4791      0.77832     -2.42271    0.0174459      10.0194 -0.000105838     -4.26653     -19.5197   0.00362813      6.03733    0.0979328
    -10.0337    0.0166408      9.96123     -4.50126      0.77832      35.8678      7.20995    0.0022051      3.90713  0.000374843      6.68913      22.2093  -0.00936765     0.463531    -0.322109
    -0.78366  -0.00915162      1.74155      -1.5423     -2.42271      7.20995      60.3612  -0.00191367     -1.17038 -0.000165435      5.62881      4.63657 -0.000808725    -0.249821   -0.0989094
   0.0295176   -4.784e-06    0.0376326 -0.000394359    0.0174459    0.0022051  -0.00191367   0.00364631    0.0157491 -1.70223e-06            0   -0.0189041 -2.95948e-07  -0.00997779            0
     1.49185   -0.0083123      4.95979      4.01369      10.0194      3.90713     -1.17038    0.0157491      15.6208   0.00021031     -2.16046      3.15662   0.00784339      3.48876    -0.179757
-0.000312884  6.08615e-07  0.000210343 -0.000259811 -0.000105838  0.000374843 -0.000165435 -1.70223e-06   0.00021031  9.46165e-07  0.000400093  0.000367085  2.33634e-07  1.19251e-05  3.72392e-05
      3.2976  -0.00590098     -2.29398      8.15625     -4.26653      6.68913      5.62881            0     -2.16046  0.000400093      499.694      7.71569   -0.0086309     0.188467    -0.434017
     -9.3376   0.00388514     -3.13551   -0.0204385     -19.5197      22.2093      4.63657   -0.0189041      3.15662  0.000367085      7.71569      27.1106  -0.00161865    0.0269732    -0.265906
  0.00409353 -8.64523e-05  -0.00227323  -0.00237753   0.00362813  -0.00936765 -0.000808725 -2.95948e-07   0.00784339  2.33634e-07   -0.0086309  -0.00161865  0.000147646   0.00641837  0.000196846
    -1.87067  -0.00509282     0.798624      3.05109      6.03733     0.463531    -0.249821  -0.00997779      3.48876  1.19251e-05     0.188467    0.0269732   0.00641837      52.1353   0.00841992
    0.130495 -0.000301303    -0.148138     0.108774    0.0979328    -0.322109   -0.0989094            0    -0.179757  3.72392e-05    -0.434017    -0.265906  0.000196846   0.00841992     0.477228
