     18.7275    -0.278421     -0.50705     0.351301      2.38872      4.82719      1.31871     0.442416      1.24838    -0.260538    -0.803682    0.0191689    -0.180478    -0.277488     -3.43155
   -0.278421      56.1224     -6.59496     -1.65697     -30.0353       15.263     -6.05961     -22.7584       6.4478    -0.140758     -5.18781     -1.73929    -0.107873     -13.8148      25.8469
    -0.50705     -6.59496       56.256      7.49731     -9.23086     -8.24678     -1.53435     -4.19028     -10.6661    -0.149414      1.04399     -0.93327     -0.26703       23.057      15.4144
    0.351301     -1.65697      7.49731      175.246    -0.511309     0.427221      1.47156     -1.77645    -0.775516    -0.157756     -1.53116     0.994698     0.102952    -0.364945     0.785634
     2.38872     -30.0353     -9.23086    -0.511309      41.5131     -14.1516      -17.357      5.07324      6.97725     0.206289     -1.11568      1.52575    -0.178041      8.32305     -19.3166
     4.82719       15.263     -8.24678     0.427221     -14.1516         5036     -23.6281     -15.6333     -6.15013     0.908768      18.8324     -8.64644     -1.03877      3.94032      23.0077
     1.31871     -6.05961     -1.53435      1.47156      -17.357     -23.6281      55.9197      20.6371     -13.5121  -0.00448583      2.63624    0.0289485     0.336022     -14.2273     -18.3918
    0.442416     -22.7584     -4.19028     -1.77645      5.07324     -15.6333      20.6371        34.44     -1.85147      0.24212      6.53732     -1.43799     0.304047     -3.35683     -5.30603
     1.24838       6.4478     -10.6661    -0.775516      6.97725     -6.15013     -13.5121     -1.85147       36.436    0.0702924     0.459256     0.176386    0.0133129     -5.84979      1.62933
   -0.260538    -0.140758    -0.149414    -0.157756     0.206289     0.908768  -0.00448583      0.24212    0.0702924     0.218007      0.39744   -0.0128656 -0.000791795    -0.188196    0.0216653
   -0.803682     -5.18781      1.04399     -1.53116     -1.11568      18.8324      2.63624      6.53732     0.459256      0.39744      97.9778    -0.524869    -0.267328     -10.7357      1.21903
   0.0191689     -1.73929     -0.93327     0.994698      1.52575     -8.64644    0.0289485     -1.43799     0.176386   -0.0128656    -0.524869      7.44624   -0.0357368     0.633094     -2.85618
   -0.180478    -0.107873     -0.26703     0.102952    -0.178041     -1.03877     0.336022     0.304047    0.0133129 -0.000791795    -0.267328   -0.0357368     0.572383    -0.198071   -0.0386785
   -0.277488     -13.8148       23.057    -0.364945      8.32305      3.94032     -14.2273     -3.35683     -5.84979    -0.188196     -10.7357     0.633094    -0.198071      54.6644      4.06677
    -3.43155      25.8469      15.4144     0.785634     -19.3166      23.0077     -18.3918     -5.30603      1.62933    0.0216653      1.21903     -2.85618   -0.0386785      4.06677      43.0012
