   23.055  -3.15896  -10.1628 -0.295653   19.0734   2.03888  0.261616  -15.0143  -16.1181   8.65856  -1.22437  -6.68158    13.473  -13.4791   3.18601  -18.7464
 -3.15896   70.9032  -2.05257   -22.346  -41.0223   1.40331   1.69466  -10.9498  -33.4547   7.02502 -0.837352   -36.411  -22.7741  -16.5464  -18.3395   34.8728
 -10.1628  -2.05257   71.4097   4.47818  -8.45249  -1.32807   2.67985  -3.43709  -4.46369  -16.3387  -1.93687   26.1478  -9.98984  -3.89117   39.4414   20.1961
-0.295653   -22.346   4.47818   32.9714   9.29273 -0.589807   7.95237   -4.6782   4.96674  -2.81483  0.349056   14.3046   6.18174   8.81413    10.154  -2.89238
  19.0734  -41.0223  -8.45249   9.29273   57.7596  0.614891 -0.472257  -16.1458   13.5379    14.424    3.4964  -1.59148   19.2419  -4.75239    14.164  -24.4251
  2.03888   1.40331  -1.32807 -0.589807  0.614891   18.0532   7.65153 -0.567283 -0.220227   2.59346 -0.319138  -1.52214  0.308462   -3.9069  -2.25834  -2.88227
 0.261616   1.69466   2.67985   7.95237 -0.472257   7.65153   18.9943 0.0266866  -1.56663  -3.05857 -0.577529   1.03905  0.335518  -1.32484   1.74645 -0.155797
 -15.0143  -10.9498  -3.43709   -4.6782  -16.1458 -0.567283 0.0266866   70.6009   31.6533  -24.7135 -0.384449    34.224   11.2621   16.6864   -24.636  -24.8649
 -16.1181  -33.4547  -4.46369   4.96674   13.5379 -0.220227  -1.56663   31.6533   45.6762  -3.80553   2.57186   15.4231   1.33164   22.4744  -6.79454  -11.2498
  8.65856   7.02502  -16.3387  -2.81483    14.424   2.59346  -3.05857  -24.7135  -3.80553   22.2907   2.05762  -29.0229  -5.35458  -5.83792  -2.89225   3.90044
 -1.22437 -0.837352  -1.93687  0.349056    3.4964 -0.319138 -0.577529 -0.384449   2.57186   2.05762   32.2944  -1.60933  -0.74927   1.75237   -1.2142   0.63252
 -6.68158   -36.411   26.1478   14.3046  -1.59148  -1.52214   1.03905    34.224   15.4231  -29.0229  -1.60933   60.0881   16.3634   12.7799   13.7726  -23.5727
   13.473  -22.7741  -9.98984   6.18174   19.2419  0.308462  0.335518   11.2621   1.33164  -5.35458  -0.74927   16.3634    26.896  -2.38021 -0.118219  -28.6859
 -13.4791  -16.5464  -3.89117   8.81413  -4.75239   -3.9069  -1.32484   16.6864   22.4744  -5.83792   1.75237   12.7799  -2.38021    25.961  -4.52894  -2.56638
  3.18601  -18.3395   39.4414    10.154    14.164  -2.25834   1.74645   -24.636  -6.79454  -2.89225   -1.2142   13.7726 -0.118219  -4.52894   39.2283   7.76632
 -18.7464   34.8728   20.1961  -2.89238  -24.4251  -2.88227 -0.155797  -24.8649  -11.2498   3.90044   0.63252  -23.5727  -28.6859  -2.56638   7.76632   54.6895
