     51.0015  -0.00155998      9.63374      8.94038     -24.2704     -7.96575    -0.839767   0.00291604      -1.6181 -5.69248e-05      15.5308     -8.30832  0.000465898     -1.88045    0.0623366
 -0.00155998  6.77014e-06  0.000674306 -0.000728623  0.000102069   0.00181716  -0.00115692 -5.00412e-08 -3.44172e-05  1.07302e-08  -0.00279518  0.000354952 -8.86662e-07 -0.000543051 -1.36322e-05
     9.63374  0.000674306      19.4282     -11.1013      6.12844      9.38687      2.08605   0.00374859     0.518231  4.08486e-05     -9.01428     -1.79045 -0.000197014      1.04164   -0.0727361
     8.94038 -0.000728623     -11.1013      35.0642       7.9767     -2.57276     -1.63689  4.87988e-05  -0.00600954 -4.67816e-05      37.1316     0.912021 -0.000232582      3.34948    0.0453923
    -24.2704  0.000102069      6.12844       7.9767      73.5572      1.73186     -3.09474   0.00183913      1.31671 -1.82324e-05     -20.7537     -16.6917  0.000413468      6.68508    0.0340745
    -7.96575   0.00181716      9.38687     -2.57276      1.73186      33.5048      9.03093  0.000110723      1.83827  5.24256e-05      37.9767      19.2508  -0.00116643    -0.198087    -0.119638
   -0.839767  -0.00115692      2.08605     -1.63689     -3.09474      9.03093       92.025 -0.000225437    -0.089231 -4.08029e-05      32.4398      5.53675 -0.000103081    -0.408786    -0.057451
  0.00291604 -5.00412e-08   0.00374859  4.87988e-05   0.00183913  0.000110723 -0.000225437  3.74606e-05  3.91483e-05 -3.43733e-08            0  -0.00172027 -4.39093e-09  -0.00108589            0
     -1.6181 -3.44172e-05     0.518231  -0.00600954      1.31671      1.83827    -0.089231  3.91483e-05      11.6096  9.72125e-07     -9.52284      1.34273  1.51853e-05    -0.359338   -0.0210993
-5.69248e-05  1.07302e-08  4.08486e-05 -4.67816e-05 -1.82324e-05  5.24256e-05 -4.08029e-05 -3.43733e-08  9.72125e-07  3.36954e-08  0.000390897  7.18134e-05  4.84133e-09  3.45242e-06  3.35844e-06
     15.5308  -0.00279518     -9.01428      37.1316     -20.7537      37.9767      32.4398            0     -9.52284  0.000390897      11533.2      35.0204  -0.00419609      2.55107    -0.976856
    -8.30832  0.000354952     -1.79045     0.912021     -16.6917      19.2508      5.53675  -0.00172027      1.34273  7.18134e-05      35.0204      26.0391 -0.000139097       0.2661    -0.132657
 0.000465898 -8.86662e-07 -0.000197014 -0.000232582  0.000413468  -0.00116643 -0.000103081 -4.39093e-09  1.51853e-05  4.84133e-09  -0.00419609 -0.000139097  1.54344e-06  0.000719756  9.63113e-06
    -1.88045 -0.000543051      1.04164      3.34948      6.68508    -0.198087    -0.408786  -0.00108589    -0.359338  3.45242e-06      2.55107       0.2661  0.000719756      59.7729   0.00432044
   0.0623366 -1.36322e-05   -0.0727361    0.0453923    0.0340745    -0.119638    -0.057451            0   -0.0210993  3.35844e-06    -0.976856    -0.132657  9.63113e-06   0.00432044     0.107594
