     51.0094 -0.000577832      9.72152      8.87353     -24.3734     -7.10832    -0.914227  0.000881885     -1.49537 -4.99301e-05      34.1081     -8.05262  0.000218279     -1.88447    0.0438546
-0.000577832   9.3463e-07  0.000259146 -0.000265068  5.32449e-05  0.000683872 -0.000489941 -6.55929e-09  -1.0879e-05  3.52545e-09   -0.0023939  0.000137741 -1.48508e-07 -0.000203108 -3.59437e-06
     9.72152  0.000259146      19.3767      -10.527      6.26056      9.27287      2.45261   0.00113167     0.501958   3.6382e-05      -17.692     -1.24226 -9.47916e-05      1.07822   -0.0528174
     8.87353 -0.000265068      -10.527       34.909      8.15715      -1.7543     -1.74061  2.61429e-05      0.01844 -4.05161e-05      81.6011      1.27913 -0.000105644      3.41418     0.030896
    -24.3734  5.32449e-05      6.26056      8.15715      73.3638      2.38772     -3.34031  0.000554738      1.25615 -1.50525e-05     -43.6145     -15.7702   0.00018345      6.77818    0.0222944
    -7.10832  0.000683872      9.27287      -1.7543      2.38772      32.3811       10.041  1.92941e-05      1.61188  3.91082e-05       82.311      18.1933 -0.000555004    -0.460597   -0.0765607
   -0.914227 -0.000489941      2.45261     -1.74061     -3.34031       10.041      116.493 -6.82363e-05   -0.0931622  -4.0824e-05       79.559      6.30856 -5.27492e-05    -0.464159   -0.0462508
 0.000881885 -6.55929e-09   0.00113167  2.61429e-05  0.000554738  1.92941e-05 -6.82363e-05  3.43727e-06  1.14898e-05 -9.24497e-09            0 -0.000501945 -6.78339e-10 -0.000332128            0
    -1.49537  -1.0879e-05     0.501958      0.01844      1.25615      1.61188   -0.0931622  1.14898e-05      10.0399   8.0702e-07     -19.3071      1.26648  6.35607e-06    -0.338198   -0.0140357
-4.99301e-05  3.52545e-09   3.6382e-05 -4.05161e-05 -1.50525e-05  3.91082e-05  -4.0824e-05 -9.24497e-09   8.0702e-07  2.64712e-08  0.000757218  6.36802e-05  1.98602e-09  3.13217e-06  2.13171e-06
     34.1081   -0.0023939      -17.692      81.6011     -43.6145       82.311       79.559            0     -19.3071  0.000757218      54804.5      77.1482  -0.00416927       5.6086     -1.52371
    -8.05262  0.000137741     -1.24226      1.27913     -15.7702      18.1933      6.30856 -0.000501945      1.26648  6.36802e-05      77.1482      26.0291   -7.137e-05     0.312131   -0.0953501
 0.000218279 -1.48508e-07 -9.47916e-05 -0.000105644   0.00018345 -0.000555004 -5.27492e-05 -6.78339e-10  6.35607e-06  1.98602e-09  -0.00416927   -7.137e-05   3.1838e-07  0.000329981  3.12153e-06
    -1.88447 -0.000203108      1.07822      3.41418      6.77818    -0.460597    -0.464159 -0.000332128    -0.338198  3.13217e-06       5.6086     0.312131  0.000329981      60.8894    0.0031201
   0.0438546 -3.59437e-06   -0.0528174     0.030896    0.0222944   -0.0765607   -0.0462508            0   -0.0140357  2.13171e-06     -1.52371   -0.0953501  3.12153e-06    0.0031201    0.0550804
