      30.376      10.5758       386.91      26.0096    -0.157504      -8.0714    -0.547942     -7.03266    0.0834446    0.0520084      4248.02   0.00385494     -11.0835  -0.00138478      7.04007
     10.5758      26.8695     -1434.77     -10.7225      1.17548     -5.83127      11.0964     -6.86337  -0.00458505    0.0408067      1017.13   0.00321974     0.023414   -0.0117635     -10.6621
      386.91     -1434.77  3.33139e+07      -202398      36.3043      3947.76     -125.709      1674.84     -12.6689      56.7089    1.898e+07      2.68682     -850.689     -6.03656     -279.538
     26.0096     -10.7225      -202398       424916      9.39687     -7.31726     -18.2219      244.381     -1.54082      2.22019 -7.12719e+06     0.352232      50.1794     0.288306      7.52046
   -0.157504      1.17548      36.3043      9.39687      3.79178        1.904      1.26515     -1.62907  -0.00290027   0.00243217      7039.95   0.00146421    -0.141578  -0.00144554     -1.46326
     -8.0714     -5.83127      3947.76     -7.31726        1.904      46.0228      12.7951     -34.3432  -0.00910642    -0.267246     -3974.37    0.0096506     -19.6168   0.00106518     -4.94327
   -0.547942      11.0964     -125.709     -18.2219      1.26515      12.7951      49.6371      -23.671   -0.0681863      -0.1969      50.8971  -0.00143269      14.8504 -0.000708298      2.54551
    -7.03266     -6.86337      1674.84      244.381     -1.62907     -34.3432      -23.671      3509.86            0            0      -113819   -0.0354058      24.8435   0.00884211     0.536758
   0.0834446  -0.00458505     -12.6689     -1.54082  -0.00290027  -0.00910642   -0.0681863            0    0.0182895  0.000275402      198.202  0.000106572   -0.0239752 -1.66977e-05    0.0376314
   0.0520084    0.0408067      56.7089      2.22019   0.00243217    -0.267246      -0.1969            0  0.000275402     0.160515      -1412.4  0.000114542    0.0590934 -3.11776e-05   -0.0128936
     4248.02      1017.13    1.898e+07 -7.12719e+06      7039.95     -3974.37      50.8971      -113819      198.202      -1412.4  1.03632e+10      59.5363      931.324      101.246      1704.37
  0.00385494   0.00321974      2.68682     0.352232   0.00146421    0.0096506  -0.00143269   -0.0354058  0.000106572  0.000114542      59.5363   0.00028849  -0.00701962   5.3042e-05  -0.00368707
    -11.0835     0.023414     -850.689      50.1794    -0.141578     -19.6168      14.8504      24.8435   -0.0239752    0.0590934      931.324  -0.00701962      48.1339   0.00254299      1.87601
 -0.00138478   -0.0117635     -6.03656     0.288306  -0.00144554   0.00106518 -0.000708298   0.00884211 -1.66977e-05 -3.11776e-05      101.246   5.3042e-05   0.00254299  0.000225075      0.01182
     7.04007     -10.6621     -279.538      7.52046     -1.46326     -4.94327      2.54551     0.536758    0.0376314   -0.0128936      1704.37  -0.00368707      1.87601      0.01182      21.7037
