    31.3554     12.1754     1.77222     5.18084   -0.221232    -10.0751   -0.161545    -3.10201    0.423143    0.161175      90.315   0.0482586    -10.0322   -0.272181     5.69314
    12.1754     27.2512    -8.75402    -2.01203     3.69403    -5.93111     11.7555    -3.39621  -0.0148692    0.110409     26.2015   0.0442947    0.739335     -1.6113     -10.459
    1.77222    -8.75402     1269.79    -231.377     2.12724     23.9096  -0.0515444     4.94368   -0.399511     0.96094     2208.05    0.222927    -7.34752    -4.96203     -2.4534
    5.18084    -2.01203    -231.377     14186.5     9.03559     -2.5862    -4.05146      21.539    -1.42776     1.12043    -23288.2    0.824861     7.88355     7.34794     1.30325
  -0.221232     3.69403     2.12724     9.03559      39.828     9.18788      5.8263    -4.10692  0.00751261  -0.0345758     474.064   0.0717937    -1.24555   -0.540903    -3.89999
   -10.0751    -5.93111     23.9096     -2.5862     9.18788     46.5597     14.8092    -16.9123  -0.0766532   -0.743832    -96.1403    0.116681    -22.1232    0.268443    -5.31042
  -0.161545     11.7555  -0.0515444    -4.05146      5.8263     14.8092     50.1781    -11.9198   -0.345569   -0.554725    -1.17888 -0.00931977     14.9348   -0.165958     1.64559
   -3.10201    -3.39621     4.94368      21.539    -4.10692    -16.9123    -11.9198     826.466           0           0    -987.085   -0.218895     12.4911    0.537893     0.39139
   0.423143  -0.0148692   -0.399511    -1.42776  0.00751261  -0.0766532   -0.345569           0    0.478874  0.00386284     18.2921   0.0069659   -0.150705  -0.0139275     0.18589
   0.161175    0.110409     0.96094     1.12043  -0.0345758   -0.743832   -0.554725           0  0.00386284     1.20588    -69.0092   0.0038627    0.186047  -0.0138695  -0.0300435
     90.315     26.2015     2208.05    -23288.2     474.064    -96.1403    -1.17888    -987.085     18.2921    -69.0092 3.31861e+06     13.7368     30.9226     246.717     35.8136
  0.0482586   0.0442947    0.222927    0.824861   0.0717937    0.116681 -0.00931977   -0.218895   0.0069659   0.0038627     13.7368   0.0462513  -0.0935624   0.0866343  -0.0506986
   -10.0322    0.739335    -7.34752     7.88355    -1.24555    -22.1232     14.9348     12.4911   -0.150705    0.186047     30.9226  -0.0935624     49.0548    0.098245     1.65018
  -0.272181     -1.6113    -4.96203     7.34794   -0.540903    0.268443   -0.165958    0.537893  -0.0139275  -0.0138695     246.717   0.0866343    0.098245     4.12141      1.5522
    5.69314     -10.459     -2.4534     1.30325    -3.89999    -5.31042     1.64559     0.39139     0.18589  -0.0300435     35.8136  -0.0506986     1.65018      1.5522     22.3386
