     40.7789      -4.9506     -6.92887    -0.886852      22.9482    0.0955416      25.0265      3.28785    0.0310861 -0.000422153     -12.9152   -0.0157477      3.00235   0.00119368    -0.698394
     -4.9506      50.1646     -6.38607      14.1428     -1.43008    -0.280332     -14.3893      4.20205   -0.0256969 -0.000188966     -9.58859   0.00842885      -18.535    0.0451242   -0.0866277
    -6.92887     -6.38607      24.4258     -8.83055     -1.01815    0.0509033       30.511     -3.68203   -0.0438445 -0.000782369     -3.54795    0.0145387     -8.16822    0.0199789      1.01232
   -0.886852      14.1428     -8.83055       13.758     -2.06872    -0.126507     -14.7748      2.05229    0.0144199  3.65572e-05     0.128348    -0.001026     -2.17235   0.00308886    -0.263824
     22.9482     -1.43008     -1.01815     -2.06872      33.7772     0.116439     -9.27422    -0.221018   0.00473544 -0.000619659     -12.2155  -0.00645391     -5.56841    0.0353879    -0.246467
   0.0955416    -0.280332    0.0509033    -0.126507     0.116439     0.471625     0.960122    0.0637059   -0.0024199 -2.50532e-05   -0.0337961 -0.000668964   0.00237684   0.00481311   0.00865949
     25.0265     -14.3893       30.511     -14.7748     -9.27422     0.960122      18043.3      11.2757      1.41631   0.00450423     -43.3612    0.0292128     -28.5282    0.0821888    -0.394636
     3.28785      4.20205     -3.68203      2.05229    -0.221018    0.0637059      11.2757      110.231   -0.0240452 -9.00387e-05     -3.53417   0.00270975   -0.0679578  -0.00332856     0.232723
   0.0310861   -0.0256969   -0.0438445    0.0144199   0.00473544   -0.0024199      1.41631   -0.0240452    0.0650148 -8.33868e-06   -0.0771485  0.000524248   -0.0438863  0.000340505  -0.00646321
-0.000422153 -0.000188966 -0.000782369  3.65572e-05 -0.000619659 -2.50532e-05   0.00450423 -9.00387e-05 -8.33868e-06   3.6551e-06  0.000284998  1.79681e-07  0.000379534 -2.91284e-06 -1.70781e-05
    -12.9152     -9.58859     -3.54795     0.128348     -12.2155   -0.0337961     -43.3612     -3.53417   -0.0771485  0.000284998      21.5013    0.0102266      9.92031   -0.0192841     0.407939
  -0.0157477   0.00842885    0.0145387    -0.001026  -0.00645391 -0.000668964    0.0292128   0.00270975  0.000524248  1.79681e-07    0.0102266   0.00153543  -0.00186079  0.000117642   0.00256076
     3.00235      -18.535     -8.16822     -2.17235     -5.56841   0.00237684     -28.5282   -0.0679578   -0.0438863  0.000379534      9.92031  -0.00186079      32.4163   -0.0480072    -0.458923
  0.00119368    0.0451242    0.0199789   0.00308886    0.0353879   0.00481311    0.0821888  -0.00332856  0.000340505 -2.91284e-06   -0.0192841  0.000117642   -0.0480072     0.003503  -0.00182762
   -0.698394   -0.0866277      1.01232    -0.263824    -0.246467   0.00865949    -0.394636     0.232723  -0.00646321 -1.70781e-05     0.407939   0.00256076    -0.458923  -0.00182762      2.12369
