     17.2079      1.63334   0.00216375     -1.11273            0     0.159632     0.573136    0.0164227    -0.313772    -0.493709      9562.43            0     -1.91971     0.595247      1.53506     -11.8769
     1.63334       36.331   -0.0105333     -2.46284      13.7412      16.8065      14.7924    -0.339765     -1.44953    -0.352643     -30366.4     0.163526     0.524882     0.893144     -3.27798      17.8923
  0.00216375   -0.0105333   0.00160852 -0.000912262    0.0273904  -0.00667558   -0.0111776 -0.000380169  -0.00455527 -6.27279e-05      8147.44   0.00186107  -0.00661997    0.0104495   -0.0038223      1.35582
    -1.11273     -2.46284 -0.000912262      33.0432      37.1444      11.4612     -7.97967     0.589755     0.642235   -0.0789639     -21435.9     0.246179     -3.37935     -5.13975     -19.4147     -48.2031
           0      13.7412    0.0273904      37.1444      41017.7      33.7963       25.988     -5.99145            0     -1.07292       823732    -0.628284     -66.0607     -48.1503      48.9236     -838.951
    0.159632      16.8065  -0.00667558      11.4612      33.7963      22.0356      6.68408   0.00223939    -0.748352    -0.119234     -28564.3     0.146052      -2.2876     -2.59015     -11.2447     -26.3596
    0.573136      14.7924   -0.0111776     -7.97967       25.988      6.68408      23.1967    -0.212082    -0.189351     0.221313     -19533.6    -0.230211    -0.165641     0.548761      5.31338     -26.7879
   0.0164227    -0.339765 -0.000380169     0.589755     -5.99145   0.00223939    -0.212082      2.69985     0.160103  -0.00888461     -6542.38   -0.0392556     0.029415     0.163187    -0.151565      12.0981
   -0.313772     -1.44953  -0.00455527     0.642235            0    -0.748352    -0.189351     0.160103      44.2731    0.0800918            0    -0.116707    0.0261919     0.266667      1.14321      -8.9315
   -0.493709    -0.352643 -6.27279e-05   -0.0789639     -1.07292    -0.119234     0.221313  -0.00888461    0.0800918     0.803834     -543.159  -0.00428835     0.288271   -0.0510416     0.255515     -2.38049
     9562.43     -30366.4      8147.44     -21435.9       823732     -28564.3     -19533.6     -6542.38            0     -543.159  4.84932e+10      4335.91     -7678.11      46707.3      19137.8       493037
           0     0.163526   0.00186107     0.246179    -0.628284     0.146052    -0.230211   -0.0392556    -0.116707  -0.00428835      4335.91     0.509097    -0.249839    -0.664962    -0.463823      9.95522
    -1.91971     0.524882  -0.00661997     -3.37935     -66.0607      -2.2876    -0.165641     0.029415    0.0261919     0.288271     -7678.11    -0.249839      54.2701      5.05342     -14.2848     -1.52242
    0.595247     0.893144    0.0104495     -5.13975     -48.1503     -2.59015     0.548761     0.163187     0.266667   -0.0510416      46707.3    -0.664962      5.05342      127.118     0.603357     -107.328
     1.53506     -3.27798   -0.0038223     -19.4147      48.9236     -11.2447      5.31338    -0.151565      1.14321     0.255515      19137.8    -0.463823     -14.2848     0.603357      31.7934      13.3695
    -11.8769      17.8923      1.35582     -48.2031     -838.951     -26.3596     -26.7879      12.0981      -8.9315     -2.38049       493037      9.95522     -1.52242     -107.328      13.3695      24120.9
