   34.9208    14.4088     11.144    2.75515   -1.81195   -12.3135   0.322674   -1.92169    1.08431   0.304382    10.0819   0.278788   -9.29216    14.0464    4.30257
   14.4088    29.9427   -12.6501  -0.995533    6.61035   -6.13742    13.1868   -2.86217 0.00255446   0.211336  -0.434603   0.276072    1.53639   -18.7978   -10.9913
    11.144   -12.6501    37.1195   0.346017   -13.6912   -13.2561    3.58422    2.23826   0.505203   0.227803    27.7321  -0.122952    6.38653    17.9217    26.5996
   2.75515  -0.995533   0.346017    2409.71     2.2371  -0.296322   -1.41312    4.46566   -1.64922   0.892973   -1164.89    1.47126    2.32682     6.6185   0.399437
  -1.81195    6.61035   -13.6912     2.2371    38.1387    34.7993    20.0201   -10.0128   0.167846  -0.968708   -3.77877   0.713544   -9.66059    5.79652   -8.14946
  -12.3135   -6.13742   -13.2561  -0.296322    34.7993    50.5801    17.0528    -12.931  -0.259609   -1.44514   -13.5308   0.630737   -25.5216    11.2649   -5.66808
  0.322674    13.1868    3.58422   -1.41312    20.0201    17.0528    54.4245   -9.55671  -0.867702   -1.18636   -1.27723 -0.0614345    17.0311      -16.1    1.05966
  -1.92169   -2.86217    2.23826    4.46566   -10.0128    -12.931   -9.55671    451.717          0          0   -100.818  -0.773531     9.4403    -1.3939   0.496044
   1.08431 0.00255446   0.505203   -1.64922   0.167846  -0.259609  -0.867702          0    2.89202  0.0189103    6.37154  0.0776393   -0.44199    1.40296   0.419143
  0.304382   0.211336   0.227803   0.892973  -0.968708   -1.44514   -1.18636          0  0.0189103    4.00304   -18.7188  0.0731844   0.334233  -0.226286 -0.0637982
   10.0819  -0.434603    27.7321   -1164.89   -3.77877   -13.5308   -1.27723   -100.818    6.37154   -18.7188    48926.8    5.16684  -0.600429    21.5711    6.84685
  0.278788   0.276072  -0.122952    1.47126   0.713544   0.630737 -0.0614345  -0.773531  0.0776393  0.0731844    5.16684    1.30192  -0.629336   0.607683  -0.335091
  -9.29216    1.53639    6.38653    2.32682   -9.66059   -25.5216    17.0311     9.4403   -0.44199   0.334233  -0.600429  -0.629336    54.1915   -20.1652   0.676146
   14.0464   -18.7978    17.9217     6.6185    5.79652    11.2649      -16.1    -1.3939    1.40296  -0.226286    21.5711   0.607683   -20.1652    46.8283     15.941
   4.30257   -10.9913    26.5996   0.399437   -8.14946   -5.66808    1.05966   0.496044   0.419143 -0.0637982    6.84685  -0.335091   0.676146     15.941    24.7886
