   36.6569    15.5762     10.172    1.55942  -0.134662   -13.4871    1.25581   -2.46567    3.05054   0.722615    1.36305    2.03502   -5.13149    14.9852    1.97566
   15.5762    30.0933   -13.8071  -0.584959    8.94709   -5.24082    13.5522   -6.11063  0.0294755   0.557088   0.691956    1.98539    2.67174   -20.5216   -11.0163
    10.172   -13.8071    38.4684   0.302917   -16.4968   -14.3599    2.68713    4.73071    1.48673   0.156145    2.60127   -1.96903     6.3332    21.1334    27.7778
   1.55942  -0.584959   0.302917    379.434    0.75614   -0.40935  -0.980966     4.1665   -2.12693    0.51066   -52.5801    3.58147    1.04329    2.82638  0.0469873
 -0.134662    8.94709   -16.4968    0.75614    40.6151    35.6382    23.3843   -4.51229   0.395173   -1.97871   -1.76013     4.2168   -8.17576    3.38157   -10.8003
  -13.4871   -5.24082   -14.3599   -0.40935    35.6382    50.8847    18.2965   -1.54926   -0.85227   -2.86757   -3.34948    3.26912   -25.8787    9.08978   -5.74182
   1.25581    13.5522    2.68713  -0.980966    23.3843    18.2965    54.9015   -1.20479   -2.24608   -2.33414  -0.237559  -0.242449    18.4055   -18.3964 -0.0381334
  -2.46567   -6.11063    4.73071     4.1665   -4.51229   -1.54926   -1.20479    99.4409  -0.868695   0.257257    9.24133    1.74784    1.77478    1.50003    5.47591
   3.05054  0.0294755    1.48673   -2.12693   0.395173   -0.85227   -2.24608  -0.868695    22.1841  0.0365114    1.39595    1.47561  -0.969497    4.19071    1.02722
  0.722615   0.557088   0.156145    0.51066   -1.97871   -2.86757   -2.33414   0.257257  0.0365114    14.1595   -3.64041   0.777288   0.701223  -0.588422  -0.200772
   1.36305   0.691956    2.60127   -52.5801   -1.76013   -3.34948  -0.237559    9.24133    1.39595   -3.64041    683.957    3.42409   0.910341   0.655981   0.497397
   2.03502    1.98539   -1.96903    3.58147     4.2168    3.26912  -0.242449    1.74784    1.47561   0.777288    3.42409     39.808   -3.20077    2.02612   -2.27465
  -5.13149    2.67174     6.3332    1.04329   -8.17576   -25.8787    18.4055    1.77478  -0.969497   0.701223   0.910341   -3.20077    57.0038   -20.5625   -1.79578
   14.9852   -20.5216    21.1334    2.82638    3.38157    9.08978   -18.3964    1.50003    4.19071  -0.588422   0.655981    2.02612   -20.5625    51.1947    15.9802
   1.97566   -11.0163    27.7778  0.0469873   -10.8003   -5.74182 -0.0381334    5.47591    1.02722  -0.200772   0.497397   -2.27465   -1.79578    15.9802    25.5297
