      30.652      11.2185       32.662      12.0274    -0.242039     -8.88658     -0.41533       -4.815     0.177656    0.0876612       662.99    0.0123891     -10.6377    -0.015347      6.55635
     11.2185      26.9381     -133.433     -4.30629      1.93428     -5.82958      11.3768     -4.94581  -0.00837987     0.064612      168.885    0.0105101     0.300224    -0.111845     -10.5591
      32.662     -133.433       295581     -8646.57      5.61988      367.448     -7.69779      112.631     -2.54939      8.53871       276272     0.820932      -90.902     -5.42135     -30.2809
     12.0274     -4.30629     -8646.57      87300.6      6.99033     -4.25848     -8.33215      79.1343     -1.49326       1.6123      -499362     0.517826      21.9735      1.24406      2.92782
   -0.242039      1.93428      5.61988      6.99033       10.223      3.12634       2.1268     -1.90933   -0.0101742   0.00638415      1786.24   0.00779857    -0.291545   -0.0226322      -2.4273
    -8.88658     -5.82958      367.448     -4.25848      3.12634      46.0886        13.61     -24.5918   -0.0241527     -0.42928     -628.554    0.0309109     -20.4118    0.0097517     -5.12717
    -0.41533      11.3768     -7.69779     -8.33215       2.1268        13.61      49.7149     -17.1661    -0.145327    -0.317952      0.41001  -0.00413031       14.786  -0.00779666      2.17913
      -4.815     -4.94581      112.631      79.1343     -1.90933     -24.5918     -17.1661      1788.26            0            0     -12567.9   -0.0819387      17.9673    0.0602703      0.47992
    0.177656  -0.00837987     -2.54939     -1.49326   -0.0101742   -0.0241527    -0.145327            0    0.0834801  0.000940552      65.5395  0.000738559   -0.0553152 -0.000338837    0.0794563
   0.0876612     0.064612      8.53871       1.6123   0.00638415     -0.42928    -0.317952            0  0.000940552     0.410185     -349.043  0.000593919    0.0995914 -0.000474362   -0.0191493
      662.99      168.885       276272      -499362      1786.24     -628.554      0.41001     -12567.9      65.5395     -349.043  2.47631e+08      29.8635      159.051      149.175      254.424
   0.0123891    0.0105101     0.820932     0.517826   0.00779857    0.0309109  -0.00413031   -0.0819387  0.000738559  0.000593919      29.8635   0.00303557   -0.0237075   0.00164033   -0.0121749
    -10.6377     0.300224      -90.902      21.9735    -0.291545     -20.4118       14.786      17.9673   -0.0553152    0.0995914      159.051   -0.0237075      48.4571    0.0234822      1.91342
   -0.015347    -0.111845     -5.42135      1.24406   -0.0226322    0.0097517  -0.00779666    0.0602703 -0.000338837 -0.000474362      149.175   0.00164033    0.0234822    0.0204523     0.113095
     6.55635     -10.5591     -30.2809      2.92782      -2.4273     -5.12717      2.17913      0.47992    0.0794563   -0.0191493      254.424   -0.0121749      1.91342     0.113095      21.8727
