  6.13195    0.2066 -0.355913    8.2177  -14.4811   4.26526 -0.529224
   0.2066   9.83844  0.542365  -10.3904         0 0.0752276  0.314045
-0.355913  0.542365   3.62194   2.68436   8.09246 -0.591179  0.535931
   8.2177  -10.3904   2.68436   3312.41  -330.964   15.0107   -4.0289
 -14.4811         0   8.09246  -330.964    5147.8  -16.9191  -14.5631
  4.26526 0.0752276 -0.591179   15.0107  -16.9191   7.68367 -0.498447
-0.529224  0.314045  0.535931   -4.0289  -14.5631 -0.498447   8.87906
