  2.1506e+14       708640  3.68164e+06 -4.23031e+06      -855577            0
      708640      5.95855      2.35379     -1.98338    -0.985417      21.2525
 3.68164e+06      2.35379      6.73491     -1.25468     -1.36099      17.7831
-4.23031e+06     -1.98338     -1.25468      15.6649     0.418532      13.5937
     -855577    -0.985417     -1.36099     0.418532     0.703909     -4.98122
           0      21.2525      17.7831      13.5937     -4.98122      7570.45
