    97755.7           0           0           0           0           0    -445.645           0           0           0    -95.1445
          0 5.80479e+10           0           0           0           0      379120           0           0           0     86935.2
          0           0 3.05172e+07    -82126.1           0           0    -3347.76           0           0           0    -767.711
          0           0    -82126.1     88711.8           0           0     319.278     19009.5           0           0    -2.64961
          0           0           0           0 5.54496e+07           0     4450.76           0           0           0     524.541
          0           0           0           0           0      589423     312.171           0           0           0     200.423
   -445.645      379120    -3347.76     319.278     4450.76     312.171     67.1576     552.497     218.134     1185.88     0.05694
          0           0           0     19009.5           0           0     552.497      265586     2323.98     794.666     107.328
          0           0           0           0           0           0     218.134     2323.98     67908.3     3605.74      39.164
          0           0           0           0           0           0     1185.88     794.666     3605.74      933434     197.763
   -95.1445     86935.2    -767.711    -2.64961     524.541     200.423     0.05694     107.328      39.164     197.763     15.5828
