    1004.34           0           0           0           0           0    -23.7519           0           0           0    -9.30608
          0 4.68023e+06           0           0           0           0     1800.76           0           0           0     758.651
          0           0     33149.1    -284.879           0           0    -57.8269           0           0           0    -24.2338
          0           0    -284.879     982.716           0           0     18.4669     156.517           0           0    0.520181
          0           0           0           0     66631.1           0     82.7004           0           0           0     19.1224
          0           0           0           0           0     2506.36     9.81226           0           0           0     11.6911
   -23.7519     1800.76    -57.8269     18.4669     82.7004     9.81226     20.3774     22.6932     19.5062     43.5779   -0.527366
          0           0           0     156.517           0           0     22.6932     1624.53     30.3738     4.25075     8.15099
          0           0           0           0           0           0     19.5062     30.3738     1936.66     42.0822     6.51956
          0           0           0           0           0           0     43.5779     4.25075     42.0822     4469.73     13.6166
   -9.30608     758.651    -24.2338    0.520181     19.1224     11.6911   -0.527366     8.15099     6.51956     13.6166     11.5357
