     5067.39  2.82558e+08            0            0            0      4522.38      24.6433            0       237187      548.625     -1.54683       517630            0
 2.82558e+08  2.06519e+16            0            0            0            0            0            0            0            0  -7.0004e+07            0            0
           0            0  1.01875e+17            0            0            0            0            0            0 -5.07214e+10  5.16042e+07            0            0
           0            0            0  9.00962e+06            0            0            0     -2281.52  1.67052e+07            0     -963.625            0            0
           0            0            0            0  1.91506e+14            0  5.02003e+06            0            0            0  5.02385e+06            0            0
     4522.38            0            0            0            0  6.00562e+07      2733.24            0            0      43740.5     -3094.13            0            0
     24.6433            0            0            0  5.02003e+06      2733.24      1948.57     -932.995            0            0     -17.7618            0     -12480.1
           0            0            0     -2281.52            0            0     -932.995       464024 -2.26131e+06            0     -241.234            0            0
      237187            0            0  1.67052e+07            0            0            0 -2.26131e+06  9.64719e+10            0      -127553            0            0
     548.625            0 -5.07214e+10            0            0      43740.5            0            0            0       253355     -85.8275            0     -16198.1
    -1.54683  -7.0004e+07  5.16042e+07     -963.625  5.02385e+06     -3094.13     -17.7618     -241.234      -127553     -85.8275      11.2774       383229     -4110.09
      517630            0            0            0            0            0            0            0            0            0       383229  7.34875e+11            0
           0            0            0            0            0            0     -12480.1            0            0     -16198.1     -4110.09            0  3.57715e+07
