    6.23501     1.15342     38.2118   0.0552728    0.672806     25281.9      4051.1
    1.15342     3.86285     6.86513    0.159493   0.0516165     9590.92     2302.62
    38.2118     6.86513     23370.8    -10.8688    -7.46534      681299      163774
  0.0552728    0.159493    -10.8688     4.60997   -0.249479     5265.63     541.924
   0.672806   0.0516165    -7.46534   -0.249479     3.28405     -4022.1     1663.28
    25281.9     9590.92      681299     5265.63     -4022.1 4.14015e+09 8.71943e+08
     4051.1     2302.62      163774     541.924     1663.28 8.71943e+08 3.45417e+08
