    6.25077     1.27804       27.77   0.0674755    0.749738     12078.6     1866.13
    1.27804     3.81204     5.82072    0.160639    0.089639     4844.34     1101.69
      27.77     5.82072     12168.2    -7.62371    -4.76591      234843     54784.1
  0.0674755    0.160639    -7.62371     4.47883   -0.241947     2519.54      251.09
   0.749738    0.089639    -4.76591   -0.241947     3.22673    -1692.79     791.858
    12078.6     4844.34      234843     2519.54    -1692.79 9.43252e+08 1.92568e+08
    1866.13     1101.69     54784.1      251.09     791.858 1.92568e+08 7.40007e+07
