  6.27708    1.9528    5.5295  0.172502   1.21647   258.252   34.5638
   1.9528   3.64951    2.0875  0.194497  0.387614   136.753   25.3331
   5.5295    2.0875   428.308  -1.17183 -0.103343   943.968   201.752
 0.172502  0.194497  -1.17183   3.86669 -0.186369   58.0263   5.54806
  1.21647  0.387614 -0.103343 -0.186369    2.9766  -6.81078   17.9622
  258.252   136.753   943.968   58.0263  -6.81078    431045   79167.1
  34.5638   25.3331   201.752   5.54806   17.9622   79167.1   27789.5
