3.04202e+07    -2686.93           0           0           0           0           0    -302.294           0           0    -5093.52
   -2686.93     34.1625    -1058.01     232.755     13.9933    -145.103     3.30355   -0.577109       -1118    -23.4471     23.5332
          0    -1058.01 1.54546e+06           0           0           0     179.498     -242.27           0           0           0
          0     232.755           0     83142.2    -95.7496           0    -36.1902     64.4291           0           0           0
          0     13.9933           0    -95.7496     214.682     -422.13    0.175261     2.96246           0      2.6104           0
          0    -145.103           0           0     -422.13     22790.6    -1.16562     -39.232           0     4.71955           0
          0     3.30355     179.498    -36.1902    0.175261    -1.16562     86.6843    0.173721     443.417     9.62712     -1.9118
   -302.294   -0.577109     -242.27     64.4291     2.96246     -39.232    0.173721     14.7309     140.282    -3.01363     9.69187
          0       -1118           0           0           0           0     443.417     140.282  1.4572e+08     18010.3     1746.67
          0    -23.4471           0           0      2.6104     4.71955     9.62712    -3.01363     18010.3     813.519    -1.83599
   -5093.52     23.5332           0           0           0           0     -1.9118     9.69187     1746.67    -1.83599      2242.6
