     60.4464  4.67585e-05     -2.75452    -0.542672      1.83121     -1.88837
 4.67585e-05  2.88457e-10 -1.74447e-06  3.43585e-06   9.7993e-06 -3.36106e-06
    -2.75452 -1.74447e-06      9.40694      2.77741     0.649233      5.22877
   -0.542672  3.43585e-06      2.77741       7.9529     0.246666      2.33307
     1.83121   9.7993e-06     0.649233     0.246666      13.4528     0.886288
    -1.88837 -3.36106e-06      5.22877      2.33307     0.886288      7.56574
