     15.7643   0.00342195     -1.38487    -0.394257     0.735086     -1.02957
  0.00342195  5.96744e-06  -0.00027698  0.000430616    0.0012565 -0.000527534
    -1.38487  -0.00027698      9.14874      3.04681      1.17439      5.14686
   -0.394257  0.000430616      3.04681      7.74405     0.596582      2.72446
    0.735086    0.0012565      1.17439     0.596582       11.581      1.36835
    -1.02957 -0.000527534      5.14686      2.72446      1.36835      7.51581
