    0.903807   -0.0182592     0.590357 -3.34903e-08    -0.427249     0.951545 -1.37342e-05     0.015814    0.0716113     -2.69406       0.0961    -0.170352     -0.13625     -852.313      29.3532    0.0123257  -0.00187807
  -0.0182592     0.722495    -0.239177            0     0.336081     0.268037 -4.77129e-06    -0.033428  -0.00286261     0.182893    0.0231557    -0.203325     0.284784      2176.21            0    -0.143507   0.00230306
    0.590357    -0.239177      44.7321  0.000137093      1.18061     -2.99177 -0.000128639      0.69249      7.40874     -1.33405      15.4772    -0.992693     -24.8904      50374.5      11357.8      13.0213   -0.0282792
-3.34903e-08            0  0.000137093  5.85322e-06 -0.000954339 -0.000316378 -5.96241e-08 -0.000130676 -0.000128672  0.000435019  0.000856962  0.000973999  0.000852405     -6.23863      461.504 -0.000872118  1.34443e-05
   -0.427249     0.336081      1.18061 -0.000954339      35.4594     -1.96014 -0.000434215    -0.702316      1.18405    -0.743011      5.36707     -1.60823     -3.95458     -20210.1     -70946.8      15.5367   -0.0907561
    0.951545     0.268037     -2.99177 -0.000316378     -1.96014      218.199 -1.01271e-05       2.6717      6.98413     -1.33399     -4.65312       1.3241      17.7846     -23948.4      2568.08      33.9321     0.407017
-1.37342e-05 -4.77129e-06 -0.000128639 -5.96241e-08 -0.000434215 -1.01271e-05  1.68268e-07 -1.33139e-05  5.91953e-05 -1.05146e-05 -2.19056e-05  0.000208189   0.00019714     -1.04072     -4.91985 -0.000212403  2.17536e-06
    0.015814    -0.033428      0.69249 -0.000130676    -0.702316       2.6717 -1.33139e-05      4.68147    -0.729081    -0.449465    -0.594818     0.158532    -0.677503      3989.41     -10296.7     0.879563    0.0355229
   0.0716113  -0.00286261      7.40874 -0.000128672      1.18405      6.98413  5.91953e-05    -0.729081      55.4568     -1.23892      3.87862     -3.10761     -3.09498      820.705     -8477.66      1.88212   -0.0121682
    -2.69406     0.182893     -1.33405  0.000435019    -0.743011     -1.33399 -1.05146e-05    -0.449465     -1.23892      86.7959      1.45741    -0.467283      2.56958      9082.18      35647.7     -3.84556   -0.0427729
      0.0961    0.0231557      15.4772  0.000856962      5.36707     -4.65312 -2.19056e-05    -0.594818      3.87862      1.45741      30.7133      3.67029      9.61982      17525.8      73079.7     -11.0342  -0.00737095
   -0.170352    -0.203325    -0.992693  0.000973999     -1.60823       1.3241  0.000208189     0.158532     -3.10761    -0.467283      3.67029      60.8534      9.61653      20777.3      74199.1      20.1574    -0.016094
    -0.13625     0.284784     -24.8904  0.000852405     -3.95458      17.7846   0.00019714    -0.677503     -3.09498      2.56958      9.61982      9.61653      38.9084     -7452.87      74894.9     -23.7272     0.128848
    -852.313      2176.21      50374.5     -6.23863     -20210.1     -23948.4     -1.04072      3989.41      820.705      9082.18      17525.8      20777.3     -7452.87  2.73947e+09 -4.65642e+08     -5003.66      523.568
     29.3532            0      11357.8      461.504     -70946.8      2568.08     -4.91985     -10296.7     -8477.66      35647.7      73079.7      74199.1      74894.9 -4.65642e+08  3.83568e+10       -69484      932.124
   0.0123257    -0.143507      13.0213 -0.000872118      15.5367      33.9321 -0.000212403     0.879563      1.88212     -3.84556     -11.0342      20.1574     -23.7272     -5003.66       -69484      43.0676   -0.0630567
 -0.00187807   0.00230306   -0.0282792  1.34443e-05   -0.0907561     0.407017  2.17536e-06    0.0355229   -0.0121682   -0.0427729  -0.00737095    -0.016094     0.128848      523.568      932.124   -0.0630567     0.070343
