    30.2997     3.43838    -1.24368     7.65565    -1.86301     -13.197     -0.2794     5.53858    -1.15592     1.63419  0.00238297  0.00479055   -0.797722    -2.87759    -7.53571
    3.43838     22.3946      1.7002    -1.09857    0.750311     -1.1562    0.303122     2.09288  -0.0218787    0.163144  0.00299621 0.000900724    -1.11855   -0.474491     1.74512
   -1.24368      1.7002     27.5133    -1.67436    0.495859   -0.915905    0.157753   -0.697278  0.00722701   -0.326183  0.00536324  0.00259372    0.219824     0.88417    -2.85129
    7.65565    -1.09857    -1.67436     791.189     7.07355     21.8026   -0.594059     13.0913    0.787373    -1.58573 0.000189266  0.00823739    0.522668     1.05441     4.19162
   -1.86301    0.750311    0.495859     7.07355     59.7943    0.319484    0.183304     4.66309   0.0312888    -2.23273  -0.0138396  -0.0131418    -2.44446     5.36954     8.56184
    -13.197     -1.1562   -0.915905     21.8026    0.319484      77.307    -1.46711     9.88843    0.455324    -3.66452  -0.0287854  -0.0125126    -1.22872    0.989064     37.0973
    -0.2794    0.303122    0.157753   -0.594059    0.183304    -1.46711     13.8699    -2.19728   0.0773051   -0.252416 -0.00197938 -0.00146349   -0.411584  -0.0880239     4.49674
    5.53858     2.09288   -0.697278     13.0913     4.66309     9.88843    -2.19728     30.7031    0.128665   -0.862067 -0.00549991 -0.00559384   -0.385063    -5.55968     8.99528
   -1.15592  -0.0218787  0.00722701    0.787373   0.0312888    0.455324   0.0773051    0.128665     2.46899   -0.506367 2.68905e-05 5.51316e-05   -0.195262    0.129348    0.537298
    1.63419    0.163144   -0.326183    -1.58573    -2.23273    -3.66452   -0.252416   -0.862067   -0.506367      30.855  0.00131793  0.00311416   -0.741833    0.118627    -7.73345
 0.00238297  0.00299621  0.00536324 0.000189266  -0.0138396  -0.0287854 -0.00197938 -0.00549991 2.68905e-05  0.00131793   0.0014483  1.3822e-05 -0.00430688  0.00590398   0.0273702
 0.00479055 0.000900724  0.00259372  0.00823739  -0.0131418  -0.0125126 -0.00146349 -0.00559384 5.51316e-05  0.00311416  1.3822e-05 0.000207897 -0.00103202 -0.00368682   0.0208055
  -0.797722    -1.11855    0.219824    0.522668    -2.44446    -1.22872   -0.411584   -0.385063   -0.195262   -0.741833 -0.00430688 -0.00103202     40.8435    -3.11537    -13.6343
   -2.87759   -0.474491     0.88417     1.05441     5.36954    0.989064  -0.0880239    -5.55968    0.129348    0.118627  0.00590398 -0.00368682    -3.11537     23.0332     3.22636
   -7.53571     1.74512    -2.85129     4.19162     8.56184     37.0973     4.49674     8.99528    0.537298    -7.73345   0.0273702   0.0208055    -13.6343     3.22636     2215.23
