      2.6367   -0.0350848      1.00868 -3.57764e-07    -0.727619      1.59926 -0.000265018    0.0471569     0.105023     -3.64377     0.172502    -0.284203    -0.319929     -41.7461      50.2365   -0.0583676  -0.00897266
  -0.0350848     0.915313    -0.258533            0     0.380193     0.269392 -5.81476e-05   -0.0657941  -0.00274137       0.1629    0.0154939    -0.230309      0.30577      70.3118            0    -0.137357   0.00723514
     1.00868    -0.258533      44.5088  0.000665976      1.39843     -3.12972  -0.00149517      1.16837      6.35324    -0.985061      16.8061    -0.290167      -25.748      1465.71      13867.1      13.4197   -0.0703228
-3.57764e-07            0  0.000665976  9.29597e-05  -0.00378788  -0.00106307 -2.59762e-06 -0.000911409 -0.000440262   0.00137348   0.00337125   0.00394524   0.00354952    -0.711305      1838.88  -0.00352798  0.000149695
   -0.727619     0.380193      1.39843  -0.00378788      35.3876     -4.58538  -0.00485763     -1.24115      1.02079    -0.564481      5.60958     -1.96308     -3.96074     -567.501     -70645.2      17.2236    -0.253117
     1.59926     0.269392     -3.12972  -0.00106307     -4.58538      199.348  4.82929e-05      4.56099      5.65525    -0.967625     -4.85755    -0.152556      15.8686     -625.208      5115.15      21.1115      1.10174
-0.000265018 -5.81476e-05  -0.00149517 -2.59762e-06  -0.00485763  4.82929e-05  2.08084e-05 -0.000205923  0.000530503 -0.000100854 -0.000360538   0.00240058   0.00235401    -0.330907     -53.7873   -0.0026007   7.3757e-05
   0.0471569   -0.0657941      1.16837 -0.000911409     -1.24115      4.56099 -0.000205923      14.3303     -1.09496    -0.625023     -1.00207     0.263392     -1.29772      197.431     -18036.1      1.38306      0.17313
    0.105023  -0.00274137      6.35324 -0.000440262      1.02079      5.65525  0.000530503     -1.09496       40.878    -0.842375        3.427     -2.64956      -2.9477      20.2483     -7274.42      1.23564   -0.0291192
    -3.64377       0.1629    -0.985061   0.00137348    -0.564481    -0.967625 -0.000100854    -0.625023    -0.842375      54.4159      1.08562     -0.33305      2.06848      206.609      28244.7     -2.89559   -0.0945387
    0.172502    0.0154939      16.8061   0.00337125      5.60958     -4.85755 -0.000360538     -1.00207        3.427      1.08562      30.7612      4.22398      9.16392      506.447      72094.4     -10.6942   -0.0282621
   -0.284203    -0.230309    -0.290167   0.00394524     -1.96308    -0.152556   0.00240058     0.263392     -2.64956     -0.33305      4.22398      60.7626      11.0399      622.937        75308      22.6251    -0.045962
   -0.319929      0.30577      -25.748   0.00354952     -3.96074      15.8686   0.00235401     -1.29772      -2.9477      2.06848      9.16392      11.0399       40.465     -318.869      77564.1     -24.5327     0.332714
    -41.7461      70.3118      1465.71    -0.711305     -567.501     -625.208    -0.330907      197.431      20.2483      206.609      506.447      622.937     -318.869  2.25436e+06 -1.33196e+07      9.32216      41.7291
     50.2365            0      13867.1      1838.88     -70645.2      5115.15     -53.7873     -18036.1     -7274.42      28244.7      72094.4        75308      77564.1 -1.33196e+07  3.83394e+10     -71561.1      2601.33
  -0.0583676    -0.137357      13.4197  -0.00352798      17.2236      21.1115   -0.0026007      1.38306      1.23564     -2.89559     -10.6942      22.6251     -24.5327      9.32216     -71561.1      44.7506    -0.213451
 -0.00897266   0.00723514   -0.0703228  0.000149695    -0.253117      1.10174   7.3757e-05      0.17313   -0.0291192   -0.0945387   -0.0282621    -0.045962     0.332714      41.7291      2601.33    -0.213451     0.547965
