     1.01365   -0.0195829     0.625388 -4.81824e-08    -0.452406      1.00624 -1.72271e-05    0.0177856    0.0746045     -2.78268     0.102317     -0.18003    -0.150908       -624.1      30.8746   0.00547867    -0.002221
  -0.0195829     0.741071    -0.241122            0     0.340664     0.269092 -5.68457e-06   -0.0359552  -0.00284949     0.180656    0.0223847     -0.20602     0.286818      1525.05            0    -0.142898   0.00260334
    0.625388    -0.241122      44.7026  0.000163279      1.18771      -3.0359 -0.000152341     0.732413      7.28742     -1.29018      15.6307    -0.932186     -25.0038      34912.1      11659.1      13.1149   -0.0311151
-4.81824e-08            0  0.000163279  7.86452e-06  -0.00110541 -0.000360182 -8.13806e-08 -0.000160827 -0.000146734  0.000491859  0.000991843   0.00113136  0.000993318     -4.99758       534.93  -0.00101586  1.74004e-05
   -0.452406     0.340664      1.18771  -0.00110541      35.4474     -2.24105 -0.000513462     -0.74699       1.1643    -0.720273      5.40104     -1.65261     -3.93711     -13949.8     -70887.4      15.7896    -0.101277
     1.00624     0.269092      -3.0359 -0.000360182     -2.24105      216.367 -1.05626e-05      2.82942      6.83376     -1.28424     -4.63416      1.12739      17.6746     -16454.2      2933.18      31.9924     0.453235
-1.72271e-05 -5.68457e-06 -0.000152341 -8.13806e-08 -0.000513462 -1.05626e-05  2.34797e-07 -1.64425e-05  6.81919e-05 -1.20093e-05 -2.72104e-05  0.000247071  0.000234775    -0.849483     -5.79325 -0.000255252  2.89676e-06
   0.0177856   -0.0359552     0.732413 -0.000160827     -0.74699      2.82942 -1.64425e-05      5.27977    -0.761663     -0.46558    -0.629026     0.167194    -0.727417      2925.29     -10934.7       0.9215    0.0421125
   0.0746045  -0.00284949      7.28742 -0.000146734       1.1643      6.83376  6.81919e-05    -0.761663      53.6695     -1.18877      3.82829     -3.05578     -3.08378      559.394     -8340.16      1.78652   -0.0133609
    -2.78268     0.180656     -1.29018  0.000491859    -0.720273     -1.28424 -1.20093e-05     -0.46558     -1.18877      82.5661       1.4119    -0.450144      2.51019      6128.61      34771.9     -3.73051   -0.0465677
    0.102317    0.0223847      15.6307  0.000991843      5.40104     -4.63416 -2.72104e-05    -0.629026      3.82829       1.4119       30.717      3.73604      9.57767      12128.7      72960.6     -11.0602  -0.00857805
    -0.18003     -0.20602    -0.932186   0.00113136     -1.65261      1.12739  0.000247071     0.167194     -3.05578    -0.450144      3.73604      60.8394      9.80567      14442.6      74333.2      20.5368   -0.0179822
   -0.150908     0.286818     -25.0038  0.000993318     -3.93711      17.6746  0.000234775    -0.727417     -3.08378      2.51019      9.57767      9.80567      39.0814      -5479.1      75223.8      -23.905      0.14257
      -624.1      1525.05      34912.1     -4.99758     -13949.8     -16454.2    -0.849483      2925.29      559.394      6128.61      12128.7      14442.6      -5479.1  1.31117e+09 -3.21767e+08     -2910.63      403.678
     30.8746            0      11659.1       534.93     -70887.4      2933.18     -5.79325     -10934.7     -8340.16      34771.9      72960.6      74333.2      75223.8 -3.21767e+08  3.83527e+10     -69999.4       1040.4
  0.00547867    -0.142898      13.1149  -0.00101586      15.7896      31.9924 -0.000255252       0.9215      1.78652     -3.73051     -11.0602      20.5368      -23.905     -2910.63     -69999.4      43.3215    -0.073027
   -0.002221   0.00260334   -0.0311151  1.74004e-05    -0.101277     0.453235  2.89676e-06    0.0421125   -0.0133609   -0.0465677  -0.00857805   -0.0179822      0.14257      403.678       1040.4    -0.073027    0.0876654
