     29.7666      3.12209     -1.33086      13.9952     -1.59484     -11.7883    -0.220897      4.84446    -0.736329      1.38711  0.000414477   0.00114184    -0.743612      -2.6505     -11.9789
     3.12209      18.9615      1.67913     -1.83387     0.685119     -1.00752     0.234724      1.87736   -0.0128494     0.130792  0.000557628  0.000201526     -1.13155    -0.415472      2.65779
    -1.33086      1.67913       31.715     -3.26154     0.514238     -1.00637     0.142317    -0.713801   0.00495715    -0.305139   0.00117836  0.000671155     0.233395     0.939726     -5.06714
     13.9952     -1.83387     -3.26154      2603.93       12.778      39.5361     -0.90679      23.2161     0.912399     -2.47345   2.0223e-05   0.00366714      1.02045      2.03707      12.5043
    -1.59484     0.685119     0.514238       12.778       59.351     0.687758     0.174393      4.05096    0.0132838     -1.93075  -0.00293562  -0.00316609     -2.59062      4.87792      14.1295
    -11.7883     -1.00752     -1.00637      39.5361     0.687758      76.1989     -1.20594      9.20231     0.270224     -3.13711  -0.00590583  -0.00298495      -1.1294     0.845299      60.8889
   -0.220897     0.234724     0.142317     -0.90679     0.174393     -1.20594      9.81291     -1.83787    0.0415861    -0.183582 -0.000337684 -0.000299704    -0.374771   -0.0931676      6.26705
     4.84446      1.87736    -0.713801      23.2161      4.05096      9.20231     -1.83787      30.1833    0.0914889    -0.730287    -0.001121   -0.0013375    -0.381898     -4.93762      14.6207
   -0.736329   -0.0128494   0.00495715     0.912399    0.0132838     0.270224    0.0415861    0.0914889      1.01033    -0.280973  4.01946e-06  7.90821e-06    -0.151301    0.0827128     0.569122
     1.38711     0.130792    -0.305139     -2.47345     -1.93075     -3.13711    -0.183582    -0.730287    -0.280973      23.2155  0.000236098   0.00065218    -0.674707     0.107325     -11.1184
 0.000414477  0.000557628   0.00117836   2.0223e-05  -0.00293562  -0.00590583 -0.000337684    -0.001121  4.01946e-06  0.000236098  6.05678e-05  6.93019e-07 -0.000935217     0.001181   0.00965511
  0.00114184  0.000201526  0.000671155   0.00366714  -0.00316609  -0.00298495 -0.000299704   -0.0013375  7.90821e-06   0.00065218  6.93019e-07  1.22426e-05 -0.000270298 -0.000886653   0.00836027
   -0.743612     -1.13155     0.233395      1.02045     -2.59062      -1.1294    -0.374771    -0.381898    -0.151301    -0.674707 -0.000935217 -0.000270298      50.3428     -3.68093     -24.8339
     -2.6505    -0.415472     0.939726      2.03707      4.87792     0.845299   -0.0931676     -4.93762    0.0827128     0.107325     0.001181 -0.000886653     -3.68093      22.8473      5.30806
    -11.9789      2.65779     -5.06714      12.5043      14.1295      60.8889      6.26705      14.6207     0.569122     -11.1184   0.00965511   0.00836027     -24.8339      5.30806      6082.98
