     7.67467   -0.0686097      1.79419  -9.0411e-05     -1.22757      2.51981  -0.00706766     0.227999     0.132478     -5.56593     0.380085    -0.450477    -0.722962     -2.99551     -78.9276    -0.162654   -0.0328682
  -0.0686097      1.12475    -0.285866            0     0.428148      0.25444  -0.00100289   -0.0779088   -0.0135879     0.213026    0.0090209    -0.258928     0.332377      3.16081            0    -0.134976    0.0186415
     1.79419    -0.285866      45.2953    0.0026988      1.88911      -2.6319   -0.0206251      16.1757      6.35563   -0.0649606      17.8829     0.689471     -27.2256      60.0479      2908.82      13.8757    -0.161683
 -9.0411e-05            0    0.0026988   0.00128522    -0.014351  -0.00315185 -0.000140588  -0.00965481  -0.00150122   0.00581659    0.0126878    0.0150173    0.0137954    -0.107036      1465.64   -0.0131007   0.00145203
    -1.22757     0.428148      1.88911    -0.014351      36.1943     -7.08779   -0.0738078      1.22164      1.04035     -1.46242      5.66587     -2.43039     -4.46786     -23.0488     -15610.5      18.4867    -0.665253
     2.51981      0.25444      -2.6319  -0.00315185     -7.08779      182.086  0.000419849     -2.99464      4.60974     0.143567     -5.47483      -1.0925       12.468     -20.7917      1642.26      15.2225      2.71697
 -0.00706766  -0.00100289   -0.0206251 -0.000140588   -0.0738078  0.000419849   0.00456881   -0.0362543   0.00757529   0.00202445  -0.00287059    0.0347119    0.0369291    -0.198643     -166.009   -0.0425187   0.00291764
    0.227999   -0.0779088      16.1757  -0.00965481      1.22164     -2.99464   -0.0362543      31.4116      1.79091      1.72011     -6.88201     -22.4406     -23.0224       23.762     -10531.9      4.62888     0.245756
    0.132478   -0.0135879      6.35563  -0.00150122      1.04035      4.60974   0.00757529      1.79091      35.8758     0.131085      3.59917     -2.89614     -3.17824      2.75657      -2089.2     0.720278   -0.0733592
    -5.56593     0.213026   -0.0649606   0.00581659     -1.46242     0.143567   0.00202445      1.72011     0.131085      50.5559     0.153799      1.05184      1.38957      7.61578      6906.12     -1.64955    -0.339004
    0.380085    0.0090209      17.8829    0.0126878      5.66587     -5.47483  -0.00287059     -6.88201      3.59917     0.153799      31.4091      4.76329      9.02575      21.2031      15333.9     -10.1873   -0.0532969
   -0.450477    -0.258928     0.689471    0.0150173     -2.43039      -1.0925    0.0347119     -22.4406     -2.89614      1.05184      4.76329      62.0762      11.9305      27.1291      16506.9      24.4003   -0.0528431
   -0.722962     0.332377     -27.2256    0.0137954     -4.46786       12.468    0.0369291     -23.0224     -3.17824      1.38957      9.02575      11.9305      42.5608     -15.3882      17164.5     -25.0579     0.813604
    -2.99551      3.16081      60.0479    -0.107036     -23.0488     -20.7917    -0.198643       23.762      2.75657      7.61578      21.2031      27.1291     -15.3882      3726.54      -116307      3.02815      4.41652
    -78.9276            0      2908.82      1465.64     -15610.5      1642.26     -166.009     -10531.9      -2089.2      6906.12      15333.9      16506.9      17164.5      -116307  1.75387e+09     -15384.1      1444.22
   -0.162654    -0.134976      13.8757   -0.0131007      18.4867      15.2225   -0.0425187      4.62888     0.720278     -1.64955     -10.1873      24.4003     -25.0579      3.02815     -15384.1      45.9573    -0.572293
  -0.0328682    0.0186415    -0.161683   0.00145203    -0.665253      2.71697   0.00291764     0.245756   -0.0733592    -0.339004   -0.0532969   -0.0528431     0.813604      4.41652      1444.22    -0.572293      3.52099
