     23.8284    -0.301749      3.57513  -0.00527899     -2.35598      4.21016    -0.245195      1.78296       2.5323     0.337812     0.721578     -1.07884     -1.22225     0.997522    -0.358469    -0.461839    -0.638609
   -0.301749      5.11454    -0.572208            0      1.19159     0.307944   -0.0413146   -0.0531369    -0.247569    -0.375568  -0.00216508    -0.683026     0.586096     0.250525            0    -0.263364    -0.149301
     3.57513    -0.572208      49.8399     0.011488      3.33207     -3.45087    -0.412303      18.6753      32.3725      4.43512      20.5307      2.28369     -30.7491      14.1768     0.662821      16.1132     -3.76247
 -0.00527899            0     0.011488    0.0346629   -0.0796137   -0.0122828   -0.0108389   -0.0615509     0.062071     0.071159    0.0722403     0.079389    0.0797706 -0.000155181      3.42067    -0.072303    0.0384639
    -2.35598      1.19159      3.33207   -0.0796137      40.2594     -9.18076     -1.34355      1.79922     -1.13321     -12.4904      5.99189     -1.99157     -4.99419      1.24558     -7.20235      22.0453     -4.29851
     4.21016     0.307944     -3.45087   -0.0122828     -9.18076       185.69     0.159708      1.84154     -10.8708      18.7698     -7.95624      -5.0941      3.96438      25.7203     0.286491      10.0145      13.9613
   -0.245195   -0.0413146    -0.412303   -0.0108389     -1.34355     0.159708      1.51089    -0.585978    0.0353693     0.646769   -0.0599219     0.487471     0.643036    -0.241457     -1.03427    -0.809437     0.197306
     1.78296   -0.0531369      18.6753   -0.0615509      1.79922      1.84154    -0.585978      27.7378      5.79852     -9.98361     -8.04113     -26.7562     -28.8702      1.52107     -6.56183      6.63414     -5.14915
      2.5323    -0.247569      32.3725     0.062071     -1.13321     -10.8708    0.0353693      5.79852      44.2485      2.13358      33.8236     -11.6107     -3.31715      15.7152      5.90871     -16.0503     -4.46576
    0.337812    -0.375568      4.43512     0.071159     -12.4904      18.7698     0.646769     -9.98361      2.13358       19.467      4.85039      24.5591      7.76129      3.56771      7.44292     0.961556      4.45655
    0.721578  -0.00216508      20.5307    0.0722403      5.99189     -7.95624   -0.0599219     -8.04113      33.8236      4.85039       35.162      5.28383      9.54416      13.9488      7.39226      -10.491     -1.05225
    -1.07884    -0.683026      2.28369     0.079389     -1.99157      -5.0941     0.487471     -26.7562     -11.6107      24.5591      5.28383      68.9162      12.1278      0.71132      8.63512      28.2505      9.30282
    -1.22225     0.586096     -30.7491    0.0797706     -4.99419      3.96438     0.643036     -28.8702     -3.31715      7.76129      9.54416      12.1278      47.5314    -0.733976      8.74711     -28.1058      5.44442
    0.997522     0.250525      14.1768 -0.000155181      1.24558      25.7203    -0.241457      1.52107      15.7152      3.56771      13.9488      0.71132    -0.733976       19.389     0.470803     -1.04361       2.1795
   -0.358469            0     0.662821      3.42067     -7.20235     0.286491     -1.03427     -6.56183      5.90871      7.44292      7.39226      8.63512      8.74711     0.470803      356.964     -6.86774      3.49906
   -0.461839    -0.263364      16.1132    -0.072303      22.0453      10.0145    -0.809437      6.63414     -16.0503     0.961556      -10.491      28.2505     -28.1058     -1.04361     -6.86774      51.1487      1.18033
   -0.638609    -0.149301     -3.76247    0.0384639     -4.29851      13.9613     0.197306     -5.14915     -4.46576      4.45655     -1.05225      9.30282      5.44442       2.1795      3.49906      1.18033      50.9128
