 1.26273e-05  0.000554108  0.000161085  0.000290059 -0.000609563 -5.70119e-06  0.000637828  0.000926468  9.11404e-06 -0.000288816 -7.27665e-05 -2.67514e-08  2.46815e-05  7.04437e-05 -0.000238631 -1.10927e-05
 0.000554108      73.6629    -0.135369     -1.58301     -1.45865    0.0274317     -16.0774      1.93171      1.35881     -14.2749     -32.8602  4.68967e-05     0.265469      0.17728      1.39385    -0.156359
 0.000161085    -0.135369      4.60598     0.389305   -0.0842952    -0.074327    0.0120177    -0.757861    0.0427591    -0.044467    -0.182431  2.59661e-06    0.0272055     0.143677     0.128789   -0.0460844
 0.000290059     -1.58301     0.389305      377.774      4.56637     -2.90519     -3.68958      8.96397      3.02315     -6.91584      8.88347  5.63332e-05    -0.808168      1.84155     -121.932    -0.287481
-0.000609563     -1.45865   -0.0842952      4.56637      40.7209      0.43415       -4.714     0.796086    0.0720785     -2.75763      3.99906 -3.21656e-06    0.0643627    -0.011145      -1.4308   -0.0225592
-5.70119e-06    0.0274317    -0.074327     -2.90519      0.43415         8.33     -3.18338     -1.73052     0.100683     -1.26764      1.03955  4.02024e-06    0.0351897   -0.0805374      1.22744 -0.000185753
 0.000637828     -16.0774    0.0120177     -3.68958       -4.714     -3.18338      44.7268      19.2271     -1.28941      2.26177     -4.73177 -5.66139e-05    -0.209318      1.08313     0.549928  -0.00561792
 0.000926468      1.93171    -0.757861      8.96397     0.796086     -1.73052      19.2271      59.0046     -1.05913     -3.17317      14.9774  1.50388e-05    -0.234188     0.809734    -0.379156     0.323354
 9.11404e-06      1.35881    0.0427591      3.02315    0.0720785     0.100683     -1.28941     -1.05913       8.3144     0.407701    -0.205383 -1.21026e-05    0.0176988    0.0921157     -1.02642   0.00547546
-0.000288816     -14.2749    -0.044467     -6.91584     -2.75763     -1.26764      2.26177     -3.17317     0.407701      45.3406      7.85482 -8.05421e-05     0.364622     0.569412    -0.100783     -0.22696
-7.27665e-05     -32.8602    -0.182431      8.88347      3.99906      1.03955     -4.73177      14.9774    -0.205383      7.85482      40.0289  2.60312e-05    -0.201889    -0.377446    -0.812706        0.311
-2.67514e-08  4.68967e-05  2.59661e-06  5.63332e-05 -3.21656e-06  4.02024e-06 -5.66139e-05  1.50388e-05 -1.21026e-05 -8.05421e-05  2.60312e-05  1.10172e-08 -2.60893e-06 -2.23325e-07 -4.68935e-06  2.05753e-07
 2.46815e-05     0.265469    0.0272055    -0.808168    0.0643627    0.0351897    -0.209318    -0.234188    0.0176988     0.364622    -0.201889 -2.60893e-06     0.328154  -0.00635961     0.222975   -0.0123065
 7.04437e-05      0.17728     0.143677      1.84155    -0.011145   -0.0805374      1.08313     0.809734    0.0921157     0.569412    -0.377446 -2.23325e-07  -0.00635961      2.20323    -0.810451    0.0177897
-0.000238631      1.39385     0.128789     -121.932      -1.4308      1.22744     0.549928    -0.379156     -1.02642    -0.100783    -0.812706 -4.68935e-06     0.222975    -0.810451      40.4874     0.102579
-1.10927e-05    -0.156359   -0.0460844    -0.287481   -0.0225592 -0.000185753  -0.00561792     0.323354   0.00547546     -0.22696        0.311  2.05753e-07   -0.0123065    0.0177897     0.102579      0.42031
