    0.288094    0.0694471    0.0546292    0.0399719   -0.0711656  0.000778472     0.110314     0.146886   0.00152605   -0.0494295  -0.00512377  -0.00451293    0.0158114    0.0235955    0.0202724   -0.0054682
   0.0694471      74.0657    -0.291244      7.08357     -1.02741     0.107056     -18.2442    -0.157825      1.53157     -17.2704     -36.4243    0.0581146      1.08235     0.369644      23.0922    -0.520195
   0.0546292    -0.291244      22.9883     0.574179    -0.145137    -0.246835   -0.0237421     -1.66857     0.106601   -0.0840649    -0.405104   0.00631876     0.256369     0.719207     0.351047     -0.33061
   0.0399719      7.08357     0.574179      321.704      4.10882     -3.36488     -5.11811      12.5947       3.1348     -11.9643      10.9148    0.0829339     -3.23178      3.50654     -67.7501     -0.59404
  -0.0711656     -1.02741    -0.145137      4.10882      24.3983     0.501692     -3.50249     0.492069    0.0621337     -2.04103      2.95384  -0.00421741     0.210592   -0.0191503     -2.09272    -0.056126
 0.000778472     0.107056    -0.246835     -3.36488     0.501692      18.5864     -4.79728     -2.70491     0.167879     -1.81093      1.33494   0.00772452     0.221193    -0.269126     0.253733 -0.000166981
    0.110314     -18.2442   -0.0237421     -5.11811     -3.50249     -4.79728      46.1457      23.0553     -1.46079       1.9671    -0.611896   -0.0612121    -0.982578      2.46907      2.90378    0.0505464
    0.146886    -0.157825     -1.66857      12.5947     0.492069     -2.70491      23.0553      59.7542      -1.2554     -3.98867      15.6635    0.0158546     -1.05822      1.85461     -2.79939      1.05124
  0.00152605      1.53157     0.106601       3.1348    0.0621337     0.167879     -1.46079      -1.2554      10.3522     0.449535    -0.291138    -0.015205     0.083285     0.230513    -0.295193    0.0196101
  -0.0494295     -17.2704   -0.0840649     -11.9643     -2.04103     -1.81093       1.9671     -3.98867     0.449535      45.9455      10.5368   -0.0920578      1.47884      1.22019     -5.74372    -0.708567
 -0.00512377     -36.4243    -0.405104      10.9148      2.95384      1.33494    -0.611896      15.6635    -0.291138      10.5368      41.7729    0.0206395    -0.882304    -0.730232     -15.8124     0.991433
 -0.00451293    0.0581146   0.00631876    0.0829339  -0.00421741   0.00772452   -0.0612121    0.0158546    -0.015205   -0.0920578    0.0206395    0.0138777    -0.012508  -0.00214766   0.00166562  0.000960542
   0.0158114      1.08235     0.256369     -3.23178     0.210592     0.221193    -0.982578     -1.05822     0.083285      1.47884    -0.882304    -0.012508       5.8264   -0.0602864     0.804367    -0.166725
   0.0235955     0.369644     0.719207      3.50654   -0.0191503    -0.269126      2.46907      1.85461     0.230513      1.22019    -0.730232  -0.00214766   -0.0602864      11.0771     -0.57984      0.12814
   0.0202724      23.0922     0.351047     -67.7501     -2.09272     0.253733      2.90378     -2.79939    -0.295193     -5.74372     -15.8124   0.00166562     0.804367     -0.57984       25.295     -0.11286
  -0.0054682    -0.520195     -0.33061     -0.59404    -0.056126 -0.000166981    0.0505464      1.05124    0.0196101    -0.708567     0.991433  0.000960542    -0.166725      0.12814     -0.11286       4.3317
