     453.022      6.27931     -1.69102      11.6155     0.494804       872624      13.8792      -12.457       15.763      6.66968     0.121043     -3.29437      1.06769     -16.4765    0.0668091   -0.0172619
     6.27931      32.6426     -10.6424     -3.26583    0.0776323      22240.5     -1.61461     -2.48165     -5.18605      10.6247    -0.148018      2.48594     0.707643     -2.47864     0.179684   -0.0188193
    -1.69102     -10.6424      86.0757     -2.54766    -0.110652       106769     -37.2177     -23.6749      8.29731      22.8817     -2.10569     -3.76949     -2.90148     -15.4963    -0.040363   -0.0580315
     11.6155     -3.26583     -2.54766      23.3846       -0.292      4824.96      13.2722      5.28038     -6.58605      11.4514     0.663065     -5.53081   -0.0414915     -4.29679    0.0224073    0.0446962
    0.494804    0.0776323    -0.110652       -0.292     0.273131        20653   -0.0438902    -0.502247    0.0812169    -0.416886   -0.0263535     0.095951    0.0352205      -0.3656  0.000350668  -0.00284843
      872624      22240.5       106769      4824.96        20653  1.48308e+11      32221.2     -22087.1      19201.5     -34405.4      32302.1       163365     -12538.2 -1.83835e+06      3671.38       1245.5
     13.8792     -1.61461     -37.2177      13.2722   -0.0438902      32221.2      35.9774      1.69864     -7.69351      -3.1877      1.05458     -1.96747     0.100784     -2.69119    0.0451108     0.116079
     -12.457     -2.48165     -23.6749      5.28038    -0.502247     -22087.1      1.69864      61.7544     -14.4846      9.62579      1.49762     -6.32483      2.57032      12.6714    -0.026404   -0.0544069
      15.763     -5.18605      8.29731     -6.58605    0.0812169      19201.5     -7.69351     -14.4846      965.883     -9.03546            0       9.8176     0.877292    -0.810954    0.0323765    -0.146989
     6.66968      10.6247      22.8817      11.4514    -0.416886     -34405.4      -3.1877      9.62579     -9.03546      31.6021    -0.317646     -6.70263     -0.28242     0.642478    0.0982844   -0.0255789
    0.121043    -0.148018     -2.10569     0.663065   -0.0263535      32302.1      1.05458      1.49762            0    -0.317646      11.4059    0.0230535    -0.124585     -0.13472  -0.00776611    0.0045792
    -3.29437      2.48594     -3.76949     -5.53081     0.095951       163365     -1.96747     -6.32483       9.8176     -6.70263    0.0230535      156.156     -2.13239     -1.04756   -0.0773283   -0.0226678
     1.06769     0.707643     -2.90148   -0.0414915    0.0352205     -12538.2     0.100784      2.57032     0.877292     -0.28242    -0.124585     -2.13239      11.7386     0.955997   -0.0224065   -0.0537252
    -16.4765     -2.47864     -15.4963     -4.29679      -0.3656 -1.83835e+06     -2.69119      12.6714    -0.810954     0.642478     -0.13472     -1.04756     0.955997      55.4159   -0.0933644   -0.0900551
   0.0668091     0.179684    -0.040363    0.0224073  0.000350668      3671.38    0.0451108    -0.026404    0.0323765    0.0982844  -0.00776611   -0.0773283   -0.0224065   -0.0933644    0.0347537   0.00100242
  -0.0172619   -0.0188193   -0.0580315    0.0446962  -0.00284843       1245.5     0.116079   -0.0544069    -0.146989   -0.0255789    0.0045792   -0.0226678   -0.0537252   -0.0900551   0.00100242    0.0156378
