     3543.48      18.0425       7.4845      30.8712     0.476415       509236      39.0229      -35.748       733.33      18.3459            0     -21.8092      1.05504     -42.4919    0.0222592  -0.00455775
     18.0425      31.6159     -11.8758     -3.59805    0.0302115      -464304    -0.465371     -1.65083     -89.0341      8.48975     -0.17343      5.68735     0.276373     -1.18211    0.0222354  -0.00172776
      7.4845     -11.8758      78.7942    -0.988934  -0.00587568     -65700.7     -32.8881     -22.9537       120.16      22.2943     -2.83946     -9.06613     -1.00213     -30.1274  -0.00247674  -0.00268989
     30.8712     -3.59805    -0.988934      22.1426   -0.0931532       144857      12.7825      3.46227         -106      11.2682     0.984435     -12.2853   -0.0323771     -3.91257   0.00259718   0.00399493
    0.476415    0.0302115  -0.00587568   -0.0931532    0.0319877      2414.68   -0.0146587    -0.163015     0.510727    -0.141179   -0.0137851    0.0886277    0.0040368    -0.126652  1.54369e-05 -9.13703e-05
      509236      -464304     -65700.7       144857      2414.68  1.90908e+11       145902       229636   2.4611e+06      -136565      22049.9       192361       2532.8      -121903      -589.74     -130.799
     39.0229    -0.465371     -32.8881      12.7825   -0.0146587       145902      35.4425      1.23565     -133.849     -3.16645      1.67602     -3.91097     0.049958     0.133689   0.00592368    0.0105353
     -35.748     -1.65083     -22.9537      3.46227    -0.163015       229636      1.23565      59.5453     -245.674      7.04144       2.3224     -14.1211     0.847172      5.28294   -0.0033505  -0.00513796
      733.33     -89.0341       120.16         -106     0.510727   2.4611e+06     -133.849     -245.674       300899     -152.956            0      440.205      5.24824      5.95071    0.0725823    -0.242222
     18.3459      8.48975      22.2943      11.2682    -0.141179      -136565     -3.16645      7.04144     -152.956      30.8208    -0.547641     -16.9539    -0.139866    -0.790489    0.0118702  -0.00198713
           0     -0.17343     -2.83946     0.984435   -0.0137851      22049.9      1.67602       2.3224            0    -0.547641       27.805     0.321843   -0.0621782    -0.478236  -0.00147299  0.000684251
    -21.8092      5.68735     -9.06613     -12.2853    0.0886277       192361     -3.91097     -14.1211      440.205     -16.9539     0.321843      1094.78     -1.49421      -1.7096   -0.0238369  -0.00437685
     1.05504     0.276373     -1.00213   -0.0323771    0.0040368       2532.8     0.049958     0.847172      5.24824    -0.139866   -0.0621782     -1.49421      1.30446     0.226062 -0.000926178   -0.0016755
    -42.4919     -1.18211     -30.1274     -3.91257    -0.126652      -121903     0.133689      5.28294      5.95071    -0.790489    -0.478236      -1.7096     0.226062      74.9133   -0.0124541  -0.00828407
   0.0222592    0.0222354  -0.00247674   0.00259718  1.54369e-05      -589.74   0.00592368   -0.0033505    0.0725823    0.0118702  -0.00147299   -0.0238369 -0.000926178   -0.0124541  0.000556816  1.18675e-05
 -0.00455775  -0.00172776  -0.00268989   0.00399493 -9.13703e-05     -130.799    0.0105353  -0.00513796    -0.242222  -0.00198713  0.000684251  -0.00437685   -0.0016755  -0.00828407  1.18675e-05   0.00013559
