 6.43534e-05   0.00124509  0.000417305  0.000670023  -0.00132241 -1.46153e-05   0.00144396     0.002101  2.23484e-05 -0.000659861 -0.000161886 -9.92535e-08  7.02469e-05  0.000181822 -0.000486571 -3.02052e-05
  0.00124509      73.7484     -0.15278      -1.4919     -1.38164    0.0421076     -16.3654      1.58132       1.3844     -14.7301     -33.3282  7.75507e-05     0.333741     0.197202      2.32639    -0.190344
 0.000417305     -0.15278      6.02078     0.420409   -0.0922942   -0.0909232    0.0100313    -0.864836    0.0497829   -0.0498712    -0.208713  4.82427e-06    0.0392433     0.187927     0.147195   -0.0639893
 0.000670023      -1.4919     0.420409      366.402      4.49976     -2.98552     -4.12098      9.57975      3.02343     -7.34722      9.59568  9.60634e-05     -1.01253      2.04767     -114.366    -0.327697
 -0.00132241     -1.38164   -0.0922942      4.49976      37.3594     0.444961     -4.49073     0.741524    0.0703169      -2.6237      3.80752  -5.3679e-06     0.077789   -0.0122151     -1.39606   -0.0262444
-1.46153e-05    0.0421076   -0.0909232     -2.98552     0.444961      9.53725     -3.40803     -1.86611     0.109723     -1.34738        1.092  7.27378e-06    0.0475105   -0.0985969      1.22059 -0.000242417
  0.00144396     -16.3654    0.0100313     -4.12098     -4.49073     -3.40803      44.8843      19.7844     -1.31816      2.19923      -4.2093 -9.24094e-05    -0.267689      1.24056     0.721911  -0.00302761
    0.002101      1.58132    -0.864836      9.57975     0.741524     -1.86611      19.7844       59.103      -1.0885     -3.28557      15.0534  2.47565e-05    -0.298074      0.93044    -0.534114     0.393199
 2.23484e-05       1.3844    0.0497829      3.02343    0.0703169     0.109723     -1.31816      -1.0885      8.62468     0.414216    -0.217026 -2.03323e-05    0.0227446     0.107338    -0.974889   0.00677254
-0.000659861     -14.7301   -0.0498712     -7.34722      -2.6237     -1.34738      2.19923     -3.28557     0.414216      45.4153      8.22864 -0.000132777     0.459035     0.647244    -0.281138    -0.274533
-0.000161886     -33.3282    -0.208713      9.59568      3.80752        1.092      -4.2093      15.0534    -0.217026      8.22864      40.2231  4.16508e-05    -0.255339    -0.424084      -1.3729     0.377203
-9.92535e-08  7.75507e-05  4.82427e-06  9.60634e-05  -5.3679e-06  7.27378e-06 -9.24094e-05  2.47565e-05 -2.03323e-05 -0.000132777  4.16508e-05  2.98879e-08 -5.42964e-06 -5.64565e-07 -7.20522e-06  4.18116e-07
 7.02469e-05     0.333741    0.0392433     -1.01253     0.077789    0.0475105    -0.267689    -0.298074    0.0227446     0.459035    -0.255339 -5.42964e-06     0.522407  -0.00918129     0.270924   -0.0188575
 0.000181822     0.197202     0.187927      2.04767   -0.0122151   -0.0985969      1.24056      0.93044     0.107338     0.647244    -0.424084 -5.64565e-07  -0.00918129      2.88393    -0.870913    0.0247192
-0.000486571      2.32639     0.147195     -114.366     -1.39606      1.22059     0.721911    -0.534114    -0.974889    -0.281138      -1.3729 -7.20522e-06     0.270924    -0.870913      36.8197     0.113507
-3.02052e-05    -0.190344   -0.0639893    -0.327697   -0.0262444 -0.000242417  -0.00302761     0.393199   0.00677254    -0.274533     0.377203  4.18116e-07   -0.0188575    0.0247192     0.113507      0.61991
