     825.829      9.03701    -0.281757      15.0082     0.468349       260607      18.8047     -16.8767      52.2714      8.35694            0     -5.14108      1.05672     -20.7715    0.0425304    -0.010757
     9.03701      31.7803     -11.1286     -3.41614    0.0587811      -497167     -1.23045     -2.18497     -13.1336      9.78062    -0.153849       3.1082     0.526181      -2.3637    0.0888446  -0.00854857
   -0.281757     -11.1286      82.8077     -1.67642   -0.0532154     -70685.4     -35.2961     -23.0284      20.8031      22.5586     -2.30114     -4.82319     -2.01514     -18.8505   -0.0176725   -0.0239044
     15.0082     -3.41614     -1.67642      22.5347    -0.196745       152352      12.9192      4.54024     -16.3856      11.3027     0.747372     -6.53104   -0.0556715     -3.99182    0.0107473    0.0198809
    0.468349    0.0587811   -0.0532154    -0.196745     0.132539      5237.66   -0.0271752    -0.338882     0.152244    -0.290347   -0.0207098    0.0918133    0.0171545     -0.25286  0.000124258 -0.000906374
      260607      -497167     -70685.4       152352      5237.66  2.12012e+11       152143       233520       378997      -157157      24916.7      44482.3      4336.07       -94031     -2456.69     -666.091
     18.8047     -1.23045     -35.2961      12.9192   -0.0271752       152143      35.1119      1.34901     -19.6004     -2.98805      1.22333     -2.02472    0.0720419      -2.1171    0.0230669    0.0517999
    -16.8767     -2.18497     -23.0284      4.54024    -0.338882       233520      1.34901      59.9588     -36.5827      8.56696      1.70678     -7.46846      1.76235      9.01865   -0.0127779   -0.0245167
     52.2714     -13.1336      20.8031     -16.3856     0.152244       378997     -19.6004     -36.5827      6455.82     -22.9181            0      32.6472      1.59888    -0.992327    0.0420792    -0.172854
     8.35694      9.78062      22.5586      11.3027    -0.290347      -157157     -2.98805      8.56696     -22.9181      30.8349     -0.39012     -8.46578    -0.226543     0.604502    0.0479894   -0.0106963
           0    -0.153849     -2.30114     0.747372   -0.0207098      24916.7      1.22333      1.70678            0     -0.39012      15.1495  -0.00877595   -0.0970519     -0.23015  -0.00430268   0.00246058
    -5.14108       3.1082     -4.82319     -6.53104    0.0918133      44482.3     -2.02472     -7.46846      32.6472     -8.46578  -0.00877595      267.166     -1.65208     -1.78711   -0.0440583   -0.0116022
     1.05672     0.526181     -2.01514   -0.0556715    0.0171545      4336.07    0.0720419      1.76235      1.59888    -0.226543   -0.0970519     -1.65208      5.66367     0.552292  -0.00766629   -0.0170218
    -20.7715      -2.3637     -18.8505     -3.99182     -0.25286       -94031      -2.1171      9.01865    -0.992327     0.604502     -0.23015     -1.78711     0.552292      60.4877   -0.0479895   -0.0399112
   0.0425304    0.0888446   -0.0176725    0.0107473  0.000124258     -2456.69    0.0230669   -0.0127779    0.0420792    0.0479894  -0.00430268   -0.0440583  -0.00766629   -0.0479895    0.0087192  0.000228854
   -0.010757  -0.00854857   -0.0239044    0.0198809 -0.000906374     -666.091    0.0517999   -0.0245167    -0.172854   -0.0106963   0.00246058   -0.0116022   -0.0170218   -0.0399112  0.000228854   0.00321995
