     1740.98      12.9145      1.64869      21.7396     0.476599       362874      27.4175     -24.7751      198.359       12.454            0     -10.4985      1.06596     -29.7841    0.0310474  -0.00707991
     12.9145       31.691     -11.6046     -3.52952     0.042343      -474583    -0.876075     -1.95685     -34.1972      9.15798    -0.165841      3.79564     0.386681     -1.84918     0.044453  -0.00382788
     1.64869     -11.6046      81.3966     -1.22371   -0.0282231     -71375.7     -34.3988     -23.2112       51.604      22.6489     -2.60263     -6.47182     -1.42352     -22.5919   -0.0075896  -0.00912185
     21.7396     -3.52952     -1.22371      22.3094    -0.135445       149273      12.8654      3.96772     -41.7468      11.3288     0.855372     -8.57932   -0.0468711     -3.94119   0.00530021   0.00893885
    0.476599     0.042343   -0.0282231    -0.135445    0.0651065      3504.77   -0.0197457    -0.234838     0.279037    -0.202829   -0.0168983     0.086639   0.00830519    -0.179123  4.37932e-05 -0.000287801
      362874      -474583     -71375.7       149273      3504.77   1.9765e+11       149571       235358       958807      -142348      19279.7       134159      3711.56      -111061     -1193.32     -293.914
     27.4175    -0.876075     -34.3988      12.8654   -0.0197457       149571      35.2524      1.17434     -51.2394     -2.99572      1.42882     -2.71419    0.0583469       -1.179    0.0117353    0.0234136
    -24.7751     -1.95685     -23.2112      3.96772    -0.234838       235358      1.17434      59.7028     -94.7665      7.83961      1.98873      -9.8863      1.20896      6.60269  -0.00655582   -0.0112276
     198.359     -34.1972       51.604     -41.7468     0.279037       958807     -51.2394     -94.7665      44103.5     -59.2675            0      115.504      2.89767     0.265951      0.05525    -0.204693
      12.454      9.15798      22.6489      11.3288    -0.202829      -142348     -2.99572      7.83961     -59.2675      30.8113    -0.460513     -11.5772    -0.181579     0.123002     0.023841  -0.00463509
           0    -0.165841     -2.60263     0.855372   -0.0168983      19279.7      1.42882      1.98873            0    -0.460513      20.5229     0.189323    -0.077049    -0.360085  -0.00251627    0.0012972
    -10.4985      3.79564     -6.47182     -8.57932     0.086639       134159     -2.71419      -9.8863      115.504     -11.5772     0.189323       514.13     -1.47687      -1.4302   -0.0324885  -0.00662152
     1.06596     0.386681     -1.42352   -0.0468711   0.00830519      3711.56    0.0583469      1.20896      2.89767    -0.181579    -0.077049     -1.47687        2.713      0.33552  -0.00265643  -0.00533495
    -29.7841     -1.84918     -22.5919     -3.94119    -0.179123      -111061       -1.179      6.60269     0.265951     0.123002    -0.360085      -1.4302      0.33552       68.058   -0.0244835   -0.0181743
   0.0310474     0.044453   -0.0075896   0.00530021  4.37932e-05     -1193.32    0.0117353  -0.00655582      0.05525     0.023841  -0.00251627   -0.0324885  -0.00265643   -0.0244835   0.00220184   5.2112e-05
 -0.00707991  -0.00382788  -0.00912185   0.00893885 -0.000287801     -293.914    0.0234136   -0.0112276    -0.204693  -0.00463509    0.0012972  -0.00662152  -0.00533495   -0.0181743   5.2112e-05  0.000661047
