   0.0041119   0.00851792   0.00466827   0.00384109  -0.00945934  7.36096e-05    0.0128181    0.0173324  0.000175023  -0.00574694 -0.000738631 -1.27983e-05   0.00100944   0.00201447  -0.00143591 -0.000401073
  0.00851792      73.9947    -0.208254     0.163289     -1.20204    0.0809213     -17.1755     0.687379      1.45218      -15.947     -34.7232   0.00135453     0.589973     0.261704      8.26328     -0.31298
  0.00466827    -0.208254      11.7638     0.495808    -0.115731    -0.150444 -0.000323051     -1.20213     0.072802   -0.0656351     -0.29181  0.000106842     0.098077     0.367594     0.224296    -0.145429
  0.00384109     0.163289     0.495808      339.827      4.34404     -3.16151      -5.0577      11.2128      3.03573     -8.92582      11.1793   0.00172291     -1.78273      2.65933     -96.1896    -0.441548
 -0.00945934     -1.20204    -0.115731      4.34404      30.1351     0.473226      -3.9711     0.613525     0.066113     -2.31413      3.35959 -0.000110097     0.125028   -0.0153831     -1.56191   -0.0383584
 7.36096e-05    0.0809213    -0.150444     -3.16151     0.473226      13.3734     -4.04571     -2.25317     0.136005     -1.56627      1.22168  0.000155084     0.100666    -0.163501      1.04548 -0.000473322
   0.0128181     -17.1755 -0.000323051      -5.0577      -3.9711     -4.04571      45.3901      21.3111     -1.39121      2.05191     -2.66919  -0.00147592    -0.498056       1.7451      1.59279     0.011921
   0.0173324     0.687379     -1.20213      11.2128     0.613525     -2.25317      21.3111      59.3907     -1.16728     -3.59968      15.3088  0.000391617    -0.545327       1.3159     -1.31832     0.642052
 0.000175023      1.45218     0.072802      3.03573     0.066113     0.136005     -1.39121     -1.16728      9.45135     0.431229    -0.250086 -0.000345048    0.0425958     0.157323    -0.770948    0.0115251
 -0.00574694      -15.947   -0.0656351     -8.92582     -2.31413     -1.56627      2.05191     -3.59968     0.431229      45.6364       9.2788  -0.00218527      0.81622     0.889908      -1.6325    -0.441404
-0.000738631     -34.7232     -0.29181      11.1793      3.35959      1.22168     -2.66919      15.3088    -0.250086       9.2788      40.8447  0.000557289    -0.460965    -0.561341     -5.25117     0.611163
-1.27983e-05   0.00135453  0.000106842   0.00172291 -0.000110097  0.000155084  -0.00147592  0.000391617 -0.000345048  -0.00218527  0.000557289  7.82287e-06 -0.000158778 -3.54317e-05  -7.3326e-05  1.39804e-05
  0.00100944     0.589973     0.098077     -1.78273     0.125028     0.100666    -0.498056    -0.545327    0.0425958      0.81622    -0.460965 -0.000158778       1.6716   -0.0230142     0.457334   -0.0548426
  0.00201447     0.261704     0.367594      2.65933   -0.0153831    -0.163501       1.7451       1.3159     0.157323     0.889908    -0.561341 -3.54317e-05   -0.0230142      5.65293     -0.95637    0.0562776
 -0.00143591      8.26328     0.224296     -96.1896     -1.56191      1.04548      1.59279     -1.31832    -0.770948      -1.6325     -5.25117  -7.3326e-05     0.457334     -0.95637      29.2977     0.107586
-0.000401073     -0.31298    -0.145429    -0.441548   -0.0383584 -0.000473322     0.011921     0.642052    0.0115251    -0.441404     0.611163  1.39804e-05   -0.0548426    0.0562776     0.107586      1.63838
