   0.0986385  0.000116352     -202.195   -0.0629932     0.134801    0.0366114   -0.0313249     0.491198   0.00624367   0.00779873    0.0636826    -0.192537   -0.0398587     0.123889    0.0330753
 0.000116352  0.000419814    -0.345938  -0.00307001  -0.00707189  -0.00548726   0.00593927   -0.0121365  0.000305551 -0.000801034   0.00517843    0.0149268   -0.0265719   0.00021339  -0.00145037
    -202.195    -0.345938       916920      257.097     -618.425      13.2852      53.1551     -1193.99      11.8819      11.3865     -842.652      586.458     -880.538     -409.506     -163.304
  -0.0629932  -0.00307001      257.097      16.4509     -2.24655    -0.391097     -7.86884      6.54742     0.197919     0.212558     -16.4602    -0.124037      2.78973     0.889189     0.272197
    0.134801  -0.00707189     -618.425     -2.24655      23.9844      7.10929      1.99824      4.51064       0.2517     0.239882      11.4876     -9.03478      26.8537     -1.32365      2.32412
   0.0366114  -0.00548726      13.2852    -0.391097      7.10929      186.197      6.78397      -4.3718    0.0401453     0.288008      8.20688      2.11988      11.8924    -0.305256    -0.620263
  -0.0313249   0.00593927      53.1551     -7.86884      1.99824      6.78397      29.9127     -0.34446   -0.0012102    -0.451138        15.64      19.2383      10.7684     0.742598    0.0731523
    0.491198   -0.0121365     -1193.99      6.54742      4.51064      -4.3718     -0.34446      528.534     0.277305    -0.598603     -7.64392      7.17722      32.4137    -0.124086     -1.76625
  0.00624367  0.000305551      11.8819     0.197919       0.2517    0.0401453   -0.0012102     0.277305     0.556288   -0.0017407     0.536006    -0.114891    -0.587527    -0.044528   -0.0923636
  0.00779873 -0.000801034      11.3865     0.212558     0.239882     0.288008    -0.451138    -0.598603   -0.0017407     0.664322    -0.150384    -0.410992      1.26267   -0.0342626     0.134916
   0.0636826   0.00517843     -842.652     -16.4602      11.4876      8.20688        15.64     -7.64392     0.536006    -0.150384       80.376       -11.54     -11.1759    -0.591272      4.93144
   -0.192537    0.0149268      586.458    -0.124037     -9.03478      2.11988      19.2383      7.17722    -0.114891    -0.410992       -11.54      39.6339      3.99909    -0.548465     -3.38909
  -0.0398587   -0.0265719     -880.538      2.78973      26.8537      11.8924      10.7684      32.4137    -0.587527      1.26267     -11.1759      3.99909      268.936      8.48169    -0.890006
    0.123889   0.00021339     -409.506     0.889189     -1.32365    -0.305256     0.742598    -0.124086    -0.044528   -0.0342626    -0.591272    -0.548465      8.48169      2.93903    -0.447438
   0.0330753  -0.00145037     -163.304     0.272197      2.32412    -0.620263    0.0731523     -1.76625   -0.0923636     0.134916      4.93144     -3.38909    -0.890006    -0.447438      7.12538
