     257.123      3.29029    -0.033263    -0.320074     -6.97965     -14.7072   -0.0290832      10249.2     -48946.4     0.348267   -0.0583846      3.20678            0     -4.97552     -1.69561
     3.29029      15.3582   0.00280543   -0.0195423      1.35211     -1.61201    0.0413531      47112.1            0     0.159533    -0.153774    -0.855924     -9.85333            0    -0.127829
   -0.033263   0.00280543      0.20942    0.0040255            0     0.146979  -0.00328577     -1319.78     -871.902   -0.0107938 -0.000662841      1.26691      2.94128     -7.37245    0.0433672
   -0.320074   -0.0195423    0.0040255     0.297893    -0.112257     0.112192  -0.00416853      490.022            0  -0.00869899    -0.172749   -0.0949542      3.50076     -1.51271   -0.0765694
    -6.97965      1.35211            0    -0.112257      282.651     -2.39103    0.0470327      26964.3       348455       1.0671    0.0192255     -21.2843            0            0   -0.0217299
    -14.7072     -1.61201     0.146979     0.112192     -2.39103      1818.15    -0.463759            0            0      -20.281      -1.5431     -270.702     -49.6669      8.74821      1.14965
  -0.0290832    0.0413531  -0.00328577  -0.00416853    0.0470327    -0.463759    0.0386879      392.215            0    0.0271498  -0.00508096     -1.17671            0     0.222241   -0.0379262
     10249.2      47112.1     -1319.78      490.022      26964.3            0      392.215  1.26638e+10            0      2283.82            0            0            0            0            0
    -48946.4            0     -871.902            0       348455            0            0            0   9.6292e+09            0            0     -92879.8            0      -367902            0
    0.348267     0.159533   -0.0107938  -0.00869899       1.0671      -20.281    0.0271498      2283.82            0      4.79341    0.0551095     -6.66676      16.0223     -11.3222    -0.130484
  -0.0583846    -0.153774 -0.000662841    -0.172749    0.0192255      -1.5431  -0.00508096            0            0    0.0551095      13.3952      11.6384     -10.0106     -8.38465     0.366953
     3.20678    -0.855924      1.26691   -0.0949542     -21.2843     -270.702     -1.17671            0     -92879.8     -6.66676      11.6384      18483.8      363.126            0            0
           0     -9.85333      2.94128      3.50076            0     -49.6669            0            0            0      16.0223     -10.0106      363.126      33166.9      103.919            0
    -4.97552            0     -7.37245     -1.51271            0      8.74821     0.222241            0      -367902     -11.3222     -8.38465            0      103.919      14210.9            0
    -1.69561    -0.127829    0.0433672   -0.0765694   -0.0217299      1.14965   -0.0379262            0            0    -0.130484     0.366953            0            0            0      60.2883
