    64.9188     2.56133  -0.0578915   -0.788287    -1.54683    -1.33314   -0.549495     12.5731    -50.7061    0.371338  -0.0480764    0.251506           0   -0.308169    -0.60672
    2.56133     36.8478   0.0150539   -0.147932    0.915986   -0.450418     2.44675     177.665           0    0.524465   -0.396838   -0.207761    -1.74459           0   -0.141049
 -0.0578915   0.0150539     2.51257   0.0682545           0   0.0919936   -0.434794    -11.1336    -6.24009  -0.0793989 -0.00379082    0.687175     1.16455     -3.1458    0.106956
  -0.788287   -0.147932   0.0682545     7.14027   -0.243092   0.0991039   -0.780841      5.8497           0  -0.0789437    -1.40815  -0.0729252     1.95705   -0.914412   -0.266559
   -1.54683    0.915986           0   -0.243092      55.188    -0.19049    0.793902     27.1143     317.904     1.00067   0.0143171    -1.46648           0           0 -0.00715424
   -1.33314   -0.450418   0.0919936   0.0991039    -0.19049     59.1705    -3.19568           0           0    -7.76473   -0.465855    -7.64831    -1.02424    0.193725     0.14777
  -0.549495     2.44675   -0.434794   -0.780841    0.793902    -3.19568     56.4496     36.4982           0      2.2013   -0.322928     -7.0409           0     1.04579     -1.0321
    12.5731     177.665    -11.1336      5.8497     27.1143           0     36.4982     75008.8           0     11.8268           0           0           0           0           0
   -50.7061           0    -6.24009           0     317.904           0           0           0     41140.1           0           0    -29.8486           0    -93.6151           0
   0.371338    0.524465  -0.0793989  -0.0789437     1.00067    -7.76473      2.2013     11.8268           0      21.592      0.1961    -2.21626     3.88704    -2.96024    -0.19729
 -0.0480764   -0.396838 -0.00379082    -1.40815   0.0143171   -0.465855   -0.322928           0           0      0.1961     37.1639     3.03362     -1.9097    -1.72131    0.434121
   0.251506   -0.207761    0.687175  -0.0729252    -1.46648    -7.64831     -7.0409           0    -29.8486    -2.21626     3.03362     453.398     6.50076           0           0
          0    -1.74459     1.16455     1.95705           0    -1.02424           0           0           0     3.88704     -1.9097     6.50076      433.37     1.46312           0
  -0.308169           0     -3.1458   -0.914412           0    0.193725     1.04579           0    -93.6151    -2.96024    -1.72131           0     1.46312     215.657           0
   -0.60672   -0.141049    0.106956   -0.266559 -0.00715424     0.14777     -1.0321           0           0    -0.19729    0.434121           0           0           0     30.5995
