    0.015087   -0.0129349            0    0.0034024      1.93278    -0.356912     0.768984     -10.7509  -0.00100362     -8.77584      172.147      1.98534      5593.83      2.58979      963.124 -6.78271e-06
  -0.0129349      9.18351            0    -0.112892     -75.6379      4.16237            0      91.4173  0.000955999            0     -863.781            0        80224     -31.4278            0  0.000409047
           0            0   2.7085e+19            0            0            0            0  1.11226e+12   8.0403e+08            0            0            0            0            0            0      -491346
   0.0034024    -0.112892            0      3.98512      111.246            0     -38.3621            0  -0.00256986      271.379      7395.57            0     -10756.4     -10.1268      -100955 -0.000160952
     1.93278     -75.6379            0      111.246  2.03858e+06     -3137.43      2913.96            0      7.82605       401698            0            0            0            0  6.97739e+07    -0.128544
   -0.356912      4.16237            0            0     -3137.43      3792.81      1015.01      52932.8     0.139545      11498.3      11997.1            0            0            0            0   -0.0110839
    0.768984            0            0     -38.3621      2913.96      1015.01  1.98971e+06            0      23.3528       344539            0       363600            0     -10837.3  1.44392e+08  -0.00984707
    -10.7509      91.4173  1.11226e+12            0            0      52932.8            0  2.79687e+08     -161.173            0            0            0            0       112698  1.80431e+08    -0.622885
 -0.00100362  0.000955999   8.0403e+08  -0.00256986      7.82605     0.139545      23.3528     -161.173     0.094086      104.936      295.007      8.82651      21272.8     -9.35008       146435  7.34266e-05
    -8.77584            0            0      271.379       401698      11498.3       344539            0      104.936   1.0103e+08  1.75364e+07      -102244            0      92898.5            0     -1.57535
     172.147     -863.781            0      7395.57            0      11997.1            0            0      295.007  1.75364e+07  1.03189e+10            0 -9.45208e+08            0 -1.29481e+10            0
     1.98534            0            0            0            0            0       363600            0      8.82651      -102244            0  1.83602e+06            0            0            0            0
     5593.83        80224            0     -10756.4            0            0            0            0      21272.8            0 -9.45208e+08            0  1.75996e+13  7.94867e+07            0     -424.452
     2.58979     -31.4278            0     -10.1268            0            0     -10837.3       112698     -9.35008      92898.5            0            0  7.94867e+07       619586            0      -3.3918
     963.124            0            0      -100955  6.97739e+07            0  1.44392e+08  1.80431e+08       146435            0 -1.29481e+10            0            0            0   5.3583e+12      421.703
-6.78271e-06  0.000409047      -491346 -0.000160952    -0.128544   -0.0110839  -0.00984707    -0.622885  7.34266e-05     -1.57535            0            0     -424.452      -3.3918      421.703  2.32453e-05
