    163.004     3.02829  -0.0399666   -0.423789     -4.2319    -6.64175  -0.0773385      1184.2    -5187.14    0.355756  -0.0550691     1.37737           0    -1.98104    -1.20669
    3.02829       20.52  0.00489359  -0.0375633     1.18027    -1.05678    0.159672     7890.67           0     0.23658    -0.21042   -0.535677    -5.55424           0   -0.132067
 -0.0399666  0.00489359    0.476883   0.0101015           0    0.125786  -0.0165632    -288.551    -175.492   -0.020902 -0.00118374     1.03465     2.16449    -5.56152   0.0584947
  -0.423789  -0.0375633   0.0101015    0.823756   -0.142411    0.105815  -0.0231558     118.249           0  -0.0185521   -0.340077  -0.0854433     2.83894     -1.2575   -0.113809
    -4.2319     1.18027           0   -0.142411     164.496    -1.03404    0.119862     2788.94     35432.2     1.04428   0.0173597     -8.7508           0           0  -0.0147896
   -6.64175    -1.05678    0.125786    0.105815    -1.03404     584.916   -0.878659           0           0    -14.7575    -1.03612    -83.0978    -13.7385     2.48062    0.582905
 -0.0773385    0.159672  -0.0165632  -0.0231558    0.119862   -0.878659    0.431707     189.762           0    0.116363  -0.0200931    -2.12747           0    0.371111   -0.113239
     1184.2     7890.67    -288.551     118.249     2788.94           0     189.762 2.65803e+08           0     425.054           0           0           0           0           0
   -5187.14           0    -175.492           0     35432.2           0           0           0 1.71441e+08           0           0    -6660.76           0    -24523.4           0
   0.355756     0.23658   -0.020902  -0.0185521     1.04428    -14.7575    0.116363     425.054           0     7.88924   0.0837088    -4.62892     10.0238    -7.26111    -0.14962
 -0.0550691    -0.21042 -0.00118374   -0.340077   0.0173597    -1.03612  -0.0200931           0           0   0.0837088      18.773     7.45699    -5.77939    -4.96217    0.388291
    1.37737   -0.535677     1.03465  -0.0854433     -8.7508    -83.0978    -2.12747           0    -6660.76    -4.62892     7.45699     5414.18     95.8387           0           0
          0    -5.55424     2.16449     2.83894           0    -13.7385           0           0           0     10.0238    -5.77939     95.8387     7887.78     25.3331           0
   -1.98104           0    -5.56152     -1.2575           0     2.48062    0.371111           0    -24523.4    -7.26111    -4.96217           0     25.3331     3551.28           0
   -1.20669   -0.132067   0.0584947   -0.113809  -0.0147896    0.582905   -0.113239           0           0    -0.14962    0.388291           0           0           0     48.1658
