   0.0890334   -0.0375493            0    0.0110395      1.13804    -0.441934     0.450014     -3.47537  -0.00618757     -3.19246      29.3828      1.18068      5011.12      1.88686      593.371 -8.49062e-05
  -0.0375493      13.1088            0    -0.180037     -21.8718      2.53482            0      14.6178   0.00290277            0     -72.0277            0      34945.7     -11.2772            0   0.00250647
           0            0  8.09597e+15            0            0            0            0  2.57379e+09  3.53003e+07            0            0            0            0            0            0     -42640.8
   0.0110395    -0.180037            0      7.10086      35.9422            0     -12.2207            0  -0.00871098      60.2595      691.194            0     -5234.38     -4.06026     -35237.8  -0.00110542
     1.13804     -21.8718            0      35.9422       119421     -387.049      168.324            0      4.81061      16157.4            0            0            0            0  4.40963e+06    -0.159919
   -0.441934      2.53482            0            0     -387.049      985.386      123.478      3611.82     0.180662      974.315      424.464            0            0            0            0   -0.0290917
    0.450014            0            0     -12.2207      168.324      123.478       113330            0      14.1521      13666.7            0        21233            0     -776.698  9.01755e+06   -0.0117653
    -3.47537      14.6178  2.57379e+09            0            0      3611.82            0  5.01179e+06     -54.7247            0            0            0            0       4527.9  6.24432e+06    -0.428198
 -0.00618757   0.00290277  3.53003e+07  -0.00871098      4.81061     0.180662      14.1521     -54.7247     0.606736      44.3013      52.4596      5.48448      19950.1     -7.13255      97292.6  0.000961847
    -3.19246            0            0      60.2595      16157.4      974.315      13666.7            0      44.3013   2.7919e+06       204564     -4121.61            0      4618.88            0     -1.34457
     29.3828     -72.0277            0      691.194            0      424.464            0            0      52.4596       204564  5.06724e+07            0 -2.38408e+07            0 -2.36033e+08            0
     1.18068            0            0            0            0            0        21233            0      5.48448     -4121.61            0       109926            0            0            0            0
     5011.12      34945.7            0     -5234.38            0            0            0            0      19950.1            0 -2.38408e+07            0  2.38863e+12  8.78178e+06            0     -802.021
     1.88686     -11.2772            0     -4.06026            0            0     -776.698       4527.9     -7.13255      4618.88            0            0  8.78178e+06      55903.4            0     -5.23482
     593.371            0            0     -35237.8  4.40963e+06            0  9.01755e+06  6.24432e+06      97292.6            0 -2.36033e+08            0            0            0  3.66401e+11      565.845
-8.49062e-05   0.00250647     -42640.8  -0.00110542    -0.159919   -0.0290917   -0.0117653    -0.428198  0.000961847     -1.34457            0            0     -802.021     -5.23482      565.845  0.000613468
