 1.94439e+08            0     -326.886     -192.494            0      11884.5            0            0     -1358.53            0            0     -116.731      24.8447     -1526.42            0      45851.2            0
           0      62.2781    -0.247632     0.181613            0     -1.97237            0            0     -1.08049     -5.77759         5.19    0.0375175      1.09582      21.6032            0            0            0
    -326.886    -0.247632      1.31857    0.0660734     -1.75122   -0.0852641    0.0577748     -4.73609   -0.0947713   -0.0791374     -16.2476   -0.0490336    0.0342413    -0.162994     -1.40965     -2.02019            0
    -192.494     0.181613    0.0660734      8.66813    -0.343991      1.91595      37.3627      8.10897   -0.0790331     -2.07173     -0.45143    0.0451154    -0.624451    -0.485806      3.02019     0.857255            0
           0            0     -1.75122    -0.343991      67193.8     -3.69603      -1333.5      429.336      24.0315      -81.994      155.193     -2.39354     -17.6755     -17.4429      586.482     -97.8799            0
     11884.5     -1.97237   -0.0852641      1.91595     -3.69603       520.72     -66.6207      907.646     0.369925     -1.01619     -45.3391    0.0830259      7.19659     -1.32157      7.09898      2.30658            0
           0            0    0.0577748      37.3627      -1333.5     -66.6207      71512.2      48.6609      -1.8515     -85.6444      15.8996     -3.14888     -26.7404     -40.4743      -563.99     -294.522  5.24984e-05
           0            0     -4.73609      8.10897      429.336      907.646      48.6609      23700.7            0      18.9338      98.7987     0.225102      -13.515      20.8372            0       411.82 -0.000170473
    -1358.53     -1.08049   -0.0947713   -0.0790331      24.0315     0.369925      -1.8515            0      76.7336     -2.33626     -1.17709   -0.0131071     -1.76986      -1.1376     -30.5716      17.8481            0
           0     -5.77759   -0.0791374     -2.07173      -81.994     -1.01619     -85.6444      18.9338     -2.33626      315.757      10.2256    -0.125834       7.2699      93.2794     -13.1182      64.7606  4.63661e-05
           0         5.19     -16.2476     -0.45143      155.193     -45.3391      15.8996      98.7987     -1.17709      10.2256      4414.42     0.364868      11.3104      9.10277      -39.515      117.976  1.93324e-05
    -116.731    0.0375175   -0.0490336    0.0451154     -2.39354    0.0830259     -3.14888     0.225102   -0.0131071    -0.125834     0.364868     0.220998    0.0598051   -0.0307921    -0.411355      1.08441            0
     24.8447      1.09582    0.0342413    -0.624451     -17.6755      7.19659     -26.7404      -13.515     -1.76986       7.2699      11.3104    0.0598051      152.339      2.98437     -11.8645      33.2118            0
    -1526.42      21.6032    -0.162994    -0.485806     -17.4429     -1.32157     -40.4743      20.8372      -1.1376      93.2794      9.10277   -0.0307921      2.98437      38.8464      1.46558      3.94939  1.45142e-05
           0            0     -1.40965      3.02019      586.482      7.09898      -563.99            0     -30.5716     -13.1182      -39.515    -0.411355     -11.8645      1.46558      3678.33      75.2699            0
     45851.2            0     -2.02019     0.857255     -97.8799      2.30658     -294.522       411.82      17.8481      64.7606      117.976      1.08441      33.2118      3.94939      75.2699      9858.45            0
           0            0            0            0            0            0  5.24984e-05 -0.000170473            0  4.63661e-05  1.93324e-05            0            0  1.45142e-05            0            0  1.25348e-10
