 4.02753e-05  1.70986e-06    -0.171043  6.34341e+09     -71.9665    -0.012948       5.3742 -7.06539e-05  0.000653302  0.000247884     -280.647    0.0369814 -1.49477e-05  -0.00080767    0.0127567    0.0509963   0.00020356  -0.00367679
 1.70986e-06   0.00318217      9.02414            0     -731.342    0.0507581      561.623  -0.00289618   -0.0484604  -0.00192697     -1769.82   -0.0876597   -0.0710534  -0.00329009    -0.201205     0.303057   0.00185225    -0.134833
   -0.171043      9.02414  2.00057e+07            0 -8.89482e+06      -1315.8            0     -5.69492     -2110.96      40.8443 -5.36489e+07     -14958.2     -3179.49      1006.82     -9908.66            0      677.035     -2593.44
 6.34341e+09            0            0   4.7414e+26            0            0            0            0            0            0            0            0  -3.6037e+14            0            0            0            0            0
    -71.9665     -731.342 -8.89482e+06            0  2.52578e+11      60163.9            0     -2620.71       428708      16849.5  5.56686e+09      -834586            0     -58099.2      -614231            0     -17400.2       183824
   -0.012948    0.0507581      -1315.8            0      60163.9      1168.37      81023.8    -0.184005     -4.65971    -0.650031     -37470.9     -63.9556     -20.0795      7.99183      121.337      156.009    -0.531137     -71.3752
      5.3742      561.623            0            0            0      81023.8  2.76665e+10     -2187.46       141322      11560.4   -6.178e+09            0     -63453.9            0            0            0            0 -6.49746e+06
-7.06539e-05  -0.00289618     -5.69492            0     -2620.71    -0.184005     -2187.46    0.0643943    0.0384752    0.0832222     -1454.03    -0.129373     0.160257   -0.0546425      1.44851    -0.756166  -0.00405747     0.479955
 0.000653302   -0.0484604     -2110.96            0       428708     -4.65971       141322    0.0384752      6481.53      5.93931       201117     -542.479       28.891       15.166      11935.4      495.547      2.61416     -41.9426
 0.000247884  -0.00192697      40.8443            0      16849.5    -0.650031      11560.4    0.0832222      5.93931      8.33526        23569     -2.23133     0.212024     0.611292       4.4055     -8.60449   -0.0322299     -2.25952
    -280.647     -1769.82 -5.36489e+07            0  5.56686e+09     -37470.9   -6.178e+09     -1454.03       201117        23569  1.56024e+11      -297454      15969.9     -23891.2       661174 -3.82005e+07      1804.75            0
   0.0369814   -0.0876597     -14958.2            0      -834586     -63.9556            0    -0.129373     -542.479     -2.23133      -297454        16846     -73.2132     -58.9943     -138.364      747.406     -1.85601     -58.7379
-1.49477e-05   -0.0710534     -3179.49  -3.6037e+14            0     -20.0795     -63453.9     0.160257       28.891     0.212024      15969.9     -73.2132       714.29      3.17012       -64.93      241.171    -0.188859      14.6114
 -0.00080767  -0.00329009      1006.82            0     -58099.2      7.99183            0   -0.0546425       15.166     0.611292     -23891.2     -58.9943      3.17012      64.3724      26.6144      -158.84    -0.271115    -0.837521
   0.0127567    -0.201205     -9908.66            0      -614231      121.337            0      1.44851      11935.4       4.4055       661174     -138.364       -64.93      26.6144      51090.5     -585.836    -0.624437     -49.7876
   0.0509963     0.303057            0            0            0      156.009            0    -0.756166      495.547     -8.60449 -3.82005e+07      747.406      241.171      -158.84     -585.836       376629      -2.4394            0
  0.00020356   0.00185225      677.035            0     -17400.2    -0.531137            0  -0.00405747      2.61416   -0.0322299      1804.75     -1.85601    -0.188859    -0.271115    -0.624437      -2.4394      1.54357   -0.0260852
 -0.00367679    -0.134833     -2593.44            0       183824     -71.3752 -6.49746e+06     0.479955     -41.9426     -2.25952            0     -58.7379      14.6114    -0.837521     -49.7876            0   -0.0260852      1811.03
