    1982.88           0     -2.5434    -1.01165    0.270093     11.4603           0           0    -4.38626           0           0    -2.92135    0.588756    -5.96808           0     16.2243           0
          0      65.525   -0.618443    0.357815           0   -0.624486           0           0    -1.12286    -4.21082      0.6624    0.300975    0.504471     27.1695           0           0           0
    -2.5434   -0.618443     7.81549    0.308567   -0.105653  -0.0641993  0.00740995    -1.02304   -0.233109   -0.141187    -4.91623   -0.932663    0.134957   -0.487138   -0.451135   -0.522734           0
   -1.01165    0.357815    0.308567     31.9289  0.00275608     1.12747     3.63767     1.37355   -0.153903    -2.83995   -0.108357     0.67863   -0.668044    -1.11926    0.764502    0.175119           0
   0.270093           0   -0.105653  0.00275608     40.2475   0.0790268    -1.64592     1.05442    0.310816    -1.46329    0.480535   -0.477566   0.0950114   -0.525004     1.87018   -0.252082           0
    11.4603   -0.624486  -0.0641993     1.12747   0.0790268     49.4851    -1.04025     24.6403   0.0859761   -0.229595    -1.73772     0.20064      1.0226   -0.500141    0.286768   0.0780525           0
          0           0  0.00740995     3.63767    -1.64592    -1.04025      182.51    0.217516  -0.0949388    -3.07586    0.100092       -1.24     -0.6008    -2.46836    -3.74401    -1.65315     2.88837
          0           0    -1.02304     1.37355     1.05442     24.6403    0.217516     186.088 2.26985e-20     1.19531     1.09511    0.147279   -0.547718     2.25025           0     4.04171    -17.7897
   -4.38626    -1.12286   -0.233109   -0.153903    0.310816   0.0859761  -0.0949388 2.26985e-20     78.4001    -1.69876   -0.119013   -0.104975   -0.903855    -1.39169    -3.99283     1.99855           0
          0    -4.21082   -0.141187    -2.83995    -1.46329   -0.229595    -3.07586     1.19531    -1.69876     161.329    0.910575   -0.706645     2.32305     80.2678    -1.23414     6.01706     76.1586
          0      0.6624    -4.91623   -0.108357    0.480535    -1.73772    0.100092     1.09511   -0.119013    0.910575     68.3107    0.354717    0.625059     1.37852   -0.651216     1.62846     2.63578
   -2.92135    0.300975   -0.932663     0.67863   -0.477566     0.20064       -1.24    0.147279   -0.104975   -0.706645    0.354717     13.5359    0.201123   -0.291725   -0.420667    0.941592    -1.12295
   0.588756    0.504471    0.134957   -0.668044   0.0950114      1.0226     -0.6008   -0.547718   -0.903855     2.32305    0.625059    0.201123     30.6352     1.61555   -0.715756     1.72224           0
   -5.96808     27.1695   -0.487138    -1.11926   -0.525004   -0.500141    -2.46836     2.25025    -1.39169     80.2678     1.37852   -0.291725     1.61555     56.8475    0.238047    0.961199      39.961
          0           0   -0.451135    0.764502     1.87018    0.286768    -3.74401           0    -3.99283    -1.23414   -0.651216   -0.420667   -0.715756    0.238047     62.6336     1.15333           0
    16.2243           0   -0.522734    0.175119   -0.252082   0.0780525    -1.65315     4.04171     1.99855     6.01706     1.62846    0.941592     1.72224    0.961199     1.15333     121.326           0
          0           0           0           0           0           0     2.88837    -17.7897           0     76.1586     2.63578    -1.12295           0      39.961           0           0     217.889
