  3.1979e+07            0     -152.338     -86.3877            0      4011.14            0            0     -552.236            0            0     -65.4984      8.82599      -638.39            0      13109.5            0
           0      62.7798    -0.285672     0.201851            0     -1.64811            0            0     -1.08732     -5.50864      3.74649    0.0521188     0.970406      22.3698            0            0            0
    -152.338    -0.285672      1.74078    0.0840403     -1.11703   -0.0815332    0.0414274     -3.71389    -0.109142   -0.0863487     -13.4221   -0.0779527    0.0347008    -0.193149     -1.17755     -1.63665            0
    -86.3877     0.201851    0.0840403      10.6221    -0.211392      1.76515      25.8112      6.12629   -0.0876895     -2.17786     -0.35928    0.0691011    -0.609692    -0.554633      2.43066     0.669095            0
           0            0     -1.11703    -0.211392      20707.9     -1.70762     -461.982      162.663      13.3715     -43.2255      61.9419     -1.83849     -8.65451     -9.98675      236.704     -38.3125            0
     4011.14     -1.64811   -0.0815332      1.76515     -1.70762      360.674     -34.6013       515.54     0.308585    -0.803134     -27.1294    0.0956075      5.28265     -1.13435      4.29536      1.35352            0
           0            0    0.0414274      25.8112     -461.982     -34.6013      27850.6      20.7252     -1.15811     -50.7553      7.13388     -2.71896     -14.7185       -26.05     -255.886     -129.595  3.31143e-05
           0            0     -3.71389      6.12629      162.663       515.54      20.7252      11039.3            0       12.271      48.4792     0.212563     -8.13534      14.6666            0      198.171 -0.000117583
    -552.236     -1.08732    -0.109142   -0.0876895      13.3715     0.308585     -1.15811            0      77.0866     -2.22368    -0.848243   -0.0181769      -1.5646     -1.17594     -22.2773      12.6134            0
           0     -5.50864   -0.0863487     -2.17786     -43.2255    -0.803134     -50.7553       12.271     -2.22368      284.749      6.98158    -0.165337      6.08911      91.3568     -9.05683      43.3619  4.45038e-05
           0      3.74649     -13.4221     -0.35928      61.9419     -27.1294      7.13388      48.4792    -0.848243      6.98158      2281.93     0.362969       7.1724      6.74974     -20.6547      59.8074  1.40489e-05
    -65.4984    0.0521188   -0.0779527    0.0691011     -1.83849    0.0956075     -2.71896     0.212563   -0.0181769    -0.165337     0.362969     0.423082    0.0729838   -0.0439398    -0.413793      1.05793            0
     8.82599     0.970406    0.0347008    -0.609692     -8.65451      5.28265     -14.7185     -8.13534      -1.5646      6.08911       7.1724    0.0729838      118.509      2.71471     -7.60796      20.6541            0
     -638.39      22.3698    -0.193149    -0.554633     -9.98675     -1.13435       -26.05      14.6666     -1.17594      91.3568      6.74974   -0.0439398      2.71471      41.3193       1.0989      2.87192  1.51299e-05
           0            0     -1.17755      2.43066      236.704      4.29536     -255.886            0     -22.2773     -9.05683     -20.6547    -0.413793     -7.60796       1.0989      1944.22      38.5845            0
     13109.5            0     -1.63665     0.669095     -38.3125      1.35352     -129.595      198.171      12.6134      43.3619      59.8074      1.05793      20.6541      2.87192      38.5845      4901.11            0
           0            0            0            0            0            0  3.31143e-05 -0.000117583            0  4.45038e-05  1.40489e-05            0            0  1.51299e-05            0            0  1.28054e-10
