     32.0081      -8.1468      7.73061     -2.38142   0.00997388  -0.00918326     -869.035     0.147115     0.347906      2383.62     -3.19979      23.2802    -0.183867     -6.63486     -2.92776
     -8.1468      36.8884      4.02755     -10.9157    0.0560469    0.0499793      1558.71      10.6775     0.405117      203.547    -0.886312     0.119622    0.0969614     -2.93906     -2.26652
     7.73061      4.02755       56.217      11.7857     0.049171  -0.00557007     -76.9514     -11.5278    -0.243118      542.939    -0.725823      88.8207     0.573983      9.83267     -2.71103
    -2.38142     -10.9157      11.7857      29.0384   -0.0508129   -0.0169069     -85.2912      12.2498    -0.064628     -215.943      1.45142     -122.577      0.27869      12.2126   -0.0114929
  0.00997388    0.0560469     0.049171   -0.0508129    0.0165469 -0.000196836      12.5173    -0.042735  -0.00424983      1.50267   -0.0100125    0.0387652  -0.00523138   -0.0153136   -0.0378929
 -0.00918326    0.0499793  -0.00557007   -0.0169069 -0.000196836   0.00279144     -2.64699  0.000680016  0.000782933      1.87749  -0.00299917    -0.468407 -0.000760716  -0.00815512  -0.00408661
    -869.035      1558.71     -76.9514     -85.2912      12.5173     -2.64699  1.53153e+07      704.843      54.5636      -104802      -1555.1     -16359.2      -24.879       1074.1            0
    0.147115      10.6775     -11.5278      12.2498    -0.042735  0.000680016      704.843       46.435     0.900926      1294.99     0.207138     -194.515   -0.0246543     -3.51608    -0.422751
    0.347906     0.405117    -0.243118    -0.064628  -0.00424983  0.000782933      54.5636     0.900926     0.626732     -139.819    -0.197525     -2.26619     0.021195    -0.632376     0.115459
     2383.62      203.547      542.939     -215.943      1.50267      1.87749      -104802      1294.99     -139.819   1.3788e+07     -87.1467      5500.01      1.33632     -950.056            0
    -3.19979    -0.886312    -0.725823      1.45142   -0.0100125  -0.00299917      -1555.1     0.207138    -0.197525     -87.1467      17.0963    0.0129329  -0.00199939      2.49416     0.106891
     23.2802     0.119622      88.8207     -122.577    0.0387652    -0.468407     -16359.2     -194.515     -2.26619      5500.01    0.0129329       117318     0.140522     -54.7466     -102.462
   -0.183867    0.0969614     0.573983      0.27869  -0.00523138 -0.000760716      -24.879   -0.0246543     0.021195      1.33632  -0.00199939     0.140522       1.0169     0.307664     0.182928
    -6.63486     -2.93906      9.83267      12.2126   -0.0153136  -0.00815512       1074.1     -3.51608    -0.632376     -950.056      2.49416     -54.7466     0.307664      31.3716     -1.38992
    -2.92776     -2.26652     -2.71103   -0.0114929   -0.0378929  -0.00408661            0    -0.422751     0.115459            0     0.106891     -102.462     0.182928     -1.38992      69.5893
