   33.6215   -7.25287    7.67555   -1.61955   0.156257  -0.478029   -2.37693 -0.0634844    1.50249  -0.513279   -5.47836    1.09544   -2.49451   -3.17587   -2.48099
  -7.25287    39.4439   0.328153   -11.5429   0.896376    3.07678    5.16453    12.4488    1.97038    2.69594   -2.88655   -0.53339    -1.7649   0.740371    -1.6431
   7.67555   0.328153    59.3561    14.1493   0.773821  -0.508551  -0.641606   -15.6056   -1.50223   -13.4353    9.31346    5.32169   -3.22209    9.07056   -3.53521
  -1.61955   -11.5429    14.1493    30.1736  -0.810878   -1.02957  -0.341078    11.7299  -0.494178    3.46355    7.51271    -5.2701    1.41161    13.3127   0.849955
  0.156257   0.896376   0.773821  -0.810878    4.17934  -0.196624   0.614788  -0.722822  -0.316306   0.133252  -0.445828 0.00764611  -0.447981     -0.257  -0.388605
 -0.478029    3.07678  -0.508551   -1.02957  -0.196624    9.33586  -0.454291   0.167824   0.174621   0.705754  -0.155035   -1.29148  -0.332479  -0.339411   0.108642
  -2.37693    5.16453  -0.641606  -0.341078   0.614788  -0.454291    142.879    2.76027     1.2131    2.31888    -7.1834   -2.68085  -0.716132    3.95023    1.51518
-0.0634844    12.4488   -15.6056    11.7299  -0.722822   0.167824    2.76027    50.1336    4.19923    17.4234   -6.85534   -9.78996   0.601458    2.82794    1.69519
   1.50249    1.97038   -1.50223  -0.494178  -0.316306   0.174621     1.2131    4.19923    14.4192    2.88251   -3.50878  -0.537973   0.332946   -3.02789   0.495963
 -0.513279    2.69594   -13.4353    3.46355   0.133252   0.705754    2.31888    17.4234    2.88251    41.2111   -13.6743   -1.93315   -2.87678   -7.76225   0.435194
  -5.47836   -2.88655    9.31346    7.51271  -0.445828  -0.155035    -7.1834   -6.85534   -3.50878   -13.6743    46.3077    1.68692    1.61935    15.5217  -0.767506
   1.09544   -0.53339    5.32169    -5.2701 0.00764611   -1.29148   -2.68085   -9.78996  -0.537973   -1.93315    1.68692    245.052   -1.76929   -2.81715   -65.9162
  -2.49451    -1.7649   -3.22209    1.41161  -0.447981  -0.332479  -0.716132   0.601458   0.332946   -2.87678    1.61935   -1.76929    38.3577    1.94138   0.952266
  -3.17587   0.740371    9.07056    13.3127     -0.257  -0.339411    3.95023    2.82794   -3.02789   -7.76225    15.5217   -2.81715    1.94138    37.5093  -0.599431
  -2.48099    -1.6431   -3.53521   0.849955  -0.388605   0.108642    1.51518    1.69519   0.495963   0.435194  -0.767506   -65.9162   0.952266  -0.599431    47.2307
