    35.8111      3.3194      8.1524    -2.61441     9.80277     2.82073    0.033845    -983.843     1.22918    -9.98211    -6.08255     2.24722     4.62941      611082    -63.8728
     3.3194     51.9698     2.31733   -0.588538     3.68219     -140.19      0.0108    -72.7496    0.363275    -1.97713   -0.319702    -1.73436      3.9663      168379    0.229511
     8.1524     2.31733     26.1477     1.82201      2.8741     18.7811 -0.00788676     111.711   -0.599684    -4.58166  -0.0607326    -14.7621     8.23743     -149052    -36.6965
   -2.61441   -0.588538     1.82201     57.3206    -6.11183     181.198  0.00153295    -116.842    -2.21342   -0.172801    -2.07642    -2.45922    0.529897    -11416.4    -5.86676
    9.80277     3.68219      2.8741    -6.11183     346.516    -907.936  -0.0358636      3133.8    -2.37075    -32.0713    -27.3388    -2.75888     11.0748     -237274    -108.374
    2.82073     -140.19     18.7811     181.198    -907.936     73604.1     1.32943     64465.5     15.5492      120.63    -1.71272   -0.274286   -0.953923 1.60499e+07    -1014.63
   0.033845      0.0108 -0.00788676  0.00153295  -0.0358636     1.32943  0.00627952    -3.23968  -0.0133668  0.00830647  -0.0605315   0.0232804 -0.00806851     21.0787  -0.0278048
   -983.843    -72.7496     111.711    -116.842      3133.8     64465.5    -3.23968 6.07196e+06    -77.3986           0    -794.243    -546.396     1068.13           0           0
    1.22918    0.363275   -0.599684    -2.21342    -2.37075     15.5492  -0.0133668    -77.3986     16.2305    0.127241     1.25442     1.03627    0.167406           0     4.79476
   -9.98211    -1.97713    -4.58166   -0.172801    -32.0713      120.63  0.00830647           0    0.127241     182.458    -4.06257   -0.105783    -5.62606     19631.3    0.416255
   -6.08255   -0.319702  -0.0607326    -2.07642    -27.3388    -1.71272  -0.0605315    -794.243     1.25442    -4.06257     37.8708     2.14633    0.415007    -62631.3     3.26743
    2.24722    -1.73436    -14.7621    -2.45922    -2.75888   -0.274286   0.0232804    -546.396     1.03627   -0.105783     2.14633     25.6622      2.5876      446970     7.94437
    4.62941      3.9663     8.23743    0.529897     11.0748   -0.953923 -0.00806851     1068.13    0.167406    -5.62606    0.415007      2.5876     62.1704      196406    -78.7274
     611082      168379     -149052    -11416.4     -237274 1.60499e+07     21.0787           0           0     19631.3    -62631.3      446970      196406 7.07105e+11           0
   -63.8728    0.229511    -36.6965    -5.86676    -108.374    -1014.63  -0.0278048           0     4.79476    0.416255     3.26743     7.94437    -78.7274           0     9003.71
