      409316  3.69734e+08     -76.3986     -391.428      130.111     -259.411       348270   -0.0117162      204.299      23.9374      164.285    -0.412172      153.727      -187200      5246.92
 3.69734e+08  1.11668e+16  1.90589e+07  5.86807e+06 -1.03917e+07  4.37645e+07  2.57672e+10      122.294   2.5455e+07 -2.68063e+06            0      -813896 -6.42654e+07 -1.54494e+11 -3.88065e+08
    -76.3986  1.90589e+07      66.4909       8.5129      1.82461    -0.534258     -86.0833 -0.000198923      11.6201    -0.992877      10.4177    -0.086835      7.79835     -270.983     -148.008
    -391.428  5.86807e+06       8.5129      30.2284     -6.06397       1.5841      108.017  0.000273257     -18.5045    -0.513406     -6.99362    0.0964101      -2.6648      507.471     -30.3764
     130.111 -1.03917e+07      1.82461     -6.06397      54.4606      4.83811     -961.623 -0.000379067     -7.72834     0.685409     -12.0367    -0.191813      7.58576     -67.9985      253.975
    -259.411  4.37645e+07    -0.534258       1.5841      4.83811      12.9035      1156.94 -2.11707e-05     0.312669    -0.413212     -13.6118  -0.00327949     -5.58442     -158.314      91.5878
      348270  2.57672e+10     -86.0833      108.017     -961.623      1156.94  2.90081e+07   -0.0576467      181.762      52.4073     -11753.1     -106.203     -3388.91 -1.60679e+06      18479.1
  -0.0117162      122.294 -0.000198923  0.000273257 -0.000379067 -2.11707e-05   -0.0576467  1.47242e-07 -0.000245745  6.19811e-06  0.000216504 -2.15316e-06 -0.000685879     0.214821   -0.0053509
     204.299   2.5455e+07      11.6201     -18.5045     -7.72834     0.312669      181.762 -0.000245745      31.5456    -0.245202      12.8436     0.058274     -0.47267      355.468     -113.983
     23.9374 -2.68063e+06    -0.992877    -0.513406     0.685409    -0.413212      52.4073  6.19811e-06    -0.245202       1.2976    0.0486108    0.0216928   -0.0236526      509.483     -7.17386
     164.285            0      10.4177     -6.99362     -12.0367     -13.6118     -11753.1  0.000216504      12.8436    0.0486108      1408.22     0.866592      6.43199       -69002     -49.4469
   -0.412172      -813896    -0.086835    0.0964101    -0.191813  -0.00327949     -106.203 -2.15316e-06     0.058274    0.0216928     0.866592     0.348774    -0.734696      896.555     -11.7792
     153.727 -6.42654e+07      7.79835      -2.6648      7.58576     -5.58442     -3388.91 -0.000685879     -0.47267   -0.0236526      6.43199    -0.734696      442.395      3793.47      60.7198
     -187200 -1.54494e+11     -270.983      507.471     -67.9985     -158.314 -1.60679e+06     0.214821      355.468      509.483       -69002      896.555      3793.47  3.03509e+08      -428322
     5246.92 -3.88065e+08     -148.008     -30.3764      253.975      91.5878      18479.1   -0.0053509     -113.983     -7.17386     -49.4469     -11.7792      60.7198      -428322       106672
