     22581.7  2.00983e+07     -15.9093     -97.0692      26.5578     -65.3706      970.182  -0.00765881      42.6767      7.03478        14.24    -0.345659      13.9995     -10443.1      343.157
 2.00983e+07  5.00567e+14  4.25394e+06       568198      -751953  9.18852e+06  1.83279e+08      60.9216  4.69192e+06      -733138            0      -472571 -5.24714e+06 -4.74486e+09 -2.26468e+07
    -15.9093  4.25394e+06      67.5992      9.71285     0.096144     -1.06381     -6.25696 -0.000582041      12.7357     -1.29155      3.88701    -0.189661      3.00234     -37.5632     -42.0484
    -97.0692       568198      9.71285      30.9706     -6.50691     0.705571       19.564  0.000792809     -18.6315    -0.654261     -1.89838     0.239338    -0.806265       52.074     -9.87354
     26.5578      -751953     0.096144     -6.50691      57.4307      8.39645      -70.774  -0.00110478     -7.62414     0.816382     -5.56362    -0.486899      2.60303     0.188062      73.6973
    -65.3706  9.18852e+06     -1.06381     0.705571      8.39645      14.3523      69.7149 -9.16143e-05    -0.785719    -0.499811      -5.2168   -0.0449592     -2.07506      -38.179      28.7439
     970.182  1.83279e+08     -6.25696       19.564      -70.774      69.7149      12051.9  -0.00132509      30.6868     -7.30399     -92.5006     -2.11318     -51.7206     -38723.1      16.1113
 -0.00765881      60.9216 -0.000582041  0.000792809  -0.00110478 -9.16143e-05  -0.00132509  1.20037e-06 -0.000687341  2.16193e-05  0.000215097 -1.39467e-05 -0.000749534    0.0922442  -0.00409769
     42.6767  4.69192e+06      12.7357     -18.6315     -7.62414    -0.785719      30.6868 -0.000687341      32.1377    -0.313107      5.15068     0.159782    0.0408906      47.3095     -33.5862
     7.03478      -733138     -1.29155    -0.654261     0.816382    -0.499811     -7.30399  2.16193e-05    -0.313107      2.09894    0.0225863    0.0676724   -0.0359712      107.922     -2.46993
       14.24            0      3.88701     -1.89838     -5.56362      -5.2168     -92.5006  0.000215097      5.15068    0.0225863      189.064     0.704156     0.922805     -3124.64     -5.10533
   -0.345659      -472571    -0.189661     0.239338    -0.486899   -0.0449592     -2.11318 -1.39467e-05     0.159782    0.0676724     0.704156      1.84039    -0.656382      286.473      -7.4459
     13.9995 -5.24714e+06      3.00234    -0.806265      2.60303     -2.07506     -51.7206 -0.000749534    0.0408906   -0.0359712     0.922805    -0.656382      66.4914      322.968      6.64624
    -10443.1 -4.74486e+09     -37.5632       52.074     0.188062      -38.179     -38723.1    0.0922442      47.3095      107.922     -3124.64      286.473      322.968  5.61639e+06     -15872.9
     343.157 -2.26468e+07     -42.0484     -9.87354      73.6973      28.7439      16.1113  -0.00409769     -33.5862     -2.46993     -5.10533      -7.4459      6.64624     -15872.9      8032.42
