    32.2129    -7.74957     7.77006    -1.90096   0.0531364   -0.103406    -24.8769  0.00601541    0.785282     39.2235    -3.55395      3.0882   -0.459895    -4.89633     -3.0718
   -7.74957     37.5293     2.03705    -11.0602    0.300642    0.602866     49.1457     11.2864    0.946524     3.42292   -0.968469   -0.636415    0.230679    -1.29834    -2.29588
    7.77006     2.03705     56.8667     12.7094    0.262456   -0.079305    -4.54306    -13.4526     -0.6144      8.3893   -0.810697     13.7773     1.48972     9.54287    -2.62977
   -1.90096    -11.0602     12.7094     29.0338   -0.272737   -0.205027      -3.045     11.8859   -0.152502    -3.32613     1.60824    -18.0911    0.736042     12.6117    0.019379
  0.0531364    0.300642    0.262456   -0.272737    0.487837  -0.0127193     2.07615   -0.236315  -0.0544194     0.13475  -0.0611541   0.0299532  -0.0740787   -0.085695   -0.195171
  -0.103406    0.602866   -0.079305   -0.205027  -0.0127193    0.395366    -0.96012  0.00963487   0.0219768    0.368777  -0.0401492   -0.833574   -0.023615  -0.0884846  -0.0469514
   -24.8769     49.1457    -4.54306      -3.045     2.07615    -0.96012     14225.2     23.9959     3.92217    -52.6743    -53.3094    -74.9492    -2.04699     35.1788     5.56609
 0.00601541     11.2864    -13.4526     11.8859   -0.236315  0.00963487     23.9959     47.1222     2.07978     20.9885    0.350595    -29.7675   -0.065826    -0.54945   -0.426459
   0.785282    0.946524     -0.6144   -0.152502  -0.0544194   0.0219768     3.92217     2.07978     3.48586    -5.44524   -0.524008   -0.798919     0.13011      -1.447    0.268028
    39.2235     3.42292      8.3893    -3.32613     0.13475    0.368777    -52.6743     20.9885    -5.44524     3757.88    -1.61879     13.5925   0.0599706    -14.4363           0
   -3.55395   -0.968469   -0.810697     1.60824  -0.0611541  -0.0401492    -53.3094    0.350595   -0.524008    -1.61879     21.6327   0.0070922 -0.00507106     2.79426     0.11858
     3.0882   -0.636415     13.7773    -18.0911   0.0299532   -0.833574    -74.9492    -29.7675   -0.798919     13.5925   0.0070922     2627.39   0.0355287     -9.3915    -15.1624
  -0.459895    0.230679     1.48972    0.736042  -0.0740787   -0.023615    -2.04699   -0.065826     0.13011   0.0599706 -0.00507106   0.0355287     6.87628    0.814356    0.470232
   -4.89633    -1.29834     9.54287     12.6117   -0.085695  -0.0884846     35.1788    -0.54945      -1.447    -14.4363     2.79426     -9.3915    0.814356     33.5459    -1.58614
    -3.0718    -2.29588    -2.62977    0.019379   -0.195171  -0.0469514     5.56609   -0.426459    0.268028           0     0.11858    -15.1624    0.470232    -1.58614      67.423
