    35.7359     4.21636      7.8099    -2.72933     10.6358     4.32265   0.0141064    -3321.13     2.14341    -12.6981    -5.60583     1.94436      4.1675      859834    -124.209
    4.21636     83.7833     2.76497   -0.777047     8.41154    -285.493  0.00578854      -311.2    0.809752    -3.18783   -0.380147    -2.21832     4.99951      303205     0.43132
     7.8099     2.76497     25.9308     1.90589     1.25463     31.4947   -0.003109     334.265    -1.05534     -5.6011   0.0295545    -14.3762     7.58933     -210165    -68.2212
   -2.72933   -0.777047     1.90589     62.4217    -16.3906     303.576 0.000675815     -407.88    -4.02264    -0.22654    -2.18176    -2.56956     0.57759      -16761    -11.9285
    10.6358     8.41154     1.25463    -16.3906     1714.18    -3321.31  -0.0571154     21341.2    -7.79075    -93.7639    -29.2057    -3.25475     12.0997     -982320    -422.912
    4.32265    -285.493     31.4947     303.576    -3321.31      189667    0.901558      346959      43.509     244.955    -1.81355    -1.03963    -1.79518 3.64241e+07    -3180.05
  0.0141064  0.00578854   -0.003109 0.000675815  -0.0571154    0.901558  0.00112416    -4.58842  -0.0098463   0.0044675  -0.0255167  0.00981982 -0.00334247     12.2876  -0.0229315
   -3321.13      -311.2     334.265     -407.88     21341.2      346959    -4.58842 6.82177e+07    -451.577           0    -2691.36    -1806.84     3608.55           0           0
    2.14341    0.809752    -1.05534    -4.02264    -7.79075      43.509  -0.0098463    -451.577     49.2181      0.2817     2.19597     1.80427    0.268973           0     16.2863
   -12.6981    -3.18783     -5.6011    -0.22654    -93.7639     244.955   0.0044675           0      0.2817     293.794    -5.21697  -0.0487372    -7.02606       34923    0.993037
   -5.60583   -0.380147   0.0295545    -2.18176    -29.2057    -1.81355  -0.0255167    -2691.36     2.19597    -5.21697      37.774     2.07388    0.137359    -84338.4      5.9196
    1.94436    -2.21832    -14.3762    -2.56956    -3.25475    -1.03963  0.00981982    -1806.84     1.80427  -0.0487372     2.07388     25.7321     2.72457      631043     16.0987
     4.1675     4.99951     7.58933     0.57759     12.0997    -1.79518 -0.00334247     3608.55    0.268973    -7.02606    0.137359     2.72457      62.056      274177     -152.51
     859834      303205     -210165      -16761     -982320 3.64241e+07     12.2876           0           0       34923    -84338.4      631043      274177 1.41486e+12           0
   -124.209     0.43132    -68.2212    -11.9285    -422.912    -3180.05  -0.0229315           0     16.2863    0.993037      5.9196     16.0987     -152.51           0     34226.7
