     35.6796      5.33878      7.48461     -2.84271      14.5018      7.07153   0.00588875     -11118.9      3.73372      -16.153     -5.16873      1.64994      3.77293  1.03131e+06     -241.794
     5.33878      134.441      3.26801     -1.02052      21.7687     -579.521   0.00310469     -1311.46      1.79075     -5.11957    -0.457814     -2.83126      6.28813       463266      1.09532
     7.48461      3.26801      25.7138      1.98697     -1.69863      52.8755  -0.00120404      964.416     -1.84907     -6.82697     0.123053     -13.9029      6.98537      -250293      -126.32
    -2.84271     -1.02052      1.98697      67.9478     -41.0118      508.374  0.000301536     -1405.07      -7.3066    -0.279834     -2.28551     -2.68233     0.624739     -20623.1     -24.0272
     14.5018      21.7687     -1.69863     -41.0118      8810.34     -12028.5   -0.0628912       154535     -28.6568     -272.026     -39.3242     -4.72278      16.5727 -2.91975e+06     -1780.01
     7.07153     -579.521      52.8755      508.374     -12028.5       487283     0.610743  1.85248e+06      121.489      494.933     -2.25499     -2.68571     -3.07606  7.03646e+07     -9974.54
  0.00588875   0.00310469  -0.00120404  0.000301536   -0.0628912     0.610743  0.000201556     -6.44866  -0.00725752   0.00240385   -0.0107546   0.00414908   -0.0013955      6.36356   -0.0189343
    -11118.9     -1311.46      964.416     -1405.07       154535  1.85248e+06     -6.44866  7.55226e+08     -2614.74            0     -9028.73     -5937.87      12089.3            0            0
     3.73372      1.79075     -1.84907      -7.3066     -28.6568      121.489  -0.00725752     -2614.74      149.233     0.624934      3.83645      3.14124     0.431464            0       55.353
     -16.153     -5.11957     -6.82697    -0.279834     -272.026      494.933   0.00240385            0     0.624934      472.904     -6.68061    0.0425726     -8.80313      52281.9      2.27072
    -5.16873    -0.457814     0.123053     -2.28551     -39.3242     -2.25499   -0.0107546     -9028.73      3.83645     -6.68061      37.5959      1.99693   -0.0852702     -97206.2      10.6876
     1.64994     -2.83126     -13.9029     -2.68233     -4.72278     -2.68571   0.00414908     -5937.87      3.14124    0.0425726      1.99693      25.8069      2.80947       759477      32.6064
     3.77293      6.28813      6.98537     0.624739      16.5727     -3.07606   -0.0013955      12089.3     0.431464     -8.80313   -0.0852702      2.80947      61.9347       326213     -295.825
 1.03131e+06       463266      -250293     -20623.1 -2.91975e+06  7.03646e+07      6.36356            0            0      52281.9     -97206.2       759477       326213  2.05749e+12            0
    -241.794      1.09532      -126.32     -24.0272     -1780.01     -9974.54   -0.0189343            0       55.353      2.27072      10.6876      32.6064     -295.825            0       130176
