      235223  2.05551e+08     -57.2882     -296.754      94.8661       -197.1       111220  -0.00958347      154.591      16.7535      100.495    -0.366414      96.3861     -96768.4      3076.83
 2.05551e+08  6.00922e+15  1.39152e+07  4.17673e+06 -6.97759e+06  3.22033e+07  8.27676e+09      96.9171  1.85803e+07 -1.81256e+06            0      -697992 -3.90011e+07 -7.72863e+10 -2.20106e+08
    -57.2882  1.39152e+07      66.4785      8.66922       1.6076     -0.62051     -41.6725  -0.00021463      11.8009    -0.915232      8.45204    -0.101417      6.45316     -184.536     -114.813
    -296.754  4.17673e+06      8.66922      30.2794     -6.14809      1.48717      73.2171  0.000296198     -18.4647    -0.475412     -5.61252     0.111358     -2.17109      335.676     -23.9299
     94.8661 -6.97759e+06       1.6076     -6.14809      54.7845      5.39544     -465.214 -0.000410387     -7.75451     0.626172     -9.93696    -0.223749      6.17573     -48.6772      197.912
      -197.1  3.22033e+07     -0.62051      1.48717      5.39544      13.0959      556.788 -2.50466e-05     0.181875    -0.378713     -11.1045  -0.00538343     -4.61368     -111.912      72.3847
      111220  8.27676e+09     -41.6725      73.2171     -465.214      556.788  5.27303e+06   -0.0256395      120.825      17.0282     -4075.05     -52.1512     -1235.66      -462632      6070.74
 -0.00958347      96.9171  -0.00021463  0.000296198 -0.000410387 -2.50466e-05   -0.0256395  1.72186e-07 -0.000264921  6.14834e-06  0.000185917 -2.73778e-06 -0.000612458     0.158394   -0.0044791
     154.591  1.85803e+07      11.8009     -18.4647     -7.75451     0.181875      120.825 -0.000264921      31.5314    -0.228019        10.43    0.0689079    -0.369058      250.858     -88.9319
     16.7535 -1.81256e+06    -0.915232    -0.475412     0.626172    -0.378713      17.0282  6.14834e-06    -0.228019      1.10326    0.0361633    0.0233813   -0.0177443      320.208      -5.1138
     100.495            0      8.45204     -5.61252     -9.93696     -11.1045     -4075.05  0.000185917        10.43    0.0361633      916.926     0.817372      4.29433     -37974.7     -30.8181
   -0.366414      -697992    -0.101417     0.111358    -0.223749  -0.00538343     -52.1512 -2.73778e-06    0.0689079    0.0233813     0.817372     0.476314    -0.710168      714.522     -10.6424
     96.3861 -3.90011e+07      6.45316     -2.17109      6.17573     -4.61368     -1235.66 -0.000612458    -0.369058   -0.0177443      4.29433    -0.710168      302.724      2139.93      38.8645
    -96768.4 -7.72863e+10     -184.536      335.676     -48.6772     -111.912      -462632     0.158394      250.858      320.208     -37974.7      714.522      2139.93  1.41167e+08      -225874
     3076.83 -2.20106e+08     -114.813     -23.9299      197.912      72.3847      6070.74   -0.0044791     -88.9319      -5.1138     -30.8181     -10.6424      38.8645      -225874        63759
