    35.9132     2.76835     8.55815    -2.48777     10.4755     2.04129   0.0812834    -291.015    0.705413    -7.84816    -6.60515     2.57399     5.14391      292581    -32.8845
    2.76835     33.8609     2.04873   -0.517793     1.92304    -69.8255   0.0199257    -21.5339    0.173128    -1.27479  -0.0683863     -1.5119     3.12555     64677.4    0.056064
    8.55815     2.04873     26.3861     1.72734     4.17319     11.2781  -0.0196615     36.3581   -0.338487    -3.74646   -0.143181    -15.0665     8.92875    -70350.1    -19.7048
   -2.48777   -0.517793     1.72734     52.1429    -1.65383     107.521  0.00338368    -32.7189    -1.21316   -0.125104     -1.9618    -2.34546    0.478382    -5136.78    -2.84308
    10.4755     1.92304     4.17319    -1.65383     85.8654    -246.156   0.0288123     524.975   -0.880303    -10.6485    -29.0422     -2.7478     11.5139    -11371.2    -32.0952
    2.04129    -69.8255     11.2781     107.521    -246.156     28445.3     1.96259     11922.1     5.56716     59.7493    -1.71752   0.0731907   -0.468814 4.76244e+06    -322.222
  0.0812834   0.0199257  -0.0196615  0.00338368   0.0288123     1.96259    0.035075    -2.28685  -0.0181695   0.0154437   -0.143518   0.0553073  -0.0196209     28.2646  -0.0337279
   -291.015    -21.5339     36.3581    -32.7189     524.975     11922.1    -2.28685      539602    -13.2795           0    -233.357    -165.419     315.544           0           0
   0.705413    0.173128   -0.338487    -1.21316   -0.880303     5.56716  -0.0181695    -13.2795     5.36856   0.0576644    0.719901    0.593131     0.10623           0     1.41314
   -7.84816    -1.27479    -3.74646   -0.125104    -10.6485     59.7493   0.0154437           0   0.0576644     113.271    -3.15994   -0.139222    -4.51169     7449.86    0.176319
   -6.60515  -0.0683863   -0.143181     -1.9618    -29.0422    -1.71752   -0.143518    -233.357    0.719901    -3.15994     37.8967     2.20654    0.753141    -31610.1     1.79302
    2.57399     -1.5119    -15.0665    -2.34546     -2.7478   0.0731907   0.0553073    -165.419    0.593131   -0.139222     2.20654     25.6176     2.40959      213449     3.90839
    5.14391     3.12555     8.92875    0.478382     11.5139   -0.468814  -0.0196209     315.544     0.10623    -4.51169    0.753141     2.40959       62.32     94889.6    -40.6876
     292581     64677.4    -70350.1    -5136.78    -11371.2 4.76244e+06     28.2646           0           0     7449.86    -31610.1      213449     94889.6 1.60574e+11           0
   -32.8845    0.056064    -19.7048    -2.84308    -32.0952    -322.222  -0.0337279           0     1.41314    0.176319     1.79302     3.90839    -40.6876           0     2370.32
