     42549.6  3.67768e+07     -22.7866     -130.929       37.438      -87.776      3111.46  -0.00685738      60.9105      8.25239      23.0474    -0.384753      23.1836     -19763.9      611.258
 3.67768e+07  9.33881e+14  5.75065e+06  1.07978e+06  -1.4233e+06  1.25672e+07  4.30262e+08       58.605  6.74194e+06      -844038            0      -558062  -8.6281e+06 -9.83429e+09 -4.02628e+07
    -22.7866  5.75065e+06      67.3176      9.41964       0.5768    -0.933775     -8.92273 -0.000371186      12.5095     -1.08939      4.58705    -0.161054      3.64943     -52.2158     -54.4407
    -130.929  1.07978e+06      9.41964      30.7977     -6.39202     0.926025      36.2574  0.000513182      -18.594    -0.553942     -2.64685     0.203868     -1.06059      88.9721     -12.3737
      37.438  -1.4233e+06       0.5768     -6.39202      56.6403      7.61667     -108.876 -0.000712469     -7.67085       0.6958      -5.8425    -0.419394      3.24268     -10.8672      95.0624
     -87.776  1.25672e+07    -0.933775     0.926025      7.61667      13.9183      114.528 -5.47081e-05    -0.518114    -0.426935     -6.03042   -0.0367555     -2.54097     -49.2175      36.3975
     3111.46  4.30262e+08     -8.92273      36.2574     -108.876      114.528      44163.4  -0.00232836      53.1185     -8.84447     -216.405     -5.38059     -103.923     -81528.1      104.129
 -0.00685738       58.605 -0.000371186  0.000513182 -0.000712469 -5.47081e-05  -0.00232836  5.03589e-07 -0.000447778  1.18807e-05  0.000158262 -7.85292e-06 -0.000589865    0.0901308  -0.00352219
     60.9105  6.74194e+06      12.5095      -18.594     -7.67085    -0.518114      53.1185 -0.000447778      31.9765    -0.268838      5.99118      0.12968   -0.0467997      79.9195     -43.1856
     8.25239      -844038     -1.08939    -0.553942       0.6958    -0.426935     -8.84447  1.18807e-05    -0.268838      1.50426    0.0222364    0.0488551   -0.0340724      133.922     -2.73838
     23.0474            0      4.58705     -2.64685      -5.8425     -6.03042     -216.405  0.000158262      5.99118    0.0222364      259.626     0.741651      1.27595     -5959.47     -7.60675
   -0.384753      -558062    -0.161054     0.203868    -0.419394   -0.0367555     -5.38059 -7.85292e-06      0.12968    0.0488551     0.741651      1.33944    -0.673171      381.568     -8.27862
     23.1836  -8.6281e+06      3.64943     -1.06059      3.24268     -2.54097     -103.923 -0.000589865   -0.0467997   -0.0340724      1.27595    -0.673171      97.1327       509.83      10.2492
    -19763.9 -9.83429e+09     -52.2158      88.9721     -10.8672     -49.2175     -81528.1    0.0901308      79.9195      133.922     -5959.47      381.568       509.83  1.36021e+07     -32490.4
     611.258 -4.02628e+07     -54.4407     -12.3737      95.0624      36.3975      104.129  -0.00352219     -43.1856     -2.73838     -7.60675     -8.27862      10.2492     -32490.4      13693.4
