     32.0484     -8.07364      7.77699     -2.22226    0.0183072   -0.0222684      -240.38    0.0712241     0.468129      536.443     -3.32563      11.2779    -0.257289     -6.14587     -2.89675
    -8.07364      37.0609      3.38738     -10.9571     0.103152      0.12333      443.401      10.8557     0.551685      45.8407    -0.915695    -0.583164     0.134551     -2.50678      -2.2395
     7.77699      3.38738      56.3959      12.0702    0.0903814    -0.014579     -27.9015     -12.1364    -0.339994      119.987    -0.755407      45.1557     0.811939      9.83521     -2.61713
    -2.22226     -10.9571      12.0702       29.028   -0.0935879   -0.0418344     -25.3375      12.1491   -0.0878793     -47.5126      1.50804     -61.3269     0.395905      12.3595   -0.0132939
   0.0183072     0.103152    0.0903814   -0.0935879     0.056526 -0.000894142      6.51538   -0.0794268   -0.0107222     0.625866   -0.0193157    0.0360083   -0.0136783   -0.0285711   -0.0684447
  -0.0222684      0.12333    -0.014579   -0.0418344 -0.000894142    0.0168619     -1.83226   0.00182274   0.00262677      1.03975  -0.00769401    -0.578656  -0.00264489   -0.0196001  -0.00981643
     -240.38      443.401     -27.9015     -25.3375      6.51538     -1.83226  1.21466e+06       205.49      20.9757     -6653.91     -457.117     -2315.62     -9.91172      308.278            0
   0.0712241      10.8557     -12.1364      12.1491   -0.0794268   0.00182274       205.49       46.595      1.22184      290.019     0.249059     -98.3976   -0.0357763     -2.68646    -0.437612
    0.468129     0.551685    -0.339994   -0.0878793   -0.0107222   0.00262677      20.9757      1.22184      1.16784     -43.0155    -0.281434     -1.55492    0.0409294    -0.856172     0.154029
     536.443      45.8407      119.987     -47.5126     0.625866      1.03975     -6653.91      290.019     -43.0155       700209     -20.5007      623.135     0.428938     -209.624            0
    -3.32563    -0.915695    -0.755407      1.50804   -0.0193157  -0.00769401     -457.117     0.249059    -0.281434     -20.5007      18.6257   0.00693308  -0.00295248      2.60121     0.109034
     11.2779    -0.583164      45.1557     -61.3269    0.0360083    -0.578656     -2315.62     -98.3976     -1.55492      623.135   0.00693308      29639.9    0.0999172     -28.6031     -50.3309
   -0.257289     0.134551     0.811939     0.395905   -0.0136783  -0.00264489     -9.91172   -0.0357763    0.0409294     0.428938  -0.00295248    0.0999172      2.03509     0.438596     0.252901
    -6.14587     -2.50678      9.83521      12.3595   -0.0285711   -0.0196001      308.278     -2.68646    -0.856172     -209.624      2.60121     -28.6031     0.438596      31.9217     -1.41688
    -2.89675      -2.2395     -2.61713   -0.0132939   -0.0684447  -0.00981643            0    -0.437612     0.154029            0     0.109034     -50.3309     0.252901     -1.41688      66.4623
