     5867.05  5.28766e+06     -7.80527     -50.8072      12.9757     -34.8881      102.852   -0.0147297      20.2013      4.86803      6.19495    -0.272956      5.66271     -2136.89      103.934
 5.28766e+06  1.39146e+14  2.22203e+06      80152.6      -136207  4.88419e+06  3.73157e+07      94.8111  2.23711e+06      -545831            0      -334821 -2.22997e+06 -9.89611e+08 -7.04549e+06
    -7.80527  2.22203e+06       68.091      10.5152     -1.19582     -1.34989     -7.21343  -0.00224669      13.1456     -1.82622      3.32691    -0.253741      2.30618     -15.5988     -24.7794
    -50.8072      80152.6      10.5152       31.209     -6.87435     0.302028      6.05223   0.00299682     -18.5731    -0.916498     -1.36143      0.32516    -0.589062      16.5646       -6.293
     12.9757      -136207     -1.19582     -6.87435       59.165      9.94488     -36.1126  -0.00424169     -7.57506      1.13206      -4.9925    -0.657279      1.99378      2.37956       43.855
    -34.8881  4.88419e+06     -1.34989     0.302028      9.94488      15.4769      29.0767 -0.000408737      -1.2272    -0.694596     -4.53055   -0.0732077      -1.5748     -18.4974      18.0004
     102.852  3.73157e+07     -7.21343      6.05223     -36.1126      29.0767      1325.48  0.000262531      8.48872     -4.79077     -26.2292    -0.231187     -16.9787     -6423.76    -0.361803
  -0.0147297      94.8111  -0.00224669   0.00299682  -0.00424169 -0.000408737  0.000262531  1.73225e-05   -0.0025817  0.000114641  0.000691524 -6.95044e-05  -0.00228778     0.136833  -0.00872727
     20.2013  2.23711e+06      13.1456     -18.5731     -7.57506      -1.2272      8.48872   -0.0025817      32.4161    -0.427181      4.56315     0.230319     0.191846      16.6227     -19.9522
     4.86803      -545831     -1.82622    -0.916498      1.13206    -0.694596     -4.79077  0.000114641    -0.427181       4.1175    0.0269514     0.129297   -0.0450794      64.2425     -2.01636
     6.19495            0      3.32691     -1.36143      -4.9925     -4.53055     -26.2292  0.000691524      4.56315    0.0269514      134.939     0.803633     0.625743     -964.739     -2.42066
   -0.272956      -334821    -0.253741      0.32516    -0.657279   -0.0732077    -0.231187 -6.95044e-05     0.230319     0.129297     0.803633      3.39789    -0.708511      145.041     -5.93266
     5.66271 -2.22997e+06      2.30618    -0.589062      1.99378      -1.5748     -16.9787  -0.00228778     0.191846   -0.0450794     0.625743    -0.708511      42.2485      123.747       3.1226
    -2136.89 -9.89611e+08     -15.5988      16.5646      2.37956     -18.4974     -6423.76     0.136833      16.6227      64.2425     -964.739      145.041      123.747       811310     -3481.73
     103.934 -7.04549e+06     -24.7794       -6.293       43.855      18.0004    -0.361803  -0.00872727     -19.9522     -2.01636     -2.42066     -5.93266       3.1226     -3481.73      2760.85
