     77557.2  6.52319e+07     -32.5699     -170.251      49.8649     -113.981      10326.5  -0.00710644      88.5055      9.49722      37.9243    -0.333507      37.9367     -26447.8      1068.72
 6.52319e+07   1.7375e+15  7.44098e+06  1.99259e+06 -2.84158e+06  1.73527e+07  1.04697e+09      64.6727  9.74366e+06      -963656            0      -614624 -1.43648e+07 -1.92242e+10 -7.11522e+07
    -32.5699  7.44098e+06      66.6277      9.10685      0.99004    -0.808679     -26.2345 -0.000279053      12.1915    -0.907064      5.58872    -0.131729      4.41475     -84.3572     -69.0707
    -170.251  1.99259e+06      9.10685      30.4296     -6.31247      1.15421      78.8393  0.000385566     -18.4227    -0.478415     -3.55474     0.159301     -1.41129      145.728     -15.1644
     49.8649 -2.84158e+06      0.99004     -6.31247      55.6806      6.77031     -187.654 -0.000536127     -7.70636     0.609794     -6.85807     -0.33131      4.05309      -58.322      120.355
    -113.981  1.73527e+07    -0.808679      1.15421      6.77031      13.5315      206.185 -3.94054e-05    -0.224353    -0.357903     -7.41237   -0.0254381     -3.12692     -54.5937      45.6008
     10326.5  1.04697e+09     -26.2345      78.8393     -187.654      206.185       184126  -0.00506025      113.701     -7.65365     -528.419     -11.4276     -211.067       -38632        581.7
 -0.00710644      64.6727 -0.000279053  0.000385566 -0.000536127 -3.94054e-05  -0.00506025  2.90639e-07 -0.000342847  7.47115e-06  0.000154047 -5.01861e-06 -0.000543074    0.0957043  -0.00345183
     88.5055  9.74366e+06      12.1915     -18.4227     -7.70636    -0.224353      113.701 -0.000342847      31.6045    -0.218402      6.97024      0.09671    -0.188365      145.038     -54.1929
     9.49722      -963656    -0.907064    -0.478415     0.609794    -0.357903     -7.65365  7.47115e-06    -0.218402      1.06604    0.0228043    0.0328225   -0.0155388      153.103     -2.97427
     37.9243            0      5.58872     -3.55474     -6.85807     -7.41237     -528.419  0.000154047      6.97024    0.0228043      391.164     0.748596      1.90656       -11478     -11.9089
   -0.333507      -614624    -0.131729     0.159301     -0.33131   -0.0254381     -11.4276 -5.01861e-06      0.09671    0.0328225     0.748596     0.910247    -0.674922      461.812     -8.83334
     37.9367 -1.43648e+07      4.41475     -1.41129      4.05309     -3.12692     -211.067 -0.000543074    -0.188365   -0.0155388      1.90656    -0.674922      141.854      699.971      16.0782
    -26447.8 -1.92242e+10     -84.3572      145.728      -58.322     -54.5937       -38632    0.0957043      145.038      153.103       -11478      461.812      699.971  3.03511e+07     -62807.3
     1068.72 -7.11522e+07     -69.0707     -15.1644      120.355      45.6008        581.7  -0.00345183     -54.1929     -2.97427     -11.9089     -8.83334      16.0782     -62807.3      22826.1
