       11568  1.03269e+07     -10.9722     -70.8368      18.6311     -47.9868      313.464   -0.0100843      29.2362      5.96256      9.44912    -0.326816      8.86546     -5007.84      188.169
 1.03269e+07  2.65396e+14  3.08808e+06       228646      -359190  6.70104e+06  8.18865e+07      70.6409  3.22605e+06      -632351            0      -398284 -3.41768e+06 -2.21274e+09 -1.26715e+07
    -10.9722  3.08808e+06      67.8683      10.0748    -0.491249     -1.20098     -5.62424  -0.00108985      12.9418     -1.53637      3.59445    -0.219752      2.58423     -26.5147     -32.3674
    -70.8368       228646      10.0748      31.1175     -6.66116     0.506627      9.55358   0.00146155     -18.6292    -0.771547     -1.58293      0.28045    -0.702587       28.697     -7.86459
     18.6311      -359190    -0.491249     -6.66116      58.2777      9.17499     -48.6152  -0.00204875     -7.59822     0.955029     -5.29646    -0.564684      2.28335      5.21262      56.9771
    -47.9868  6.70104e+06     -1.20098     0.506627      9.17499      14.8746       43.785 -0.000183388      -1.0329    -0.589563     -4.86074   -0.0570134     -1.76325     -28.9609      22.7174
     313.464  8.18865e+07     -5.62424      9.55358     -48.6152       43.785      3802.19 -0.000661157       16.324     -5.77909     -47.9119    -0.777371     -29.3409     -17396.3     -1.44553
  -0.0100843      70.6409  -0.00108985   0.00146155  -0.00204875 -0.000183388 -0.000661157  4.09341e-06  -0.00126034  4.71258e-05  0.000363818 -2.93703e-05  -0.00123976     0.108137  -0.00567395
     29.2362  3.22605e+06      12.9418     -18.6292     -7.59822      -1.0329       16.324  -0.00126034      32.2904    -0.368214      4.87004     0.193053     0.155462      25.5183     -25.9949
     5.96256      -632351     -1.53637    -0.771547     0.955029    -0.589563     -5.77909  4.71258e-05    -0.368214      2.94124    0.0247941    0.0931828   -0.0367464      84.8741     -2.24867
     9.44912            0      3.59445     -1.58293     -5.29646     -4.86074     -47.9119  0.000363818      4.87004    0.0247941      160.456     0.752033     0.758203     -1736.74     -3.50617
   -0.326816      -398284    -0.219752      0.28045    -0.564684   -0.0570134    -0.777371 -2.93703e-05     0.193053    0.0931828     0.752033      2.50143    -0.677403      205.462     -6.63898
     8.86546 -3.41768e+06      2.58423    -0.702587      2.28335     -1.76325     -29.3409  -0.00123976     0.155462   -0.0367464     0.758203    -0.677403      52.4044      216.087      4.48384
    -5007.84 -2.21274e+09     -26.5147       28.697      5.21262     -28.9609     -17396.3     0.108137      25.5183      84.8741     -1736.74      205.462      216.087  2.17962e+06     -7471.08
     188.169 -1.26715e+07     -32.3674     -7.86459      56.9771      22.7174     -1.44553  -0.00567395     -25.9949     -2.24867     -3.50617     -6.63898      4.48384     -7471.08      4704.87
