    37.1861      19.354     9.19284    -2.27381     10.8355      0.5409    0.207431    -90.9833    0.626083    -6.06371    -7.42328     3.12858     5.84631     51408.7    -18.8558
     19.354     40.6836     5.41813    -2.42295     1.51506     -47.939   0.0109384    -74.0844    0.511676    -5.24289     5.84456    -2.41472    -5.89829     29162.6    -6.69811
    9.19284     5.41813      27.393     1.73988     4.93396     5.38334  -0.0568123     11.2623   -0.142108    -2.98371   -0.335571    -15.6653     10.0558      -11787    -12.0737
   -2.27381    -2.42295     1.73988     45.4679    0.150797       58.06  0.00570183    -9.56561    -1.00946    -0.23138    -1.95276     -2.2756    0.586972    -901.229    -1.79553
    10.8355     1.51506     4.93396    0.150797     38.8682    -41.5038     0.20285      104.29   -0.608244    -3.39895    -29.8523    -2.97985     11.8286     7066.49    -11.5467
     0.5409     -47.939     5.38334       58.06    -41.5038     10385.5     2.50674     2220.57     3.28561     23.1055    0.417029     1.13419    -1.25453      477968    -128.971
   0.207431   0.0109384  -0.0568123  0.00570183     0.20285     2.50674    0.211192    -1.61164  -0.0371292   0.0335759   -0.366544    0.145092  -0.0593207     33.3997  -0.0821262
   -90.9833    -74.0844     11.2623    -9.56561      104.29     2220.57    -1.61164       48604    -3.30172     9.45942    -64.2778    -51.9485     93.6848           0           0
   0.626083    0.511676   -0.142108    -1.00946   -0.608244     3.28561  -0.0371292    -3.30172     3.64128   0.0104453    0.489363    0.319559   0.0326086           0    0.432342
   -6.06371    -5.24289    -2.98371    -0.23138    -3.39895     23.1055   0.0335759     9.45942   0.0104453     76.6111    -3.42854    -0.29211    -3.94526     1001.65   0.0113541
   -7.42328     5.84456   -0.335571    -1.95276    -29.8523    0.417029   -0.366544    -64.2778    0.489363    -3.42854     39.2332     2.30234     0.99754    -6856.25     0.59803
    3.12858    -2.41472    -15.6653     -2.2756    -2.97985     1.13419    0.145092    -51.9485    0.319559    -0.29211     2.30234     26.2429     2.20956     37019.1     2.69464
    5.84631    -5.89829     10.0558    0.586972     11.8286    -1.25453  -0.0593207     93.6848   0.0326086    -3.94526     0.99754     2.20956     63.9852     16152.2    -23.6506
    51408.7     29162.6      -11787    -901.229     7066.49      477968     33.3997           0           0     1001.65    -6856.25     37019.1     16152.2 4.65164e+09           0
   -18.8558    -6.69811    -12.0737    -1.79553    -11.5467    -128.971  -0.0821262           0    0.432342   0.0113541     0.59803     2.69464    -23.6506           0     747.407
