     26.6223  -0.00798794     0.375465   -0.0132662    -0.366449   -0.0736687     -10.3609      5.76216     -11.0371      4.85353     -3223.39  -2.7191e-05    -0.600384      -7.4149      2.52085       16.523
 -0.00798794    0.0010244  2.35866e-05 -0.000230623  0.000741728 -0.000811378  -0.00536719   -0.0076883    0.0119981  -0.00573664      9.25904  1.21984e-06  -0.00212483    0.0021591   -0.0657452   -0.0209246
    0.375465  2.35866e-05     0.573945    0.0044255   -0.0121472   -0.0316607    -0.548948    -0.138728     0.127706    -0.273595      43.5737  4.77319e-07   -0.0307843    -0.296775    0.0421549    0.0869669
  -0.0132662 -0.000230623    0.0044255     0.652261   -0.0214897     0.020998   0.00992829    0.0184209    -0.183927   -0.0113454     -594.038  1.82019e-05    0.0302872     0.240037    -0.150738     0.482645
   -0.366449  0.000741728   -0.0121472   -0.0214897     0.655843   -0.0126029     0.302871    0.0560705    -0.162446   -0.0257875      116.992 -1.32621e-05     0.325024      0.31798   -0.0588026     -0.24599
  -0.0736687 -0.000811378   -0.0316607     0.020998   -0.0126029      2.23531      0.25774      1.18823     0.491148      1.22644     -423.249 -1.39572e-05     0.214513    -0.990663   -0.0638663      2.35473
    -10.3609  -0.00536719    -0.548948   0.00992829     0.302871      0.25774      28.4664      6.96218     -14.2956      5.32252     -3753.94   0.00028932      1.25412      6.27665     -1.21653      9.60673
     5.76216   -0.0076883    -0.138728    0.0184209    0.0560705      1.18823      6.96218      36.9363     0.811268      16.6347     -5670.41  0.000313723      2.85859      14.8819      2.61136      5.67785
    -11.0371    0.0119981     0.127706    -0.183927    -0.162446     0.491148     -14.2956     0.811268      41.9834      0.50875      5299.21 -0.000218774      1.22571     0.190406      0.28191     -26.2348
     4.85353  -0.00573664    -0.273595   -0.0113454   -0.0257875      1.22644      5.32252      16.6347      0.50875      18.3492     -34.7353  4.69118e-06     0.899835     -7.05517      2.74775      18.5322
    -3223.39      9.25904      43.5737     -594.038      116.992     -423.249     -3753.94     -5670.41      5299.21     -34.7353  1.18833e+08     -4.27197      127.061     -5110.58      747.166      6116.74
 -2.7191e-05  1.21984e-06  4.77319e-07  1.82019e-05 -1.32621e-05 -1.39572e-05   0.00028932  0.000313723 -0.000218774  4.69118e-06     -4.27197  2.14945e-07  9.97819e-05  0.000376118  0.000478709 -0.000459179
   -0.600384  -0.00212483   -0.0307843    0.0302872     0.325024     0.214513      1.25412      2.85859      1.22571     0.899835      127.061  9.97819e-05      15.0634      5.37712      1.77931       4.1822
     -7.4149    0.0021591    -0.296775     0.240037      0.31798    -0.990663      6.27665      14.8819     0.190406     -7.05517     -5110.58  0.000376118      5.37712       74.097     -3.20455      -41.038
     2.52085   -0.0657452    0.0421549    -0.150738   -0.0588026   -0.0638663     -1.21653      2.61136      0.28191      2.74775      747.166  0.000478709      1.77931     -3.20455      178.298      11.4004
      16.523   -0.0209246    0.0869669     0.482645     -0.24599      2.35473      9.60673      5.67785     -26.2348      18.5322      6116.74 -0.000459179       4.1822      -41.038      11.4004      2979.56
