    28.4426   -0.424317     2.19105    0.019033    -1.69564  0.00641454    -12.0198     4.94406    -13.5633     6.48877    -3.15556     -20.829     7.99602    -11.8527    0.979939     2.67138
  -0.424317     2.46785 -0.00483341  -0.0234239    0.156427    -0.15516   -0.264767   -0.354508    0.576183   -0.289199    0.528224     27.3612   -0.167652    0.108052     -2.1449   -0.209896
    2.19105 -0.00483341     17.9871   0.0199662   -0.305765   -0.587605    -3.16619   -0.913037    0.740571    -1.52423    0.256421     6.63106   -0.404323    -1.85501   0.0525087   0.0787295
   0.019033  -0.0234239   0.0199662      2.7595   -0.226148    0.147393   0.0753847   0.0608085    -0.35739  -0.0142611    -1.37964     17.6548   -0.143135    0.561225   -0.139655    0.135545
   -1.69564    0.156427   -0.305765   -0.226148     12.3756   -0.332801     1.34195    0.341841   -0.684801  -0.0890255    0.585002    -26.8448   -0.438243     1.48023     1.31655   -0.152419
 0.00641454    -0.15516   -0.587605    0.147393   -0.332801     26.6391    0.917843     4.24528     1.66011     4.44546    -1.65148    -25.3975   0.0378687    -3.72828    0.639733     1.21871
   -12.0198   -0.264767    -3.16619   0.0753847     1.34195    0.917843      29.869     8.16136    -17.0077     5.62767    -4.14527     145.716     4.79854     7.07517    0.652823      1.5979
    4.94406   -0.354508   -0.913037   0.0608085    0.341841     4.24528     8.16136      38.052    -0.62516     18.4439     -6.2511     145.389     19.4748     18.5763     4.23405    0.799751
   -13.5633    0.576183    0.740571    -0.35739   -0.684801     1.66011    -17.0077    -0.62516     44.4002    -1.71403      6.5027    -119.538     1.59521   -0.919735     1.90844    -4.17078
    6.48877   -0.289199    -1.52423  -0.0142611  -0.0890255     4.44546     5.62767     18.4439    -1.71403     19.5011   -0.267213     1.01952     7.97871    -6.26826     2.92683     2.85626
   -3.15556    0.528224    0.256421    -1.37964    0.585002    -1.65148    -4.14527     -6.2511      6.5027   -0.267213     154.086    -2351.57    -6.44699    -5.45034   -0.270132    0.949407
    -20.829     27.3612     6.63106     17.6548    -26.8448    -25.3975     145.716     145.389    -119.538     1.01952    -2351.57     49199.3     111.005     182.932     240.161     -28.495
    7.99602   -0.167652   -0.404323   -0.143135   -0.438243   0.0378687     4.79854     19.4748     1.59521     7.97871    -6.44699     111.005     37.9696     25.6443     1.83938    -1.17213
   -11.8527    0.108052    -1.85501    0.561225     1.48023    -3.72828     7.07517     18.5763   -0.919735    -6.26826    -5.45034     182.932     25.6443     77.7622    0.989489    -6.05538
   0.979939     -2.1449   0.0525087   -0.139655     1.31655    0.639733    0.652823     4.23405     1.90844     2.92683   -0.270132     240.161     1.83938    0.989489     122.577     1.39268
    2.67138   -0.209896   0.0787295    0.135545   -0.152419     1.21871      1.5979    0.799751    -4.17078     2.85626    0.949407     -28.495    -1.17213    -6.05538     1.39268     64.7209
