    27.9916    -0.14295     1.35402  0.00622228    -1.09907   -0.162378    -11.8978     5.34304     -13.134     5.86732    -20.6665   -0.546057     8.44393    -10.6195     1.53617     4.22584
   -0.14295    0.332028  0.00156266 -0.00712943   0.0371416  -0.0377126  -0.0916926   -0.137204    0.222295   -0.106168     1.21262    0.298954  -0.0883991   0.0413903   -0.968417   -0.120212
    1.35402  0.00156266      7.2731   0.0244106   -0.128906   -0.279417    -2.04207   -0.611455    0.504594   -0.989432      1.0922   0.0459972   -0.268496    -1.17905   0.0642623   0.0680946
 0.00622228 -0.00712943   0.0244106     1.91274   -0.104539    0.092734   0.0567909   0.0428548   -0.298862  -0.0128203    -7.38627    0.447143    -0.12541    0.454141   -0.229506    0.189676
   -1.09907   0.0371416   -0.128906   -0.104539     5.21303   -0.087932    0.889571    0.218739   -0.469926  -0.0586737     2.38211   -0.516548    -0.23466    0.975981   0.0192626   -0.169874
  -0.162378  -0.0377126   -0.279417    0.092734   -0.087932     13.8504    0.631684     2.99712     1.14864     3.07931    -7.38801    -0.49583    0.155643     -2.3914  -0.0165533     1.39523
   -11.8978  -0.0916926    -2.04207   0.0567909    0.889571    0.631684     29.6111     7.81378    -16.5601     5.47813    -26.1795     4.01774      4.7775     6.82618    -1.25243     2.43107
    5.34304   -0.137204   -0.611455   0.0428548    0.218739     2.99712     7.81378     37.8539   -0.195186      17.686     -40.722     4.18836     17.7626     17.4047     2.59335     1.30727
    -13.134    0.222295    0.504594   -0.298862   -0.469926     1.14864    -16.5601   -0.195186     43.8793   -0.937855     41.3919    -3.52546     2.05631   -0.531368    0.313321    -6.69855
    5.86732   -0.106168   -0.989432  -0.0128203  -0.0586737     3.07931     5.47813      17.686   -0.937855     19.0578    -0.99754  -0.0257719     7.03498    -6.55916     2.57489     4.56642
   -20.6665     1.21262      1.0922    -7.38627     2.38211    -7.38801    -26.1795     -40.722     41.3919    -0.99754      6205.8    -429.926    -40.6744     -34.945     2.84938     9.70803
  -0.546057    0.298954   0.0459972    0.447143   -0.516548    -0.49583     4.01774     4.18836    -3.52546  -0.0257719    -429.926     40.8288     3.14414     5.00622     5.94875    -1.44822
    8.44393  -0.0883991   -0.268496    -0.12541    -0.23466    0.155643      4.7775     17.7626     2.05631     7.03498    -40.6744     3.14414     36.4453      24.566     1.99175    -1.63486
   -10.6195   0.0413903    -1.17905    0.454141    0.975981     -2.3914     6.82618     17.4047   -0.531368    -6.55916     -34.945     5.00622      24.566     77.2025    -2.42003      -9.867
    1.53617   -0.968417   0.0642623   -0.229506   0.0192626  -0.0165533    -1.25243     2.59335    0.313321     2.57489     2.84938     5.94875     1.99175    -2.42003     138.237     2.35902
    4.22584   -0.120212   0.0680946    0.189676   -0.169874     1.39523     2.43107     1.30727    -6.69855     4.56642     9.70803    -1.44822    -1.63486      -9.867     2.35902     169.156
