   35.0087    1.53375    27.2116   0.510539   -2.95487     1.7195   -14.3322    3.77303   -16.0962    9.05406   0.357856    4.81944    7.05818   -17.4433   -11.1712   -3.88309
   1.53375    28.5339    10.2271   0.186138   -15.3102   -1.22451    3.41444    10.8441    1.92048    1.39491   -2.56347    1.88222    16.6438    6.56173    1.51185   -4.01186
   27.2116    10.2271    36.9758   0.238527   -11.1876   -14.9587    -16.086    3.93169   -11.4694   -2.21275  -0.398643    3.08461    11.2633    6.59692   -20.6477   -1.37153
  0.510539   0.186138   0.238527    23.1147  -0.104804   -0.30172   0.218347   0.560281   -1.56786    0.41369   -2.43209   -225.962  -0.552946    1.14678  -0.145969   0.188886
  -2.95487   -15.3102   -11.1876  -0.104804    26.7604    7.60443   -3.71327   -6.06466    2.00867    3.21502    13.0135   -6.44059   -13.6788   -4.28698    1.71882    1.59204
    1.7195   -1.22451   -14.9587   -0.30172    7.60443    47.0288  -0.263644    18.7531    18.3037    24.9084    4.25434  0.0979422    1.08725   -29.0308    22.9586   -16.3061
  -14.3322    3.41444    -16.086   0.218347   -3.71327  -0.263644    34.8965    10.4804   -21.3776    6.66124   -3.49104   -8.85913    7.51786    8.83008      21.89     5.7308
   3.77303    10.8441    3.93169   0.560281   -6.06466    18.7531    10.4804    45.5828   -2.60253    24.1835    -5.5251   -1.08875    24.8491    27.0901    13.2153   -14.3108
  -16.0962    1.92048   -11.4694   -1.56786    2.00867    18.3037   -21.3776   -2.60253    53.8761   -4.32337    2.98528    3.11157    1.67359   -2.20933   -4.90708   -7.16146
   9.05406    1.39491   -2.21275    0.41369    3.21502    24.9084    6.66124    24.1835   -4.32337    23.7724   -1.13448   -1.69408    10.7319   -5.67003    14.3945   -9.73733
  0.357856   -2.56347  -0.398643   -2.43209    13.0135    4.25434   -3.49104    -5.5251    2.98528   -1.13448    54.8813   -131.601   -5.84406   -7.27353   -2.52557  -0.712812
   4.81944    1.88222    3.08461   -225.962   -6.44059  0.0979422   -8.85913   -1.08875    3.11157   -1.69408   -131.601    4372.29  -0.405733   -6.60264   -3.23336 -0.0920171
   7.05818    16.6438    11.2633  -0.552946   -13.6788    1.08725    7.51786    24.8491    1.67359    10.7319   -5.84406  -0.405733    47.8453    29.4534   -8.86055    4.02706
  -17.4433    6.56173    6.59692    1.14678   -4.28698   -29.0308    8.83008    27.0901   -2.20933   -5.67003   -7.27353   -6.60264    29.4534    95.4769   -18.2978     10.064
  -11.1712    1.51185   -20.6477  -0.145969    1.71882    22.9586      21.89    13.2153   -4.90708    14.3945   -2.52557   -3.23336   -8.86055   -18.2978    36.4253   -9.38126
  -3.88309   -4.01186   -1.37153   0.188886    1.59204   -16.3061     5.7308   -14.3108   -7.16146   -9.73733  -0.712812 -0.0920171    4.02706     10.064   -9.38126    19.3574
