      26.701   -0.0183968     0.545578   -0.0127587     -0.49081   -0.0857207     -10.6594      5.68734     -11.5187       5.0166     -834.492 -0.000338468    -0.794065     -8.12932      2.39298      10.9991
  -0.0183968   0.00537477  7.84499e-05  -0.00061494   0.00228391  -0.00246505   -0.0123044   -0.0176831    0.0277676   -0.0132516      5.60541  3.49159e-05  -0.00593039    0.0050269     -0.14135    -0.031196
    0.545578  7.84499e-05      1.20722   0.00747737   -0.0236899   -0.0607373     -0.79961    -0.211723     0.187922    -0.396897      17.6101  7.06053e-06   -0.0544339    -0.440156    0.0567554    0.0841942
  -0.0127587  -0.00061494   0.00747737     0.881055   -0.0335013    0.0322763    0.0154938    0.0234523    -0.210999   -0.0126543     -181.315  0.000268822    0.0425999     0.282543    -0.165575     0.364551
    -0.49081   0.00228391   -0.0236899   -0.0335013      1.18962   -0.0223214     0.415422    0.0779388    -0.214337   -0.0352815      41.5392 -0.000221911     0.533502     0.438259   -0.0751399    -0.216189
  -0.0857207  -0.00246505   -0.0607373    0.0322763   -0.0223214      3.90622     0.344129      1.56745     0.642104      1.61614      -146.51 -0.000225724     0.345402       -1.291   -0.0865086      2.01802
    -10.6594   -0.0123044     -0.79961    0.0154938     0.415422     0.344129      28.4465      7.09847     -14.6738      5.32179     -980.047   0.00369574      1.51122      6.40157      -1.1471      6.28642
     5.68734   -0.0176831    -0.211723    0.0234523    0.0779388      1.56745      7.09847      36.9893     0.526613      16.7244     -1495.17   0.00394155      3.52484      15.3432      2.44487       3.6807
    -11.5187    0.0277676     0.187922    -0.210999    -0.214337     0.642104     -14.6738     0.526613      42.0767     0.177117       1418.3  -0.00283023      1.45527    0.0689547     0.247432     -17.1628
      5.0166   -0.0132516    -0.396897   -0.0126543   -0.0352815      1.61614      5.32179      16.7244     0.177117      18.3633     -12.5812  7.70847e-05      1.08966     -6.98277      2.58166       12.122
    -834.492      5.60541      17.6101     -181.315      41.5392      -146.51     -980.047     -1495.17       1418.3     -12.5812  8.28999e+06     -14.3464      40.8116     -1331.22      177.865      1052.62
-0.000338468  3.49159e-05  7.06053e-06  0.000268822 -0.000221911 -0.000225724   0.00369574   0.00394155  -0.00283023  7.70847e-05     -14.3464  3.43033e-05   0.00151383   0.00465269   0.00541188  -0.00365638
   -0.794065  -0.00593039   -0.0544339    0.0425999     0.533502     0.345402      1.51122      3.52484      1.45527      1.08966      40.8116   0.00151383      22.3748      6.55218      2.03834      3.31432
    -8.12932    0.0050269    -0.440156     0.282543     0.438259       -1.291      6.40157      15.3432    0.0689547     -6.98277     -1331.22   0.00465269      6.55218      74.2267     -3.01211     -26.6588
     2.39298     -0.14135    0.0567554    -0.165575   -0.0751399   -0.0865086      -1.1471      2.44487     0.247432      2.58166      177.865   0.00541188      2.03834     -3.01211      157.002      6.90101
     10.9991    -0.031196    0.0841942     0.364551    -0.216189      2.01802      6.28642       3.6807     -17.1628       12.122      1052.62  -0.00365638      3.31432     -26.6588      6.90101      1259.26
