     76.6826     -848.144     -37.6545    0.0057363  0.000792863     -1.96996      -15.846      13.4697 -0.000820055  -0.00173353      15.2427      6.54224      1.46749    -0.212799  0.000419246
    -848.144  7.16131e+06     -197.836     -1.25462    -0.229988       -193.6     -69.5503      -225.34      10.6252     -1.30322     -4767.74     -155.867     -145.664      1005.37     0.146112
    -37.6545     -197.836      61.5466   0.00242303  -0.00248081     -5.61682     -12.7149     -9.68898   -0.0362552 -8.23775e-06    -0.325895    -0.305607     -1.19208     0.870701  0.000197055
   0.0057363     -1.25462   0.00242303  7.56881e-05 -1.30253e-08  -0.00117117  -0.00340764  0.000519706 -1.53072e-05  2.34346e-06   -0.0019747   0.00165025  0.000433226   0.00326822  6.52857e-07
 0.000792863    -0.229988  -0.00248081 -1.30253e-08  5.26987e-06 -0.000784682    0.0011561 -7.62563e-05  2.25586e-06  4.49831e-07   0.00016025  0.000208177  0.000144021 -4.44998e-05  8.18983e-08
    -1.96996       -193.6     -5.61682  -0.00117117 -0.000784682      44.1138     -4.01231      7.20576   -0.0185637   -0.0013926      7.89414     -15.7464     0.830463     -2.01999  2.72655e-05
     -15.846     -69.5503     -12.7149  -0.00340764    0.0011561     -4.01231      40.6055     -2.21635    0.0498096  -0.00565021     -12.2365      1.64061    -0.604661       3.6408 -0.000264722
     13.4697      -225.34     -9.68898  0.000519706 -7.62563e-05      7.20576     -2.21635      12.0236  -0.00245924  -0.00296279      4.77813    -0.533894     0.317724    -0.243854  9.13054e-05
-0.000820055      10.6252   -0.0362552 -1.53072e-05  2.25586e-06   -0.0185637    0.0498096  -0.00245924   0.00190215  8.67261e-06   -0.0118464   0.00185948  -0.00370862   -0.0248376  1.37313e-07
 -0.00173353     -1.30322 -8.23775e-06  2.34346e-06  4.49831e-07   -0.0013926  -0.00565021  -0.00296279  8.67261e-06  0.000104258   0.00115263   -0.0016152  0.000432155  -0.00244261  1.30821e-07
     15.2427     -4767.74    -0.325895   -0.0019747   0.00016025      7.89414     -12.2365      4.77813   -0.0118464   0.00115263       118.32    -0.871602      0.85859    0.0917344 -0.000207997
     6.54224     -155.867    -0.305607   0.00165025  0.000208177     -15.7464      1.64061    -0.533894   0.00185948   -0.0016152    -0.871602      17.2365     -0.12431       1.2756  6.96739e-05
     1.46749     -145.664     -1.19208  0.000433226  0.000144021     0.830463    -0.604661     0.317724  -0.00370862  0.000432155      0.85859     -0.12431      4.68732   -0.0803593  6.44757e-05
   -0.212799      1005.37     0.870701   0.00326822 -4.44998e-05     -2.01999       3.6408    -0.243854   -0.0248376  -0.00244261    0.0917344       1.2756   -0.0803593      52.7813  0.000155938
 0.000419246     0.146112  0.000197055  6.52857e-07  8.18983e-08  2.72655e-05 -0.000264722  9.13054e-05  1.37313e-07  1.30821e-07 -0.000207997  6.96739e-05  6.44757e-05  0.000155938  1.86369e-06
