   31.1445   -1.17502    20.0878   0.077245   -2.83826   0.405237   -12.8558      4.819   -14.6207    7.79424   -1.31632    61.6658     7.5111   -13.9994   -2.58213    1.59285
  -1.17502    19.3118   -1.34235  -0.113067   0.695734  -0.590795  -0.838003  -0.975776    1.61112  -0.879563   0.354259    272.431  -0.439961   0.200706   -4.13919   -0.44587
   20.0878   -1.34235    30.2023   0.204252   -2.50754   -11.8438   -11.2134    6.17356   -9.13211   -2.47616   -2.13672    50.7367    9.83638    4.03747   -1.93894  -0.333921
  0.077245  -0.113067   0.204252    4.34261  -0.546836 -0.0998496  0.0947432   0.148805  -0.512168  0.0309877  -0.846094    105.772  -0.148107   0.665784  -0.103994 0.00353665
  -2.83826   0.695734   -2.50754  -0.546836    33.5095  -0.544325     2.1554   0.826947  -0.890007 -0.0654542   0.840616   -188.639  -0.753924    2.71096    2.90019 -0.0697869
  0.405237  -0.590795   -11.8438 -0.0998496  -0.544325    42.3442    1.01076    16.2219    16.2448     22.369    1.68612    52.5421   0.714427   -24.6336    4.77927    1.65124
  -12.8558  -0.838003   -11.2134  0.0947432     2.1554    1.01076    31.9073    9.12509   -18.6426    6.15288   -2.15355    176.181    5.88185     7.5897    5.90875    1.54225
     4.819  -0.975776    6.17356   0.148805   0.826947    16.2219    9.12509     41.149   -1.18618    20.9829   -2.78431    221.957    21.9743    21.7321    4.76832    0.12401
  -14.6207    1.61112   -9.13211  -0.512168  -0.890007    16.2448   -18.6426   -1.18618    48.1747   -2.66997    2.85279   -221.616    1.43865   -1.40174  -0.245196   -3.39644
   7.79424  -0.879563   -2.47616  0.0309877 -0.0654542     22.369    6.15288    20.9829   -2.66997     21.297  -0.406731    137.133    9.26473   -5.92036    2.99098    1.79485
  -1.31632   0.354259   -2.13672  -0.846094   0.840616    1.68612   -2.15355   -2.78431    2.85279  -0.406731     26.062   -3976.89   -2.67717   -2.15419   0.821946   0.153388
   61.6658    272.431    50.7367    105.772   -188.639    52.5421    176.181    221.957   -221.616    137.133   -3976.89     962294    49.8504   -88.9199    1051.68   -122.997
    7.5111  -0.439961    9.83638  -0.148107  -0.753924   0.714427    5.88185    21.9743    1.43865    9.26473   -2.67717    49.8504    41.9696    27.8149   -3.00848  -0.929966
  -13.9994   0.200706    4.03747   0.665784    2.71096   -24.6336     7.5897    21.7321   -1.40174   -5.92036   -2.15419   -88.9199    27.8149    84.1281   -1.96952   -3.54404
  -2.58213   -4.13919   -1.93894  -0.103994    2.90019    4.77927    5.90875    4.76832  -0.245196    2.99098   0.821946    1051.68   -3.00848   -1.96952    75.9091   0.961582
   1.59285   -0.44587  -0.333921 0.00353665 -0.0697869    1.65124    1.54225    0.12401   -3.39644    1.79485   0.153388   -122.997  -0.929966   -3.54404   0.961582     25.103
