     27.3646    -0.052183     0.867068  -0.00775628    -0.720806    -0.103162     -11.3892      5.61829     -12.3674      5.38723      -135.71   -0.0114263      9.02581     -9.21507      2.15841      6.63145
   -0.052183    0.0424002  0.000401813  -0.00206104   0.00922568  -0.00982397   -0.0352975   -0.0500242     0.079809   -0.0382775      2.65299    0.0031521   -0.0347507    0.0145411    -0.370262    -0.065246
    0.867068  0.000401813      3.00743    0.0157426   -0.0532524    -0.133835     -1.27876    -0.356857     0.307929    -0.621285      4.17434  0.000699262   -0.0251421    -0.714962    0.0628049    0.0594854
 -0.00775628  -0.00206104    0.0157426      1.28313   -0.0581585     0.056302    0.0307839    0.0336443     -0.25063   -0.0132903     -36.8235    0.0105859    -0.211523     0.349832    -0.182323     0.247666
   -0.720806   0.00922568   -0.0532524   -0.0581585      2.49031   -0.0443203     0.620014     0.111235    -0.317461   -0.0472324      10.2186   -0.0106182     0.236334     0.676587     -0.13221    -0.190737
   -0.103162  -0.00982397    -0.133835     0.056302   -0.0443203       7.5658     0.488388      2.18699     0.872404      2.26468     -33.6901   -0.0106568     0.431461     -1.73218    -0.140061      1.67874
    -11.3892   -0.0352975     -1.27876    0.0307839     0.620014     0.488388      29.0463      7.47888     -15.7579      5.37625     -162.593     0.119783       5.4366      6.59889     -1.02795      3.87501
     5.61829   -0.0500242    -0.356857    0.0336443     0.111235      2.18699      7.47888      37.2308     0.205367      17.0191     -249.585     0.124042       14.277       16.329      2.29908      2.04151
    -12.3674     0.079809     0.307929     -0.25063    -0.317461     0.872404     -15.7579     0.205367      42.8938    -0.294612      246.798    -0.100697      3.14328    -0.210207     0.280613     -10.4933
     5.38723   -0.0382775    -0.621285   -0.0132903   -0.0472324      2.26468      5.37625      17.0191    -0.294612      18.5536     -4.58947 -0.000186744      5.39369     -6.76333      2.51074      7.24387
     -135.71      2.65299      4.17434     -36.8235      10.2186     -33.6901     -162.593     -249.585      246.798     -4.58947       234390     -78.4152     -250.429     -220.656      25.1189      97.7518
  -0.0114263    0.0031521  0.000699262    0.0105859   -0.0106182   -0.0106568     0.119783     0.124042    -0.100697 -0.000186744     -78.4152     0.036058     0.106186     0.148896     0.165878   -0.0692178
     9.02581   -0.0347507   -0.0251421    -0.211523     0.236334     0.431461       5.4366       14.277      3.14328      5.39369     -250.429     0.106186       47.329      20.9319      2.23422    -0.941732
    -9.21507    0.0145411    -0.714962     0.349832     0.676587     -1.73218      6.59889       16.329    -0.210207     -6.76333     -220.656     0.148896      20.9319      75.4852     -2.73047      -15.769
     2.15841    -0.370262    0.0628049    -0.182323     -0.13221    -0.140061     -1.02795      2.29908     0.280613      2.51074      25.1189     0.165878      2.23422     -2.73047      136.222      3.68973
     6.63145    -0.065246    0.0594854     0.247666    -0.190737      1.67874      3.87501      2.04151     -10.4933      7.24387      97.7518   -0.0692178    -0.941732      -15.769      3.68973      438.889
