 2.19564e+10            0            0            0            0            0            0            0            0            0       112556            0            0            0            0     -11717.7 -3.97881e+07            0
           0  4.04526e+10            0            0      15700.3     -15216.8      3638.14            0            0     -11214.3            0 -1.07359e+06     -5188.84            0      3595.91      27644.8            0      11588.5
           0            0  1.42497e+09            0            0            0      4419.23       502648            0            0            0      338.654     -1026.04            0       2632.2      1792.41            0      532.087
           0            0            0  6.17186e+09      5731.05            0     -1494.58      20280.8            0      36234.7            0            0      1890.57            0            0     -11557.9            0            0
           0      15700.3            0      5731.05      7.83957    0.0023343    -0.149411    -0.156694            0     0.388299    -0.101832    -0.395084    0.0212008      6.24059     0.134179    0.0645066            0    0.0305992
           0     -15216.8            0            0    0.0023343      3.53833    -0.141867       -1.248       461757    -0.172357    -0.167266     0.575355     -0.13444            0   -0.0367777     0.402249      2.02602    0.0196151
           0      3638.14      4419.23     -1494.58    -0.149411    -0.141867       2.5013      1.08961            0    -0.240774    -0.290672    -0.164486    -0.048155     -4.52955     0.011754    -0.042598            0    0.0808548
           0            0       502648      20280.8    -0.156694       -1.248      1.08961      672.246 -5.91851e+07            0      3.75086            0    -0.304474     -87.9998            0     -10.0019            0     -0.18418
           0            0            0            0            0       461757            0 -5.91851e+07  1.45255e+14            0            0            0            0            0            0            0            0            0
           0     -11214.3            0      36234.7     0.388299    -0.172357    -0.240774            0            0      35.1524     -1.95271     0.319016    -0.152675      7.80262     0.328154     0.180308     -13.2184  -0.00785061
      112556            0            0            0    -0.101832    -0.167266    -0.290672      3.75086            0     -1.95271      198.429     -0.16423      0.43576     -12.3243    -0.208841     -1.58942     -237.249    0.0590853
           0 -1.07359e+06      338.654            0    -0.395084     0.575355    -0.164486            0            0     0.319016     -0.16423      30.2089   -0.0484875            0    0.0217359     -0.71299            0    -0.311856
           0     -5188.84     -1026.04      1890.57    0.0212008     -0.13444    -0.048155    -0.304474            0    -0.152675      0.43576   -0.0484875      1.90547   0.00433074   -0.0360073     -0.14261     0.844148    0.0135249
           0            0            0            0      6.24059            0     -4.52955     -87.9998            0      7.80262     -12.3243            0   0.00433074      20954.1       6.1216     -4.38186            0     -23.3818
           0      3595.91       2632.2            0     0.134179   -0.0367777     0.011754            0            0     0.328154    -0.208841    0.0217359   -0.0360073       6.1216      1.70612    0.0890287            0     0.098398
    -11717.7      27644.8      1792.41     -11557.9    0.0645066     0.402249    -0.042598     -10.0019            0     0.180308     -1.58942     -0.71299     -0.14261     -4.38186    0.0890287      19.1121      14.7483    -0.231471
-3.97881e+07            0            0            0            0      2.02602            0            0            0     -13.2184     -237.249            0     0.844148            0            0      14.7483      86110.5            0
           0      11588.5      532.087            0    0.0305992    0.0196151    0.0808548     -0.18418            0  -0.00785061    0.0590853    -0.311856    0.0135249     -23.3818     0.098398    -0.231471            0      3.34165
