  2.1956e+10            0            0            0            0            0            0            0            0            0      89719.8            0            0            0            0     -13307.2 -1.38171e+07            0
           0  4.04525e+10            0            0      18939.7     -20308.6      5073.19            0            0     -11275.1            0      -979951     -7264.25            0      4354.83        31395            0      16540.9
           0            0  1.68935e+07            0            0            0      670.998      35873.7            0            0            0      33.5858     -156.137            0      347.179      221.606            0      82.7908
           0            0            0  1.27778e+08      995.432            0     -299.965      1914.44            0      5243.16            0            0      380.661            0            0     -1888.84            0            0
           0      18939.7            0      995.432      11.4104   0.00372724    -0.251338    -0.123917            0     0.470988   -0.0979243    -0.435039    0.0358119      3.58412      0.19605    0.0883589            0    0.0527012
           0     -20308.6            0            0   0.00372724      6.30269    -0.264027     -1.09192       136398     -0.23128    -0.177945     0.700912    -0.251199            0   -0.0594453     0.609687     0.938999    0.0373719
           0      5073.19      670.998     -299.965    -0.251338    -0.264027      4.86376     0.996047            0    -0.337572    -0.323092    -0.209361   -0.0940157     -3.00725    0.0198495   -0.0674495            0     0.160959
           0            0      35873.7      1914.44    -0.123917     -1.09192     0.996047        288.9 -8.58725e+06            0      1.96005            0    -0.279442     -27.4664            0     -7.44629            0    -0.171633
           0            0            0            0            0       136398            0 -8.58725e+06  7.11616e+12            0            0            0            0            0            0            0            0            0
           0     -11275.1            0      5243.16     0.470988     -0.23128    -0.337572            0            0      35.5345     -1.56497     0.292771    -0.214899      3.73506     0.399564      0.20588     -4.61521   -0.0112711
     89719.8            0            0            0   -0.0979243    -0.177945    -0.323092      1.96005            0     -1.56497      126.084    -0.119493     0.486284     -4.67732    -0.201634     -1.43886     -65.6745    0.0672304
           0      -979951      33.5858            0    -0.435039     0.700912    -0.209361            0            0     0.292771    -0.119493      25.1692   -0.0619227            0    0.0240225    -0.739094            0    -0.406307
           0     -7264.25     -156.137      380.661    0.0358119    -0.251199   -0.0940157    -0.279442            0    -0.214899     0.486284   -0.0619227      3.73458   0.00282434   -0.0610491    -0.226743     0.410386    0.0270257
           0            0            0            0      3.58412            0     -3.00725     -27.4664            0      3.73506     -4.67732            0   0.00282434      4749.93      3.52972     -2.36927            0     -15.8903
           0      4354.83      347.179            0      0.19605   -0.0594453    0.0198495            0            0     0.399564    -0.201634    0.0240225   -0.0610491      3.52972      2.50224     0.122444            0     0.170093
    -13307.2        31395      221.606     -1888.84    0.0883589     0.609687   -0.0674495     -7.44629            0      0.20588     -1.43886    -0.739094    -0.226743     -2.36927     0.122444      24.6493      5.81647    -0.375226
-1.38171e+07            0            0            0            0     0.938999            0            0            0     -4.61521     -65.6745            0     0.410386            0            0      5.81647      10384.6            0
           0      16540.9      82.7908            0    0.0527012    0.0373719     0.160959    -0.171633            0   -0.0112711    0.0672304    -0.406307    0.0270257     -15.8903     0.170093    -0.375226            0      6.80846
