 5.26173e+09     -671.918            0            0            0     -2054.26            0            0 -1.33636e+09      179.448            0      2777.49      7104.19            0            0      4481.01            0
    -671.918     0.762449     -28.5861    -0.769237            0   0.00750817     -5425.29    0.0430818       -17581   0.00307833            0     0.336048    0.0477016     0.587809            0  -0.00761015      2616.01
           0     -28.5861   3.3654e+06            0            0            0            0            0  7.54794e+07            0            0            0      149.311            0            0     -20.3165            0
           0    -0.769237            0       989.09            0    -0.751841      7156.96       1.4294  1.81658e+06    -0.373301            0      3.38909      1.45662       111.46            0     -1.05697            0
           0            0            0            0  1.81235e+06     -55.2026            0     -16.8042 -3.39043e+07     -2.89997 -1.19709e+08      27.7839      116.209            0       212216     -398.747            0
    -2054.26   0.00750817            0    -0.751841     -55.2026      4.49154     -5254.24     0.140401     -8125.04    0.0270492      6435.53    -0.225182    -0.108048   -0.0520784     -9.42654   -0.0225464     -3850.36
           0     -5425.29            0      7156.96            0     -5254.24  2.45339e+10         -309 -8.26054e+08     -1901.23 -1.05817e+09     -50487.5      30293.3       119639  2.65457e+06      1262.69            0
           0    0.0430818            0       1.4294     -16.8042     0.140401         -309      12.3094      -131089     0.105578      22920.8    -0.286428      -0.3536     -2.66187     -56.2437   -0.0277984            0
-1.33636e+09       -17581  7.54794e+07  1.81658e+06 -3.39043e+07     -8125.04 -8.26054e+08      -131089  7.02629e+10      2641.18 -3.58814e+09       641195      -360148  1.47122e+06  7.64781e+06     -64060.1 -2.22944e+09
     179.448   0.00307833            0    -0.373301     -2.89997    0.0270492     -1901.23     0.105578      2641.18     0.409681      1075.36    -0.176716   -0.0896699    -0.441888      -2.7049   0.00508091     -2304.29
           0            0            0            0 -1.19709e+08      6435.53 -1.05817e+09      22920.8 -3.58814e+09      1075.36  2.50566e+10            0     -26520.6      -348844  -4.9643e+07      12838.5            0
     2777.49     0.336048            0      3.38909      27.7839    -0.225182     -50487.5    -0.286428       641195    -0.176716            0      96.1386      0.56774            0            0    -0.257359       334765
     7104.19    0.0477016      149.311      1.45662      116.209    -0.108048      30293.3      -0.3536      -360148   -0.0896699     -26520.6      0.56774      25.0708      -3.6154      53.7998     0.227323     -2836.24
           0     0.587809            0       111.46            0   -0.0520784       119639     -2.66187  1.47122e+06    -0.441888      -348844            0      -3.6154      5391.69      874.834   -0.0210667            0
           0            0            0            0       212216     -9.42654  2.65457e+06     -56.2437  7.64781e+06      -2.7049  -4.9643e+07            0      53.7998      874.834       109479     -27.2238            0
     4481.01  -0.00761015     -20.3165     -1.05697     -398.747   -0.0225464      1262.69   -0.0277984     -64060.1   0.00508091      12838.5    -0.257359     0.227323   -0.0210667     -27.2238      7.43682      38945.2
           0      2616.01            0            0            0     -3850.36            0            0 -2.22944e+09     -2304.29            0       334765     -2836.24            0            0      38945.2  1.91429e+11
