 2.19375e+10            0            0            0            0            0            0            0            0            0      60650.2            0            0            0            0     -16573.7 -2.19351e+06            0
           0  6.12388e+09            0            0      10164.1     -12536.4      3412.33            0            0     -4375.85            0      -328211      -4968.2            0      2373.91      14971.1            0        11891
           0            0       7260.5            0            0            0      23.4168       356.77            0            0            0     0.596493     -5.82298            0      10.0361      5.72857            0      3.19322
           0            0            0       132286      44.6328      1.26537      -17.257      29.5098            0      171.184            0            0      21.9752            0            0     -75.7411            0            0
           0      10164.1            0      44.6328      22.0454    0.0385818    -0.615144   -0.0824357            0     0.796799   -0.0465305    -0.514639     0.107732       1.2852     0.377433     0.153467            0       0.1255
           0     -12536.4            0      1.26537    0.0385818      16.1436    -0.709349     -0.83822      115.984    -0.376942    -0.208176     0.962283     -0.72141            0    -0.132191      1.22226     0.236997     0.109086
           0      3412.33      23.4168      -17.257    -0.615144    -0.709349      13.8039     0.811075            0    -0.589366    -0.362559    -0.306449    -0.284146     -1.38193    0.0462888    -0.141702            0     0.505836
           0            0       356.77      29.5098   -0.0824357     -0.83822     0.811075      66.4556     -2192.19 -3.55957e-10     0.643812            0    -0.240261     -3.62186            0     -4.45275            0    -0.152928
           0            0            0            0            0      115.984            0     -2192.19  2.03676e+06            0            0            0            0            0            0            0            0            0
           0     -4375.85            0      171.184     0.796799    -0.376942    -0.589366 -3.55957e-10            0      36.6079      -1.0779     0.251596    -0.395899      1.04281     0.565654     0.261281    -0.743638   -0.0195731
     60650.2            0            0            0   -0.0465305    -0.208176    -0.362559     0.643812            0      -1.0779       57.378   -0.0691037     0.582029    -0.860777    -0.196364     -1.21805     -7.05712     0.019511
           0      -328211     0.596493            0    -0.514639     0.962283    -0.306449            0            0     0.251596   -0.0691037      18.6518   -0.0995341            0    0.0278304    -0.783402            0    -0.647916
           0      -4968.2     -5.82298      21.9752     0.107732     -0.72141    -0.284146    -0.240261            0    -0.395899     0.582029   -0.0995341      12.0125   0.00149695    -0.153255    -0.506655     0.116897    0.0860717
           0            0            0            0       1.2852            0     -1.38193     -3.62186            0      1.04281    -0.860777            0   0.00149695      359.223      1.35765     -0.81208            0     -8.12168
           0      2373.91      10.0361            0     0.377433    -0.132191    0.0462888            0            0     0.565654    -0.196364    0.0278304    -0.153255      1.35765       4.8685     0.212577            0     0.441057
    -16573.7      14971.1      5.72857     -75.7411     0.153467      1.22226    -0.141702     -4.45275            0     0.261281     -1.21805    -0.783402    -0.506655     -0.81208     0.212577      38.2906      1.15141    -0.870241
-2.19351e+06            0            0            0            0     0.236997            0            0            0    -0.743638     -7.05712            0     0.116897            0            0      1.15141      261.954            0
           0        11891      3.19322            0       0.1255     0.109086     0.505836    -0.152928            0   -0.0195731     0.019511    -0.647916    0.0860717     -8.12168     0.441057    -0.870241            0      23.5369
