 6.42814e+11            0            0       124641            0            0 -2.55265e+06            0            0       561778            0            0            0  -1.5659e+06
           0      219.472      1.53474      13.6166            0            0     -38.2665      763.489            0      4.31907  1.90736e+06            0     -808.871     -11.8407
           0      1.53474      592.835      -2.0593       949409       107080      22.9956      115.197      44.1485     -19.3483     -30814.9        1.142            0      229.379
      124641      13.6166      -2.0593      22.3273  1.19285e+06      292.988     -13.8305     -76.1686      100.051      1.22483       120351    -0.444807      633.205    -0.259095
           0            0       949409  1.19285e+06  8.61232e+11            0            0  1.03386e+08            0 -1.41523e+06            0            0            0  2.21185e+06
           0            0       107080      292.988            0  7.36045e+07      22106.8            0            0      -3998.8            0       486.99            0      20553.1
-2.55265e+06     -38.2665      22.9956     -13.8305            0      22106.8      37366.3     -1181.39     -417.632     -90.5493            0            0            0      631.498
           0      763.489      115.197     -76.1686  1.03386e+08            0     -1181.39       118343      1471.59      138.123  5.93772e+06            0       -27257     -29.8792
           0            0      44.1485      100.051            0            0     -417.632      1471.59      79373.9      274.164            0            0            0     -3032.04
      561778      4.31907     -19.3483      1.22483 -1.41523e+06      -3998.8     -90.5493      138.123      274.164      109.836      61186.8     -11.5689      4315.94      2.69756
           0  1.90736e+06     -30814.9       120351            0            0            0  5.93772e+06            0      61186.8  1.98317e+10            0            0      -352368
           0            0        1.142    -0.444807            0       486.99            0            0            0     -11.5689            0      196.441      2220.74      49.8146
           0     -808.871            0      633.205            0            0            0       -27257            0      4315.94            0      2220.74  1.72899e+07     -37499.4
 -1.5659e+06     -11.8407      229.379    -0.259095  2.21185e+06      20553.1      631.498     -29.8792     -3032.04      2.69756      -352368      49.8146     -37499.4      6062.75
