     963.275     -136.362     -40.9072     -1.35364            0      14.8928            0      31910.8            0            0            0        25.69       167334       1.9434
    -136.362       293289            0            0            0       233.93            0       732581            0      -120969            0     -32.2406            0     -127.038
    -40.9072            0       158106            0     -3218.19      142.407            0            0            0            0            0     -206.451            0      253.134
    -1.35364            0            0      3.12113            0      2.04557            0     -1444.48            0            0      -121.74      3.18022            0            0
           0            0     -3218.19            0       179534     -371.578     -330.598            0            0            0            0     -631.409            0      246.163
     14.8928       233.93      142.407      2.04557     -371.578      43.4621      716.128      20247.3  4.60431e+13     -1942.54       5273.4     -68.5281      -231895      4.23322
           0            0            0            0     -330.598      716.128       577609            0            0            0      59488.1      547.114            0      145.967
     31910.8       732581            0     -1444.48            0      20247.3            0  5.04792e+09            0 -1.65495e+06            0     -33915.6 -9.24743e+08            0
           0            0            0            0            0  4.60431e+13            0            0  1.98237e+27            0  5.57784e+16  -3.8158e+14            0  6.85545e+13
           0      -120969            0            0            0     -1942.54            0 -1.65495e+06            0  1.31247e+07            0            0            0      115.069
           0            0            0      -121.74            0       5273.4      59488.1            0  5.57784e+16            0  1.69466e+07     -47712.9            0      1949.36
       25.69     -32.2406     -206.451      3.18022     -631.409     -68.5281      547.114     -33915.6  -3.8158e+14            0     -47712.9      2659.35            0      2.35409
      167334            0            0            0            0      -231895            0 -9.24743e+08            0            0            0            0  2.83375e+11     -27998.9
      1.9434     -127.038      253.134            0      246.163      4.23322      145.967            0  6.85545e+13      115.069      1949.36      2.35409     -27998.9      609.585
