   0.0115827     -235.894   0.00504822   0.00705964  1.16729e-05   -0.0102054     -24122.1    -0.046506   0.00543171  -0.00424834   -0.0854161    0.0495406  7.66519e-05   -0.0240393    0.0354362
    -235.894  1.98089e+09      14987.6     -5372.13     -14.9213     -1011.25  8.13878e+09      20719.4      23035.5      624.281      2082.46      4447.41      12.3362     -4581.37     -15499.8
  0.00504822      14987.6      36.5979     0.671002  0.000127006     -1.83937 -1.45105e+06      -5.6323      24.7009    -0.377035     -10.0009     -1.67539   0.00130787      7.45136     -10.6625
  0.00705964     -5372.13     0.671002      20.1538  0.000482719     0.189124       810797     0.240125     0.563153    0.0993476      3.05662     -2.62866    0.0023219    -0.694117     -1.15199
 1.16729e-05     -14.9213  0.000127006  0.000482719   9.7863e-06  8.55092e-05     -276.344   0.00181015  0.000291805   0.00011598  0.000551384   -0.0004547  4.93019e-07   0.00114467 -0.000196832
  -0.0102054     -1011.25     -1.83937     0.189124  8.55092e-05      7.64437      -384590     -2.59492     -1.18404     0.201035    0.0150855    -0.396575  0.000354697    -0.271176      2.07068
    -24122.1  8.13878e+09 -1.45105e+06       810797     -276.344      -384590  1.75697e+14            0      -646579       323984  2.72103e+06  1.04107e+07     -3144.87 -1.52186e+06 -6.45079e+06
   -0.046506      20719.4      -5.6323     0.240125   0.00181015     -2.59492            0      426.541     -2.12371    -0.620171       15.416     -8.40682    0.0201933      0.34553     -7.22489
  0.00543171      23035.5      24.7009     0.563153  0.000291805     -1.18404      -646579     -2.12371      32.7078    -0.433515      1.74325     -14.4517  0.000563284      3.96647     -7.86224
 -0.00424834      624.281    -0.377035    0.0993476   0.00011598     0.201035       323984    -0.620171    -0.433515       2.5891    -0.195394      0.45583   0.00101008      0.18295    0.0837896
  -0.0854161      2082.46     -10.0009      3.05662  0.000551384    0.0150855  2.72103e+06       15.416      1.74325    -0.195394      73.9655     -29.2684  -0.00315103      2.53284     -25.6843
   0.0495406      4447.41     -1.67539     -2.62866   -0.0004547    -0.396575  1.04107e+07     -8.40682     -14.4517      0.45583     -29.2684      70.0596   -0.0059897     -5.30434     -19.1775
 7.66519e-05      12.3362   0.00130787    0.0023219  4.93019e-07  0.000354697     -3144.87    0.0201933  0.000563284   0.00101008  -0.00315103   -0.0059897  0.000141098  -0.00323352   0.00683597
  -0.0240393     -4581.37      7.45136    -0.694117   0.00114467    -0.271176 -1.52186e+06      0.34553      3.96647      0.18295      2.53284     -5.30434  -0.00323352      29.2679    -0.478577
   0.0354362     -15499.8     -10.6625     -1.15199 -0.000196832      2.07068 -6.45079e+06     -7.22489     -7.86224    0.0837896     -25.6843     -19.1775   0.00683597    -0.478577      50.1571
