    4.54621   -0.332551  0.00400016    0.315784   0.0385242   -0.690824    -159.139   -0.260504   0.0751244   -0.352051    -1.88538     1.05705    0.409443   -0.514412    0.752388
  -0.332551     30.2725     5.46408     -2.8207    0.118807     5.82162    -911.353     1.69232   -0.981041    0.977724    -20.5265     2.69806   -0.310726     20.6299     7.58334
 0.00400016     5.46408     41.3558     1.53363   0.0836022    -13.5548    -486.648   -0.125511     28.0392    -1.72764    -7.69757     0.90814    0.183944     12.8158    -14.2556
   0.315784     -2.8207     1.53363     99.4244    0.221139    -2.29754      605.02    -1.67996     1.35546     1.15553     7.51773     -6.0312     1.22238    -1.30757    -2.67679
  0.0385242    0.118807   0.0836022    0.221139    0.403633    0.234994    -17.2821    0.153065   0.0459574   0.0944551    0.138107  -0.0613481   0.0236809    0.271514   -0.129058
  -0.690824     5.82162    -13.5548    -2.29754    0.234994     47.1032     905.673     1.74631    -11.1003      1.7622     16.7394    -2.83187   -0.860498     22.0466     4.99775
   -159.139    -911.353    -486.648      605.02    -17.2821     905.673 1.99977e+07     212.334     -160.14     492.612     587.261     3721.93    -333.394    -602.171    -2501.12
  -0.260504     1.69232   -0.125511    -1.67996    0.153065     1.74631     212.334      68.405     1.00183    -1.49899     8.23699    -4.20825     1.25473     1.69102     -5.3033
  0.0751244   -0.981041     28.0392     1.35546   0.0459574    -11.1003     -160.14     1.00183     37.7042    -2.10003     3.31206    -12.8283   -0.100751     7.57121    -12.7333
  -0.352051    0.977724    -1.72764     1.15553   0.0944551      1.7622     492.612    -1.49899    -2.10003     48.9191   -0.737623     1.40006    0.972349    0.717988    0.672512
   -1.88538    -20.5265    -7.69757     7.51773    0.138107     16.7394     587.261     8.23699     3.31206   -0.737623     79.8497    -36.1155   -0.720901     3.28789    -32.4961
    1.05705     2.69806     0.90814     -6.0312  -0.0613481    -2.83187     3721.93    -4.20825    -12.8283     1.40006    -36.1155     77.1653    -1.53206    -8.40552    -23.4904
   0.409443   -0.310726    0.183944     1.22238   0.0236809   -0.860498    -333.394     1.25473   -0.100751    0.972349   -0.720901    -1.53206     7.64192   -0.924114     1.70055
  -0.514412     20.6299     12.8158    -1.30757    0.271514     22.0466    -602.171     1.69102     7.57121    0.717988     3.28789    -8.40552   -0.924114     32.3217   -0.832627
   0.752388     7.58334    -14.2556    -2.67679   -0.129058     4.99775    -2501.12     -5.3033    -12.7333    0.672512    -32.4961    -23.4904     1.70055   -0.832627     54.8367
