    0.84818   -0.788383   0.0220509    0.111725  0.00393825    -0.32684    -4978.23   -0.232312   0.0597787  -0.0923201   -0.768597    0.458241   0.0322965   -0.227563    0.324148
  -0.788383     293.384     5.95515    -3.70465   -0.228197    -1.84352     76718.3     4.28415     9.14592    0.706276    0.619142     2.07383    0.228157    -1.40932    -6.51675
  0.0220509     5.95515     38.6338     1.23011   0.0102836    -11.9556    -32777.1   -0.526517     26.4143   -0.957975    -8.32188    0.352723   0.0364631     10.5701    -12.7474
   0.111725    -3.70465     1.23011     70.3395    0.034754    -1.57258     35746.7    -1.21412     1.12048     0.59477     6.06167    -4.98239    0.211835     -1.1642    -2.18288
 0.00393825   -0.228197   0.0102836    0.034754   0.0150052   0.0391957     -246.44   0.0455396   0.0151621    0.011823   0.0214062  -0.0197151 0.000913065   0.0465091  -0.0101689
   -0.32684    -1.84352    -11.9556    -1.57258   0.0391957     50.5537     76291.2     3.29809    -9.78458    0.882213      16.696   0.0769195  -0.0647636     17.5148     6.17731
   -4978.23     76718.3    -32777.1     35746.7     -246.44     76291.2  1.0125e+11     22593.8    -15028.2     21076.3     43386.5      257736    -4712.37    -39382.2     -167904
  -0.232312     4.28415   -0.526517    -1.21412   0.0455396     3.29809     22593.8      180.92    0.839533    -1.70404     12.1431    -7.00785    0.495923     2.15648     -8.0555
  0.0597787     9.14592     26.4143     1.12048   0.0151621    -9.78458    -15028.2    0.839533     34.8776    -1.21147     2.72207    -13.5221 -0.00574419     6.22923    -10.7198
 -0.0923201    0.706276   -0.957975     0.59477    0.011823    0.882213     21076.3    -1.70404    -1.21147     19.1967   -0.505482     1.07608    0.132943    0.506457     0.25542
  -0.768597    0.619142    -8.32188     6.06167   0.0214062      16.696     43386.5     12.1431     2.72207   -0.505482     76.4474    -33.2621   -0.136203     2.65132    -29.6059
   0.458241     2.07383    0.352723    -4.98239  -0.0197151   0.0769195      257736    -7.00785    -13.5221     1.07608    -33.2621     73.0747   -0.330533    -7.31122    -21.5867
  0.0322965    0.228157   0.0364631    0.211835 0.000913065  -0.0647636    -4712.37    0.495923 -0.00574419    0.132943   -0.136203   -0.330533    0.334152   -0.168043    0.348491
  -0.227563    -1.40932     10.5701     -1.1642   0.0465091     17.5148    -39382.2     2.15648     6.22923    0.506457     2.65132    -7.31122   -0.168043     30.7595   -0.760627
   0.324148    -6.51675    -12.7474    -2.18288  -0.0101689     6.17731     -167904     -8.0555    -10.7198     0.25542    -29.6059    -21.5867    0.348491   -0.760627     51.9846
