   27.1421  -0.463019 -0.0764308    2.71635   0.585227   -1.69446   -3.21049   -2.32259   0.279595   -4.16941   -5.02806     3.0089   0.372015   -1.21453     2.0369
 -0.463019    36.7085    9.69857   -1.58249   0.995331    7.77923   -9.86329   0.485429   -2.70559   -4.79715   -24.1164  -0.158532   -11.2906         25    12.4766
-0.0764308    9.69857    46.8285    1.29528   0.767962   -14.0042    -3.9841   -15.6638    29.9889   -12.4031   -6.82879   0.833113    3.32446    15.9338   -17.5057
   2.71635   -1.58249    1.29528    157.501    1.88696   -1.24839   -11.5956   -1.88686  -0.286693    3.58608    3.41962   -10.8855    2.45268  -0.649632    3.46948
  0.585227   0.995331   0.767962    1.88696    17.0773    1.67243  -0.894757    1.61751   0.284617    1.19549    1.23051  -0.431122  -0.687149    1.77898   -1.12997
  -1.69446    7.77923   -14.0042   -1.24839    1.67243    54.5664    8.44928    21.6105   -7.64911    22.1705    17.3353    -1.3894   -9.95214    25.4326    4.70662
  -3.21049   -9.86329    -3.9841   -11.5956  -0.894757    8.44928    1062.93    3.60103    0.82791    3.58033    3.77853    30.1387   -9.24043   -4.92816   -19.2952
  -2.32259   0.485429   -15.6638   -1.88686    1.61751    21.6105    3.60103    37.5823   -1.49851    31.4732    38.7289   -16.9497    -4.1467    10.7347    -13.181
  0.279595   -2.70559    29.9889  -0.286693   0.284617   -7.64911    0.82791   -1.49851    44.4807   -9.18095    5.03001   -10.2194    9.54656    9.51199   -16.9945
  -4.16941   -4.79715   -12.4031    3.58608    1.19549    22.1705    3.58033    31.4732   -9.18095    49.7812    54.2566   -19.4632   -2.00499    11.5854   -20.9528
  -5.02806   -24.1164   -6.82879    3.41962    1.23051    17.3353    3.77853    38.7289    5.03001    54.2566    88.5189   -38.4815    9.21867    4.27686   -36.0951
    3.0089  -0.158532   0.833113   -10.8855  -0.431122    -1.3894    30.1387   -16.9497   -10.2194   -19.4632   -38.4815    86.9381   -26.3803   -9.68713   -27.9244
  0.372015   -11.2906    3.32446    2.45268  -0.687149   -9.95214   -9.24043    -4.1467    9.54656   -2.00499    9.21867   -26.3803    17.8316   -7.43527    8.60975
  -1.21453         25    15.9338  -0.649632    1.77898    25.4326   -4.92816    10.7347    9.51199    11.5854    4.27686   -9.68713   -7.43527    35.1335  -0.886754
    2.0369    12.4766   -17.5057    3.46948   -1.12997    4.70662   -19.2952    -13.181   -16.9945   -20.9528   -36.0951   -27.9244    8.60975  -0.886754    60.5006
