    0.153487     -6.85975    0.0143729    0.0376323   0.00040078   -0.0693666     -13539.9    -0.127307    0.0153893   -0.0271991    -0.314665     0.184661   0.00297777   -0.0887504     0.128896
    -6.85975       126372      117.752     -62.7572     -1.12197     -15.0721  9.99677e+06      124.243      184.833      8.75626      17.7252      40.8825      1.05792     -34.2246     -127.249
   0.0143729      117.752      37.0757     0.965227   0.00148486     -3.54259      -210421     -4.21635      25.3301    -0.646853     -8.94988    -0.516207    0.0121958      9.13834     -11.5364
   0.0376323     -62.7572     0.965227      43.2193   0.00663918     0.518801       183106     0.264212     0.868649     0.255926      4.56416     -3.83342    0.0362737    -0.959985     -1.70494
  0.00040078     -1.12197   0.00148486   0.00663918   0.00086484   0.00153999     -398.047    0.0127998   0.00297815   0.00191815   0.00517284  -0.00449152  4.95098e-05    0.0108154  -0.00187456
  -0.0693666     -15.0721     -3.54259     0.518801   0.00153999      26.8568      -110457     -3.68292     -2.33959      0.65994   -0.0911784    -0.810758   0.00703922    -0.605544      3.91123
    -13539.9  9.99677e+06      -210421       183106     -398.047      -110457  4.17809e+12            0      -102218      87885.2       393133  1.59766e+06     -5178.72      -253048 -1.02411e+06
   -0.127307      124.243     -4.21635     0.264212    0.0127998     -3.68292            0      241.135     -1.55949    -0.820209      11.7369     -6.41586     0.162062     0.226706     -5.30759
   0.0153893      184.833      25.3301     0.868649   0.00297815     -2.33959      -102218     -1.55949      33.4217    -0.768001      2.49881      -13.768   0.00505435      5.28777     -9.07885
  -0.0271991      8.75626    -0.646853     0.255926   0.00191815      0.65994      87885.2    -0.820209    -0.768001      8.01159    -0.362046     0.778419    0.0189581     0.300497     0.158155
   -0.314665      17.7252     -8.94988      4.56416   0.00517284   -0.0911784       393133      11.7369      2.49881    -0.362046      74.1058     -30.8095   -0.0334932      2.60864     -27.1848
    0.184661      40.8825    -0.516207     -3.83342  -0.00449152    -0.810758  1.59766e+06     -6.41586      -13.768     0.778419     -30.8095      70.3368   -0.0629829     -6.41683     -19.7461
  0.00297777      1.05792    0.0121958    0.0362737  4.95098e-05   0.00703922     -5178.72     0.162062   0.00505435    0.0189581   -0.0334932   -0.0629829    0.0160698   -0.0336324    0.0729342
  -0.0887504     -34.2246      9.13834    -0.959985    0.0108154    -0.605544      -253048     0.226706      5.28777     0.300497      2.60864     -6.41683   -0.0336324      29.6864    -0.724764
    0.128896     -127.249     -11.5364     -1.70494  -0.00187456      3.91123 -1.02411e+06     -5.30759     -9.07885     0.158155     -27.1848     -19.7461    0.0729342    -0.724764      50.1851
