     85.3531     0.791943     -21.5285    -0.170637      1.05097   -0.0141883   -0.0992658     -288.015    -0.116228      1.76412      1.45492     -3.56288 -0.000808769   0.00316059      6.02258      1.00233
    0.791943      17.6269      5.03238     0.104098     0.393453   0.00887672      3.40062     -186.731    -0.347658      3.93085     -2.50873       2.0249  0.000307793  -0.00461958      6.39681     -13.3019
    -21.5285      5.03238        852.8     -1.35669     -6.23123    0.0818422      1.53775      8017.41    -0.669451     -5.92798    -0.691988      92.0669   0.00149994   -0.0189054      3.95808     -5.16367
   -0.170637     0.104098     -1.35669      4.49868     0.749203    0.0119435     0.294034      30.1514  -0.00728196     0.504691   -0.0241048    0.0307777  0.000168509   0.00121459    -0.100038    -0.406476
     1.05097     0.393453     -6.23123     0.749203      46.5221    0.0109971    -0.432523      267.452     0.409814      1.19265    -0.487809    -0.633444   0.00141647  -0.00196876   -0.0729266     0.242805
  -0.0141883   0.00887672    0.0818422    0.0119435    0.0109971   0.00286808   0.00348204      -3.1763   0.00171304    0.0046121  0.000502661   0.00951861 -1.23658e-06 -3.41102e-05    0.0332996   0.00195228
  -0.0992658      3.40062      1.53775     0.294034    -0.432523   0.00348204      15.5128      59.5873    -0.384679      8.27138      6.26484      0.16454   0.00136931   0.00133427      -6.8083     -5.24382
    -288.015     -186.731      8017.41      30.1514      267.452      -3.1763      59.5873  3.58382e+06     -41.2094      -627.65     -668.415       637.77     0.519884     -0.28438     -262.216     -179.086
   -0.116228    -0.347658    -0.669451  -0.00728196     0.409814   0.00171304    -0.384679     -41.2094      2.56304    -0.420701     0.219393    -0.175868 -0.000498043 -0.000510075      1.42497      1.00027
     1.76412      3.93085     -5.92798     0.504691      1.19265    0.0046121      8.27138      -627.65    -0.420701      27.0067      14.0918     0.517354   0.00313213  -0.00124622     0.304647     -9.91754
     1.45492     -2.50873    -0.691988   -0.0241048    -0.487809  0.000502661      6.26484     -668.415     0.219393      14.0918      18.0342     -0.32796    0.0011799   0.00278358      2.73198      3.63975
    -3.56288       2.0249      92.0669    0.0307777    -0.633444   0.00951861      0.16454       637.77    -0.175868     0.517354     -0.32796      10.6302 -0.000161116  -0.00153845     0.238759     -1.18528
-0.000808769  0.000307793   0.00149994  0.000168509   0.00141647 -1.23658e-06   0.00136931     0.519884 -0.000498043   0.00313213    0.0011799 -0.000161116  5.17443e-05 -6.10702e-07   0.00130336   -0.0019314
  0.00316059  -0.00461958   -0.0189054   0.00121459  -0.00196876 -3.41102e-05   0.00133427     -0.28438 -0.000510075  -0.00124622   0.00278358  -0.00153845 -6.10702e-07  0.000198479    -0.009122    0.0031104
     6.02258      6.39681      3.95808    -0.100038   -0.0729266    0.0332996      -6.8083     -262.216      1.42497     0.304647      2.73198     0.238759   0.00130336    -0.009122      57.2019      12.7594
     1.00233     -13.3019     -5.16367    -0.406476     0.242805   0.00195228     -5.24382     -179.086      1.00027     -9.91754      3.63975     -1.18528   -0.0019314    0.0031104      12.7594       24.151
