    554.017           0    -2.73458           0           0           0           0           0           0           0           0           0     123.509    -5.83937    -3.72872
          0     1553.91      5.4746           0           0           0           0           0     408.842           0           0           0    -186.874     7.24567           0
   -2.73458      5.4746      11.105     2.49968    -1.05085    -4.85112     13.2016     71.4865     8.00836   -0.405316    -2.50901     2.10521    0.661124    0.718103    -1.33277
          0           0     2.49968     261.153           0           0           0           0           0           0           0           0    -47.7969     2.52635           0
          0           0    -1.05085           0     4.91095           0           0           0           0           0           0           0    -59.1253    -7.91349   -0.250538
          0           0    -4.85112           0           0     546.262     1.46417    -1256.66           0           0           0           0     198.065    -3.37108     -8.2014
          0           0     13.2016           0           0     1.46417     36.9861           0           0           0           0           0     72.0022    -13.1622           0
          0           0     71.4865           0           0    -1256.66           0 3.38431e+06           0           0           0           0    -3203.41     182.141           0
          0     408.842     8.00836           0           0           0           0           0     43717.2           0           0           0    -1080.24     77.0333           0
          0           0   -0.405316           0           0           0           0           0           0     87.5543           0    0.461014    -34.1215     3.13536   0.0691946
          0           0    -2.50901           0           0           0           0           0           0           0      391.63           0     91.9154    -5.88898    -5.00564
          0           0     2.10521           0           0           0           0           0           0    0.461014           0     364.537    -85.5741     1.37525     2.36827
    123.509    -186.874    0.661124    -47.7969    -59.1253     198.065     72.0022    -3203.41    -1080.24    -34.1215     91.9154    -85.5741     2100.62     5.54944     86.7695
   -5.83937     7.24567    0.718103     2.52635    -7.91349    -3.37108    -13.1622     182.141     77.0333     3.13536    -5.88898     1.37525     5.54944     31.3587    -4.11344
   -3.72872           0    -1.33277           0   -0.250538     -8.2014           0           0           0   0.0691946    -5.00564     2.36827     86.7695    -4.11344     120.716
