  0.00265816    0.0020387 -5.25288e-07  1.99179e-08   -0.0159677  0.000834037            0 -0.000853024  -0.00250456    -0.003822   0.00514446   0.00313878    0.0121045   0.00298667  1.87424e-06
   0.0020387      9.72015 -4.55974e-07  3.31277e-06     0.392805    -0.216717    -0.149324     -1.69577    0.0910745    -0.492066      5.52724    -0.296821    -0.385916     -1.34876 -0.000289877
-5.25288e-07 -4.55974e-07  1.24743e-07  -6.0221e-11 -1.88474e-05  7.85109e-06 -6.23835e-05  0.000184769 -7.54374e-06  4.62108e-05  0.000119636 -2.91025e-05 -5.60047e-06  5.96432e-05 -1.88081e-08
 1.99179e-08  3.31277e-06  -6.0221e-11  1.12188e-09  4.54641e-06 -7.69299e-07 -4.56905e-07  1.61989e-07 -2.16078e-06  1.59671e-06 -1.10147e-05  4.29682e-06  1.48149e-06  1.99448e-06  5.21491e-10
  -0.0159677     0.392805 -1.88474e-05  4.54641e-06      29.3255     0.211477    -0.202569      3.14432    0.0277415      6.72703     -2.38613     -3.14548        13.26     -8.78946  0.000244264
 0.000834037    -0.216717  7.85109e-06 -7.69299e-07     0.211477      1.95575    0.0274486     0.547037    -0.129463      1.07873      1.83351    -0.335041     -0.51681     0.377779  7.51962e-05
           0    -0.149324 -6.23835e-05 -4.56905e-07    -0.202569    0.0274486      1.22351     0.264504    0.0659182      0.50041     0.217106    -0.114459    -0.342069     0.388157  0.000146419
-0.000853024     -1.69577  0.000184769  1.61989e-07      3.14432     0.547037     0.264504      41.2711    -0.482792      3.36518      10.3337      5.07168      1.68229      21.8339   0.00164673
 -0.00250456    0.0910745 -7.54374e-06 -2.16078e-06    0.0277415    -0.129463    0.0659182    -0.482792      4.35975     -0.23932    -0.227375     0.146482     -0.16404    -0.138215  0.000256673
   -0.003822    -0.492066  4.62108e-05  1.59671e-06      6.72703      1.07873      0.50041      3.36518     -0.23932      19.2092      5.87611     -6.94316    -0.959168    -0.159355  -0.00033019
  0.00514446      5.52724  0.000119636 -1.10147e-05     -2.38613      1.83351     0.217106      10.3337    -0.227375      5.87611      324.132      2.50492      5.05998      9.47593 -0.000117966
  0.00313878    -0.296821 -2.91025e-05  4.29682e-06     -3.14548    -0.335041    -0.114459      5.07168     0.146482     -6.94316      2.50492      7.94668      3.77005      5.12255  -0.00041327
   0.0121045    -0.385916 -5.60047e-06  1.48149e-06        13.26     -0.51681    -0.342069      1.68229     -0.16404    -0.959168      5.05998      3.77005      42.4786     -6.53868  -0.00113899
  0.00298667     -1.34876  5.96432e-05  1.99448e-06     -8.78946     0.377779     0.388157      21.8339    -0.138215    -0.159355      9.47593      5.12255     -6.53868      24.2133  0.000433019
 1.87424e-06 -0.000289877 -1.88081e-08  5.21491e-10  0.000244264  7.51962e-05  0.000146419   0.00164673  0.000256673  -0.00033019 -0.000117966  -0.00041327  -0.00113899  0.000433019  1.22181e-05
