   13.7393   0.259385  -0.214427   0.102867   -1.39989    1.55247  0.0162647   0.261211  -0.363396  -0.495092   0.254897   0.132355   0.851502   0.253373   0.400678
  0.259385    74.7984    -0.1614    1.33521  -0.658583    2.11731  -0.922651   -13.8198   0.718586   0.224043  -0.272418   -3.64751   -3.76143   -8.93891   -1.15437
 -0.214427    -0.1614    3.71987  -0.144414  -0.180694  -0.161425  -0.806099    1.15789  -0.040367   0.150446    0.55509  -0.237173   0.213381   0.295339  -0.154038
  0.102867    1.33521  -0.144414    15.3842   0.434355   0.314566  -0.147618   -0.92472  -0.446877   0.727159  -0.194688   0.558876  -0.853077  -0.201681   0.349275
  -1.39989  -0.658583  -0.180694   0.434355    37.7321   -9.99595  -0.305924   -2.20567   0.355711    15.2358   -3.31891   -1.45435    13.7425   -10.6545   -0.33427
   1.55247    2.11731  -0.161425   0.314566   -9.99595    50.1952    1.26345   -17.2893  -0.327788    16.4976   0.603987    -4.5728    13.2652   -7.80857   -3.41021
 0.0162647  -0.922651  -0.806099  -0.147618  -0.305924    1.26345    6.55117   0.394667   0.203512    1.25544   0.167356  -0.240708  -0.788606   0.772426   0.494896
  0.261211   -13.8198    1.15789   -0.92472   -2.20567   -17.2893   0.394667    49.8298   -1.53225   -3.17354    15.6872    6.00307    8.49522     25.184    2.70363
 -0.363396   0.718586  -0.040367  -0.446877   0.355711  -0.327788   0.203512   -1.53225    9.36642 -0.0980841  -0.650127   0.336916  -0.230577   -1.30155   0.578751
 -0.495092   0.224043   0.150446   0.727159    15.2358    16.4976    1.25544   -3.17354 -0.0980841    27.2687   0.991055   -5.65806   -1.42635   -6.66619   -1.08449
  0.254897  -0.272418    0.55509  -0.194688   -3.31891   0.603987   0.167356    15.6872  -0.650127   0.991055     37.817    3.41701   0.896682    11.1703  0.0350527
  0.132355   -3.64751  -0.237173   0.558876   -1.45435    -4.5728  -0.240708    6.00307   0.336916   -5.65806    3.41701    9.40341   0.428825    6.24505  -0.718362
  0.851502   -3.76143   0.213381  -0.853077    13.7425    13.2652  -0.788606    8.49522  -0.230577   -1.42635   0.896682   0.428825    48.9692   -8.97614   -1.07746
  0.253373   -8.93891   0.295339  -0.201681   -10.6545   -7.80857   0.772426     25.184   -1.30155   -6.66619    11.1703    6.24505   -8.97614    29.2376   0.925732
  0.400678   -1.15437  -0.154038   0.349275   -0.33427   -3.41021   0.494896    2.70363   0.578751   -1.08449  0.0350527  -0.718362   -1.07746   0.925732    25.4739
