  0.00417923   0.00259795 -8.27282e-07   2.8172e-08   -0.0201024   0.00135214            0 -0.000890188  -0.00322629  -0.00505634   0.00594155    0.0039177    0.0150928   0.00370311  3.65991e-06
  0.00259795       10.039 -6.08982e-07  3.79984e-06     0.391818    -0.284715    -0.152951     -1.73377    0.0950841    -0.495604      5.17656    -0.301726    -0.388904     -1.37179 -0.000456955
-8.27282e-07 -6.08982e-07  1.97764e-07 -8.68745e-11 -2.40094e-05  1.26767e-05 -7.91954e-05  0.000231001 -9.73288e-06  5.76947e-05  0.000137011 -3.67035e-05 -4.52407e-06  7.42712e-05 -3.67661e-08
  2.8172e-08  3.79984e-06 -8.68745e-11  1.43016e-09  5.31299e-06 -1.12275e-06 -5.19739e-07  1.85197e-07 -2.50567e-06  1.89953e-06 -1.14507e-05  4.84127e-06  1.59855e-06  2.21946e-06  9.07126e-10
  -0.0201024     0.391818 -2.40094e-05  5.31299e-06      29.7102     0.289122    -0.197884      2.97768    0.0309149      7.23235     -2.07674     -3.15758      13.5778     -8.79055   0.00033109
  0.00135214    -0.284715  1.26767e-05 -1.12275e-06     0.289122      3.26919    0.0357684     0.709597    -0.171951      1.40369      2.18392    -0.434185    -0.671578     0.483662  0.000150722
           0    -0.152951 -7.91954e-05 -5.19739e-07    -0.197884    0.0357684      1.24295     0.269221     0.068254      0.50446     0.201596    -0.115799    -0.348586     0.388838  0.000229011
-0.000890188     -1.73377  0.000231001  1.85197e-07      2.97768     0.709597     0.269221      41.4098    -0.498157      3.43303      9.60687      5.13766      1.91822      22.0883   0.00253994
 -0.00322629    0.0950841 -9.73288e-06 -2.50567e-06    0.0309149    -0.171951     0.068254    -0.498157      4.60096    -0.244665     -0.21514      0.15031    -0.171686    -0.142859  0.000408799
 -0.00505634    -0.495604  5.76947e-05  1.89953e-06      7.23235      1.40369      0.50446      3.43303    -0.244665      19.4811      5.39716     -6.99245     -1.00168    -0.386388 -0.000509356
  0.00594155      5.17656  0.000137011 -1.14507e-05     -2.07674      2.18392     0.201596      9.60687     -0.21514      5.39716      275.092      2.29866      4.60689      8.70206 -0.000165801
   0.0039177    -0.301726 -3.67035e-05  4.84127e-06     -3.15758    -0.434185    -0.115799      5.13766      0.15031     -6.99245      2.29866      7.95308      3.69512       5.1932 -0.000633346
   0.0150928    -0.388904 -4.52407e-06  1.59855e-06      13.5778    -0.671578    -0.348586      1.91822    -0.171686     -1.00168      4.60689      3.69512      42.6629     -6.67983  -0.00174008
  0.00370311     -1.37179  7.42712e-05  2.21946e-06     -8.79055     0.483662     0.388838      22.0883    -0.142859    -0.386388      8.70206       5.1932     -6.67983      24.3447   0.00070017
 3.65991e-06 -0.000456955 -3.67661e-08  9.07126e-10   0.00033109  0.000150722  0.000229011   0.00253994  0.000408799 -0.000509356 -0.000165801 -0.000633346  -0.00174008   0.00070017  2.94347e-05
