     20.7219    -0.446337  0.000131799     0.115364    0.0955604   0.00167122       125520 -6.09907e-05    -0.325691      1.05464     -2.20537  3.42422e-05     -3.96381     -1.70765    0.0137912      7153.63
   -0.446337      55.2613 -0.000129494     -0.20895     0.521311     0.045851      51285.4  0.000566067      4.11198     -2.76861     -3.56906  0.000833331      7.08961     -8.64262     -0.27881     -51248.3
 0.000131799 -0.000129494  1.23896e-05   1.9053e-05 -0.000153441 -2.11083e-05     0.358158 -2.80997e-07 -0.000467518 -0.000110923  -0.00113594  5.54481e-07  -0.00116328   0.00309969  0.000170714     -16.7953
    0.115364     -0.20895   1.9053e-05     0.463245  -0.00813439   0.00615459      -1849.8  1.26251e-05     -0.13881   -0.0561309     0.839355 -7.59113e-05     0.203468     0.235613 -6.45931e-05      3087.88
   0.0955604     0.521311 -0.000153441  -0.00813439      2.27714    -0.013816     -3114.94  0.000223812   -0.0250322    -0.198979     0.639293  1.30053e-05      1.19838    -0.268923   -0.0288486       3503.7
  0.00167122     0.045851 -2.11083e-05   0.00615459    -0.013816     0.217865      376.788 -2.76618e-05     0.095358    -0.269418    -0.130633  4.51839e-06    -0.232799    -0.159515  0.000133085     -624.256
      125520      51285.4     0.358158      -1849.8     -3114.94      376.788  9.09471e+09     -1.12759     -20637.5     -11840.4       -24372     0.170184      17844.8       6129.6      -374.35            0
-6.09907e-05  0.000566067 -2.80997e-07  1.26251e-05  0.000223812 -2.76618e-05     -1.12759  4.51401e-06  0.000356466 -0.000598913  -0.00144242  3.42351e-07  0.000122669 -0.000141771 -3.28338e-05     -19.9095
   -0.325691      4.11198 -0.000467518     -0.13881   -0.0250322     0.095358     -20637.5  0.000356466      16.8332      9.22033      -1.7437   0.00013548     -13.6959     -1.31278     0.514317     -37839.2
     1.05464     -2.76861 -0.000110923   -0.0561309    -0.198979    -0.269418     -11840.4 -0.000598913      9.22033      34.1555      -1.0621  0.000383493      7.04334        5.957      1.16114     -2911.27
    -2.20537     -3.56906  -0.00113594     0.839355     0.639293    -0.130633       -24372  -0.00144242      -1.7437      -1.0621      292.991  0.000630577      1.31259     -2.95471    -0.328693     -66310.5
 3.42422e-05  0.000833331  5.54481e-07 -7.59113e-05  1.30053e-05  4.51839e-06     0.170184  3.42351e-07   0.00013548  0.000383493  0.000630577  1.20398e-05 -2.33297e-05  -0.00161982  7.15894e-06         -570
    -3.96381      7.08961  -0.00116328     0.203468      1.19838    -0.232799      17844.8  0.000122669     -13.6959      7.04334      1.31259 -2.33297e-05      77.5394     -3.43981    0.0686592      57839.4
    -1.70765     -8.64262   0.00309969     0.235613    -0.268923    -0.159515       6129.6 -0.000141771     -1.31278        5.957     -2.95471  -0.00161982     -3.43981      54.2247      1.12393       133754
   0.0137912     -0.27881  0.000170714 -6.45931e-05   -0.0288486  0.000133085      -374.35 -3.28338e-05     0.514317      1.16114    -0.328693  7.15894e-06    0.0686592      1.12393     0.497678      716.523
     7153.63     -51248.3     -16.7953      3087.88       3503.7     -624.256            0     -19.9095     -37839.2     -2911.27     -66310.5         -570      57839.4       133754      716.523  2.92662e+10
