   0.0746931    0.0119658  -6.7784e-05  3.81857e-07   -0.0968265     0.114134  0.000649506   0.00407757   -0.0152488   -0.0381243    0.0146546    0.0182753    0.0557858    0.0161616  0.000223402
   0.0119658      13.9839  4.17148e-06  1.55403e-05      0.33289    -0.790795    -0.199223     -2.25158    0.0747422    -0.460569      4.71622    -0.404289    -0.510836     -1.65475  -0.00825921
 -6.7784e-05  4.17148e-06    7.349e-05 -6.85076e-09 -0.000514198 -0.000448636  -0.00162626   0.00451517   -0.0002163   0.00100892   0.00154871 -0.000804116   0.00042919   0.00120523 -1.15091e-05
 3.81857e-07  1.55403e-05 -6.85076e-09  1.93051e-08  2.37499e-05 -8.11334e-07  -1.9837e-06 -1.06568e-06 -9.99142e-06  1.14894e-05 -2.55912e-05  1.87069e-05  4.42399e-06  8.44087e-06  5.61069e-08
  -0.0968265      0.33289 -0.000514198  2.37499e-05      34.3225     -13.4111     -0.17221      1.36369    0.0805165      11.1142    -0.468751      -3.0441      15.6622     -8.65572  0.000647204
    0.114134    -0.790795 -0.000448636 -8.11334e-07     -13.4111      47.0463     0.553626     -11.6338    -0.276598       12.614      5.77105     -3.80284      11.3716     -3.34256   -0.0530965
 0.000649506    -0.199223  -0.00162626  -1.9837e-06     -0.17221     0.553626      1.38977      0.29744    0.0766179     0.551772    0.0699472    -0.122746    -0.398213     0.399544   0.00389723
  0.00407757     -2.25158   0.00451517 -1.06568e-06      1.36369     -11.6338      0.29744      44.4361    -0.592051      3.81674      6.54843      5.72997        4.054      24.1726    0.0398083
  -0.0152488    0.0747422   -0.0002163 -9.99142e-06    0.0805165    -0.276598    0.0766179    -0.592051      5.39194    -0.226399    -0.143853     0.157977    -0.172068    -0.155653   0.00744166
  -0.0381243    -0.460569   0.00100892  1.14894e-05      11.1142       12.614     0.551772      3.81674    -0.226399      22.8453      2.94485     -7.30578     -1.48104     -2.71054  -0.00895769
   0.0146546      4.71622   0.00154871 -2.55912e-05    -0.468751      5.77105    0.0699472      6.54843    -0.143853      2.94485       104.36      1.45307       2.5531      5.11663  -0.00241924
   0.0182753    -0.404289 -0.000804116  1.87069e-05      -3.0441     -3.80284    -0.122746      5.72997     0.157977     -7.30578      1.45307      8.28179      3.05576      5.79557     -0.01022
   0.0557858    -0.510836   0.00042919  4.42399e-06      15.6622      11.3716    -0.398213        4.054    -0.172068     -1.48104       2.5531      3.05576      45.4079     -7.69736   -0.0233352
   0.0161616     -1.65475   0.00120523  8.44087e-06     -8.65572     -3.34256     0.399544      24.1726    -0.155653     -2.71054      5.11663      5.79557     -7.69736      26.9629    0.0131704
 0.000223402  -0.00825921 -1.15091e-05  5.61069e-08  0.000647204   -0.0530965   0.00389723    0.0398083   0.00744166  -0.00895769  -0.00241924     -0.01022   -0.0233352    0.0131704   0.00739975
