   0.0168153   0.00545812 -5.66999e-06   8.9553e-08   -0.0410969   0.00604993            0 -0.000314939  -0.00696217    -0.012022   0.00931567   0.00762726    0.0298462   0.00692229  2.90565e-05
  0.00545812       11.158  -1.0896e-06  6.39147e-06     0.347705    -0.665825    -0.165493     -1.89003    0.0790327    -0.519582      4.34928    -0.327129    -0.429027     -1.45527  -0.00190161
-5.66999e-06  -1.0896e-06  2.33361e-06 -4.81624e-10 -8.20141e-05  9.04229e-05 -0.000278768  0.000774263 -3.61613e-05  0.000194848  0.000343422 -0.000130257  1.84371e-05  0.000236714 -5.00991e-07
  8.9553e-08  6.39147e-06 -4.81624e-10  3.65994e-09  9.60305e-06 -4.16324e-06 -8.48371e-07  1.99141e-07 -4.29837e-06  3.63779e-06  -1.4208e-05  7.77636e-06  2.08422e-06  3.40676e-06  5.70112e-09
  -0.0410969     0.347705 -8.20141e-05  9.60305e-06      31.2698     0.736972    -0.179162      2.24676    0.0465667      9.02033     -1.27539     -3.14331      14.5188     -8.69011    0.0006213
  0.00604993    -0.665825  9.04229e-05 -4.16324e-06     0.736972      16.5206    0.0822689      1.55477    -0.416067      3.23526      3.82356     -1.01589     -1.59268      1.06645   0.00132657
           0    -0.165493 -0.000278768 -8.48371e-07    -0.179162    0.0822689      1.30207     0.285478    0.0746081     0.517492     0.161342    -0.119112    -0.371185      0.38907  0.000924819
-0.000314939     -1.89003  0.000774263  1.99141e-07      2.24676      1.55477     0.285478      42.1672    -0.546794       3.6543       7.7433      5.35924      2.76399      22.9604   0.00988373
 -0.00696217    0.0790327 -3.61613e-05 -4.29837e-06    0.0465667    -0.416067    0.0746081    -0.546794      5.30047    -0.257114    -0.167748     0.161299    -0.198758    -0.153869   0.00173116
   -0.012022    -0.519582  0.000194848  3.63779e-06      9.02033      3.23526     0.517492       3.6543    -0.257114      20.6035      4.16996     -7.10002     -1.20816     -1.28937   -0.0020363
  0.00931567      4.34928  0.000343422  -1.4208e-05     -1.27539      3.82356     0.161342       7.7433    -0.167748      4.16996       166.63      1.77729      3.43896      6.69561 -0.000478259
  0.00762726    -0.327129 -0.000130257  7.77636e-06     -3.14331     -1.01589    -0.119112      5.35924     0.161299     -7.10002      1.77729      7.99172      3.40652      5.42127  -0.00241738
   0.0298462    -0.429027  1.84371e-05  2.08422e-06      14.5188     -1.59268    -0.371185      2.76399    -0.198758     -1.20816      3.43896      3.40652      43.3861     -7.14448  -0.00643814
  0.00692229     -1.45527  0.000236714  3.40676e-06     -8.69011      1.06645      0.38907      22.9604    -0.153869     -1.28937      6.69561      5.42127     -7.14448      25.0639    0.0031406
 2.90565e-05  -0.00190161 -5.00991e-07  5.70112e-09    0.0006213   0.00132657  0.000924819   0.00988373   0.00173116   -0.0020363 -0.000478259  -0.00241738  -0.00643814    0.0031406  0.000458535
