     23.7749     -0.52559  0.000327892     0.181366     0.133263   0.00283218      42076.2 -0.000267781    -0.427671       1.1061     -1.30275  9.19686e-05     -4.16367     -1.93563   -0.0462717      7700.62
    -0.52559      55.5891 -0.000447143    -0.309278     0.674959    0.0665616      15170.4   0.00173495      4.93728     -2.94149     -1.71845   0.00188891      7.22048     -9.54194    -0.457451     -52760.8
 0.000327892 -0.000447143  6.98403e-05   6.3846e-05 -0.000459508 -6.68313e-05     0.252883 -1.98257e-06  -0.00102617 -0.000243644  -0.00146794   2.9499e-06  -0.00277885   0.00731806  0.000547824     -39.7355
    0.181366    -0.309278   6.3846e-05     0.979976   -0.0149845      0.01176     -843.392  5.24217e-05    -0.204744    -0.079487     0.661418 -0.000247493     0.294679     0.342898 -0.000203174      4491.55
    0.133263     0.674959 -0.000459508   -0.0149845      3.63701   -0.0231575     -1235.04  0.000844951   -0.0375213    -0.252573     0.456557  3.70305e-05      1.52097    -0.334009   -0.0493129       4425.2
  0.00283218    0.0665616 -6.68313e-05      0.01176   -0.0231575     0.381039      155.815 -0.000110859     0.125782    -0.357941    -0.119282  1.42147e-05    -0.306678    -0.207179  0.000666464     -832.995
     42076.2      15170.4     0.252883     -843.392     -1235.04      155.815  8.93275e+08     -1.36569     -5957.72     -3861.62     -4197.63     0.121072       5523.3      1408.98     -14.9999            0
-0.000267781   0.00173495 -1.98257e-06  5.24217e-05  0.000844951 -0.000110859     -1.36569   4.0328e-05   0.00104847  -0.00181252  -0.00233289  2.27656e-06  0.000399116 -0.000407843 -0.000134038      -59.143
   -0.427671      4.93728  -0.00102617    -0.204744   -0.0375213     0.125782     -5957.72   0.00104847      17.1653      9.31783      -1.1253   0.00032488     -13.6395    -0.733379     0.790907     -37966.6
      1.1061     -2.94149 -0.000243644    -0.079487    -0.252573    -0.357941     -3861.62  -0.00181252      9.31783      34.1279    -0.484637  0.000844585      7.25548      6.17038       1.5764     -2337.14
    -1.30275     -1.71845  -0.00146794     0.661418     0.456557    -0.119282     -4197.63  -0.00233289      -1.1253    -0.484637      88.4478  0.000705602      1.16379     -1.41315    -0.240786     -32880.2
 9.19686e-05   0.00188891   2.9499e-06 -0.000247493  3.70305e-05  1.42147e-05     0.121072  2.27656e-06   0.00032488  0.000844585  0.000705602  6.06283e-05 -7.35689e-05  -0.00366946  2.14044e-05     -1279.46
    -4.16367      7.22048  -0.00277885     0.294679      1.52097    -0.306678       5523.3  0.000399116     -13.6395      7.25548      1.16379 -7.35689e-05      77.5845      -3.3436    0.0914898      57815.1
    -1.93563     -9.54194   0.00731806     0.342898    -0.334009    -0.207179      1408.98 -0.000407843    -0.733379      6.17038     -1.41315  -0.00366946      -3.3436      54.4555      1.50111       133934
  -0.0462717    -0.457451  0.000547824 -0.000203174   -0.0493129  0.000666464     -14.9999 -0.000134038     0.790907       1.5764    -0.240786  2.14044e-05    0.0914898      1.50111     0.905937      978.705
     7700.62     -52760.8     -39.7355      4491.55       4425.2     -832.995            0      -59.143     -37966.6     -2337.14     -32880.2     -1279.46      57815.1       133934      978.705  2.92725e+10
