    0.403267    0.0322592 -0.000946845  6.45805e-06    -0.230904      0.27021   0.00429947    0.0230485   -0.0364777   -0.0817722    0.0148127    0.0361423     0.129153    0.0438747   0.00431175
   0.0322592      17.7872 -0.000100627  0.000173916     0.373619    -0.881463    -0.283303     -2.55444    0.0896479    -0.518092      4.16969     -0.46269    -0.583456     -1.88701   -0.0362318
-0.000946845 -0.000100627   0.00267556 -3.86195e-07  -0.00349659  -0.00314056   -0.0124293    0.0277083  -0.00135118   0.00536082    0.0077968  -0.00499322   0.00345562   0.00734828 -0.000271611
 6.45805e-06  0.000173916 -3.86195e-07  2.19979e-06   0.00020272  6.02308e-05 -2.84221e-05 -5.96114e-06  -0.00010935  0.000113268 -0.000185537  0.000222531  6.60038e-05  0.000108407   2.5532e-06
   -0.230904     0.373619  -0.00349659   0.00020272      34.6575     -12.6124     -0.21976     0.883979    0.0921076       11.647    -0.430783     -2.77328      15.4565     -8.97825  -0.00179372
     0.27021    -0.881463  -0.00314056  6.02308e-05     -12.6124      47.5058     0.721664     -13.0158    -0.278847      13.4065      4.50548      -4.0836      12.0639     -4.52482    -0.211035
  0.00429947    -0.283303   -0.0124293 -2.84221e-05     -0.21976     0.721664      2.18966     0.322418    0.0992875     0.697766    0.0499352    -0.155046    -0.467315     0.473415    0.0192213
   0.0230485     -2.55444    0.0277083 -5.96114e-06     0.883979     -13.0158     0.322418       45.099    -0.618352      2.29689      4.95873      5.93046      4.91562      24.3235     0.161469
  -0.0364777    0.0896479  -0.00135118  -0.00010935    0.0921076    -0.278847    0.0992875    -0.618352      5.75668     -0.22127    -0.114749     0.167863    -0.200671    -0.159022    0.0300808
  -0.0817722    -0.518092   0.00536082  0.000113268       11.647      13.4065     0.697766      2.29689     -0.22127      23.5139       2.2149     -7.08437     -1.12955     -3.56875   -0.0421349
   0.0148127      4.16969    0.0077968 -0.000185537    -0.430783      4.50548    0.0499352      4.95873    -0.114749       2.2149      64.1241      1.19626      2.11166      3.91547   -0.0108234
   0.0361423     -0.46269  -0.00499322  0.000222531     -2.77328      -4.0836    -0.155046      5.93046     0.167863     -7.08437      1.19626      8.40869      2.46223       5.9728   -0.0408364
    0.129153    -0.583456   0.00345562  6.60038e-05      15.4565      12.0639    -0.467315      4.91562    -0.200671     -1.12955      2.11166      2.46223       45.817     -7.93936   -0.0869326
   0.0438747     -1.88701   0.00734828  0.000108407     -8.97825     -4.52482     0.473415      24.3235    -0.159022     -3.56875      3.91547       5.9728     -7.93936      27.3165    0.0546349
  0.00431175   -0.0362318 -0.000271611   2.5532e-06  -0.00179372    -0.211035    0.0192213     0.161469    0.0300808   -0.0421349   -0.0108234   -0.0408364   -0.0869326    0.0546349      0.11314
