 2.60864e+07  2.40127e+06            0            0  1.51092e+06     -1809.43            0     -465.151            0      60807.4            0            0
 2.40127e+06  1.14136e+09            0            0  3.86568e+06            0            0       -26030  1.36423e+06      -272553            0            0
           0            0  3.23975e+08     -23212.5            0            0            0     -10198.5      -423219       132727            0            0
           0            0     -23212.5      1292.53            0            0            0      15.0715      173.213     -781.196            0            0
 1.51092e+06  3.86568e+06            0            0  1.45621e+08            0       192476      -7369.1            0       273940 -1.13768e+09            0
    -1809.43            0            0            0            0       146227      4452.95     -116.426     -1546.95      4814.68            0            0
           0            0            0            0       192476      4452.95  1.50829e+06      350.618            0     -16457.6 -3.11035e+06            0
    -465.151       -26030     -10198.5      15.0715      -7369.1     -116.426      350.618      16.4154     -47.3497    -0.908414       105957     -15423.6
           0  1.36423e+06      -423219      173.213            0     -1546.95            0     -47.3497      92954.5     -3463.88            0            0
     60807.4      -272553       132727     -781.196       273940      4814.68     -16457.6    -0.908414     -3463.88        10848 -3.25708e+06  1.07052e+06
           0            0            0            0 -1.13768e+09            0 -3.11035e+06       105957            0 -3.25708e+06  2.08227e+10            0
           0            0            0            0            0            0            0     -15423.6            0  1.07052e+06            0  7.91554e+09
