 3.78792e+06       251933            0            0       182678     -352.513            0     -170.239            0      13889.6            0            0
      251933  8.67114e+07            0            0       338011            0            0     -6914.52       223952     -44583.3            0            0
           0            0  2.58118e+07     -4714.32            0            0            0     -2778.32     -70749.6      22374.5            0            0
           0            0     -4714.32      669.038            0            0            0      10.4436       74.061     -336.605            0            0
      182678       338011            0            0  1.46593e+07            0      30859.4     -2252.48            0      52066.9 -3.60965e+08            0
    -352.513            0            0            0            0      38233.3      1151.79     -57.3548     -467.292      1474.65            0            0
           0            0            0            0      30859.4      1151.79       385586       170.71            0     -4987.78 -1.57175e+06            0
    -170.239     -6914.52     -2778.32      10.4436     -2252.48     -57.3548       170.71      15.2677     -27.1003    -0.622647       102097     -3340.94
           0       223952     -70749.6       74.061            0     -467.292            0     -27.1003      32721.3     -1214.51            0            0
     13889.6     -44583.3      22374.5     -336.605      52066.9      1474.65     -4987.78    -0.622647     -1214.51      3887.24  -1.9515e+06       143125
           0            0            0            0 -3.60965e+08            0 -1.57175e+06       102097            0  -1.9515e+06  2.08229e+10            0
           0            0            0            0            0            0            0     -3340.94            0       143125            0  3.90919e+08
