     1814.58      32.6341            0            0      42.4053    -0.517713            0     -2.93015            0      41.2294            0            0
     32.6341      3082.21            0            0      21.2464            0            0     -34.9844      187.428     -28.0102            0            0
           0            0      1139.37     -8.57081            0            0            0     -16.3427     -57.9788       18.736            0            0
           0            0     -8.57081      49.3673            0            0            0      2.39823      2.64187     -12.2635            0            0
     42.4053      21.2464            0            0       1648.8            0       21.744     -20.2629            0      74.6007 -3.82952e+06            0
   -0.517713            0            0            0            0      169.659      5.20956     -3.23962     -3.63466      13.1257            0            0
           0            0            0            0       21.744      5.20956       1735.7      9.62664            0      -45.438      -104634            0
    -2.93015     -34.9844     -16.3427      2.39823     -20.2629     -3.23962      9.62664      11.5359     -3.04388    -0.412318      86991.9     -5.78326
           0      187.428     -57.9788      2.64187            0     -3.63466            0     -3.04388      547.122     -14.6294            0            0
     41.2294     -28.0102       18.736     -12.2635      74.6007      13.1257      -45.438    -0.412318     -14.6294      68.2288      -264523       40.616
           0            0            0            0 -3.82952e+06            0      -104634      86991.9            0      -264523  2.08376e+10            0
           0            0            0            0            0            0            0     -5.78326            0       40.616            0      1712.83
