     82918.7      2872.11            0            0      2782.58     -13.8143            0      -22.931            0      751.385            0            0
     2872.11       517464            0            0      2681.94            0            0     -493.974      6510.93     -1176.41            0            0
           0            0       171248     -200.547            0            0            0     -212.364     -2073.38       645.76            0            0
           0            0     -200.547      181.655            0            0            0       5.0404      14.1662     -63.8326            0            0
     2782.58      2681.94            0            0       155389            0      820.468     -214.899            0      1954.53 -3.71711e+07            0
    -13.8143            0            0            0            0      2684.59      78.9331     -14.0969     -43.6565      142.238            0            0
           0            0            0            0      820.468      78.9331        25880      40.8838            0     -472.049      -406219            0
     -22.931     -493.974     -212.364       5.0404     -214.899     -14.0969      40.8838      13.2647     -9.51112    -0.417072      94718.6      -141.17
           0      6510.93     -2073.38      14.1662            0     -43.6565            0     -9.51112      4364.45     -144.832            0            0
     751.385     -1176.41       645.76     -63.8326      1954.53      142.238     -472.049    -0.417072     -144.832      511.745      -711960       2399.4
           0            0            0            0 -3.71711e+07            0      -406219      94718.6            0      -711960  2.08293e+10            0
           0            0            0            0            0            0            0      -141.17            0       2399.4            0       821901
