      473.62     -3.84154  3.67109e+08      1.93562      9.08347      -599.72     -44.7522     -3.59671            0      14.2949      21.4119            0            0       563.59     0.180708      6.20768
    -3.84154      471.339            0      4.03088     -2.70306     -1691.11     -186.329      31.3418            0      2.86221      51.1449      6.28784      34.4161     -1.59807     0.609652       78.492
 3.67109e+08            0  3.44061e+17            0 -9.08683e+08            0            0  1.93016e+09            0 -1.79001e+08            0            0            0            0  8.30343e+06            0
     1.93562      4.03088            0      22.5849      11.6895     -55.9175     -14.8662      2.59135     -2037.82    -0.291803      -1.7074     0.937978      -9.6332      1.70477   0.00961975      1.27346
     9.08347     -2.70306 -9.08683e+08      11.6895       3760.5      1936.66       20.983      2625.16            0      81.2531            0     -14.2508      7571.74      3.20586     0.404695      159.899
     -599.72     -1691.11            0     -55.9175      1936.66   6.4209e+06      7973.17      -1709.9  2.04973e+06      55.5575     -4850.97     -25061.1            0     -622.792       6.6843      -1206.2
    -44.7522     -186.329            0     -14.8662       20.983      7973.17        33449     -238.526            0      28.6822      -135.63            0            0     -17.0479     -1.19999     -47.2826
    -3.59671      31.3418  1.93016e+09      2.59135      2625.16      -1709.9     -238.526      4311.16     -29020.9      51.7008     -218.893     -2.71385      10913.3       -19.55     0.916251     -43.3709
           0            0            0     -2037.82            0  2.04973e+06            0     -29020.9  7.18018e+08            0      20884.6            0            0            0      160.376     -92947.2
     14.2949      2.86221 -1.79001e+08    -0.291803      81.2531      55.5575      28.6822      51.7008            0      172.164      8.92145      3.22355            0      4.24406     0.246664      13.8747
     21.4119      51.1449            0      -1.7074            0     -4850.97      -135.63     -218.893      20884.6      8.92145      6953.92            0      426.846      1.90109     0.804188      115.406
           0      6.28784            0     0.937978     -14.2508     -25061.1            0     -2.71385            0      3.22355            0       182.32            0            0            0            0
           0      34.4161            0      -9.6332      7571.74            0            0      10913.3            0            0      426.846            0       619371      109.916      8.25334      121.329
      563.59     -1.59807            0      1.70477      3.20586     -622.792     -17.0479       -19.55            0      4.24406      1.90109            0      109.916      763.074  -0.00480364      1.22453
    0.180708     0.609652  8.30343e+06   0.00961975     0.404695       6.6843     -1.19999     0.916251      160.376     0.246664     0.804188            0      8.25334  -0.00480364     0.456679      2.64629
     6.20768       78.492            0      1.27346      159.899      -1206.2     -47.2826     -43.3709     -92947.2      13.8747      115.406            0      121.329      1.22453      2.64629      16731.6
