      262415      16.3978            0    -0.116154      -305239       241821   0.00686544     -69.0032    0.0129137    -0.946772     -138.507    0.0199543     -285.814            0     0.926844
     16.3978      6900.53            0     -4.53235      34.2451  1.23465e+06    -0.823032     -2.00874     -0.12211      10.8163      1622.61   0.00760353            0      8.10373    -0.319027
           0            0  2.90925e+10      5309.69      7269.63            0     -498.123      5426.15      -191193      -133375  3.65403e+06       356.25            0      -110285        16527
   -0.116154     -4.53235      5309.69      1.96758     0.113684       -13669  -0.00588538    0.0272092   -0.0177129   -0.0999583      1549.54  -0.00105365     -2075.47     0.789088   -0.0616354
     -305239      34.2451      7269.63     0.113684       355259      57637.9      0.19638       80.092   -0.0979299     -1.87654      2023.78   -0.0380223     -1477.26     -19.1838      1.99339
      241821  1.23465e+06            0       -13669      57637.9  8.09877e+11     -3264.92      15017.1       3479.7            0            0      -4040.9            0      -217274      72837.1
  0.00686544    -0.823032     -498.123  -0.00588538      0.19638     -3264.92    0.0484591   -0.0406026  0.000248959   0.00544894     -5.39522  0.000903021            0    0.0352754   -0.0449137
    -69.0032     -2.00874      5426.15    0.0272092       80.092      15017.1   -0.0406026      2.46298   -0.0111831     0.132743      7.58063   -0.0109507     -33.9188     0.241676    0.0896997
   0.0129137     -0.12211      -191193   -0.0177129   -0.0979299       3479.7  0.000248959   -0.0111831      1.53381     0.658542      -47.954  -0.00413631            0     0.785118    -0.147382
   -0.946772      10.8163      -133375   -0.0999583     -1.87654            0   0.00544894     0.132743     0.658542      43.1798      156.519    -0.024907            0     -2.72406    -0.285697
    -138.507      1622.61  3.65403e+06      1549.54      2023.78            0     -5.39522      7.58063      -47.954      156.519  4.17565e+07     -6.08951 -5.06293e+07      205.492      63.0763
   0.0199543   0.00760353       356.25  -0.00105365   -0.0380223      -4040.9  0.000903021   -0.0109507  -0.00413631    -0.024907     -6.08951    0.0690222     -7.34726    0.0582147    0.0441642
    -285.814            0            0     -2075.47     -1477.26            0            0     -33.9188            0            0 -5.06293e+07     -7.34726  6.49932e+07            0            0
           0      8.10373      -110285     0.789088     -19.1838      -217274    0.0352754     0.241676     0.785118     -2.72406      205.492    0.0582147            0      516.034     -1.52458
    0.926844    -0.319027        16527   -0.0616354      1.99339      72837.1   -0.0449137    0.0896997    -0.147382    -0.285697      63.0763    0.0441642            0     -1.52458      17.3842
