     136.869    -0.922529       845294      2.12433      1.91276     -1.14908      -2.4288    -0.709112 -2.91161e-19      5.10341      1.99124            0            0      165.901     0.805264     0.475232
   -0.922529      54.3411            0      2.83532    -0.260327     -2.01179     -5.16072      4.24724            0     0.603821      2.65356      2.67592     0.452517    -0.341607      1.61532      3.44132
      845294            0   5.1649e+12            0      -980504            0            0   2.9922e+06            0      -424487            0            0            0            0       249696            0
     2.12433      2.83532            0      96.9183      6.83149    -0.398007     -2.51226      2.14149     -14.1245    -0.381386    -0.540415      2.44976    -0.773052      1.74983     0.154902     0.336714
     1.91276    -0.260327      -980504      6.83149      300.089       1.9024     0.484032      297.563            0      14.2021            0     -5.02841      82.9996      0.32744     0.884091      5.79133
    -1.14908     -2.01179            0    -0.398007       1.9024      77.9544      2.24094     -2.46905      24.1813     0.161006     -2.58589     -108.854            0     -1.19184     0.183492    -0.548226
     -2.4288     -5.16072            0     -2.51226     0.484032      2.24094      222.579      -7.7681            0      1.45112      -1.6854            0            0    -0.448707    -0.303224    -0.493813
   -0.709112      4.24724   2.9922e+06      2.14149      297.563     -2.46905      -7.7681      691.307     -38.7424      12.8196      -13.367     -1.28911      169.346     -4.53808      2.85273     -2.23834
-2.91161e-19            0            0     -14.1245            0      24.1813            0     -38.7424      8028.85            0      10.6784            0            0            0      4.19078      -40.044
     5.10341     0.603821      -424487    -0.381386      14.2021     0.161006      1.45112      12.8196            0      66.1943     0.845688      2.51895            0      1.47566      1.20686      1.09904
     1.99124      2.65356            0    -0.540415            0     -2.58589      -1.6854      -13.367      10.6784     0.845688      162.387            0      2.52682     0.185075     0.958862      2.26024
           0      2.67592            0      2.44976     -5.02841     -108.854            0     -1.28911            0      2.51895            0      284.031            0            0            0            0
           0     0.452517            0    -0.773052      82.9996            0            0      169.346            0            0      2.52682            0      929.408      2.68732      2.49071     0.611987
     165.901    -0.341607            0      1.74983      0.32744     -1.19184    -0.448707     -4.53808            0      1.47566     0.185075            0      2.68732      237.609   -0.0932527    0.0873063
    0.805264      1.61532       249696     0.154902     0.884091     0.183492    -0.303224      2.85273      4.19078      1.20686     0.958862            0      2.49071   -0.0932527      27.7239      2.67074
    0.475232      3.44132            0     0.336714      5.79133    -0.548226    -0.493813     -2.23834      -40.044      1.09904      2.26024            0     0.611987    0.0873063      2.67074      276.959
