     264.595     -1.69547  1.96527e+07      2.05812      3.68684     -27.9391     -9.89725     -1.74609            0      8.45325       6.4346            0            0      319.428     0.358749      1.72298
    -1.69547      166.407            0      3.40184    -0.872579     -62.6686     -33.0972      11.9641            0         1.35      12.2905      4.24636      4.26874    -0.715428     0.964553      17.4109
 1.96527e+07            0   1.7828e+15            0 -3.55372e+07            0            0  8.92603e+07            0 -1.02292e+07            0            0            0            0  1.59188e+06            0
     2.05812      3.40184            0       45.563      9.02023     -4.95244     -6.31229      2.36467     -185.907    -0.329056    -0.980802       1.5142     -2.85621      1.84353    0.0363864     0.675215
     3.68684    -0.872579 -3.55372e+07      9.02023       1109.9      65.6191      3.40799      916.202            0      35.0433            0     -8.79946      858.669      1.33828     0.585437        32.43
    -27.9391     -62.6686            0     -4.95244      65.6191      24974.5      148.684     -68.5102       8206.9      2.74283     -122.354      -1776.4            0     -29.4615      1.11014     -28.0448
    -9.89725     -33.0972            0     -6.31229      3.40799      148.684      2989.28     -45.8108            0      6.80663     -16.4002            0            0     -3.82536    -0.955124     -5.27853
    -1.74609      11.9641  8.92603e+07      2.36467      916.202     -68.5102     -45.8108      1779.28      -1198.2      26.3661      -56.874     -1.98184      1463.52     -9.49941       1.5674     -10.4011
           0            0            0     -185.907            0       8206.9            0      -1198.2  2.96434e+06            0      542.159            0            0            0      27.4393     -2228.36
     8.45325         1.35 -1.02292e+07    -0.329056      35.0433      2.74283      6.80663      26.3661            0      108.493       2.8641      2.90903            0       2.5519     0.521317      4.11157
      6.4346      12.2905            0    -0.980802            0     -122.354     -16.4002      -56.874      542.159       2.8641      1137.45            0      36.0362      0.57917     0.866054      17.4246
           0      4.24636            0       1.5142     -8.79946      -1776.4            0     -1.98184            0      2.90903            0      235.515            0            0            0            0
           0      4.26874            0     -2.85621      858.669            0            0      1463.52            0            0      36.0362            0      26989.4      17.2862      4.58749      9.45453
     319.428    -0.715428            0      1.84353      1.33828     -29.4615     -3.82536     -9.49941            0       2.5519      0.57917            0      17.2862      438.102  -0.00813984     0.346489
    0.358749     0.964553  1.59188e+06    0.0363864     0.585437      1.11014    -0.955124       1.5674      27.4393     0.521317     0.866054            0      4.58749  -0.00813984      3.23791      2.63044
     1.72298      17.4109            0     0.675215        32.43     -28.0448     -5.27853     -10.4011     -2228.36      4.11157      17.4246            0      9.45453     0.346489      2.63044      2331.68
