    8.88787    -4.92615     1.11281      2.7979     1165.63    -19.9108     40.7196
   -4.92615     7.02444    -1.08846    -2.47708     -1459.3     3.57207    -31.2413
    1.11281    -1.08846     3.73555    0.789992     116.065     3.36919    -10.1322
     2.7979    -2.47708    0.789992      4.5705     277.766     17.1645      4.3757
    1165.63     -1459.3     116.065     277.766 1.32105e+07           0           0
   -19.9108     3.57207     3.36919     17.1645           0     10823.2           0
    40.7196    -31.2413    -10.1322      4.3757           0           0      9036.2
