 8.84761 -4.69539  1.37659  3.10497  74.8306 -4.25226  5.89931
-4.69539  7.05478 -1.32969 -2.75595 -96.0401 0.896858 -4.57501
 1.37659 -1.32969   3.5337  1.00969  12.9801 0.526536 -1.04194
 3.10497 -2.75595  1.00969  4.54549  25.9054  2.89844   1.1513
 74.8306 -96.0401  12.9801  25.9054  55979.6        0        0
-4.25226 0.896858 0.526536  2.89844        0  424.631        0
 5.89931 -4.57501 -1.04194   1.1513        0        0   184.62
