     36.6394      2.99432      2628.11       332.31     -3.53578 -9.71239e-05     0.716282     -5.99121  1.06533e+06            0    0.0874975     0.408258      385.277      54.3536      1.18253
     2.99432      2763.62     -10781.9     -2464.04         -104  0.000263393     -5306.42     -127.981       107799      -527.43     -1.25663    -0.267989     -1935.33      1189.45   -0.0148972
     2628.11     -10781.9  9.79339e+07            0      47766.1    0.0136734            0            0  8.37164e+07            0     -55.4685      68.9102            0      48918.1      2642.94
      332.31     -2464.04            0  1.20635e+07      22665.9  -0.00972167      6206.29      3686.69  2.15485e+07            0      81.1629     -161.578            0            0      752.494
    -3.53578         -104      47766.1      22665.9      65186.5  -0.00319386       270.77      27070.9            0      286.433     -1.03451     -3.95469     -27174.6     -2064.82       32.881
-9.71239e-05  0.000263393    0.0136734  -0.00972167  -0.00319386  1.01978e-07 -0.000423599 -0.000176153    -0.823415     0.129442  3.05218e-06    7.381e-05    0.0461234   -0.0176479  1.17518e-05
    0.716282     -5306.42            0      6206.29       270.77 -0.000423599        13380       133.86            0            0      1.69424      1.62482     -604.036      1899.81     -3.18346
    -5.99121     -127.981            0      3686.69      27070.9 -0.000176153       133.86      24303.1      -427020            0     -2.03478    -0.977512      4835.95            0      18.9265
 1.06533e+06       107799  8.37164e+07  2.15485e+07            0    -0.823415            0      -427020  3.34111e+10            0      2217.19      14341.3            0  4.90764e+06        17118
           0      -527.43            0            0      286.433     0.129442            0            0            0  1.06686e+07     -34.0757      156.791            0            0      161.371
   0.0874975     -1.25663     -55.4685      81.1629     -1.03451  3.05218e-06      1.69424     -2.03478      2217.19     -34.0757     0.326647    -0.087637     -236.473     -229.222     -0.26731
    0.408258    -0.267989      68.9102     -161.578     -3.95469    7.381e-05      1.62482    -0.977512      14341.3      156.791    -0.087637       12.205     -527.327            0    -0.530036
     385.277     -1935.33            0            0     -27174.6    0.0461234     -604.036      4835.95            0            0     -236.473     -527.327  3.12764e+07            0     -289.475
     54.3536      1189.45      48918.1            0     -2064.82   -0.0176479      1899.81            0  4.90764e+06            0     -229.222            0            0  4.45794e+06      129.394
     1.18253   -0.0148972      2642.94      752.494       32.881  1.17518e-05     -3.18346      18.9265        17118      161.371     -0.26731    -0.530036     -289.475      129.394      44.1891
