    16.5999    0.741581     10.7713      5.7199     -0.1523  -0.0818146    0.110935    -0.36546      717270           0    0.426917    0.495249      2.5939    0.404431     0.54501
   0.741581     370.402    -24.1534    -22.9415    -2.41659     0.13938    -443.449    -4.25953     39699.7    -2.30091    -3.20954  -0.0996806    -7.11598     6.35141 -0.00340168
    10.7713    -24.1534     3631.53           0      16.895    0.107726           0           0      509745           0    -2.79021    0.756098           0     4.37682     11.0259
     5.7199    -22.9415           0     7889.77     37.1039   -0.272362     36.1264     8.55973      551657           0     14.2452    -7.45333           0           0     13.2034
    -0.1523    -2.41659      16.895     37.1039     267.393   -0.256461     3.94028     157.391           0    0.197766   -0.438484   -0.457527    -17.3735    -2.17302     1.41489
 -0.0818146     0.13938    0.107726   -0.272362   -0.256461    0.169247    -0.13223  -0.0256243    -966.342     1.99958   0.0281695    0.168038    0.576906   -0.341225  0.00855751
   0.110935    -443.449           0     36.1264     3.94028    -0.13223     699.341     2.77272           0           0     2.68239    0.673221    -1.38454      6.3405   -0.500616
   -0.36546    -4.25953           0     8.55973     157.391  -0.0256243     2.77272     200.055    -38692.9           0    -1.23225   -0.161799     4.34607    0.239793     1.17583
     717270     39699.7      509745      551657           0    -966.342           0    -38692.9 3.34276e+10           0     16060.2     25848.5           0     72038.7     11745.3
          0    -2.30091           0           0    0.197766     1.99958           0           0           0     1498.55    -2.68811     3.34924           0           0     1.31412
   0.426917    -3.20954    -2.79021     14.2452   -0.438484   0.0281695     2.68239    -1.23225     16060.2    -2.68811     15.5558     -1.1146    -15.7407    -28.3991    -1.21049
   0.495249  -0.0996806    0.756098    -7.45333   -0.457527    0.168038    0.673221   -0.161799     25848.5     3.34924     -1.1146     39.5983     -9.5199    0.894235    -0.66235
     2.5939    -7.11598           0           0    -17.3735    0.576906    -1.38454     4.34607           0           0    -15.7407     -9.5199     3127.44           0    -1.99852
   0.404431     6.35141     4.37682           0    -2.17302   -0.341225      6.3405    0.239793     72038.7           0    -28.3991    0.894235           0     971.428     1.48167
    0.54501 -0.00340168     11.0259     13.2034     1.41489  0.00855751   -0.500616     1.17583     11745.3     1.31412    -1.21049    -0.66235    -1.99852     1.48167     20.7562
