    24.6623     1.48905     168.332     43.5967   -0.726672 -0.00212726    0.281751    -1.47573      874194           0     0.20212    0.445757     31.9215     4.32112    0.803265
    1.48905     1009.74    -510.295    -237.619    -15.6934  0.00491492    -1531.02    -23.2344     65380.4    -34.8098    -2.07271   -0.216234    -118.392     81.8782  -0.0106815
    168.332    -510.295      597077           0      934.58   0.0291677           0           0 6.53608e+06           0    -12.9448      7.1581           0      435.96      170.82
    43.5967    -237.619           0      308515       908.6  -0.0361008      473.42     176.978 3.44944e+06           0     34.9212    -34.3928           0           0     99.6397
  -0.726672    -15.6934      934.58       908.6     4095.72  -0.0215829     32.3752     2035.93           0     7.89487   -0.642664    -1.32732    -686.976     -63.399     6.81991
-0.00212726  0.00491492   0.0291677  -0.0361008  -0.0215829 7.62124e-05  -0.0058812 -0.00182853    -20.9625    0.390062  0.00022353   0.0026344    0.123502  -0.0522091  0.00020021
   0.281751    -1531.02           0      473.42     32.3752  -0.0058812     3053.91     19.1746           0           0     2.19087     1.03663    -29.2717     103.568    -1.25777
   -1.47573    -23.2344           0     176.978     2035.93 -0.00182853     19.1746     2187.74     -128093           0    -1.62827   -0.394446     145.503 6.38178e-07     4.69996
     874194     65380.4 6.53608e+06 3.44944e+06           0    -20.9625           0     -128093 3.34232e+10           0     6261.02     19085.6           0      560095       14197
          0    -34.8098           0           0     7.89487    0.390062           0           0           0      126439    -9.81633     22.7161           0           0      14.545
    0.20212    -2.07271    -12.9448     34.9212   -0.642664  0.00022353     2.19087    -1.62827     6261.02    -9.81633     2.36933   -0.313963    -63.2166    -79.1061    -0.58553
   0.445757   -0.216234      7.1581    -34.3928    -1.32732   0.0026344     1.03663   -0.394446     19085.6     22.7161   -0.313963     21.6188    -70.9689           0   -0.584012
    31.9215    -118.392           0           0    -686.976    0.123502    -29.2717     145.503           0           0    -63.2166    -70.9689      318799           0    -24.1383
    4.32112     81.8782      435.96           0     -63.399  -0.0522091     103.568 6.38178e-07      560095           0    -79.1061           0           0     58618.1     13.2709
   0.803265  -0.0106815      170.82     99.6397     6.81991  0.00020021    -1.25777     4.69996       14197      14.545    -0.58553   -0.584012    -24.1383     13.2709     30.2935
