 1.40866e+10            0     -233.247            0            0            0            0      20024.1     -1.60283            0            0            0      -343937            0      52.3994
           0      30.9963     -0.00281     0.666958      172.812       1.3198      27173.1     -1.60556 -0.000122058      10.8557      0.50691     -5.35614   0.00696901      23.0676   0.00465841
    -233.247     -0.00281    0.0272884  -0.00679527    -0.684947    -0.101683     -664.513   -0.0308072  -7.7697e-07   -0.0668156     0.015089     -1.03758    0.0260109     0.462632  1.36334e-05
           0     0.666958  -0.00679527      14.5481      46.0121      0.63286     -11576.4     0.279349  0.000128723      8.12093     0.709518     -124.445     0.355569     -3.39396   0.00170268
           0      172.812    -0.684947      46.0121       792029      -90.141            0      171.667    0.0134939     -74.1877      142.804      7778.62      75.6293      2550.79   -0.0628224
           0       1.3198    -0.101683      0.63286      -90.141      42.8466       -14525      1.62561 -9.75435e-06      21.5275     -1.34894      61.1859     0.175386     -22.5876  -0.00109392
           0      27173.1     -664.513     -11576.4            0       -14525  3.32956e+10       733040      -2.8297       346572      -778757            0     -15111.6       427599     -26.6071
     20024.1     -1.60556   -0.0308072     0.279349      171.667      1.62561       733040       52.958 -0.000250385     0.580051     0.408938      60.9001    -0.898559     -11.3539   0.00299047
    -1.60283 -0.000122058  -7.7697e-07  0.000128723    0.0134939 -9.75435e-06      -2.8297 -0.000250385  3.53829e-07 -3.41746e-05  8.09317e-06  -0.00687494  6.82148e-05 -0.000928569  8.67732e-07
           0      10.8557   -0.0668156      8.12093     -74.1877      21.5275       346572     0.580051 -3.41746e-05      4681.16     -5.89368     -432.445     -2.32838     -47.1147   -0.0208187
           0      0.50691     0.015089     0.709518      142.804     -1.34894      -778757     0.408938  8.09317e-06     -5.89368      35.0338      1.63176     0.516231     -1.15449  0.000663263
           0     -5.35614     -1.03758     -124.445      7778.62      61.1859            0      60.9001  -0.00687494     -432.445      1.63176       732960      14.6886     -2973.65      2.34387
     -343937   0.00696901    0.0260109     0.355569      75.6293     0.175386     -15111.6    -0.898559  6.82148e-05     -2.32838     0.516231      14.6886      18.6946     -10.4046 -0.000369406
           0      23.0676     0.462632     -3.39396      2550.79     -22.5876       427599     -11.3539 -0.000928569     -47.1147     -1.15449     -2973.65     -10.4046      24823.3    0.0178286
     52.3994   0.00465841  1.36334e-05   0.00170268   -0.0628224  -0.00109392     -26.6071   0.00299047  8.67732e-07   -0.0208187  0.000663263      2.34387 -0.000369406    0.0178286  0.000305272
