1.42522e+10           0    -2482.55           0           0           0           0     15158.4    -1087.58           0           0           0     -491793           0        2288
          0     22.3531  -0.0175857    0.414264   0.0833214    0.911173     23098.3    -1.01489  -0.0712179     1.22769    0.308076  -0.0998747 -0.00483031     2.12631    0.173367
   -2482.55  -0.0175857     3.07339  -0.0603139   -0.018299   -0.878656    -7075.85   -0.243001 -0.00542481  -0.0991983    0.123753   -0.237146    0.390421    0.515103  0.00580577
          0    0.414264  -0.0603139     7.72755    0.384344     0.34047     -8458.9    0.196351   0.0659553    0.812164    0.464439      -1.974    0.350501   -0.201946   0.0539582
          0   0.0833214   -0.018299    0.384344     6.91298   -0.365462           0    0.354729   0.0261823   -0.911888    0.482895    0.197056    0.251791    0.101413  -0.0124019
          0    0.911173   -0.878656     0.34047   -0.365462     28.8976    -11940.8      1.0027 -0.00942093     2.41868    -0.96749     1.12292    0.229501    -2.01695  -0.0405554
          0     23098.3    -7075.85     -8458.9           0    -11940.8 3.34195e+10      542554    -1882.02     48330.1     -633447           0    -21563.9     45402.6    -1190.51
    15158.4    -1.01489   -0.243001    0.196351    0.354729      1.0027      542554     29.1683   -0.125061    0.044399     1.85806     1.02284    -1.07593   -0.872249   0.0988782
   -1087.58  -0.0712179 -0.00542481   0.0659553   0.0261823 -0.00942093    -1882.02   -0.125061    0.169284  -0.0029875 -0.00509663   -0.100359   0.0703904  -0.0665974   0.0248072
          0     1.22769  -0.0991983    0.812164   -0.911888     2.41868     48330.1    0.044399  -0.0029875     89.7388   -0.645853    -1.29761   -0.447942    -0.69222   -0.124654
          0    0.308076    0.123753    0.464439    0.482895    -0.96749     -633447     1.85806 -0.00509663   -0.645853     25.4748   0.0250735    0.624553  0.00624032   0.0230393
          0  -0.0998747   -0.237146      -1.974    0.197056     1.12292           0     1.02284   -0.100359    -1.29761   0.0250735     341.515    0.329399    -6.92168     2.19158
    -491793 -0.00483031    0.390421    0.350501    0.251791    0.229501    -21563.9    -1.07593   0.0703904   -0.447942    0.624553    0.329399     37.7732    -1.61534  -0.0218854
          0     2.12631    0.515103   -0.201946    0.101413    -2.01695     45402.6   -0.872249  -0.0665974    -0.69222  0.00624032    -6.92168    -1.61534     280.929     0.09394
       2288    0.173367  0.00580577   0.0539582  -0.0124019  -0.0405554    -1190.51   0.0988782   0.0248072   -0.124654   0.0230393     2.19158  -0.0218854     0.09394    0.574785
