 2.99207e+10      7137.53            0      113.296            0      -339276  5.86659e+08       672225            0            0     -27583.6      17135.3        98713      15954.4      -201484
     7137.53      1.40862    -0.262159  0.000272055      -57.994      1.02238     -2891.43    0.0291575      3339.04     -1015.89    -0.333217    -0.254221    -0.944805     0.469064    -0.281369
           0    -0.262159      361.493    0.0176264     -16.9795      42.1951            0     0.443594       148028      18480.1      2.21093     -2.19117      74.2278       7.8882   0.00429652
     113.296  0.000272055    0.0176264   0.00253184      0.35096     -2.06192      243.404   0.00339081     -29.9884     -25.4555 -0.000422662  -0.00393006      1.52347   -0.0100125    0.0315949
           0      -57.994     -16.9795      0.35096  4.78537e+06      -1008.1  1.41336e+07     -33.8101            0 -3.92656e+06     -50.8965     -564.488      -1055.2            0     -2027.38
     -339276      1.02238      42.1951     -2.06192      -1008.1      64326.3            0     -2.72621       869500      79536.8      89.0404      14.4633     -45630.2      101.447     -23.6075
 5.86659e+08     -2891.43            0      243.404  1.41336e+07            0  2.16794e+10      6187.41            0            0      34582.5        42233      84345.3      61597.7            0
      672225    0.0291575     0.443594   0.00339081     -33.8101     -2.72621      6187.41      18.4167            0      2686.25       0.1516     0.296764     -0.98059     -1.00315     -4.12154
           0      3339.04       148028     -29.9884            0       869500            0            0   2.7895e+10            0     -27440.6            0  1.11017e+07      1788.26            0
           0     -1015.89      18480.1     -25.4555 -3.92656e+06      79536.8            0      2686.25            0  7.89979e+09     -18080.9       2775.4      89670.7      10055.3      35087.4
    -27583.6    -0.333217      2.21093 -0.000422662     -50.8965      89.0404      34582.5       0.1516     -27440.6     -18080.9      148.467      71.1535     -48.1163      3.20321      2.87608
     17135.3    -0.254221     -2.19117  -0.00393006     -564.488      14.4633        42233     0.296764            0       2775.4      71.1535      57.9437    0.0118097       3.0722     -1.86972
       98713    -0.944805      74.2278      1.52347      -1055.2     -45630.2      84345.3     -0.98059  1.11017e+07      89670.7     -48.1163    0.0118097      39338.3     -17.2789      147.469
     15954.4     0.469064       7.8882   -0.0100125            0      101.447      61597.7     -1.00315      1788.26      10055.3      3.20321       3.0722     -17.2789      1022.23      25.5188
     -201484    -0.281369   0.00429652    0.0315949     -2027.38     -23.6075            0     -4.12154            0      35087.4      2.87608     -1.86972      147.469      25.5188      1639.82
