2.99199e+10     9480.55           0     425.135           0     -134462 4.76522e+07      770446           0           0    -20927.7     13873.6     43003.6       10479     -116702
    9480.55     2.48523   -0.230218  0.00135588    -17.7499    0.538717    -311.679   0.0443932     4435.26    -123.426   -0.335809   -0.273528   -0.546664     0.40394   -0.216473
          0   -0.230218     158.026   0.0437279    -2.58743     11.0561           0    0.336164     97875.6     1117.15     1.10841    -1.17342     21.3794     3.38102  0.00167231
    425.135  0.00135588   0.0437279   0.0356553     0.30351    -3.06671     74.1229   0.0145835    -112.601    -8.94104 -0.00120561  -0.0119423     2.49052    -0.02437   0.0686911
          0    -17.7499    -2.58743     0.30351      254082    -92.0595      264178    -8.92919           0    -82565.3    -8.89777     -105.38    -105.873           0    -270.578
    -134462    0.538717     11.0561    -3.06671    -92.0595     10103.4           0     -1.2385      344623     2926.56     26.7738     4.63894    -7877.52     26.0664    -5.41228
4.76522e+07    -311.679           0     74.1229      264178           0 1.42783e+08     576.862           0           0     2128.96     2775.65     2982.24     3243.28           0
     770446   0.0443932    0.336164   0.0145835    -8.92919     -1.2385     576.862     24.1925           0     282.134    0.131863    0.275542   -0.489649   -0.741486    -2.73611
          0     4435.26     97875.6    -112.601           0      344623           0           0 2.78945e+10           0    -20817.7           0  4.8362e+06     1157.18           0
          0    -123.426     1117.15    -8.94104    -82565.3     2926.56           0     282.134           0 6.60059e+07    -1255.85     206.428     3538.52     596.142     1838.74
   -20927.7   -0.335809     1.10841 -0.00120561    -8.89777     26.7738     2128.96    0.131863    -20817.7    -1255.85     85.4683     43.7303    -15.9019     1.57593     1.26359
    13873.6   -0.273528    -1.17342  -0.0119423     -105.38     4.63894     2775.65    0.275542           0     206.428     43.7303     38.0145  0.00816489      1.6134   -0.877193
    43003.6   -0.546664     21.3794     2.49052    -105.873    -7877.52     2982.24   -0.489649  4.8362e+06     3538.52    -15.9019  0.00816489     7464.82    -4.87562      37.209
      10479     0.40394     3.38102    -0.02437           0     26.0664     3243.28   -0.741486     1157.18     596.142     1.57593      1.6134    -4.87562     429.682      9.6314
    -116702   -0.216473  0.00167231   0.0686911    -270.578    -5.41228           0    -2.73611           0     1838.74     1.26359   -0.877193      37.209      9.6314     550.126
