      215493    0.0085495  0.000386104      20.4922 -3.29993e+06   -0.0115577       105444      2.79157       206268     -1748.03  -0.00828484      32.7581   -0.0308874      12.6825       277014      12.0995       138.83
   0.0085495  1.86592e-06 -2.53006e-09  3.73702e-05    -0.687041   5.7471e-07     -4.70751 -6.14525e-05     -4.84435     0.132799 -1.88672e-07 -5.91894e-05 -2.08974e-05 -2.83838e-05    0.0122138 -1.47626e-05   0.00176801
 0.000386104 -2.53006e-09  9.63485e-09 -1.74814e-05   -0.0139194  2.01978e-07      0.50238 -5.62398e-06      1.06956            0 -2.56174e-08  2.35059e-05  1.37443e-06  1.11217e-05 -0.000201413  3.03392e-07 -0.000249317
     20.4922  3.73702e-05 -1.74814e-05      20.3359     -845.708   -0.0373365      14818.3    -0.164027       -32194      -204.55  0.000419226    -0.850241   -0.0216681    -0.178123     -12.5922     0.226008     0.330746
-3.29993e+06    -0.687041   -0.0139194     -845.708  1.50286e+08      13.3202            0     -241.519  8.01087e+06            0   -0.0969611     -1547.37     -59.4363     -154.925 -4.31286e+06        338.3      -1870.7
  -0.0115577   5.7471e-07  2.01978e-07   -0.0373365      13.3202   0.00648703     -349.357 -0.000865439     -92.5235      4.75098  1.01329e-05   0.00409744  0.000257927  -0.00112221    0.0315533     0.001202   0.00507946
      105444     -4.70751      0.50238      14818.3            0     -349.357   4.0955e+10     -2886.16            0 -4.57847e+08     -13.9078            0            0            0      -489742            0        21113
     2.79157 -6.14525e-05 -5.62398e-06    -0.164027     -241.519 -0.000865439     -2886.16      1.24226      2156.11            0 -2.89982e-05    -0.262127  -0.00100201    0.0280549      2.71288   -0.0695381     0.571037
      206268     -4.84435      1.06956       -32194  8.01087e+06     -92.5235            0      2156.11   2.7001e+10            0      4.81281     -42132.2      712.479       254134      -215748            0      35487.6
    -1748.03     0.132799            0      -204.55            0      4.75098 -4.57847e+08            0            0  7.26992e+06     0.323611      198.965     -6.99591            0      7196.13            0            0
 -0.00828484 -1.88672e-07 -2.56174e-08  0.000419226   -0.0969611  1.01329e-05     -13.9078 -2.89982e-05      4.81281     0.323611  5.35457e-06  -0.00063241  2.41582e-06  6.05709e-05   -0.0104949  1.40126e-05  -0.00203684
     32.7581 -5.91894e-05  2.35059e-05    -0.850241     -1547.37   0.00409744            0    -0.262127     -42132.2      198.965  -0.00063241      65.4555   -0.0391245    -0.402888      42.0635      1.31039    -0.650058
  -0.0308874 -2.08974e-05  1.37443e-06   -0.0216681     -59.4363  0.000257927            0  -0.00100201      712.479     -6.99591  2.41582e-06   -0.0391245    0.0427841    0.0122445    -0.908056  -0.00365991  -0.00915734
     12.6825 -2.83838e-05  1.11217e-05    -0.178123     -154.925  -0.00112221            0    0.0280549       254134            0  6.05709e-05    -0.402888    0.0122445      2.76397      12.1527  -0.00357364   -0.0684651
      277014    0.0122138 -0.000201413     -12.5922 -4.31286e+06    0.0315533      -489742      2.71288      -215748      7196.13   -0.0104949      42.0635    -0.908056      12.1527       365857      12.1428      92.1863
     12.0995 -1.47626e-05  3.03392e-07     0.226008        338.3     0.001202            0   -0.0695381            0            0  1.40126e-05      1.31039  -0.00365991  -0.00357364      12.1428      1.27515     0.436114
      138.83   0.00176801 -0.000249317     0.330746      -1870.7   0.00507946        21113     0.571037      35487.6            0  -0.00203684    -0.650058  -0.00915734   -0.0684651      92.1863     0.436114      547.178
