     83443.7    0.0144183  0.000297784       13.364 -1.02551e+06   -0.0133243        67519      2.15978       131807     -415.185    -0.013182      20.3415   -0.0184527      9.11447       105846      8.94393      72.1335
   0.0144183  1.37928e-05   -8.433e-09  9.65958e-05    -0.935219  2.29066e-06     -12.8995 -0.000205321     -13.1771     0.133193 -1.33061e-06 -0.000159413  -8.3087e-05  -8.8896e-05     0.020406 -4.27203e-05   0.00395853
 0.000297784   -8.433e-09  1.45188e-08 -2.17026e-05  -0.00849153  4.15143e-07     0.615435 -8.55243e-06      1.31199            0  -8.2524e-08  2.84728e-05  2.47666e-06  1.56905e-05 -0.000162186  4.35105e-07 -0.000252116
      13.364  9.65958e-05 -2.17026e-05      20.8232     -427.384   -0.0632892      14992.6    -0.205519     -32577.5     -76.7905   0.00111797    -0.851652   -0.0322375    -0.207334     -7.91877     0.269738     0.276272
-1.02551e+06    -0.935219  -0.00849153     -427.384  3.75002e+07      11.1709            0     -149.347  3.99772e+06            0    -0.134588     -764.981     -43.5945     -89.0725 -1.32399e+06      199.438     -770.692
  -0.0133243  2.29066e-06  4.15143e-07   -0.0632892      11.1709    0.0182032     -585.071  -0.00179435      -155.02      2.95165  4.44888e-05   0.00679397  0.000635151  -0.00216263    0.0321693   0.00237481    0.0070183
       67519     -12.8995     0.615435      14992.6            0     -585.071  4.09507e+10     -3572.74            0 -1.69843e+08     -36.5233            0            0            0      -310413            0      17414.2
     2.15978 -0.000205321 -8.55243e-06    -0.205519     -149.347  -0.00179435     -3572.74      1.90436      2669.49            0 -9.64358e-05    -0.321256   -0.0018247    0.0399555      2.05511    -0.101543     0.583368
      131807     -13.1771      1.31199     -32577.5  3.99772e+06      -155.02            0      2669.49  2.69995e+10            0      12.7299     -41712.3      1047.46       292313      -136760            0      29273.4
    -415.185     0.133193            0     -76.7905            0      2.95165 -1.69843e+08            0            0   1.0004e+06     0.315345       73.064     -3.81554            0      1692.22            0            0
   -0.013182 -1.33061e-06  -8.2524e-08   0.00111797    -0.134588  4.44888e-05     -36.5233 -9.64358e-05      12.7299     0.315345  3.72361e-05  -0.00164516  9.35722e-06   0.00018341   -0.0165068  4.36971e-05  -0.00442601
     20.3415 -0.000159413  2.84728e-05    -0.851652     -764.981   0.00679397            0    -0.321256     -41712.3       73.064  -0.00164516      64.1325   -0.0569417    -0.458832      25.7701       1.5298    -0.530898
  -0.0184527  -8.3087e-05  2.47666e-06   -0.0322375     -43.5945  0.000635151            0   -0.0018247      1047.46     -3.81554  9.35722e-06   -0.0569417    0.0924886    0.0207076    -0.829279  -0.00634662   -0.0111209
     9.11447  -8.8896e-05  1.56905e-05    -0.207334     -89.0725  -0.00216263            0    0.0399555       292313            0   0.00018341    -0.458832    0.0207076      3.65703      8.54886  -0.00484864   -0.0650175
      105846     0.020406 -0.000162186     -7.91877 -1.32399e+06    0.0321693      -310413      2.05511      -136760      1692.22   -0.0165068      25.7701    -0.829279      8.54886       138148      8.82071      46.5204
     8.94393 -4.27203e-05  4.35105e-07     0.269738      199.438   0.00237481            0    -0.101543            0            0  4.36971e-05       1.5298  -0.00634662  -0.00484864      8.82071       1.7738     0.424391
     72.1335   0.00395853 -0.000252116     0.276272     -770.692    0.0070183      17414.2     0.583368      29273.4            0  -0.00442601    -0.530898   -0.0111209   -0.0650175      46.5204     0.424391      372.421
