    73.4927   -0.676702     1.80969     1.66245    -54.2251   0.0265306     266.983    -0.29207     14739.2   -0.184268   -0.734957    -2.99813    0.382835    0.878158      61.554     1.66005     1.26034
  -0.676702     18.4751   -0.506845    0.122733    -4.82874   0.0771835    -553.156    -1.11363    -15347.9    0.399938    -1.24092  -0.0666961     -1.1728   -0.265577   -0.258902   -0.144761     1.47698
    1.80969   -0.506845     37.2819    -0.95733    -1.49642     0.69523     1004.79    -2.05306     68360.2           0    -3.21304     1.75137     1.44913     2.10419   -0.554034    0.056252    -3.93716
    1.66245    0.122733    -0.95733     25.4722    -1.96369    -2.14423     571.578    -1.09188    -35981.9   -0.227109    0.975943    -1.06135   -0.436818   -0.582033    -1.41268    0.903234   0.0411259
   -54.2251    -4.82874    -1.49642    -1.96369     916.614     1.52674           0     -4.4882     26428.8           0   -0.414433    -11.6889    -3.12411    -1.11148    -69.0051     3.25457    -1.30037
  0.0265306   0.0771835     0.69523    -2.14423     1.52674     17.5553    -631.823   -0.269426    -4707.01    0.239556      1.0808    0.149623     0.24162   -0.171327    0.282846    0.233043   0.0649453
    266.983    -553.156     1004.79     571.578           0    -631.823 4.72255e+07     -526.63           0    -14899.2    -1008.59           0           0           0    -1065.11           0    -44.9235
   -0.29207    -1.11363    -2.05306    -1.09188     -4.4882   -0.269426     -526.63     41.9688     12430.5           0   -0.361624    -1.61394   -0.123547    0.563737    -1.05813     -1.4695    0.713268
    14739.2    -15347.9     68360.2    -35981.9     26428.8    -4707.01           0     12430.5 2.66552e+10           0      9817.4    -47682.4     12737.7      748780    -12112.7           0     12343.5
  -0.184268    0.399938           0   -0.227109           0    0.239556    -14899.2           0           0     6.51054    0.629198    0.201388    -0.11317           0    0.444103           0   0.0774951
  -0.734957    -1.24092    -3.21304    0.975943   -0.414433      1.0808    -1008.59   -0.361624      9817.4    0.629198     23.1511    -1.51658   0.0971823    0.379399   -0.755827    0.113082    -1.07464
   -2.99813  -0.0666961     1.75137    -1.06135    -11.6889    0.149623           0    -1.61394    -47682.4    0.201388    -1.51658     83.7523   -0.754996    -1.36686    -4.30609     5.20851   -0.417642
   0.382835     -1.1728     1.44913   -0.436818    -3.12411     0.24162           0   -0.123547     12737.7    -0.11317   0.0971823   -0.754996     13.7106     0.65364   -0.527203   -0.241532   -0.138757
   0.878158   -0.265577     2.10419   -0.582033    -1.11148   -0.171327           0    0.563737      748780           0    0.379399    -1.36686     0.65364     24.3375    0.205854  -0.0544041    0.037419
     61.554   -0.258902   -0.554034    -1.41268    -69.0051    0.282846    -1065.11    -1.05813    -12112.7    0.444103   -0.755827    -4.30609   -0.527203    0.205854     83.2334     1.15736    0.055001
    1.66005   -0.144761    0.056252    0.903234     3.25457    0.233043           0     -1.4695           0           0    0.113082     5.20851   -0.241532  -0.0544041     1.15736     16.4099    0.360419
    1.26034     1.47698    -3.93716   0.0411259    -1.30037   0.0649453    -44.9235    0.713268     12343.5   0.0774951    -1.07464   -0.417642   -0.138757    0.037419    0.055001    0.360419     36.5182
