     16413.9    0.0355786  0.000393584      7.05264      -141358   -0.0207252      33937.5      1.39932      65676.7      -39.952   -0.0333315       9.2318    0.0224747      5.19989      20181.8      5.40136      24.4746
   0.0355786  0.000461384 -1.15151e-07  0.000556832     -1.68816  2.86831e-05     -74.7324  -0.00169035     -76.2943     0.147378 -4.00126e-05 -0.000907294 -0.000912572 -0.000649434    0.0499626 -0.000313557    0.0166302
 0.000393584 -1.15151e-07  8.12104e-08 -5.21462e-05  -0.00600638   2.3293e-06      1.43651 -2.89838e-05       3.1053            0 -1.00676e-06  6.43653e-05  1.10096e-05  4.67938e-05 -0.000139113  1.29709e-06 -0.000429138
     7.05264  0.000556832 -5.21462e-05      21.6615     -135.461    -0.152612      15276.7    -0.299333     -33219.4     -15.0054     0.005949    -0.854123   -0.0625182    -0.267062     -3.68921     0.362242     0.203853
     -141358     -1.68816  -0.00600638     -135.461  3.63133e+06      8.30355            0     -66.2774  1.23756e+06            0    -0.218803     -233.581     -25.6224     -35.1365      -178088      81.9272     -173.627
  -0.0207252  2.86831e-05   2.3293e-06    -0.152612      8.30355     0.101675     -1383.39  -0.00605561      -367.43      1.33663  0.000548044    0.0157618   0.00285862  -0.00646788    0.0308228   0.00738875    0.0119703
     33937.5     -74.7324      1.43651      15276.7            0     -1383.39   4.0952e+10     -5104.86            0 -3.25282e+07     -190.415            0            0            0      -154157            0      12662.5
     1.39932  -0.00169035 -2.89838e-05    -0.299333     -66.2774  -0.00605561     -5104.86      3.88145      3810.67            0 -0.000720859    -0.450613  -0.00496313    0.0720257      1.24531    -0.190845     0.604802
     65676.7     -76.2943       3.1053     -33219.4  1.23756e+06      -367.43            0      3810.67  2.69967e+10            0      66.4583     -40985.7      1990.82       369101     -67628.9            0      21255.1
     -39.952     0.147378            0     -15.0054            0      1.33663 -3.25282e+07            0            0      36696.4     0.314948      13.7322     -1.38966            0      161.074            0            0
  -0.0333315 -4.00126e-05 -1.00676e-06     0.005949    -0.218803  0.000548044     -190.415 -0.000720859      66.4583     0.314948   0.00101376  -0.00843061  9.36066e-05   0.00120651   -0.0404422  0.000300309   -0.0167707
      9.2318 -0.000907294  6.43653e-05    -0.854123     -233.581    0.0157618            0    -0.450613     -40985.7      13.7322  -0.00843061       61.948    -0.106432    -0.569395      11.3345      1.97882    -0.379934
   0.0224747 -0.000912572  1.10096e-05   -0.0625182     -25.6224   0.00285862            0  -0.00496313      1990.82     -1.38966  9.36066e-05    -0.106432      0.33441    0.0497125    -0.718068   -0.0158884   -0.0154221
     5.19989 -0.000649434  4.67938e-05    -0.267062     -35.1365  -0.00646788            0    0.0720257       369101            0   0.00120651    -0.569395    0.0497125      5.83134      4.55706  -0.00806029    -0.059826
     20181.8    0.0499626 -0.000139113     -3.68921      -178088    0.0308228      -154157      1.24531     -67628.9      161.074   -0.0404422      11.3345    -0.718068      4.55706      25737.9      5.07218      14.1419
     5.40136 -0.000313557  1.29709e-06     0.362242      81.9272   0.00738875            0    -0.190845            0            0  0.000300309      1.97882   -0.0158884  -0.00806029      5.07218      3.07485     0.405866
     24.4746    0.0166302 -0.000429138     0.203853     -173.627    0.0119703      12662.5     0.604802      21255.1            0   -0.0167707    -0.379934   -0.0154221    -0.059826      14.1419     0.405866      196.491
