     3263.78    0.0868773   0.00353144      3.89479     -19580.9   -0.0321699      17953.6     0.928588      34143.9     -4.04494   -0.0839183      4.28374    0.0768035      3.00911      3856.49      3.32069      8.52212
   0.0868773    0.0157343 -1.09566e-05   0.00331746     -3.08256  0.000393075     -436.402   -0.0142913     -447.304     0.164752  -0.00122407  -0.00521493  -0.00993192  -0.00478861     0.129462  -0.00241108    0.0705127
  0.00353144 -1.09566e-05  2.29854e-05 -0.000888641   -0.0290124  9.52091e-05      23.7155 -0.000723685      54.2897            0 -8.56279e-05  0.000969561  0.000333715   0.00102031 -0.000974365  2.91961e-05  -0.00517942
     3.89479   0.00331746 -0.000888641      22.5328     -42.9936    -0.367339      15557.5      -0.4419     -33842.9     -2.93272    0.0317866    -0.856591    -0.119143    -0.343988     -2.18155     0.486467       0.1516
    -19580.9     -3.08256   -0.0290124     -42.9936       352689      6.19058            0     -29.8489       383172            0    -0.354109     -71.3717     -14.8035     -13.8831     -23971.8      33.7596     -39.2604
  -0.0321699  0.000393075  9.52091e-05    -0.367339      6.19058     0.566186     -3264.15   -0.0215166     -869.412     0.603967   0.00677491     0.036451    0.0126622   -0.0192776    0.0284732    0.0229417    0.0204456
     17953.6     -436.402      23.7155      15557.5            0     -3264.15  4.09546e+10     -7401.38            0 -6.22946e+06     -997.576            0            0            0     -79701.5            0      9203.25
    0.928588   -0.0142913 -0.000723685      -0.4419     -29.8489   -0.0215166     -7401.38       8.1399      5511.53            0  -0.00548166    -0.647632   -0.0156142     0.131473     0.753055    -0.362961      0.63633
     34143.9     -447.304      54.2897     -33842.9       383172     -869.412            0      5511.53  2.70037e+10            0      348.639     -40234.6      3688.47       466124     -34865.8            0      15416.2
    -4.04494     0.164752            0     -2.93272            0     0.603967 -6.22946e+06            0            0      1345.99     0.316058      2.57647    -0.497421            0      15.9677            0            0
  -0.0839183  -0.00122407 -8.56279e-05    0.0317866    -0.354109   0.00677491     -997.576  -0.00548166      348.639     0.316058    0.0278225   -0.0433914  0.000892082   0.00797982   -0.0938445   0.00207186   -0.0638111
     4.28374  -0.00521493  0.000969561    -0.856591     -71.3717     0.036451            0    -0.647632     -40234.6      2.57647   -0.0433914      59.8026    -0.194439    -0.705889      5.03557      2.55821     -0.27173
   0.0768035  -0.00993192  0.000333715    -0.119143     -14.8035    0.0126622            0   -0.0156142      3688.47    -0.497421  0.000892082    -0.194439      1.15991     0.116598    -0.641748   -0.0389641   -0.0202535
     3.00911  -0.00478861   0.00102031    -0.343988     -13.8831   -0.0192776            0     0.131473       466124            0   0.00797982    -0.705889     0.116598      9.29862      2.39626   -0.0134038   -0.0550722
     3856.49     0.129462 -0.000974365     -2.18155     -23971.8    0.0284732     -79701.5     0.753055     -34865.8      15.9677   -0.0938445      5.03557    -0.641748      2.39626      4792.06      2.90926      3.91611
     3.32069  -0.00241108  2.91961e-05     0.486467      33.7596    0.0229417            0    -0.362961            0            0   0.00207186      2.55821   -0.0389641   -0.0134038      2.90926      5.32993     0.388209
     8.52212    0.0705127  -0.00517942       0.1516     -39.2604    0.0204456      9203.25      0.63633      15416.2            0   -0.0638111     -0.27173   -0.0202535   -0.0550722      3.91611     0.388209      103.536
