     557.549     0.159211    0.0794832        2.634     -2376.81    -0.097288        11329     0.617638      20833.1    -0.489775    -0.194475      2.03757     0.222087      1.70189      603.093      2.06376      3.25062
    0.159211      0.53691  -0.00221497    0.0198489     -5.40672   0.00542243     -2547.19    -0.123146     -2618.97     0.184804   -0.0374774   -0.0299412    -0.106288   -0.0353083     0.292725   -0.0186332     0.310569
   0.0794832  -0.00221497    0.0277268   -0.0315017    -0.301113   0.00779662      825.782   -0.0371365       1887.9            0   -0.0155487    0.0328195    0.0212124    0.0448023   -0.0136504   0.00135494    -0.134109
       2.634    0.0198489   -0.0315017      23.4366     -12.9509    -0.883177      15735.4     -0.66551     -34503.4    -0.578425     0.169877    -0.855502    -0.222858    -0.443137     -1.20363     0.654243     0.114866
    -2376.81     -5.40672    -0.301113     -12.9509      31235.5      4.52985            0      -12.988       112614            0    -0.515243     -20.4145     -8.01222     -5.30283     -2819.09      13.4482     -8.66675
   -0.097288   0.00542243   0.00779662    -0.883177      4.52985      3.15183     -7700.33   -0.0748133     -2059.31     0.273879    0.0837843    0.0831476    0.0546308   -0.0574757   -0.0213222    0.0711775    0.0360174
       11329     -2547.19      825.782      15735.4            0     -7700.33  4.09479e+10     -10962.5            0 -1.19712e+06     -5234.03            0            0            0     -48546.8            0       6896.3
    0.617638    -0.123146   -0.0371365     -0.66551      -12.988   -0.0748133     -10962.5      17.7106       8124.7            0   -0.0423901     -0.92772   -0.0415383     0.244783     0.131831    -0.704636     0.700823
     20833.1     -2618.97       1887.9     -34503.4       112614     -2059.31            0       8124.7  2.70117e+10            0      1827.29     -38680.9      6767.79       588722     -19879.8            0      11479.5
   -0.489775     0.184804            0    -0.578425            0     0.273879 -1.19712e+06            0            0      49.7652     0.318711     0.471749    -0.174883            0      1.88624            0            0
   -0.194475   -0.0374774   -0.0155487     0.169877    -0.515243    0.0837843     -5234.03   -0.0423901      1827.29     0.318711     0.763763    -0.221775   0.00853848    0.0527895    -0.193885    0.0142973     -0.24933
     2.03757   -0.0299412    0.0328195    -0.855502     -20.4145    0.0831476            0     -0.92772     -38680.9     0.471749    -0.221775      56.8885     -0.34717    -0.857284      2.14292      3.27579      -0.1943
    0.222087    -0.106288    0.0212124    -0.222858     -8.01222    0.0546308            0   -0.0415383      6767.79    -0.174883   0.00853848     -0.34717      3.89032     0.270011    -0.473045   -0.0940843   -0.0214655
     1.70189   -0.0353083    0.0448023    -0.443137     -5.30283   -0.0574757            0     0.244783       588722            0    0.0527895    -0.857284     0.270011      14.8284      1.06232   -0.0225838   -0.0524573
     603.093     0.292725   -0.0136504     -1.20363     -2819.09   -0.0213222     -48546.8     0.131831     -19879.8      1.88624    -0.193885      2.14292    -0.473045      1.06232      732.681      1.56565      1.23002
     2.06376   -0.0186332   0.00135494     0.654243      13.4482    0.0711775            0    -0.704636            0            0    0.0142973      3.27579   -0.0940843   -0.0225838      1.56565      9.24803     0.382474
     3.25062     0.310569    -0.134109     0.114866     -8.66675    0.0360174       6896.3     0.700823      11479.5            0     -0.24933      -0.1943   -0.0214655   -0.0524573      1.23002     0.382474      57.5502
