3.36725e+11           0     -331318           0           0           0  3.2332e+07           0           0           0           0           0           0 5.34467e+07
          0 2.44252e+07    -3044.08           0      288530    -1552.16           0           0           0           0           0           0           0           0
    -331318    -3044.08      17.641     51.6161    -157.392    -17.4697    -107.957     4.73062    -407.984    -632.704     102.045     2227.09    -90.8915     113.224
          0           0     51.6161     23461.1    -567.127    -79.0022    -317.452           0           0           0           0           0    -364.165    -10622.5
          0      288530    -157.392    -567.127     35525.4    -67.9653    -225.449           0           0           0           0           0           0     5162.06
          0    -1552.16    -17.4697    -79.0022    -67.9653     1185.54           0           0           0    -544.735     48.2628           0     -42.968           0
 3.2332e+07           0    -107.957    -317.452    -225.449           0     28945.7           0           0     13787.5           0           0           0       14106
          0           0     4.73062           0           0           0           0      38.628           0           0     100.432           0    -339.347           0
          0           0    -407.984           0           0           0           0           0      301845           0           0           0           0           0
          0           0    -632.704           0           0    -544.735     13787.5           0           0 2.21819e+06     3779.87           0     3013.08           0
          0           0     102.045           0           0     48.2628           0     100.432           0     3779.87     20269.7           0    -772.693    -13661.7
          0           0     2227.09           0           0           0           0           0           0           0           0 2.86802e+07           0     -334705
          0           0    -90.8915    -364.165           0     -42.968           0    -339.347           0     3013.08    -772.693           0     10667.8      5886.8
5.34467e+07           0     113.224    -10622.5     5162.06           0       14106           0           0           0    -13661.7     -334705      5886.8 8.22436e+06
