5.34607e+10           0     -129743           0           0           0   8.237e+06           0           0           0           0           0           0 9.50871e+06
          0 4.71276e+06    -1312.21           0     79649.8    -545.548           0           0           0           0           0           0           0           0
    -129743    -1312.21     16.9901     33.8274    -97.0606    -13.7158    -67.9138      4.4039    -251.898    -334.346     67.2102     1001.73    -63.4351     49.4041
          0           0     33.8274     10460.1    -237.997    -42.2152    -135.766           0           0           0           0           0    -172.945    -3157.18
          0     79649.8    -97.0606    -237.997     14030.5    -34.1706     -90.733           0           0           0           0           0           0     1443.98
          0    -545.548    -13.7158    -42.2152    -34.1706     759.063           0           0           0    -234.696     25.9182           0    -24.4411           0
  8.237e+06           0    -67.9138    -135.766     -90.733           0     11859.5           0           0     4751.67           0           0           0     4014.96
          0           0      4.4039           0           0           0           0     34.7635           0           0      63.952           0    -228.964           0
          0           0    -251.898           0           0           0           0           0      119460           0           0           0           0           0
          0           0    -334.346           0           0    -234.696     4751.67           0           0      643159        1366           0     1154.01           0
          0           0     67.2102           0           0     25.9182           0      63.952           0        1366      9131.8           0    -368.885    -4081.64
          0           0     1001.73           0           0           0           0           0           0           0           0 6.02589e+06           0    -68295.3
          0           0    -63.4351    -172.945           0    -24.4411           0    -228.964           0     1154.01    -368.885           0     5396.34     1863.65
9.50871e+06           0     49.4041    -3157.18     1443.98           0     4014.96           0           0           0    -4081.64    -68295.3     1863.65 1.62972e+06
