1.038e+06         0  -533.725         0         0         0   5438.65         0         0         0         0         0         0   1344.32
        0   4278.77  -36.9306         0   332.344  -6.36323         0         0         0         0         0         0         0         0
 -533.725  -36.9306   14.8235   5.66458  -12.5533  -4.95861  -9.55855   3.28571  -32.7292  -22.4107   11.5017   33.8119  -13.8893    1.4732
        0         0   5.66458    336.14  -5.90848  -2.93059  -3.65988         0         0         0         0         0  -7.26792  -18.0792
        0   332.344  -12.5533  -5.90848   269.045  -1.83147  -1.88788         0         0         0         0         0         0   6.38819
        0  -6.36323  -4.95861  -2.93059  -1.83147   113.774         0         0         0  -6.52021   1.83871         0  -2.21705         0
  5438.65         0  -9.55855  -3.65988  -1.88788         0   267.788         0         0   51.1779         0         0         0   19.2305
        0         0   3.28571         0         0         0         0   22.1808         0         0   9.36071         0  -42.8747         0
        0         0  -32.7292         0         0         0         0         0   2310.85         0         0         0         0         0
        0         0  -22.4107         0         0  -6.52021   51.1779         0         0   3311.53   17.9598         0   19.4114         0
        0         0   11.5017         0         0   1.83871         0   9.36071         0   17.9598   306.594         0  -15.8462  -23.8896
        0         0   33.8119         0         0         0         0         0         0         0         0   7870.81         0  -78.8548
        0         0  -13.8893  -7.26792         0  -2.21705         0  -42.8747         0   19.4114  -15.8462         0   296.562   13.9529
  1344.32         0    1.4732  -18.0792   6.38819         0   19.2305         0         0         0  -23.8896  -78.8548   13.9529   1663.58
