     8.25417     -1691.31   -0.0177679            0  -0.00220912      44.5337   -0.0578829     -3214.31    0.0052081     0.285976   -0.0335417   0.00544814     0.231276     0.180644            0      1.94489            0    -0.383977
    -1691.31  2.03631e+07      117.227 -4.99393e+10      4.78771      33670.8     -227.849  1.17936e+08     -221.144      702.566      928.508      -283.45     -54.3026     -241.658        33708      2032.37      57664.4      9358.42
  -0.0177679      117.227      3.92088            0  0.000319046      -7.8328    0.0867175      4377.18   -0.0118919     0.918492    -0.245403    -0.153876     0.231792    -0.563088      6.94306      1.56075      3.42459     0.454571
           0 -4.99393e+10            0  5.22614e+16            0            0            0            0            0 -5.30839e+07            0  3.44823e+06            0            0            0            0 -5.73683e+10            0
 -0.00220912      4.78771  0.000319046            0    0.0065986            0     0.010168            0   0.00087305  -0.00255341  0.000158465  0.000672408  -0.00621724   -0.0111099    0.0625452   -0.0714975            0            0
     44.5337      33670.8      -7.8328            0            0       226055      14.7034            0       1.4027      20.2246      11.0143      6.63201      10.4453     -62.6267       832.07     -138.276     -7916.68            0
  -0.0578829     -227.849    0.0867175            0     0.010168      14.7034       26.355      11226.6   -0.0164099     -2.97147   -0.0309451     0.225565     0.354818     -1.80317     -8.09936    -0.323932     -28.1687     0.635217
    -3214.31  1.17936e+08      4377.18            0            0            0      11226.6   3.1305e+10      1118.46      31928.9      11572.6     -1211.57     -13866.4     -18991.4            0     -70284.3 -4.95693e+06  3.46824e+06
   0.0052081     -221.144   -0.0118919            0   0.00087305       1.4027   -0.0164099      1118.46     0.483415     0.738635  -0.00944396    0.0558537    -0.101221   -0.0963509       1.2206   -0.0958843     -1.18451     0.120548
    0.285976      702.566     0.918492 -5.30839e+07  -0.00255341      20.2246     -2.97147      31928.9     0.738635       44.392   -0.0070822     0.839763    -0.786547      2.92549     -8.23306     -1.76648      86.7294      4.09907
  -0.0335417      928.508    -0.245403            0  0.000158465      11.0143   -0.0309451      11572.6  -0.00944396   -0.0070822      7.49943     0.039652     0.150231    -0.879565      1.45422     -1.43895     -45.7734      1.17006
  0.00544814      -283.45    -0.153876  3.44823e+06  0.000672408      6.63201     0.225565     -1211.57    0.0558537     0.839763     0.039652     0.353697   -0.0271299   -0.0476182    -0.401911     0.267083      9.34841   -0.0859761
    0.231276     -54.3026     0.231792            0  -0.00621724      10.4453     0.354818     -13866.4    -0.101221    -0.786547     0.150231   -0.0271299      16.9581    -0.530772      14.7143     -2.96429      9.28338     -1.57109
    0.180644     -241.658    -0.563088            0   -0.0111099     -62.6267     -1.80317     -18991.4   -0.0963509      2.92549    -0.879565   -0.0476182    -0.530772      45.0564     -1.52078      -3.6024     -78.0093     -2.85151
           0        33708      6.94306            0    0.0625452       832.07     -8.09936            0       1.2206     -8.23306      1.45422    -0.401911      14.7143     -1.52078      17350.4      76.8932      630.648            0
     1.94489      2032.37      1.56075            0   -0.0714975     -138.276    -0.323932     -70284.3   -0.0958843     -1.76648     -1.43895     0.267083     -2.96429      -3.6024      76.8932      697.754      84.6002     -10.7009
           0      57664.4      3.42459 -5.73683e+10            0     -7916.68     -28.1687 -4.95693e+06     -1.18451      86.7294     -45.7734      9.34841      9.28338     -78.0093      630.648      84.6002       278739     -620.102
   -0.383977      9358.42     0.454571            0            0            0     0.635217  3.46824e+06     0.120548      4.09907      1.17006   -0.0859761     -1.57109     -2.85151            0     -10.7009     -620.102      410.322
