     8.86093     -1400.86   -0.0190511            0  -0.00271512      38.8817   -0.0593166     -3330.36   0.00579567     0.292849   -0.0357035   0.00612488     0.246222     0.187188            0      1.91184            0    -0.387042
    -1400.86  1.30131e+07      96.9795 -3.06626e+10      4.54005        22682     -180.148   9.4278e+07     -189.873      555.092      762.563     -245.861      -44.609     -193.218      24022.6      1541.45      38836.2      7277.97
  -0.0190511      96.9795        4.199            0  0.000391652     -6.83049    0.0887587      4529.76   -0.0132177     0.939435    -0.260906    -0.172782     0.246475    -0.582786      6.40523      1.53239       2.9857     0.457647
           0 -3.06626e+10            0  3.08305e+16            0            0            0            0            0  -4.0297e+07            0  2.87371e+06            0            0            0            0 -3.71218e+10            0
 -0.00271512      4.54005  0.000391652            0   0.00928511            0    0.0119296            0   0.00111231  -0.00299364  0.000193121  0.000865459  -0.00757801   -0.0131804    0.0661377   -0.0804661            0            0
     38.8817        22682     -6.83049            0            0       160516      12.2544            0      1.26952      16.8439      9.53527      6.06379      9.04404     -52.7794      625.077     -110.549     -5620.22            0
  -0.0593166     -180.148    0.0887587            0    0.0119296      12.2544      25.7815      11103.8   -0.0174321     -2.90473   -0.0314442      0.24207     0.360576     -1.78365     -7.14039    -0.303972     -23.4718     0.611211
    -3330.36   9.4278e+07      4529.76            0            0            0      11103.8   3.1305e+10      1201.28      31556.9      11889.3      -1314.6     -14248.1     -18993.6            0     -66682.9 -4.17609e+06   3.3741e+06
  0.00579567     -189.873   -0.0132177            0   0.00111231      1.26952   -0.0174321      1201.28     0.557649     0.784082   -0.0104207    0.0650907    -0.111708    -0.103497      1.16874   -0.0977065      -1.0718     0.125959
    0.292849      555.092     0.939435  -4.0297e+07  -0.00299364      16.8439     -2.90473      31556.9     0.784082      43.3636  -0.00719122     0.900562    -0.798774      2.89176      -7.2545     -1.65643      72.2161      3.94135
  -0.0357035      762.563    -0.260906            0  0.000193121      9.53527   -0.0314442      11889.3   -0.0104207  -0.00719122      7.91543    0.0442012     0.158589    -0.903739      1.33295     -1.40257     -39.6181      1.16945
  0.00612488     -245.861    -0.172782  2.87371e+06  0.000865459      6.06379      0.24207      -1314.6    0.0650907     0.900562    0.0442012     0.416412    -0.030247   -0.0516739    -0.388729     0.274946      8.54557   -0.0907558
    0.246222      -44.609     0.246475            0  -0.00757801      9.04404     0.360576     -14248.1    -0.111708    -0.798774     0.158589    -0.030247      17.9044    -0.545439       13.485      -2.8898      8.03585     -1.57053
    0.187188     -193.218    -0.582786            0   -0.0131804     -52.7794     -1.78365     -18993.6    -0.103497      2.89176    -0.903739   -0.0516739    -0.545439      45.0671     -1.35593     -3.41821     -65.7288     -2.77444
           0      24022.6      6.40523            0    0.0661377      625.077     -7.14039            0      1.16874      -7.2545      1.33295    -0.388729       13.485     -1.35593      13789.8      65.0334      473.667            0
     1.91184      1541.45      1.53239            0   -0.0804661     -110.549    -0.303972     -66682.9   -0.0977065     -1.65643     -1.40257     0.274946      -2.8898     -3.41821      65.0334      628.077      67.6213     -9.87703
           0      38836.2       2.9857 -3.71218e+10            0     -5620.22     -23.4718 -4.17609e+06      -1.0718      72.2161     -39.6181      8.54557      8.03585     -65.7288      473.667      67.6213       197839     -508.241
   -0.387042      7277.97     0.457647            0            0            0     0.611211   3.3741e+06     0.125959      3.94135      1.16945   -0.0907558     -1.57053     -2.77444            0     -9.87703     -508.241       388.35
