     14.4521     -381.936    -0.030813            0   -0.0112595      15.2484   -0.0702203     -4252.12    0.0121133      0.34496   -0.0549271    0.0137334     0.379193     0.239277            0      1.69955            0     -0.40882
    -381.936       593096       26.223 -1.06035e+09      3.14729      1487.09     -35.6491  2.01215e+07     -66.3388      109.299      196.108     -92.1552     -11.4879     -41.2845      2323.05      227.831       2542.2      1285.12
   -0.030813       26.223      6.73604            0   0.00161075     -2.65675     0.104207      5737.36   -0.0273981      1.09749     -0.39808    -0.384228     0.376447    -0.738744      3.67417      1.34861      1.15952     0.479443
           0 -1.06035e+09            0  8.08938e+14            0            0            0            0            0 -6.02078e+06            0       817271            0            0            0            0 -1.84372e+09            0
  -0.0112595      3.14729   0.00161075            0    0.0979066            0    0.0359083            0   0.00591117  -0.00896704  0.000755517   0.00493401   -0.0296735   -0.0428349    0.0972679    -0.181788            0            0
     15.2484      1487.09     -2.65675            0            0        15137      3.48826            0     0.638015      4.77073      3.52731      3.26942      3.34873     -16.2212      86.9494     -23.6291     -529.192            0
  -0.0702203     -35.6491     0.104207            0    0.0359083      3.48826      22.1523      10295.8   -0.0264444      -2.4835   -0.0351141     0.393964     0.402956     -1.65471     -2.99545    -0.194397     -6.67125     0.468627
    -4252.12  2.01215e+07      5737.36            0            0            0      10295.8  3.13061e+10       1966.6      29108.5        14320     -2310.16     -17181.3     -19007.8            0     -46528.2 -1.28026e+06  2.79093e+06
   0.0121133     -66.3388   -0.0273981            0   0.00591117     0.638015   -0.0264444       1966.6      1.49359      1.18361   -0.0205444     0.187032    -0.220456    -0.169517     0.866438    -0.110868    -0.537801     0.170496
     0.34496      109.299      1.09749 -6.02078e+06  -0.00896704      4.77073      -2.4835      29108.5      1.18361      36.8929  -0.00798968      1.45848    -0.888434       2.6695     -3.03144     -1.05993      20.4242      3.00715
  -0.0549271      196.108     -0.39808            0  0.000755517      3.52731   -0.0351141        14320   -0.0205444  -0.00798968      11.4861    0.0934856      0.23037     -1.08956     0.730238     -1.17715     -14.6332      1.16508
   0.0137334     -92.1552    -0.384228       817271   0.00493401      3.26942     0.393964     -2310.16     0.187032      1.45848    0.0934856      1.28365   -0.0640361   -0.0907991    -0.308995      0.33566      4.60054    -0.131777
    0.379193     -11.4879     0.376447            0   -0.0296735      3.34873     0.402956     -17181.3    -0.220456    -0.888434      0.23037   -0.0640361      26.0354    -0.658257      7.37998     -2.42968      2.97054      -1.5663
    0.239277     -41.2845    -0.738744            0   -0.0428349     -16.2212     -1.65471     -19007.8    -0.169517       2.6695     -1.08956   -0.0907991    -0.658257      45.1411    -0.614692     -2.37741     -20.1703     -2.29663
           0      2323.05      3.67417            0    0.0972679      86.9494     -2.99545            0     0.866438     -3.03144     0.730238    -0.308995      7.37998    -0.614692       2829.6      20.4494      65.7926            0
     1.69955      227.831      1.34861            0    -0.181788     -23.6291    -0.194397     -46528.2    -0.110868     -1.05993     -1.17715      0.33566     -2.42968     -2.37741      20.4494      302.989      14.4299     -5.69915
           0       2542.2      1.15952 -1.84372e+09            0     -529.192     -6.67125 -1.28026e+06    -0.537801      20.4242     -14.6332      4.60054      2.97054     -20.1703      65.7926      14.4299      18599.9     -128.899
    -0.40882      1285.12     0.479443            0            0            0     0.468627  2.79093e+06     0.170496      3.00715      1.16508    -0.131777      -1.5663     -2.29663            0     -5.69915     -128.899      265.696
