     23.5719     -104.129   -0.0498336            0   -0.0466911      5.98003   -0.0831151     -5429.98    0.0253153     0.406339   -0.0844768      0.03079     0.584057     0.306094    -0.827462      1.48516            0    -0.431791
    -104.129      27029.3      7.08979  -3.6039e+07      2.18174      97.4837     -7.05478   4.2954e+06      -23.177      21.5225      50.4306     -34.5405     -2.96555     -8.80972      237.865      33.2307      166.411      226.901
  -0.0498336      7.08979      10.8063            0   0.00662452     -1.03306     0.122358      7267.25   -0.0568031      1.28219    -0.607377    -0.854447     0.575045    -0.936561      2.16168      1.16843     0.450304     0.502295
           0  -3.6039e+07            0  2.05044e+13            0            0            0            0            0      -884119            0       228467            0            0            0            0 -9.00034e+07            0
  -0.0466911      2.18174   0.00662452            0      1.03243            0     0.108086            0    0.0314144   -0.0268595   0.00295628    0.0281305    -0.116203    -0.139246     0.147959    -0.403742            0            0
     5.98003      97.4837     -1.03306            0            0      1427.37      0.99294            0     0.320423       1.3509      1.30479      1.76261      1.24004     -4.98481      12.4121     -4.96064     -49.8286            0
  -0.0831151     -7.05478     0.122358            0     0.108086      0.99294       19.034      9544.35   -0.0401176     -2.12339   -0.0392265      0.64118     0.449931      -1.5355     -1.28266    -0.123036     -1.89605     0.359348
    -5429.98   4.2954e+06      7267.25            0            0            0      9544.35  3.13063e+10      3218.45      26847.8      17250.2     -4057.22     -20723.3       -19026            0     -31833.9      -392543  2.30851e+06
   0.0253153      -23.177   -0.0568031            0    0.0314144     0.320423   -0.0401176      3218.45      4.00032       1.7867   -0.0404997     0.537388      -0.4351    -0.277419     0.659635    -0.124069    -0.269877     0.230796
    0.406339      21.5225      1.28219      -884119   -0.0268595       1.3509     -2.12339      26847.8       1.7867       31.387  -0.00887848      2.36171    -0.988142      2.46437         -1.3    -0.667538      5.77623      2.29427
  -0.0844768      50.4306    -0.607377            0   0.00295628      1.30479   -0.0392265      17250.2   -0.0404997  -0.00887848      16.6676     0.197733     0.334651     -1.31373     0.476643    -0.970358     -5.40495       1.1609
     0.03079     -34.5405    -0.854447       228467    0.0281305      1.76261      0.64118     -4057.22     0.537388      2.36171     0.197733      3.95687    -0.135556    -0.159528    -0.229892     0.402835      2.47653    -0.191411
    0.584057     -2.96555     0.575045            0    -0.116203      1.24004     0.449931     -20723.3      -0.4351    -0.988142     0.334651    -0.135556      37.8636    -0.794231      4.18348     -2.00485      1.09697     -1.56266
    0.306094     -8.80972    -0.936561            0    -0.139246     -4.98481      -1.5355       -19026    -0.277419      2.46437     -1.31373    -0.159528    -0.794231      45.2212    -0.284935     -1.62605     -6.19213     -1.90152
   -0.827462      237.865      2.16168            0     0.147959      12.4121     -1.28266            0     0.659635         -1.3     0.476643    -0.229892      4.18348    -0.284935      612.474      6.46664      9.38655            0
     1.48516      33.2307      1.16843            0    -0.403742     -4.96064    -0.123036     -31833.9    -0.124069    -0.667538    -0.970358     0.402835     -2.00485     -1.62605      6.46664      141.622      3.02632     -3.22547
           0      166.411     0.450304 -9.00034e+07            0     -49.8286     -1.89605      -392543    -0.269877      5.77623     -5.40495      2.47653      1.09697     -6.19213      9.38655      3.02632      1748.67     -32.6915
   -0.431791      226.901     0.502295            0            0            0     0.359348  2.30851e+06     0.230796      2.29427       1.1609    -0.191411     -1.56266     -1.90152            0     -3.22547     -32.6915      181.782
