     75.5499 -0.000443066      1.38111    0.0345797      -4.2637      2.02023      1.62655     -2.67276     0.778248     -4.72939            0     0.142649            0   -0.0101644   -0.0673925
-0.000443066  1.19195e-06  0.000178472  0.000101014 -0.000364256  0.000451272  0.000168666 -7.70105e-05  0.000271976  0.000192725       33.387 -4.18585e-05      1.16552 -1.53708e-06  -0.00050947
     1.38111  0.000178472      23.5619       2.2366      3.81282      4.02437     -1.18719   -0.0789632      18.8742     -2.68721      -423285   -0.0496013      218.534  -0.00574466     -4.39698
   0.0345797  0.000101014       2.2366      16.7644    -0.881315     0.985295     0.638891      1.56182      3.16338    -0.364259       178091    -0.179831      69.6574   0.00156883    -0.122632
     -4.2637 -0.000364256      3.81282    -0.881315      31.9593     -10.2667      2.73678      -8.0548      1.50636      1.11291 -3.38776e+06    0.0288008      1283.24  -0.00447343    -0.547111
     2.02023  0.000451272      4.02437     0.985295     -10.2667      41.5473     -4.92322     -21.3883     -3.12156     -1.37016  1.78561e+06    -0.240589     -162.369   0.00977099     -7.86673
     1.62655  0.000168666     -1.18719     0.638891      2.73678     -4.92322      22.5378      8.26042      10.2956    -0.924138      -834867    -0.148698      3583.77   -0.0052992    -0.914574
    -2.67276 -7.70105e-05   -0.0789632      1.56182      -8.0548     -21.3883      8.26042      41.2376      13.8091   -0.0120267       594441     0.700969      2427.67   -0.0315324      4.23809
    0.778248  0.000271976      18.8742      3.16338      1.50636     -3.12156      10.2956      13.8091      34.6286     -3.86992       155054     0.134842      2175.79   -0.0132735     -4.15636
    -4.72939  0.000192725     -2.68721    -0.364259      1.11291     -1.37016    -0.924138   -0.0120267     -3.86992      35.3172      -426492    0.0900953      454.516  -0.00127006       3.1827
           0       33.387      -423285       178091 -3.38776e+06  1.78561e+06      -834867       594441       155054      -426492   1.2415e+13     -8580.19            0       1665.5      -276858
    0.142649 -4.18585e-05   -0.0496013    -0.179831    0.0288008    -0.240589    -0.148698     0.700969     0.134842    0.0900953     -8580.19      1.21102     -123.388   0.00110331     0.387193
           0      1.16552      218.534      69.6574      1283.24     -162.369      3583.77      2427.67      2175.79      454.516            0     -123.388  3.62159e+07            0     -109.178
  -0.0101644 -1.53708e-06  -0.00574466   0.00156883  -0.00447343   0.00977099   -0.0052992   -0.0315324   -0.0132735  -0.00127006       1665.5   0.00110331            0    0.0012161   0.00759034
  -0.0673925  -0.00050947     -4.39698    -0.122632    -0.547111     -7.86673    -0.914574      4.23809     -4.15636       3.1827      -276858     0.387193     -109.178   0.00759034      128.754
