     52.9102    -0.771398      24.3834      35.3991      19.5449    -0.915212       206955       5799.8     0.140541     0.164596 -1.72576e-05     0.273213     -4.83174  8.95054e-06  1.80119e-05
   -0.771398      2.41801      1.85482      3.22295     0.127071     0.793748       148110     -1873.97   -0.0172721   0.00492452  4.59058e-07    0.0840285     0.608697  1.76071e-05  1.50392e-05
     24.3834      1.85482       5518.5      -209.22      40.1302      9.85206  -2.4952e+07       196229     0.266382    -0.498292 -0.000200835      2.24088     -25.1555  -0.00209347 -0.000412144
     35.3991      3.22295      -209.22      6921.79      33.6768     -25.8686   1.8214e+07      -292583     0.305739      39.2339  0.000364654      13.3347        9.224 -0.000444295 -7.75387e-05
     19.5449     0.127071      40.1302      33.6768      22.8268      4.10001      40128.3      38452.8      0.08935     0.281802  8.63887e-06     -1.59447      8.39677  2.17601e-05  5.89646e-05
   -0.915212     0.793748      9.85206     -25.8686      4.10001      46.8267       182575     -2833.36    -0.200071   -0.0978959 -6.56101e-06     -5.84717      1.45745  9.96831e-05  0.000103731
      206955       148110  -2.4952e+07   1.8214e+07      40128.3       182575  2.71597e+13 -2.69361e+11     -80961.9     -76528.6     -41.0943      -928352       488320      14.7906       11.757
      5799.8     -1873.97       196229      -292583      38452.8     -2833.36 -2.69361e+11  6.27246e+09      703.382      3064.95     0.814328      14146.3      1008.95      0.13794     0.129579
    0.140541   -0.0172721     0.266382     0.305739      0.08935    -0.200071     -80961.9      703.382    0.0621742    0.0067496 -6.64386e-07    -0.213276      0.24069 -6.07706e-07 -1.32424e-06
    0.164596   0.00492452    -0.498292      39.2339     0.281802   -0.0978959     -76528.6      3064.95    0.0067496     0.683557  2.35459e-06     0.113645     0.478755 -7.32244e-06  1.83754e-06
-1.72576e-05  4.59058e-07 -0.000200835  0.000364654  8.63887e-06 -6.56101e-06     -41.0943     0.814328 -6.64386e-07  2.35459e-06   1.0493e-08  2.12232e-06  5.29329e-05 -1.50424e-09  7.22667e-11
    0.273213    0.0840285      2.24088      13.3347     -1.59447     -5.84717      -928352      14146.3    -0.213276     0.113645  2.12232e-06      7.49612   0.00579653  -4.4895e-05  5.88907e-06
    -4.83174     0.608697     -25.1555        9.224      8.39677      1.45745       488320      1008.95      0.24069     0.478755  5.29329e-05   0.00579653      52.2011  3.70195e-05  6.00307e-06
 8.95054e-06  1.76071e-05  -0.00209347 -0.000444295  2.17601e-05  9.96831e-05      14.7906      0.13794 -6.07706e-07 -7.32244e-06 -1.50424e-09  -4.4895e-05  3.70195e-05  2.73547e-08  2.01885e-09
 1.80119e-05  1.50392e-05 -0.000412144 -7.75387e-05  5.89646e-05  0.000103731       11.757     0.129579 -1.32424e-06  1.83754e-06  7.22667e-11  5.88907e-06  6.00307e-06  2.01885e-09  2.52549e-08
