     51.4798     -1.38184      7.20164      4.23505      24.3361     -1.97244      133.363      6.85921      1.28963     0.459557 -2.91878e-05     0.572455     -9.10396  7.62894e-06  4.32122e-05
    -1.38184      6.78255       1.1091     0.716591     0.115065       1.3801        275.4      -9.2615    -0.246081     0.030199  1.10055e-06   -0.0585309      1.07174  4.68897e-05  0.000136834
     7.20164       1.1091      694.135     -9.78191      13.1938      3.33495     -9107.67      151.325     0.889252    -0.657913 -0.000100059     0.412219     -9.85735  -0.00119192 -0.000787223
     4.23505     0.716591     -9.78191      122.643      4.76641     -3.23487      2677.57     -109.055      0.44096      19.7296  6.84425e-05       3.0199      0.82412 -9.37265e-05  -6.2144e-05
     24.3361     0.115065      13.1938      4.76641      28.6283      5.77953      49.6161      84.6567     0.963956       1.2188   1.3259e-05     -3.03704      10.6481  4.68731e-05  0.000328751
    -1.97244       1.3801      3.33495     -3.23487      5.77953       45.877      25.5905     -4.03902     -2.15635     -0.28454 -7.32906e-06     -15.3001      3.40214  0.000149128  0.000555647
     133.363        275.4     -9107.67      2677.57      49.6161      25.5905  3.13162e+07      -712120     -700.705     -251.121   -0.0622381     -736.779       131.77    0.0205529    0.0733452
     6.85921      -9.2615      151.325     -109.055      84.6567     -4.03902      -712120      42185.1      18.8062       28.435   0.00303801      36.4722      9.11341  0.000752069   0.00188116
     1.28963    -0.246081     0.889252      0.44096     0.963956     -2.15635     -700.705      18.8062      4.79274     0.238623 -8.13579e-06     -1.72655        2.008 -1.08398e-05 -6.70471e-05
    0.459557     0.030199    -0.657913      19.7296       1.2188     -0.28454     -251.121       28.435     0.238623      9.58467  1.25344e-05     0.655733      1.71542 -4.34228e-05  3.75663e-05
-2.91878e-05  1.10055e-06 -0.000100059  6.84425e-05   1.3259e-05 -7.32906e-06   -0.0622381   0.00303801 -8.13579e-06  1.25344e-05  2.09663e-08  7.57338e-06  7.41133e-05 -3.39477e-09  3.77386e-10
    0.572455   -0.0585309     0.412219       3.0199     -3.03704     -15.3001     -736.779      36.4722     -1.72655     0.655733  7.57338e-06      17.5035   -0.0363797 -0.000124643 -5.96211e-05
    -9.10396      1.07174     -9.85735      0.82412      10.6481      3.40214       131.77      9.11341        2.008      1.71542  7.41133e-05   -0.0363797      52.4749  6.53971e-05  2.47292e-05
 7.62894e-06  4.68897e-05  -0.00119192 -9.37265e-05  4.68731e-05  0.000149128    0.0205529  0.000752069 -1.08398e-05 -4.34228e-05 -3.39477e-09 -0.000124643  6.53971e-05  7.04016e-08  1.72589e-08
 4.32122e-05  0.000136834 -0.000787223  -6.2144e-05  0.000328751  0.000555647    0.0733452   0.00188116 -6.70471e-05  3.75663e-05  3.77386e-10 -5.96211e-05  2.47292e-05  1.72589e-08  7.68394e-07
