     52.0258     -1.07656      12.1219      10.4878      22.9988     -1.58799       4202.3      91.8331     0.438902     0.305475 -1.99057e-05     0.191519     -7.12806  6.57029e-06  1.76349e-05
    -1.07656      4.36188      1.38448       1.3577     0.111144      1.08898      8116.76     -95.6074   -0.0796786     0.014215  6.40997e-07    0.0392375     0.835555  2.36307e-05  2.63435e-05
     12.1219      1.38448      1689.96     -36.1437      21.1596      5.31139      -535371      3568.78     0.505935    -0.588962 -0.000115125      1.65727     -14.6951  -0.00115475 -0.000297768
     10.4878       1.3577     -36.1437      687.239      11.0684     -7.87833       233671     -3469.43     0.320923       26.549   0.00012027      7.04274      2.44181 -0.000139716 -3.15867e-05
     22.9988     0.111144      21.1596      11.0684      26.3508       4.9957      2495.79      1195.28     0.372876     0.659613  9.33656e-06     -2.85268      10.0587  2.72456e-05  7.84036e-05
    -1.58799      1.08898      5.31139     -7.87833       4.9957      46.1907     -2162.96       31.314    -0.736683    -0.185214 -6.21714e-06     -12.7422       2.3467  9.56162e-05  0.000135829
      4202.3      8116.76      -535371       233671      2495.79     -2162.96  4.26333e+10 -3.62304e+08     -9762.49     -5002.55     -1.69746     -27769.4        14294     0.466188     0.684873
     91.8331     -95.6074      3568.78     -3469.43      1195.28       31.314 -3.62304e+08  7.94538e+06      90.4317      219.434    0.0306808      522.584     -6.47966    0.0064847   0.00536493
    0.438902   -0.0796786     0.505935     0.320923     0.372876    -0.736683     -9762.49      90.4317      0.73523    0.0484139 -2.40736e-06    -0.742615     0.805824 -1.91122e-06 -5.95981e-06
    0.305475     0.014215    -0.588962       26.549     0.659613    -0.185214     -5002.55      219.434    0.0484139      3.09585  5.25453e-06     0.393406      0.99546 -1.55552e-05  5.11062e-06
-1.99057e-05  6.40997e-07 -0.000115125   0.00012027  9.33656e-06 -6.21714e-06     -1.69746    0.0306808 -2.40736e-06  5.25453e-06  1.14645e-08  3.96045e-06  5.48223e-05  -1.5691e-09  8.54162e-11
    0.191519    0.0392375      1.65727      7.04274     -2.85268     -12.7422     -27769.4      522.584    -0.742615     0.393406  3.96045e-06      16.9707     0.222512 -7.60376e-05 -4.58592e-06
    -7.12806     0.835555     -14.6951      2.44181      10.0587       2.3467        14294     -6.47966     0.805824      0.99546  5.48223e-05     0.222512      52.2882  3.77792e-05   6.6797e-06
 6.57029e-06  2.36307e-05  -0.00115475 -0.000139716  2.72456e-05  9.56162e-05     0.466188    0.0064847 -1.91122e-06 -1.55552e-05  -1.5691e-09 -7.60376e-05  3.77792e-05  2.72677e-08  2.63035e-09
 1.76349e-05  2.63435e-05 -0.000297768 -3.15867e-05  7.84036e-05  0.000135829     0.684873   0.00536493 -5.95981e-06  5.11062e-06  8.54162e-11 -4.58592e-06   6.6797e-06  2.63035e-09  4.31296e-08
