     4.72931 -1.59731e-05   0.00221094 -0.000132007  -0.00626332    0.0362777    0.0561497  -0.00638565  -0.00115475   2.3811e-05     -1.12002    -0.797127   -0.0869514 -1.01386e-05    -0.621993
-1.59731e-05   0.00820785  0.000109352 -1.30581e-06 -0.000492898   -0.0136782   0.00207628   0.00417933 -0.000208796  3.21402e-07    0.0208522   -0.0333712    0.0242935  1.33792e-06    -0.031386
  0.00221094  0.000109352     0.485808 -3.87028e-06  -0.00882051    -0.044697    0.0547024   0.00537992 -0.000138992  1.44888e-05    0.0588885    -0.331077    0.0866083  -6.1351e-05   -0.0135692
-0.000132007 -1.30581e-06 -3.87028e-06  2.58553e-06 -3.70233e-05  -0.00159865 -4.23559e-06  0.000188266  5.06792e-06  6.93681e-08  0.000787128 -0.000200357    0.0001945 -3.88475e-07   0.00123238
 -0.00626332 -0.000492898  -0.00882051 -3.70233e-05     0.111557   -0.0223367    0.0113575   -0.0344827 -0.000760561 -7.34839e-06    -0.239912    -0.185326  -0.00628177 -7.33266e-05    0.0714898
   0.0362777   -0.0136782    -0.044697  -0.00159865   -0.0223367      35.1781     0.445864    -0.633129    -0.020327 -0.000153928      5.92824      4.63407    -0.441682   0.00289741     -15.0291
   0.0561497   0.00207628    0.0547024 -4.23559e-06    0.0113575     0.445864      5.97087     0.346283  0.000793466  4.37608e-05    -0.516203     -0.99488      1.01272 -0.000671546     0.681198
 -0.00638565   0.00417933   0.00537992  0.000188266   -0.0344827    -0.633129     0.346283      5.94588    0.0012702   1.7319e-05    -0.183852      -1.1438     0.796698 -0.000611613      1.00137
 -0.00115475 -0.000208796 -0.000138992  5.06792e-06 -0.000760561    -0.020327  0.000793466    0.0012702   0.00430598  4.54388e-07    0.0121597   -0.0294284   -0.0173643  6.49219e-06    0.0202469
  2.3811e-05  3.21402e-07  1.44888e-05  6.93681e-08 -7.34839e-06 -0.000153928  4.37608e-05   1.7319e-05  4.54388e-07  5.18643e-07 -0.000396996  0.000111213 -0.000315565 -8.10747e-08  0.000120812
    -1.12002    0.0208522    0.0588885  0.000787128    -0.239912      5.92824    -0.516203    -0.183852    0.0121597 -0.000396996      36.2598     -4.65775     -1.60607 -0.000641598      6.51604
   -0.797127   -0.0333712    -0.331077 -0.000200357    -0.185326      4.63407     -0.99488      -1.1438   -0.0294284  0.000111213     -4.65775      27.9442      5.85843   0.00300765      -4.7106
  -0.0869514    0.0242935    0.0866083    0.0001945  -0.00628177    -0.441682      1.01272     0.796698   -0.0173643 -0.000315565     -1.60607      5.85843      32.5991  -0.00114619     -7.62116
-1.01386e-05  1.33792e-06  -6.1351e-05 -3.88475e-07 -7.33266e-05   0.00289741 -0.000671546 -0.000611613  6.49219e-06 -8.10747e-08 -0.000641598   0.00300765  -0.00114619  3.42909e-05  -0.00229783
   -0.621993    -0.031386   -0.0135692   0.00123238    0.0714898     -15.0291     0.681198      1.00137    0.0202469  0.000120812      6.51604      -4.7106     -7.62116  -0.00229783      39.4587
