    177.227   -0.170282     2.22456    -2.20623    -6.21159     1.71022     2.19607    -3.55442     2.25404    -7.56809           0    0.588191           0   -0.974591    -8.85782
  -0.170282   0.0689064   0.0444847   0.0285155  -0.0863786    0.100028   0.0291398 -0.00283809   0.0632736   -0.101919     1.45028  -0.0200515     1.35703  -0.0163124   -0.125502
    2.22456   0.0444847     26.4299    -1.59292     5.86208  -0.0403967   -0.473071  -0.0371236     22.7567    -10.9393     -111.48    -0.14573    0.998469   -0.267367    -19.6881
   -2.20623   0.0285155    -1.59292     19.4637     13.2125      4.0118     7.58238    -9.50836     4.18346   -0.658036    -154.586   -0.324523     6.75546     0.17954    -6.12244
   -6.21159  -0.0863786     5.86208     13.2125     35.9752    -8.49158     3.77101    -12.5315   -0.598581     13.5861    -705.382  -0.0530583      7.2501   -0.141774    -1.19698
    1.71022    0.100028  -0.0403967      4.0118    -8.49158     54.3836    -10.6785    -26.2946    -13.8181    -21.6876     365.837   -0.290318    -3.65185    0.721786    -23.1463
    2.19607   0.0291398   -0.473071     7.58238     3.77101    -10.6785     26.1537     13.6608     14.0219    -1.93158    -191.513   -0.232945     19.6225   -0.387029    -5.45516
   -3.55442 -0.00283809  -0.0371236    -9.50836    -12.5315    -26.2946     13.6608     47.3448     19.7026     2.56649     155.256     1.16174     14.7253    -1.89287     23.7317
    2.25404   0.0632736     22.7567     4.18346   -0.598581    -13.8181     14.0219     19.7026     39.2333    -11.9235    0.761308    0.213555     12.0049   -0.785621    -12.0557
   -7.56809   -0.101919    -10.9393   -0.658036     13.5861    -21.6876    -1.93158     2.56649    -11.9235     24.5197    -341.288    0.370267    -2.55113 -0.00756144     22.0082
          0     1.45028     -111.48    -154.586    -705.382     365.837    -191.513     155.256    0.761308    -341.288      473641    -3.37725           0     17.0502     -15.311
   0.588191  -0.0200515    -0.14573   -0.324523  -0.0530583   -0.290318   -0.232945     1.16174    0.213555    0.370267    -3.37725      3.6371    -1.13023    0.102504     1.25037
          0     1.35703    0.998469     6.75546      7.2501    -3.65185     19.6225     14.7253     12.0049    -2.55113           0    -1.13023     878.802           0    -1.29386
  -0.974591  -0.0163124   -0.267367     0.17954   -0.141774    0.721786   -0.387029    -1.89287   -0.785621 -0.00756144     17.0502    0.102504           0     3.50718   -0.910798
   -8.85782   -0.125502    -19.6881    -6.12244    -1.19698    -23.1463    -5.45516     23.7317    -12.0557     22.0082     -15.311     1.25037    -1.29386   -0.910798     45.7011
