  69.9079  -0.55297   3.59564  -1.28435  -1.40987  -2.85197     1.535   1.47302   4.84375  -5.11734  -1.56577   0.23875         0  -3.27412  -1.60432
 -0.55297   1.93911  0.294439 0.0913263 -0.444142  0.472666  0.131287 0.0444933  0.334894  -0.62261 -0.524799 -0.186053   1.64444 -0.230546 -0.544506
  3.59564  0.294439   28.0814  -2.31304   6.28361  -3.61117  0.347715 -0.826401   24.2517  -10.9775  -10.1074 -0.296071  0.175924 -0.330808  -21.9885
 -1.28435 0.0913263  -2.31304   22.2155   16.5353   4.93865   8.81389  -10.5879   1.91035   1.25436  -5.07903 -0.614395   1.88725  0.798102  -5.68921
 -1.40987 -0.444142   6.28361   16.5353   37.4017  -6.84424   4.15923  -14.0448  -2.41493   15.1906   1.77204 -0.244814   1.74573 0.0199429  -2.39937
 -2.85197  0.472666  -3.61117   4.93865  -6.84424   60.1833  -12.5771  -29.2778  -19.3118  -21.7997   2.51191 -0.308025  -1.04569   2.57687  -21.3573
    1.535  0.131287  0.347715   8.81389   4.15923  -12.5771   27.9185   15.6965   15.7125  -2.46203  -21.2564 -0.340432   4.70583  -2.02739  -5.35881
  1.47302 0.0444933 -0.826401  -10.5879  -14.0448  -29.2778   15.6965   49.8215   21.4849   1.56227  -7.92149   1.82598   3.57014  -8.09986    24.904
  4.84375  0.334894   24.2517   1.91035  -2.41493  -19.3118   15.7125   21.4849   41.3006  -12.9854  -19.9617   0.46697   2.77982  -3.08398  -13.4604
 -5.11734  -0.62261  -10.9775   1.25436   15.1906  -21.7997  -2.46203   1.56227  -12.9854   26.4216    13.374  0.483908 -0.612963  0.414599    23.303
 -1.56577 -0.524799  -10.1074  -5.07903   1.77204   2.51191  -21.2564  -7.92149  -19.9617    13.374   27.1708  0.667286  -3.45198   1.45199   20.4063
  0.23875 -0.186053 -0.296071 -0.614395 -0.244814 -0.308025 -0.340432   1.82598   0.46697  0.483908  0.667286   9.51985 -0.432636   0.58028   1.77292
        0   1.64444  0.175924   1.88725   1.74573  -1.04569   4.70583   3.57014   2.77982 -0.612963  -3.45198 -0.432636   46.7186         0 -0.159803
 -3.27412 -0.230546 -0.330808  0.798102 0.0199429   2.57687  -2.02739  -8.09986  -3.08398  0.414599   1.45199   0.58028         0   47.2302  -4.27068
 -1.60432 -0.544506  -21.9885  -5.68921  -2.39937  -21.3573  -5.35881    24.904  -13.4604    23.303   20.4063   1.77292 -0.159803  -4.27068   47.4033
