     3.90823 -6.42443e-06   0.00117833 -4.94611e-05  -0.00263269    0.0411147    0.0270166  -0.00446889 -0.000450993  8.00556e-06     -1.01596    -0.727338   -0.0720875 -2.74767e-06    -0.554531
-6.42443e-06   0.00153129  2.76127e-05 -2.27289e-07 -9.84113e-05   -0.0061998  0.000479331   0.00139166 -3.87231e-05  5.35402e-08   0.00918823   -0.0144573    0.0104593  1.30229e-07   -0.0137165
  0.00117833  2.76127e-05     0.166448 -9.58876e-07  -0.00238755   -0.0253862    0.0170245   0.00242632  -3.4961e-05  2.85884e-06    0.0338586    -0.194101     0.052806 -7.89046e-06  -0.00813099
-4.94611e-05 -2.27289e-07 -9.58876e-07   4.4298e-07 -7.13373e-06 -0.000668016 -2.04693e-07   6.0623e-05  8.92784e-07  1.05369e-08  0.000332346 -7.95674e-05  8.03677e-05 -3.55606e-08  0.000498299
 -0.00263269 -9.84113e-05  -0.00238755 -7.13373e-06    0.0238627  -0.00729187     0.002759   -0.0122966 -0.000150789 -1.29164e-06    -0.111763   -0.0860755  -0.00117646 -7.56011e-06    0.0343018
   0.0411147   -0.0061998   -0.0253862 -0.000668016  -0.00729187      34.4297     0.254947    -0.459454  -0.00862013 -5.28739e-05      5.06777       4.3353    -0.293307  0.000625125     -13.5783
   0.0270166  0.000479331    0.0170245 -2.04693e-07     0.002759     0.254947      1.68463      0.14191  0.000178604  8.39795e-06    -0.285661    -0.541015     0.548773 -7.92786e-05     0.376257
 -0.00446889   0.00139166   0.00242632   6.0623e-05   -0.0122966    -0.459454      0.14191      3.53414  0.000419352  5.09245e-06    -0.149472    -0.887177     0.630008 -0.000105393     0.772673
-0.000450993 -3.87231e-05  -3.4961e-05  8.92784e-07 -0.000150789  -0.00862013  0.000178604  0.000419352  0.000792129  8.77153e-08   0.00521031   -0.0124844  -0.00728044  6.04966e-07   0.00836573
 8.00556e-06  5.35402e-08  2.85884e-06  1.05369e-08 -1.29164e-06 -5.28739e-05  8.39795e-06  5.09245e-06  8.77153e-08  6.57739e-08 -0.000141148  4.32635e-05 -0.000113071 -6.51225e-09  4.53591e-05
    -1.01596   0.00918823    0.0338586  0.000332346    -0.111763      5.06777    -0.285661    -0.149472   0.00521031 -0.000141148       35.894     -4.43651     -1.50105 -0.000138514       6.0176
   -0.727338   -0.0144573    -0.194101 -7.95674e-05   -0.0860755       4.3353    -0.541015    -0.887177   -0.0124844  4.32635e-05     -4.43651      27.7492      5.13685  0.000659886      -4.3833
  -0.0720875    0.0104593     0.052806  8.03677e-05  -0.00117646    -0.293307     0.548773     0.630008  -0.00728044 -0.000113071     -1.50105      5.13685      32.2713 -0.000260386     -6.93946
-2.74767e-06  1.30229e-07 -7.89046e-06 -3.55606e-08 -7.56011e-06  0.000625125 -7.92786e-05 -0.000105393  6.04966e-07 -6.51225e-09 -0.000138514  0.000659886 -0.000260386  1.67819e-06 -0.000493701
   -0.554531   -0.0137165  -0.00813099  0.000498299    0.0343018     -13.5783     0.376257     0.772673   0.00836573  4.53591e-05       6.0176      -4.3833     -6.93946 -0.000493701      38.6991
