      89.248 -0.000932689      1.48971    0.0363187     -4.60347      2.22582      1.73669     -2.85538     0.867835      -4.9877            0     0.164398            0   -0.0190847   -0.0616272
-0.000932689  4.50437e-06  0.000338655  0.000183994 -0.000702639  0.000889527  0.000321254 -0.000149175  0.000525818  0.000362742      46.6088 -8.54992e-05      1.06762 -5.10977e-06 -0.000832117
     1.48971  0.000338655       23.565      2.15527      3.98005       3.7524       -1.132    0.0105312      18.9518     -2.60039      -324632   -0.0522528      103.331  -0.00996958     -3.67438
   0.0363187  0.000183994      2.15527      15.6548    -0.850528     0.923435     0.625388       1.5337      3.06308    -0.341546       127791    -0.184273      31.6874   0.00261885   -0.0998252
    -4.60347 -0.000702639      3.98005    -0.850528      32.0413     -10.1172      2.83396     -8.47351      1.42758      1.07236 -2.52007e+06    0.0252842      607.199  -0.00751689    -0.509248
     2.22582  0.000889527       3.7524     0.923435     -10.1172      42.2759     -5.45269     -21.7479     -3.79532     -1.31179  1.33847e+06    -0.262055      -107.83    0.0176413     -6.63701
     1.73669  0.000321254       -1.132     0.625388      2.83396     -5.45269      22.6724      8.74213      10.5936    -0.894584      -626735    -0.152857      1696.35  -0.00954509    -0.744666
    -2.85538 -0.000149175    0.0105312       1.5337     -8.47351     -21.7479      8.74213      41.4773      14.3016   -0.0397335       454029     0.741764      1160.95    -0.054593      3.52429
    0.867835  0.000525818      18.9518      3.06308      1.42758     -3.79532      10.5936      14.3016      34.6885     -3.74992       103740     0.144083       1038.1   -0.0233095     -3.45226
     -4.9877  0.000362742     -2.60039    -0.341546      1.07236     -1.31179    -0.894584   -0.0397335     -3.74992      33.2516      -307315     0.092697      207.618  -0.00212841      2.59752
           0      46.6088      -324632       127791 -2.52007e+06  1.33847e+06      -626735       454029       103740      -307315  6.84563e+12     -6754.72            0      2135.15      -172921
    0.164398 -8.54992e-05   -0.0522528    -0.184273    0.0252842    -0.262055    -0.152857     0.741764     0.144083     0.092697     -6754.72       1.3617     -61.5931   0.00202014     0.345355
           0      1.06762      103.331      31.6874      607.199      -107.83      1696.35      1160.95       1038.1      207.618            0     -61.5931  8.02593e+06            0     -43.2311
  -0.0190847 -5.10977e-06  -0.00996958   0.00261885  -0.00751689    0.0176413  -0.00954509    -0.054593   -0.0233095  -0.00212841      2135.15   0.00202014            0   0.00362835      0.01103
  -0.0616272 -0.000832117     -3.67438   -0.0998252    -0.509248     -6.63701    -0.744666      3.52429     -3.45226      2.59752      -172921     0.345355     -43.2311      0.01103      91.0898
