     52.6748    -0.837298      20.4991      26.0533      20.6017     -1.10169       136651      1939.43     0.184686     0.194147 -1.77502e-05     0.311783     -5.37215  8.04384e-06  1.75608e-05
   -0.837298      2.80254       1.7189      2.58463     0.121794     0.859479      84568.2     -922.731   -0.0253783   0.00643703   5.0203e-07     0.107303     0.658162  1.89691e-05  1.66171e-05
     20.4991       1.7189      4104.16     -134.498      34.1759      8.42115 -1.10595e+07      74246.4     0.317431    -0.521504 -0.000173719      2.61226     -21.9837   -0.0018054 -0.000364648
     26.0533      2.58463     -134.498      3849.73      25.3607      -19.142  7.04949e+06       -97718     0.304905      35.4604  0.000272523      13.0583      6.61619 -0.000331172 -5.90713e-05
     20.6017     0.121794      34.1759      25.3607       23.773      4.36038      49942.9      16329.2     0.132094     0.348896  8.74166e-06      -2.2143      8.89019  2.37392e-05  6.08802e-05
    -1.10169     0.859479      8.42115      -19.142      4.36038      46.6579       160964     -1795.29    -0.279509    -0.115207 -6.55037e-06     -7.74993      1.62537  9.87308e-05  0.000106675
      136651      84568.2 -1.10595e+07  7.04949e+06      49942.9       160964  7.21494e+12 -6.11305e+10     -60284.1     -46054.2     -21.2455      -553957       226430      7.45493      6.59784
     1939.43     -922.731      74246.4       -97718      16329.2     -1795.29 -6.11305e+10  1.22946e+09      479.226      1621.42     0.361513      7441.98      524.731     0.064167    0.0540723
    0.184686   -0.0253783     0.317431     0.304905     0.132094    -0.279509     -60284.1      479.226      0.11599    0.0110332 -9.09924e-07    -0.352964     0.326086 -8.00183e-07  -1.8533e-06
    0.194147   0.00643703    -0.521504      35.4604     0.348896    -0.115207     -46054.2      1621.42    0.0110332     0.998072  2.85616e-06     0.179129     0.575231 -8.84597e-06  2.29664e-06
-1.77502e-05   5.0203e-07 -0.000173719  0.000272523  8.74166e-06 -6.55037e-06     -21.2455     0.361513 -9.09924e-07  2.85616e-06  1.05512e-08  2.69271e-06  5.30299e-05 -1.50887e-09  7.20073e-11
    0.311783     0.107303      2.61226      13.0583      -2.2143     -7.74993      -553957      7441.98    -0.352964     0.179129  2.69271e-06      12.3362   -0.0156414 -5.87416e-05  6.39958e-06
    -5.37215     0.658162     -21.9837      6.61619      8.89019      1.62537       226430      524.731     0.326086     0.575231  5.30299e-05   -0.0156414      52.2016  3.72217e-05  5.95131e-06
 8.04384e-06  1.89691e-05   -0.0018054 -0.000331172  2.37392e-05  9.87308e-05      7.45493     0.064167 -8.00183e-07 -8.84597e-06 -1.50887e-09 -5.87416e-05  3.72217e-05   2.7358e-08  2.07238e-09
 1.75608e-05  1.66171e-05 -0.000364648 -5.90713e-05  6.08802e-05  0.000106675      6.59784    0.0540723  -1.8533e-06  2.29664e-06  7.20073e-11  6.39958e-06  5.95131e-06  2.07238e-09  2.66398e-08
