      52.453    -0.910068      17.2225      19.2791      21.5421     -1.29799      34911.4      857.045     0.243119     0.228627 -1.83984e-05    -0.033168     -5.93814  7.36047e-06  1.71295e-05
   -0.910068      3.24616      1.59376      2.08493     0.116776     0.930031      43856.4     -434.675   -0.0371941   0.00839219  5.31087e-07    0.0868927     0.712349  2.03397e-05    1.871e-05
     17.2225      1.59376      3051.49     -87.0251      29.1161      7.25273 -4.55012e+06      27453.2     0.372131    -0.548433 -0.000149274      2.91667     -19.2313  -0.00154968   -0.0003291
     19.2791      2.08493     -87.0251      2175.03      19.2851     -14.2114  2.62786e+06     -33075.2      0.30546      32.4176  0.000206859      12.2015      4.78543  -0.00024832  -4.5952e-05
     21.5421     0.116776      29.1161      19.2851      24.7048      4.54206      12356.8      6974.51     0.192647     0.433507  8.77853e-06     -2.71801      9.35946  2.51454e-05  6.38676e-05
    -1.29799     0.930031      7.25273     -14.2114      4.54206       46.374     -18236.1       250.93    -0.383941    -0.134772 -6.34265e-06     -10.9778      1.86416  9.69483e-05  0.000111684
     34911.4      43856.4 -4.55012e+06  2.62786e+06      12356.8     -18236.1  1.66753e+12 -1.26645e+10     -35832.6     -23774.5     -10.4116      -215425       108790      2.97482      3.33191
     857.045     -434.675      27453.2     -33075.2      6974.51       250.93 -1.26645e+10  2.33925e+08      259.809      827.461     0.160708      3053.27      36.0726    0.0337918    0.0249242
    0.243119   -0.0371941     0.372131      0.30546     0.192647    -0.383941     -35832.6      259.809     0.215136    0.0179537 -1.25059e-06    -0.422616      0.43956 -1.03112e-06 -2.64721e-06
    0.228627   0.00839219    -0.548433      32.4176     0.433507    -0.134772     -23774.5      827.461    0.0179537      1.45911  3.48988e-06     0.270663     0.691149  -1.0654e-05  2.88277e-06
-1.83984e-05  5.31087e-07 -0.000149274  0.000206859  8.77853e-06 -6.34265e-06     -10.4116     0.160708 -1.25059e-06  3.48988e-06  1.07165e-08  3.21634e-06  5.30529e-05 -1.51411e-09  6.84993e-11
   -0.033168    0.0868927      2.91667      12.2015     -2.71801     -10.9778      -215425      3053.27    -0.422616     0.270663  3.21634e-06      16.7103     0.257299 -7.34244e-05  2.37188e-06
    -5.93814     0.712349     -19.2313      4.78543      9.35946      1.86416       108790      36.0726      0.43956     0.691149  5.30529e-05     0.257299      52.2326  3.72183e-05  5.89019e-06
 7.36047e-06  2.03397e-05  -0.00154968  -0.00024832  2.51454e-05  9.69483e-05      2.97482    0.0337918 -1.03112e-06  -1.0654e-05 -1.51411e-09 -7.34244e-05  3.72183e-05  2.71874e-08  2.16275e-09
 1.71295e-05    1.871e-05   -0.0003291  -4.5952e-05  6.38676e-05  0.000111684      3.33191    0.0249242 -2.64721e-06  2.88277e-06  6.84993e-11  2.37188e-06  5.89019e-06  2.16275e-09  2.91156e-08
