     51.8323     -1.16993      10.1854      7.76044      23.5472     -1.71567      1185.89      27.5143     0.616573     0.351431 -2.13117e-05     0.305881     -7.75205  6.14729e-06  1.96937e-05
    -1.16993      5.05434      1.28528      1.09801     0.110462       1.1788      2752.69     -44.0807    -0.117046    0.0185728  7.25815e-07   0.00949995     0.906192   2.5626e-05  3.51445e-05
     10.1854      1.28528      1255.63     -23.3852      18.0389      4.54654      -143872      1253.91     0.618617    -0.608201 -0.000103671      1.17545     -12.8425    -0.001004 -0.000318637
     7.76044      1.09801     -23.3852      387.244      8.37338     -5.86934      55300.7      -1111.9     0.348874       24.064  9.40269e-05      5.33548      1.71651 -0.000105713  -2.9967e-05
     23.5472     0.110462      18.0389      8.37338      27.1294      5.22885      888.911      487.022     0.523037     0.813414  9.94388e-06     -2.91897      10.3301  2.83748e-05  9.77251e-05
    -1.71567       1.1788      4.54654     -5.86934      5.22885      46.1085     -569.293      9.89298     -1.05002    -0.213354 -6.25537e-06      -13.614      2.65328  9.56308e-05  0.000168327
     1185.89      2752.69      -143872      55300.7      888.911     -569.293  4.20919e+09 -4.75961e+07     -4149.74     -1891.27    -0.554163     -8247.13      4299.08      0.14889     0.266917
     27.5143     -44.0807      1253.91      -1111.9      487.022      9.89298 -4.75961e+07  1.40797e+06      53.5159      112.177    0.0134758      215.587     -1.74703   0.00275078    0.0029126
    0.616573    -0.117046     0.618617     0.348874     0.523037     -1.05002     -4149.74      53.5159      1.36274    0.0812128 -3.41483e-06    -0.982143      1.09605  -2.8016e-06 -1.01499e-05
    0.351431    0.0185728    -0.608201       24.064     0.813414    -0.213354     -1891.27      112.177    0.0812128      4.52183  6.64506e-06     0.470437      1.19736 -1.89395e-05  7.76169e-06
-2.13117e-05  7.25815e-07 -0.000103671  9.40269e-05  9.94388e-06 -6.25537e-06    -0.554163    0.0134758 -3.41483e-06  6.64506e-06  1.24851e-08  4.61358e-06  5.71844e-05 -1.65094e-09  1.09445e-10
    0.305881   0.00949995      1.17545      5.33548     -2.91897      -13.614     -8247.13      215.587    -0.982143     0.470437  4.61358e-06      17.1393     0.155228 -7.76754e-05 -1.01806e-05
    -7.75205     0.906192     -12.8425      1.71651      10.3301      2.65328      4299.08     -1.74703      1.09605      1.19736  5.71844e-05     0.155228      52.3505   3.8472e-05  8.15357e-06
 6.14729e-06   2.5626e-05    -0.001004 -0.000105713  2.83748e-05  9.56308e-05      0.14889   0.00275078  -2.8016e-06 -1.89395e-05 -1.65094e-09 -7.76754e-05   3.8472e-05  2.77259e-08  3.29038e-09
 1.96937e-05  3.51445e-05 -0.000318637  -2.9967e-05  9.77251e-05  0.000168327     0.266917    0.0029126 -1.01499e-05  7.76169e-06  1.09445e-10 -1.01806e-05  8.15357e-06  3.29038e-09  6.67174e-08
