    12403.6           0     64723.1           0    -158.425           0    -47.0553     5709.43           0           0           0
          0 7.45121e+09           0           0           0           0     21330.5           0           0           0           0
    64723.1           0 1.24158e+10           0           0           0     36616.2           0           0           0           0
          0           0           0     11403.2           0           0     36.2187           0    -234.783           0           0
   -158.425           0           0           0       13627     2.88067    -39.3443           0           0           0      52.649
          0           0           0           0     2.88067      1715.6     12.2094     213.313           0           0    -28.5734
   -47.0553     21330.5     36616.2     36.2187    -39.3443     12.2094     17.4806    -819.765     111.625     90243.4     41.9905
    5709.43           0           0           0           0     213.313    -819.765 7.16819e+06           0           0           0
          0           0           0    -234.783           0           0     111.625           0      168868           0     229.245
          0           0           0           0           0           0     90243.4           0           0 3.41308e+10           0
          0           0           0           0      52.649    -28.5734     41.9905           0     229.245           0      7945.4
