    391.444           0     176.142           0    -5.09434           0    -7.40965     35.3474           0           0           0
          0      581917           0           0           0           0     170.008           0           0           0           0
    176.142           0 2.88677e+06           0           0           0     498.537           0           0           0           0
          0           0           0     237.763           0           0     4.64792           0    -3.70965           0           0
   -5.09434           0           0           0     442.611    0.116969    -6.30578           0           0           0     2.18344
          0           0           0           0    0.116969     89.1445     2.47517     1.68986           0           0    -1.50037
   -7.40965     170.008     498.537     4.64792    -6.30578     2.47517      13.834    -25.3351     10.8652     1113.29     8.47601
    35.3474           0           0           0           0     1.68986    -25.3351     8662.57           0           0           0
          0           0           0    -3.70965           0           0     10.8652           0     2023.91           0     5.78279
          0           0           0           0           0           0     1113.29           0           0 6.45504e+06           0
          0           0           0           0     2.18344    -1.50037     8.47601           0     5.78279           0     421.617
