     0.44963    -0.203917  -0.00303451    -0.283049     -502.737    -0.261913     -4.21932  2.78494e-05     0.543744     0.194204  -0.00377516     0.161281       106006     0.115596    0.0596836     -102.809
   -0.203917      14.1025    0.0305483     -5.19438     -7506.24      2.43189     -14.9951   0.00159785     -1.21702     0.437541   -0.0104641      3.21797      -106589    -0.225635    -0.223201     -1910.98
 -0.00303451    0.0305483    0.0809603    0.0884164      379.582   -0.0624679      1.40722 -2.65267e-05    0.0060192  -0.00945053  0.000131602     0.114331     -635.822     0.115218  -0.00339488      58.9511
   -0.283049     -5.19438    0.0884164      700.454     -11015.9      10.5699     -169.423   -0.0096365      2.47255     -6.05576    -0.128985     -16.7206     -98881.6     -19.9184      1.42848      4380.84
    -502.737     -7506.24      379.582     -11015.9  2.85638e+08     -62354.5       408785     -12.2605     -1895.87      4152.95      127.728      9990.24 -1.68199e+07      19110.2      393.361       657065
   -0.261913      2.43189   -0.0624679      10.5699     -62354.5      508.975            0    0.0113986      1.20377    -0.187669    0.0887264      11.7146            0      3.84116      2.31817      35927.4
    -4.21932     -14.9951      1.40722     -169.423       408785            0       183145    -0.185999     -137.918     -104.253     0.573122      871.839            0     -18.5261      6.85275     -76964.3
 2.78494e-05   0.00159785 -2.65267e-05   -0.0096365     -12.2605    0.0113986    -0.185999  0.000212285   -0.0032503   0.00114165  1.67476e-05  -0.00772388            0   0.00135934  3.50678e-05     -5.53681
    0.543744     -1.21702    0.0060192      2.47255     -1895.87      1.20377     -137.918   -0.0032503       235.86     0.189936    -0.118957            0      79473.2      2.89924      1.22063     -5351.34
    0.194204     0.437541  -0.00945053     -6.05576      4152.95    -0.187669     -104.253   0.00114165     0.189936      100.168    0.0591692     -210.945            0      2.02838     -1.45593     -2669.91
 -0.00377516   -0.0104641  0.000131602    -0.128985      127.728    0.0887264     0.573122  1.67476e-05    -0.118957    0.0591692    0.0959705    -0.560371      1420.99   -0.0116788   -0.0122701      65.3323
    0.161281      3.21797     0.114331     -16.7206      9990.24      11.7146      871.839  -0.00772388            0     -210.945    -0.560371      1764.18            0      16.6724      10.6471     -17806.9
      106006      -106589     -635.822     -98881.6 -1.68199e+07            0            0            0      79473.2            0      1420.99            0  2.89661e+10            0     -12624.6   4.0312e+06
    0.115596    -0.225635     0.115218     -19.9184      19110.2      3.84116     -18.5261   0.00135934      2.89924      2.02838   -0.0116788      16.6724            0      552.832    -0.524386     -15848.1
   0.0596836    -0.223201  -0.00339488      1.42848      393.361      2.31817      6.85275  3.50678e-05      1.22063     -1.45593   -0.0122701      10.6471     -12624.6    -0.524386      17.4895     -2591.06
    -102.809     -1910.98      58.9511      4380.84       657065      35927.4     -76964.3     -5.53681     -5351.34     -2669.91      65.3323     -17806.9   4.0312e+06     -15848.1     -2591.06  1.15439e+07
