     2.14878    -0.694054   -0.0247286     -0.31705     -114.981     -0.32994     -1.99247  0.000696972     0.682679     0.342131   -0.0226064     0.138109       231735     0.148249     0.144809     -15.1034
   -0.694054      34.1638     0.177233     -4.14457     -1222.91      2.18107     -5.03276    0.0284579     -1.08683     0.549381   -0.0446048       1.9628      -165924    -0.204709    -0.384651     -198.648
  -0.0247286     0.177233      1.12464     0.168918      148.064    -0.133955       1.1326  -0.00112616    0.0129978   -0.0283706   0.00134358     0.166983      -2370.2     0.252036   -0.0140382      14.7074
    -0.31705     -4.14457     0.168918      184.099     -591.413      3.12165      -18.746   -0.0564519     0.729915     -2.50228    -0.181204     -3.35959     -50674.7     -5.99335     0.812791      150.402
    -114.981     -1222.91      148.064     -591.413  3.12965e+06     -3761.72      9237.74     -14.6772     -114.334      350.406      36.6207       409.76 -1.75317e+06      1174.37      45.7921      4566.63
    -0.32994      2.18107    -0.133955      3.12165     -3761.72      169.119            0    0.0751668     0.398253   -0.0863957     0.140118      2.64663            0      1.30049      1.48404      1387.73
    -1.99247     -5.03276       1.1326      -18.746      9237.74            0      8537.54    -0.459205     -17.0969     -18.1452     0.338896      73.7885            0     -2.33202      1.64626     -1107.63
 0.000696972    0.0284579  -0.00112616   -0.0564519     -14.6772    0.0751668    -0.459205    0.0277797   -0.0213347    0.0105212  0.000525053   -0.0346226            0   0.00912191  0.000443606     -4.23084
    0.682679     -1.08683    0.0129978     0.729915     -114.334     0.398253     -17.0969   -0.0213347      77.8215    0.0879245    -0.187195            0      45649.4     0.977545     0.781948     -203.932
    0.342131     0.549381   -0.0283706     -2.50228      350.406   -0.0863957     -18.1452    0.0105212    0.0879245      65.0698     0.130659     -66.6264            0     0.960156     -1.30149     -143.589
  -0.0226064   -0.0446048   0.00134358    -0.181204      36.6207     0.140118     0.338896  0.000525053    -0.187195     0.130659     0.720334    -0.601687      3893.31   -0.0187954   -0.0372896      11.9747
    0.138109       1.9628     0.166983     -3.35959       409.76      2.64663      73.7885   -0.0346226            0     -66.6264    -0.601687      270.959            0      3.83738      4.63061     -466.894
      231735      -165924      -2370.2     -50674.7 -1.75317e+06            0            0            0      45649.4            0      3893.31            0  2.89654e+10            0     -14008.1       262009
    0.148249    -0.204709     0.252036     -5.99335      1174.37      1.30049     -2.33202   0.00912191     0.977545     0.960156   -0.0187954      3.83738            0      190.684    -0.339694      -622.32
    0.144809    -0.384651   -0.0140382     0.812791      45.7921      1.48404      1.64626  0.000443606     0.781948     -1.30149   -0.0372896      4.63061     -14008.1    -0.339694      21.5454      -192.15
    -15.1034     -198.648      14.7074      150.402      4566.63      1387.73     -1107.63     -4.23084     -203.932     -143.589      11.9747     -466.894       262009      -622.32      -192.15      51678.4
