   0.0829472     0.371006  -0.00645026    0.0781651     0.115574    -0.129065     -40834.8    -0.035866 -0.000746969  0.000301619  -0.00163968      0.13388     -604.836  0.000589489   -0.0239195
    0.371006      520.179     -3.10981      2.34543      16.2113      7.09418            0     -31.5576     0.360707    -0.198473    -0.296173      4.54521       569920    -0.137382    -0.347065
 -0.00645026     -3.10981      26.5972       0.9404     -2.67935      -8.7563            0      10.4313   -0.0642306            0    0.0309833      0.34968       223903   -0.0339233    -0.804576
   0.0781651      2.34543       0.9404      68.3749     -15.7098     -3.85839     -5646.87      23.3474    0.0118348   -0.0751259   -0.0118218      1.64738       440297    0.0585404     0.574544
    0.115574      16.2113     -2.67935     -15.7098      2767.59      16.3223     -19263.8     -4606.49      -1.2017     0.226207    -0.429767      8.13576       465239     0.528618      1.33952
   -0.129065      7.09418      -8.7563     -3.85839      16.3223       771648            0     -311.537     -17.1774      1.15131     -17.0269      14.3789  3.74185e+07      -2.7811      53.6278
    -40834.8            0            0     -5646.87     -19263.8            0  2.36335e+10        30289      2476.18      566.533      392.712       -47646  1.26993e+09     -1201.12      7580.12
   -0.035866     -31.5576      10.4313      23.3474     -4606.49     -311.537        30289      8493.11       2.1139   -0.0858519     0.171974      17.5675  1.66271e+06    -0.832962     0.180171
-0.000746969     0.360707   -0.0642306    0.0118348      -1.2017     -17.1774      2476.18       2.1139     0.586926   0.00803345   0.00430211     -0.20941     -10189.7    0.0029413   -0.0436303
 0.000301619    -0.198473            0   -0.0751259     0.226207      1.15131      566.533   -0.0858519   0.00803345     0.815222  -0.00737319     0.112599      6550.53  0.000894184    0.0384753
 -0.00163968    -0.296173    0.0309833   -0.0118218    -0.429767     -17.0269      392.712     0.171974   0.00430211  -0.00737319     0.236252    -0.458189     -6500.14  -0.00115778   -0.0138632
     0.13388      4.54521      0.34968      1.64738      8.13576      14.3789       -47646      17.5675     -0.20941     0.112599    -0.458189      252.613      -419372    -0.151822     -5.84411
    -604.836       569920       223903       440297       465239  3.74185e+07  1.26993e+09  1.66271e+06     -10189.7      6550.53     -6500.14      -419372  7.46701e+10     -8074.17      -145324
 0.000589489    -0.137382   -0.0339233    0.0585404     0.528618      -2.7811     -1201.12    -0.832962    0.0029413  0.000894184  -0.00115778    -0.151822     -8074.17     0.128298  -0.00633063
  -0.0239195    -0.347065    -0.804576     0.574544      1.33952      53.6278      7580.12     0.180171   -0.0436303    0.0384753   -0.0138632     -5.84411      -145324  -0.00633063      10.8985
