    0.463635    -0.208873  -0.00316193    -0.283683     -488.423    -0.263102     -4.15766  2.96691e-05     0.546179     0.196372  -0.00391001     0.160793       107644     0.116164      0.06073     -99.0053
   -0.208873      14.3493    0.0316198     -5.17144      -7244.3      2.42671     -14.6779   0.00169061     -1.21435      0.43949   -0.0107659      3.18693      -107518    -0.225238    -0.225606     -1828.06
 -0.00316193    0.0316198    0.0852469    0.0895461      372.661   -0.0634116      1.40124 -2.85448e-05   0.00610976  -0.00965644  0.000137735     0.115183     -652.437     0.117001  -0.00349072      57.3671
   -0.283683     -5.17144    0.0895461       682.34     -10402.8      10.3202     -162.267  -0.00997562      2.41399     -5.95172    -0.129847     -16.2027     -97594.7     -19.4551      1.41278       4100.5
    -488.423      -7244.3      372.661     -10402.8  2.61479e+08     -59017.2       379534     -12.3039     -1794.33      3956.76      124.642      9384.62 -1.60886e+07      18094.1      377.215       596179
   -0.263102      2.42671   -0.0634116      10.3202     -59017.2      498.093            0    0.0118275      1.17796    -0.184867    0.0895245      11.3778            0      3.76042      2.29795      33705.4
    -4.15766     -14.6779      1.40124     -162.267       379534            0       172460    -0.189311     -132.388     -100.739     0.567252      830.628            0     -17.7909      6.66347     -70827.7
 2.96691e-05   0.00169061 -2.85448e-05  -0.00997562     -12.3039    0.0118275    -0.189311  0.000233556  -0.00337242   0.00119238   1.7917e-05  -0.00795394            0   0.00141106  3.68639e-05     -5.50762
    0.546179     -1.21435   0.00610976      2.41399     -1794.33      1.17796     -132.388  -0.00337242      230.789     0.187089     -0.12002            0      78614.3      2.83813      1.20991     -5020.07
    0.196372      0.43949  -0.00965644     -5.95172      3956.76    -0.184867     -100.739   0.00119238     0.187089      99.3245    0.0600954     -206.231            0      1.99885     -1.45276     -2521.32
 -0.00391001   -0.0107659  0.000137735    -0.129847      124.642    0.0895245     0.567252   1.7917e-05     -0.12002    0.0600954    0.0998394    -0.561153      1449.35   -0.0117882   -0.0125406      63.1942
    0.160793      3.18693     0.115183     -16.2027      9384.62      11.3778      830.628  -0.00795394            0     -206.231    -0.561153      1700.55            0       16.199      10.4747     -16579.8
      107644      -107518     -652.437     -97594.7 -1.60886e+07            0            0            0      78614.3            0      1449.35            0  2.89661e+10            0     -12650.5  3.82295e+06
    0.116164    -0.225238     0.117001     -19.4551      18094.1      3.76042     -17.7909   0.00141106      2.83813      1.99885   -0.0117882       16.199            0      541.414    -0.520004     -14873.4
     0.06073    -0.225606  -0.00349072      1.41278      377.215      2.29795      6.66347  3.68639e-05      1.20991     -1.45276   -0.0125406      10.4747     -12650.5    -0.520004      17.5612     -2462.26
    -99.0053     -1828.06      57.3671       4100.5       596179      33705.4     -70827.7     -5.50762     -5020.07     -2521.32      63.1942     -16579.8  3.82295e+06     -14873.4     -2462.26  1.03821e+07
