     7.21101    -0.110479     -46.5459      22.5727     -26390.3     -4.24172     0.163897   0.00418816 -7.84328e-05     -1.62876    -0.128441      1.31102    0.0130548  0.000846954     -76.4046
   -0.110479      4.02532       -27.34     0.898965       401970    -0.971283    -0.101943    0.0145971 -0.000846254    -0.306901     0.139239     -2.72887   0.00578766   0.00111536       18.484
    -46.5459       -27.34       437698     -377.834            0     -210.016     -5.74851     0.510154    -0.284853     -71.3404      100.203            0     -1.50309      0.71708     -16625.7
     22.5727     0.898965     -377.834      1275.84      25785.4     -89.5439    -0.248115     0.306805   0.00333109      -14.492      9.30483      56.2574    -0.663016    0.0168291     -100.539
    -26390.3       401970            0      25785.4  4.27312e+10            0       1580.4      414.454      -47.787     -34143.1      14753.6      -298995      320.356     -80.0754      -870144
    -4.24172    -0.971283     -210.016     -89.5439            0      3227.29            0     0.159279    0.0217747      1.76025    -0.389327     -3.75381     0.697698    0.0527899      94.9501
    0.163897    -0.101943     -5.74851    -0.248115       1580.4            0      4.77551  -0.00208944   -0.0011066   -0.0431063   -0.0444895     -1.80962    0.0446414 -0.000920923     -65.0107
  0.00418816    0.0145971     0.510154     0.306805      414.454     0.159279  -0.00208944     0.148773 -6.50446e-05    0.0371901   -0.0183459    0.0496655   0.00340331  0.000628128      9.49036
-7.84328e-05 -0.000846254    -0.284853   0.00333109      -47.787    0.0217747   -0.0011066 -6.50446e-05  0.000151686  0.000498776  -0.00102672   0.00655112 -0.000451047   1.1655e-05     0.221637
    -1.62876    -0.306901     -71.3404      -14.492     -34143.1      1.76025   -0.0431063    0.0371901  0.000498776      16.4051      1.66973     -2.19159    -0.421024  -0.00904514     -66.5766
   -0.128441     0.139239      100.203      9.30483      14753.6    -0.389327   -0.0444895   -0.0183459  -0.00102672      1.66973      6.69252     -2.23468     0.097489  -0.00316408     -46.4967
     1.31102     -2.72887            0      56.2574      -298995     -3.75381     -1.80962    0.0496655   0.00655112     -2.19159     -2.23468      660.278     0.667074   -0.0016997       21.439
   0.0130548   0.00578766     -1.50309    -0.663016      320.356     0.697698    0.0446414   0.00340331 -0.000451047    -0.421024     0.097489     0.667074      2.40938   0.00101115      40.2112
 0.000846954   0.00111536      0.71708    0.0168291     -80.0754    0.0527899 -0.000920923  0.000628128   1.1655e-05  -0.00904514  -0.00316408   -0.0016997   0.00101115   0.00192247    -0.885347
    -76.4046       18.484     -16625.7     -100.539      -870144      94.9501     -65.0107      9.49036     0.221637     -66.5766     -46.4967       21.439      40.2112    -0.885347       753883
