    12.0796   -0.446204    -5.68668     13.1323      -34186    -1.82346    0.331464   0.0284738 -0.00282857    -1.94353   -0.249047    0.490276   0.0308033    0.016452    -4.11002
  -0.446204     39.2094    -8.05299     1.30029 1.25486e+06    -1.02173   -0.496559    0.239417  -0.0733296   -0.844751    0.650948    -2.46123    0.032146   0.0521071     2.39917
   -5.68668    -8.05299     3899.52     -16.031           0    -6.70909   -0.847773    0.252753   -0.747998    -6.84631     14.1697           0   -0.255668     1.01492    -65.2344
    13.1323     1.30029     -16.031     262.965     12624.1    -13.9576   -0.200816     0.74913   0.0421064    -6.82941     6.44015     7.36585   -0.545009    0.108732    -1.53498
     -34186 1.25486e+06           0     12624.1 4.27512e+10           0     2471.98     2171.76    -1327.42    -30262.6     22096.2    -86409.3     578.821    -1203.12    -36174.2
   -1.82346    -1.02173    -6.70909    -13.9576           0     393.845           0    0.293113    0.211837    0.548778   -0.203446   -0.374777     0.27525      0.2754     1.37258
   0.331464   -0.496559   -0.847773   -0.200816     2471.98           0     11.6581  -0.0171375  -0.0480978  -0.0610762   -0.104142   -0.816905    0.125707  -0.0215257    -4.22117
  0.0284738    0.239417    0.252753     0.74913     2171.76    0.293113  -0.0171375     4.09895 -0.00949616    0.173413   -0.144265   0.0753282   0.0321673   0.0494206     2.07023
-0.00282857  -0.0733296   -0.747998   0.0421064    -1327.42    0.211837  -0.0480978 -0.00949616     0.11739   0.0124524  -0.0427717   0.0526411  -0.0226078  0.00486604    0.256072
   -1.94353   -0.844751    -6.84631    -6.82941    -30262.6    0.548778  -0.0610762    0.173413   0.0124524     12.7446     2.12441   -0.608885   -0.663679   -0.121622    -2.43375
  -0.249047    0.650948     14.1697     6.44015     22096.2   -0.203446   -0.104142   -0.144265  -0.0427717     2.12441     15.0219   -0.967343    0.263017  -0.0710236    -2.89477
   0.490276    -2.46123           0     7.36585    -86409.3   -0.374777   -0.816905   0.0753282   0.0526411   -0.608885   -0.967343     55.1173    0.347246 -0.00737583    0.257339
  0.0308033    0.032146   -0.255668   -0.545009     578.821     0.27525    0.125707   0.0321673  -0.0226078   -0.663679    0.263017    0.347246     7.81757   0.0273078     3.01122
   0.016452   0.0521071     1.01492    0.108732    -1203.12      0.2754  -0.0215257   0.0494206  0.00486604   -0.121622  -0.0710236 -0.00737583   0.0273078    0.431763   -0.551009
   -4.11002     2.39917    -65.2344    -1.53498    -36174.2     1.37258    -4.22117     2.07023    0.256072    -2.43375    -2.89477    0.257339     3.01122   -0.551009     1301.95
