     9.42625    -0.228041     -15.6242      17.1015     -30175.6      -2.9417      0.23625    0.0113262 -0.000504799     -1.71021    -0.181147     0.786686    0.0202576   0.00394929     -16.7516
   -0.228041      13.1173       -14.49      1.07861       725648     -1.06183    -0.232008    0.0623319  -0.00857928    -0.508509     0.310059     -2.58536    0.0141806   0.00820932      6.39868
    -15.6242       -14.49      37728.4     -73.5719            0     -37.2528      -2.1278     0.354269    -0.470028     -19.1797      36.2903            0     -0.59887     0.858476     -936.063
     17.1015      1.07861     -73.5719      561.223        17217     -35.7257    -0.206766     0.481804    0.0124029      -8.8415      7.62978      19.5757    -0.597302    0.0454858     -12.6839
    -30175.6       725648            0        17217  4.27329e+10            0      1992.68      979.827     -268.179     -31307.2      18199.9      -156918      434.691     -326.541      -166863
     -2.9417     -1.06183     -37.2528     -35.7257            0      1186.24            0     0.228719       0.0741     0.977077    -0.291461     -1.19799     0.573929     0.130265      11.0197
     0.23625    -0.232008      -2.1278    -0.206766      1992.68            0      7.59061  -0.00623093  -0.00784077   -0.0498805   -0.0691902     -1.19739    0.0763861   -0.0047342     -15.7173
   0.0113262    0.0623319     0.354269     0.481804      979.827     0.228719  -0.00623093     0.832327 -0.000864429    0.0807311    -0.053528    0.0616542    0.0109258   0.00605802       4.3046
-0.000504799  -0.00857928    -0.470028    0.0124029     -268.179       0.0741  -0.00784077 -0.000864429   0.00479096   0.00258308  -0.00711446     0.019318   -0.0034403  0.000267086     0.238718
    -1.71021    -0.508509     -19.1797      -8.8415     -31307.2     0.977077   -0.0498805    0.0807311   0.00258308      13.7732      1.88321     -1.05846    -0.523137   -0.0338654     -11.6947
   -0.181147     0.310059      36.2903      7.62978      18199.9    -0.291461   -0.0691902    -0.053528  -0.00711446      1.88321      10.1838     -1.44678     0.163219    -0.015915     -10.9988
    0.786686     -2.58536            0      19.5757      -156918     -1.19799     -1.19739    0.0616542     0.019318     -1.05846     -1.44678      181.873     0.475174  -0.00363738      2.15762
   0.0202576    0.0141806     -0.59887    -0.597302      434.691     0.573929    0.0763861    0.0109258   -0.0034403    -0.523137     0.163219     0.475174      4.43827   0.00559592      10.4657
  0.00394929   0.00820932     0.858476    0.0454858     -326.541     0.130265   -0.0047342   0.00605802  0.000267086   -0.0338654    -0.015915  -0.00363738   0.00559592    0.0319644    -0.692244
    -16.7516      6.39868     -936.063     -12.6839      -166863      11.0197     -15.7173       4.3046     0.238718     -11.6947     -10.9988      2.15762      10.4657    -0.692244      27722.6
