     7.35553    -0.116571     -42.9303      22.1143     -26653.4     -4.12903     0.168397   0.00450844 -9.00416e-05     -1.63434    -0.131754      1.26234    0.0134866  0.000949252     -68.2811
   -0.116571      4.39343      -26.084     0.911018       419949    -0.978013    -0.108346    0.0162542  -0.00100438    -0.318551     0.147746     -2.71798   0.00618488   0.00129311      17.0871
    -42.9303      -26.084       365025     -334.701            0     -184.852     -5.34052     0.496559    -0.295573     -64.7273      92.9414            0     -1.40406     0.726695     -13434.7
     22.1143     0.911018     -334.701      1200.49      25012.5     -83.7172    -0.244845     0.317204   0.00367154     -13.9664      9.16734      52.0261    -0.657858    0.0181156      -86.295
    -26653.4       419949            0      25012.5  4.27313e+10            0      1607.76      441.752     -54.2796       -33922      14984.9      -285053      327.697     -88.8581      -769953
    -4.12903    -0.978013     -184.852     -83.7172            0      2998.01            0     0.163625    0.0238446      1.68559    -0.381123      -3.4493     0.687846    0.0564621      80.9776
    0.168397    -0.108346     -5.34052    -0.244845      1607.76            0      4.94228  -0.00226558  -0.00127912   -0.0435684   -0.0459689      -1.7551    0.0464535  -0.00103966     -58.5209
  0.00450844    0.0162542     0.496559     0.317204      441.752     0.163625  -0.00226558     0.169011 -7.87675e-05    0.0393823   -0.0198604    0.0504673   0.00371042  0.000742938      8.95055
-9.00416e-05  -0.00100438    -0.295573   0.00367154     -54.2796    0.0238446  -0.00127912 -7.87675e-05  0.000195829   0.00056323  -0.00118474   0.00709604 -0.000524216  1.46954e-05     0.222803
    -1.63434    -0.318551     -64.7273     -13.9664       -33922      1.68559   -0.0435684    0.0393823   0.00056323      16.1933      1.68491     -2.07587    -0.427869  -0.00997249     -58.5292
   -0.131754     0.147746      92.9414      9.16734      14984.9    -0.381123   -0.0459689   -0.0198604  -0.00118474      1.68491      6.90391     -2.16386     0.101283  -0.00356624     -41.7876
     1.26234     -2.71798            0      52.0261      -285053      -3.4493      -1.7551    0.0504673   0.00709604     -2.07587     -2.16386      600.134      0.65052   -0.0017982      18.0858
   0.0134866   0.00618488     -1.40406    -0.657858      327.697     0.687846    0.0464535   0.00371042 -0.000524216    -0.427869     0.101283      0.65052      2.52091   0.00114777      36.3953
 0.000949252   0.00129311     0.726695    0.0181156     -88.8581    0.0564621  -0.00103966  0.000742938  1.46954e-05  -0.00997249  -0.00356624   -0.0017982   0.00114777   0.00236745    -0.869351
    -68.2811      17.0871     -13434.7      -86.295      -769953      80.9776     -58.5209      8.95055     0.222803     -58.5292     -41.7876      18.0858      36.3953    -0.869351       590267
