    14.6924   -0.826477    -2.01642     9.73868    -184.184    -1.08332    0.453227   0.0688256  -0.0149158    -2.30313   -0.332798    0.293401   0.0443071   0.0655484   -0.957151
  -0.826477      112.51    -4.36824     1.62253     10399.9   -0.921398    -1.04177     0.90107   -0.616239    -1.39676     1.34008    -2.22268    0.071685    0.324918    0.870042
   -2.01642    -4.36824       402.6      -3.451           0    -1.10937   -0.337561    0.179989    -1.19095    -2.10364     5.52625           0   -0.108973     1.23433    -4.41477
    9.73868     1.62253      -3.451     128.919     51.6606    -4.99108   -0.567003     1.21478    0.141854    -6.19152     5.83264     2.78329    -0.51435     0.29447  -0.0848539
   -184.184     10399.9           0     51.6606 1.02403e+06           0     15.0501     23.4075    -32.3629    -142.789     131.715    -225.858     4.07306    -22.9315    -37.3968
   -1.08332   -0.921398    -1.10937    -4.99108           0      116.46           0    0.351342    0.568858   0.0744065   -0.134891   -0.109902    0.174365    0.585827    0.155345
   0.453227    -1.04177   -0.337561   -0.567003     15.0501           0      17.901  -0.0471405     -0.2959  -0.0779873   -0.156623   -0.550803    0.206659   -0.101075    -1.10556
  0.0688256     0.90107    0.179989     1.21478     23.4075    0.351342  -0.0471405     20.1789   -0.103713    0.375986   -0.388576   0.0894901   0.0946764    0.416309    0.972412
 -0.0149158   -0.616239    -1.19095    0.141854    -32.3629    0.568858     -0.2959   -0.103713     2.88531   0.0487311   -0.257894    0.141857   -0.148684   0.0915047    0.268244
   -2.30313    -1.39676    -2.10364    -6.19152    -142.789   0.0744065  -0.0779873    0.375986   0.0487311     11.7144     2.19118   -0.391812   -0.825663   -0.436026   -0.512932
  -0.332798     1.34008     5.52625     5.83264     131.715   -0.134891   -0.156623   -0.388576   -0.257894     2.19118     22.1319   -0.636877    0.423482   -0.301036   -0.744018
   0.293401    -2.22268           0     2.78329    -225.858   -0.109902   -0.550803   0.0894901    0.141857   -0.391812   -0.636877     16.3145    0.250695  -0.0152776   0.0290327
  0.0443071    0.071685   -0.108973    -0.51435     4.07306    0.174365    0.206659   0.0946764   -0.148684   -0.825663    0.423482    0.250695     13.7556    0.137336    0.840612
  0.0655484    0.324918     1.23433     0.29447    -22.9315    0.585827   -0.101075    0.416309   0.0915047   -0.436026   -0.301036  -0.0152776    0.137336     6.20244   -0.439121
  -0.957151    0.870042    -4.41477  -0.0848539    -37.3968    0.155345    -1.10556    0.972412    0.268244   -0.512932   -0.744018   0.0290327    0.840612   -0.439121     58.2269
