    8.49013    0.954322   -0.538725     -9275.5   -0.817696    -0.21414
   0.954322     6.18826    -3.16205    -4753.57   -0.650748     1.30846
  -0.538725    -3.16205     6.70927     12819.3     1.88458   -0.964155
    -9275.5    -4753.57     12819.3 1.21442e+09     7041.34     2205.85
  -0.817696   -0.650748     1.88458     7041.34     3.92161    -2.06975
   -0.21414     1.30846   -0.964155     2205.85    -2.06975     5.91374
