    8.36408    0.963894   -0.521914    -3667.75   -0.808732   -0.197711
   0.963894     6.17053    -3.26448    -2028.17   -0.788533     1.33191
  -0.521914    -3.26448     6.69193     5090.26     2.07034   -0.929406
   -3667.75    -2028.17     5090.26 1.93089e+08     2946.96     862.729
  -0.808732   -0.788533     2.07034     2946.96     3.84144    -2.01595
  -0.197711     1.33191   -0.929406     862.729    -2.01595     5.79099
