    9.42477     1.14888   0.0537678   -0.010468      121719     402.103    0.596758
    1.14888     10.9453    0.837431   0.0409688      307852     3593.73     2.83479
  0.0537678    0.837431     13.0174   0.0850683       81263     2641.23     1.57059
  -0.010468   0.0409688   0.0850683  0.00221352    -943.651     24.0077   0.0632097
     121719      307852       81263    -943.651 4.03143e+11           0      -70378
    402.103     3593.73     2641.23     24.0077           0 9.48703e+07     80.3511
   0.596758     2.83479     1.57059   0.0632097      -70378     80.3511     9.09539
