 3.70889e+22  2.50304e+06  2.74279e+10            0  2.87462e+10 -1.01674e+10 -2.57997e+10 -2.46609e+10  1.04479e+15            0 -4.24349e+10  1.76407e+09  4.16706e+10      -339760            0
 2.50304e+06  5.01695e-07 -0.000340788   0.00195218  0.000235059  0.000103235  0.000248817  0.000950749      3.51548  1.27058e-09  0.000230937 -7.00154e-05 -9.28041e-05 -1.02925e-10  3.92664e-05
 2.74279e+10 -0.000340788      75.4369      49.7393      18.1151      7.80877     -23.3779     -3.79162     -11401.6 -7.43647e-05     -7.94222      10.4844      4.13305 -8.51935e-06      -1.5863
           0   0.00195218      49.7393      2707.43      21.6891      19.1594      2.85161      19.9387       531727  5.07605e-05      8.06243      30.6555     -21.8328 -1.73855e-05      1.59155
 2.87462e+10  0.000235059      18.1151      21.6891      65.6234      1.64854      20.4799     -5.32086     -7958.14 -3.54796e-05     -5.12389     -10.4667      21.0364 -1.43988e-05     -3.86587
-1.01674e+10  0.000103235      7.80877      19.1594      1.64854      25.4245    -0.638551      11.0946      10743.4 -2.06613e-05    -0.539438     -2.14406     -17.3351  3.87261e-06     -2.48121
-2.57997e+10  0.000248817     -23.3779      2.85161      20.4799    -0.638551      39.1385     -7.69235      3711.83  2.36268e-05      3.66187      7.38472     0.328225 -1.30877e-05     0.845285
-2.46609e+10  0.000950749     -3.79162      19.9387     -5.32086      11.0946     -7.69235      949.417       692961  3.75997e-05      6.32638      -24.086     -5.37768 -3.32878e-05      28.9601
 1.04479e+15      3.51548     -11401.6       531727     -7958.14      10743.4      3711.83       692961   1.0197e+11    -0.951615       137291     -11713.5     -1667.95     0.262958      84865.8
           0  1.27058e-09 -7.43647e-05  5.07605e-05 -3.54796e-05 -2.06613e-05  2.36268e-05  3.75997e-05    -0.951615  9.35605e-09   1.3153e-07   4.6381e-05 -8.39851e-06 -7.77525e-11  1.37954e-05
-4.24349e+10  0.000230937     -7.94222      8.06243     -5.12389    -0.539438      3.66187      6.32638       137291   1.3153e-07      103.904    -0.684091     0.561914 -2.10554e-05      1.06842
 1.76407e+09 -7.00154e-05      10.4844      30.6555     -10.4667     -2.14406      7.38472      -24.086     -11713.5   4.6381e-05    -0.684091      38.2569     -8.98303 -2.27425e-05      1.65413
 4.16706e+10 -9.28041e-05      4.13305     -21.8328      21.0364     -17.3351     0.328225     -5.37768     -1667.95 -8.39851e-06     0.561914     -8.98303      29.3419 -2.33344e-07     0.343258
     -339760 -1.02925e-10 -8.51935e-06 -1.73855e-05 -1.43988e-05  3.87261e-06 -1.30877e-05 -3.32878e-05     0.262958 -7.77525e-11 -2.10554e-05 -2.27425e-05 -2.33344e-07  4.47024e-09 -2.64841e-05
           0  3.92664e-05      -1.5863      1.59155     -3.86587     -2.48121     0.845285      28.9601      84865.8  1.37954e-05      1.06842      1.65413     0.343258 -2.64841e-05      29.9188
