 1.66927e+15      5718.13  5.88353e+06            0  6.24739e+06 -1.95466e+06  -5.2537e+06 -1.66012e+06  1.23314e+10            0 -8.25853e+06       413746  8.74356e+06     -117.517            0
     5718.13  6.00194e-05  -0.00370257    0.0106852   0.00243794   0.00115151     0.002769   0.00314281       2.2374  5.12032e-08   0.00228477 -0.000689011 -0.000995958  -1.8178e-09  0.000515279
 5.88353e+06  -0.00370257      75.3908      25.8585      17.7147      8.41995     -23.8525     -1.08252     -265.409 -0.000268456     -7.29944      11.7644      3.76024 -1.46927e-05     -1.60809
           0    0.0106852      25.8585      719.329       10.687      9.77759      1.20088      3.17504      15355.9  8.45636e-05      3.81375      16.1982     -10.9733 -1.43593e-05     0.829853
 6.24739e+06   0.00243794      17.7147       10.687      66.0114     0.530973      21.7096     -1.68672     -343.348 -0.000128449     -4.52599     -10.3894      23.2326 -2.40605e-05     -3.80493
-1.95466e+06   0.00115151      8.41995      9.77759     0.530973      25.7363     -1.47651      3.56114      449.851 -7.12569e-05     -0.41854     -1.48881     -17.2736  6.48952e-06     -2.47546
 -5.2537e+06     0.002769     -23.8525      1.20088      21.7096     -1.47651      39.4207     -2.46569      66.4917  8.82303e-05       3.3099      6.58172       1.5996 -2.16754e-05     0.802372
-1.66012e+06   0.00314281     -1.08252      3.17504     -1.68672      3.56114     -2.46569      90.9169      12022.9  4.40726e-05      1.75782     -7.38612     -1.75447 -1.60264e-05      8.80342
 1.23314e+10       2.2374     -265.409      15355.9     -343.348      449.851      66.4917      12022.9  3.17756e+08    -0.196421      6980.83     -503.316      56.9434    0.0242298      4822.99
           0  5.12032e-08 -0.000268456  8.45636e-05 -0.000128449 -7.12569e-05  8.82303e-05  4.40726e-05    -0.196421   1.2324e-07  9.47613e-07   0.00016244 -3.45207e-05  -4.4527e-10  5.09925e-05
-8.25853e+06   0.00228477     -7.29944      3.81375     -4.52599     -0.41854       3.3099      1.75782      6980.83  9.47613e-07      87.4634     -0.74077     0.367522 -3.16029e-05     0.993318
      413746 -0.000689011      11.7644      16.1982     -10.3894     -1.48881      6.58172     -7.38612     -503.316   0.00016244     -0.74077      38.4938     -9.69171 -3.71532e-05      1.61695
 8.74356e+06 -0.000995958      3.76024     -10.9733      23.2326     -17.2736       1.5996     -1.75447      56.9434 -3.45207e-05     0.367522     -9.69171      29.6601 -9.14767e-07     0.243401
    -117.517  -1.8178e-09 -1.46927e-05 -1.43593e-05 -2.40605e-05  6.48952e-06 -2.16754e-05 -1.60264e-05    0.0242298  -4.4527e-10 -3.16029e-05 -3.71532e-05 -9.14767e-07  1.20662e-08 -4.37495e-05
           0  0.000515279     -1.60809     0.829853     -3.80493     -2.47546     0.802372      8.80342      4822.99  5.09925e-05     0.993318      1.61695     0.243401 -4.37495e-05      30.5622
