    0.171153     0.319422      3.63304  0.000162664     0.116865     0.127568     -43.1726     -0.02909     0.223241  -0.00138494    0.0337417    -0.238144  0.000675954 -8.08695e-05    -0.136169
    0.319422      79.8557      14.5896   0.00346662      12.0216     -13.3411      4902.74      2.46379      3.42639   0.00542033    -0.489285    -0.395361   -0.0423055     0.207043     -8.34362
     3.63304      14.5896      11228.9     0.691674      212.734     -33.4082      -115341     -39.3812      1.22141  -0.00389998      7.48638     -189.614    0.0678095      1.62954      12.5028
 0.000162664   0.00346662     0.691674   0.00281923   -0.0152248   -0.0253751      8.85289    0.0178225    -0.010569 -5.00263e-05  0.000556254   -0.0106412  2.99431e-05  0.000750748   -0.0182706
    0.116865      12.0216      212.734   -0.0152248       25.957     0.159063     -3252.51     -16.7613      14.2711   -0.0159512     0.350847      -10.445  -0.00590032   -0.0473778      8.02302
    0.127568     -13.3411     -33.4082   -0.0253751     0.159063      85.0182     -4182.13     -8.01599      3.53758   -0.0220443      -1.7002     -2.41745    0.0144985     0.129085     -3.71884
    -43.1726      4902.74      -115341      8.85289     -3252.51     -4182.13  2.27601e+08     -2659.23     -5369.91      21.2581      -113.17      4643.75            0     -45.9081     -2611.97
    -0.02909      2.46379     -39.3812    0.0178225     -16.7613     -8.01599     -2659.23      38.4018      9.53677    0.0166239     0.452006       2.2427   0.00682321     0.248436      1.06177
    0.223241      3.42639      1.22141    -0.010569      14.2711      3.53758     -5369.91      9.53677      44.0559   -0.0128359     0.115713     -18.6848    0.0102736    0.0131403      4.84958
 -0.00138494   0.00542033  -0.00389998 -5.00263e-05   -0.0159512   -0.0220443      21.2581    0.0166239   -0.0128359   0.00261515  6.41261e-05     0.010625  0.000146164   0.00155571  -0.00717439
   0.0337417    -0.489285      7.48638  0.000556254     0.350847      -1.7002      -113.17     0.452006     0.115713  6.41261e-05      7.47121    -0.807542    0.0029704    0.0473318     0.779541
   -0.238144    -0.395361     -189.614   -0.0106412      -10.445     -2.41745      4643.75       2.2427     -18.6848     0.010625    -0.807542      21.2941  -0.00798966   -0.0599394     -3.13483
 0.000675954   -0.0423055    0.0678095  2.99431e-05  -0.00590032    0.0144985            0   0.00682321    0.0102736  0.000146164    0.0029704  -0.00798966   0.00382424  0.000430344  -0.00242354
-8.08695e-05     0.207043      1.62954  0.000750748   -0.0473778     0.129085     -45.9081     0.248436    0.0131403   0.00155571    0.0473318   -0.0599394  0.000430344     0.457056    0.0156238
   -0.136169     -8.34362      12.5028   -0.0182706      8.02302     -3.71884     -2611.97      1.06177      4.84958  -0.00717439     0.779541     -3.13483  -0.00242354    0.0156238      16.4215
