 1.37081e+20       301556    1.669e+09            0   1.7581e+09 -6.00486e+08 -1.54948e+09 -1.01907e+09  2.54975e+13            0 -2.50661e+09  1.11649e+08  2.52088e+09     -22758.4            0
      301556  2.01222e-06 -0.000680656   0.00308936  0.000461721  0.000210623  0.000500598   0.00127578      2.90188  3.22946e-09  0.000445441 -0.000132126 -0.000188282 -2.18347e-10  8.61239e-05
   1.669e+09 -0.000680656      75.4163      40.0439        17.97       7.9845     -23.4927     -2.63621     -4528.21 -9.32795e-05     -7.71456      10.8757      4.01099 -9.50713e-06     -1.59267
           0   0.00308936      40.0439      1745.68      17.2139      15.3373      2.13857      10.8936       172507  5.06582e-05      6.29088      24.7957     -17.4057 -1.53524e-05      1.28297
  1.7581e+09  0.000461721        17.97      17.2139      65.7011      1.30889      20.8066     -3.67593     -3152.21  -4.4539e-05       -4.936     -10.4396      21.6535 -1.59372e-05      -3.8497
-6.00486e+08  0.000210623       7.9845      15.3373      1.30889      25.5041    -0.902727      7.53738      4311.44 -2.58127e-05    -0.500809     -1.95264     -17.3307  4.30752e-06     -2.48303
-1.54948e+09  0.000500598     -23.4927      2.13857      20.8066    -0.902727      39.2268     -5.26367      1410.99  2.99051e-05      3.55009      7.14175      0.73045 -1.44603e-05     0.839033
-1.01907e+09   0.00127578     -2.63621      10.8936     -3.67593      7.53738     -5.26367       439.08       190249  3.20755e-05       4.1806     -16.3647     -3.65533 -2.49514e-05      19.7756
 2.54975e+13      2.90188     -4528.21       172507     -3152.21      4311.44      1410.99       190249   1.6607e+10    -0.482706      53711.3     -4680.64     -745.571      0.11751      34243.1
           0  3.22946e-09 -9.32795e-05  5.06582e-05  -4.4539e-05 -2.58127e-05  2.99051e-05  3.20755e-05    -0.482706  1.47955e-08   1.7683e-07  5.79341e-05 -1.09078e-05 -1.07293e-10  1.74409e-05
-2.50661e+09  0.000445441     -7.71456      6.29088       -4.936    -0.500809      3.55009       4.1806      53711.3   1.7683e-07      98.0982    -0.700124     0.499594  -2.2551e-05      1.04121
 1.11649e+08 -0.000132126      10.8757      24.7957     -10.4396     -1.95264      7.14175     -16.3647     -4680.64  5.79341e-05    -0.700124      38.3218     -9.19174 -2.50682e-05      1.64145
 2.52088e+09 -0.000188282      4.01099     -17.4057      21.6535     -17.3307      0.73045     -3.65533     -745.571 -1.09078e-05     0.499594     -9.19174      29.4225 -3.57347e-07     0.321936
    -22758.4 -2.18347e-10 -9.50713e-06 -1.53524e-05 -1.59372e-05  4.30752e-06 -1.44603e-05 -2.49514e-05      0.11751 -1.07293e-10  -2.2551e-05 -2.50682e-05 -3.57347e-07  5.43905e-09 -2.92845e-05
           0  8.61239e-05     -1.59267      1.28297      -3.8497     -2.48303     0.839033      19.7756      34243.1  1.74409e-05      1.04121      1.64145     0.321936 -2.92845e-05      30.1195
