 2.47294e+10      644.908      21553.2            0      30419.6     -4501.74     -20285.7      10980.6       340619            0       -32977     -6789.82      39646.8     -73.6756            0
     644.908    0.0682531    -0.127861     0.161022    0.0701907    0.0335746     0.100104     0.137189     0.507939  0.000439864    0.0751092   -0.0242799   -0.0268341 -7.29981e-06    0.0188295
     21553.2    -0.127861       78.899      11.8704      17.7691      10.3471      -26.371       2.2122     -8.14794   -0.0787355     -7.38796      14.7688       3.7293  -0.00313822     -2.31147
           0     0.161022      11.8704      139.507      4.32806      4.43849     0.621502      6.03272      54.7895    0.0211559      1.62559      7.42119      -4.4354 -0.000899051      1.05545
     30419.6    0.0701907      17.7691      4.32806      68.3092     -1.54804        24.69       38.997     -3.06904    -0.043649     -4.21994     -10.1825       28.203  -0.00398123     -7.34995
    -4501.74    0.0335746      10.3471      4.43849     -1.54804      27.0573     -3.33362      16.6433       3.9198    -0.020919    -0.208405   -0.0061768     -17.3543  0.000831211     -4.60086
    -20285.7     0.100104      -26.371     0.621502        24.69     -3.33362      41.4591      14.3356     0.164771    0.0305209      3.31976      5.52579       4.0539  -0.00430055      1.35001
     10980.6     0.137189       2.2122      6.03272       38.997      16.6433      14.3356      47.1855     -9.94842   -0.0252526      -3.7648     -14.0863      1.06704  -0.00252313      -6.4783
      340619     0.507939     -8.14794      54.7895     -3.06904       3.9198     0.164771     -9.94842        31188    -0.719245      62.6449     -5.03865     -2.44304    0.0733954      89.2312
           0  0.000439864   -0.0787355    0.0211559    -0.043649    -0.020919    0.0305209   -0.0252526    -0.719245     0.011994  -0.00581466    0.0524872   -0.0139072 -2.71527e-05    0.0266428
      -32977    0.0751092     -7.38796      1.62559     -4.21994    -0.208405      3.31976      -3.7648      62.6449  -0.00581466      80.9956    -0.837653    0.0295937  -0.00541685      2.22828
    -6789.82   -0.0242799      14.7688      7.42119     -10.1825   -0.0061768      5.52579     -14.0863     -5.03865    0.0524872    -0.837653      40.3563     -11.3262  -0.00669742      2.76017
     39646.8   -0.0268341       3.7293      -4.4354       28.203     -17.3543       4.0539      1.06704     -2.44304   -0.0139072    0.0295937     -11.3262      31.4958 -0.000145254     0.761558
    -73.6756 -7.29981e-06  -0.00313822 -0.000899051  -0.00398123  0.000831211  -0.00430055  -0.00252313    0.0733954 -2.71527e-05  -0.00541685  -0.00669742 -0.000145254  0.000362359    -0.013783
           0    0.0188295     -2.31147      1.05545     -7.34995     -4.60086      1.35001      -6.4783      89.2312    0.0266428      2.22828      2.76017     0.761558    -0.013783      91.2883
