     4586.92      4.70525      20.9309      5.94125      2.31081    -0.760238     -15.8889     -5.32388      15.2713     0.922799      -9.4973      6.26391      8.97061     -1.64608       1.0289            0
     4.70525       2.4601    -0.966093      0.50322     0.416893     0.161388     0.686618     0.771567     0.416704    0.0688159     0.550347    -0.148851    -0.189271   -0.0173584     0.153265  0.000266042
     20.9309    -0.966093      82.6813      30.1346      17.5075      12.1564     -29.0131     0.764831     -1.15559     -2.46222     -2.34425      17.0633      4.40089    -0.109524     -2.82472    0.0659739
     5.94125      0.50322      30.1346      79.3509      14.2759      5.88751     -6.69627      12.0885      4.93451     -0.20937     0.274375      7.91583     0.652268   0.00936613     -0.76546     0.139663
     2.31081     0.416893      17.5075      14.2759      69.3751     -1.66767      27.1396      40.3946     -0.41719     -1.76272     -4.84374     -10.2236      30.8601    -0.280694      -6.5963       -0.021
   -0.760238     0.161388      12.1564      5.88751     -1.66767      28.2534     -4.76572      17.7841      0.21145    -0.857521      2.78049     0.881569     -17.2791    0.0615111     -6.04337    0.0426932
    -15.8889     0.686618     -29.0131     -6.69627      27.1396     -4.76572      43.8443      16.6502    -0.564594     0.961534      12.5035      4.87186      6.23093    -0.243606     0.324707   -0.0210796
    -5.32388     0.771567     0.764831      12.0885      40.3946      17.7841      16.6502      51.0924    -0.975249     -1.61842    -0.649563     -15.7797      2.22358   -0.0999515     -10.8504   0.00410952
     15.2713     0.416704     -1.15559      4.93451     -0.41719      0.21145    -0.564594    -0.975249      278.252     -1.97633        17.36     -1.22535     0.141587     0.301432      26.1938   -0.0191765
    0.922799    0.0688159     -2.46222     -0.20937     -1.76272    -0.857521     0.961534     -1.61842     -1.97633       11.106    -0.158005      1.71402    -0.435244    0.0216334      1.03999    0.0104648
     -9.4973     0.550347     -2.34425     0.274375     -4.84374      2.78049      12.5035    -0.649563        17.36    -0.158005      71.8035      5.26167     -13.2692    -0.277897      5.22009    0.0139895
     6.26391    -0.148851      17.0633      7.91583     -10.2236     0.881569      4.87186     -15.7797     -1.22535      1.71402      5.26167      41.9905      -12.672    -0.340103      2.73702    0.0593279
     8.97061    -0.189271      4.40089     0.652268      30.8601     -17.2791      6.23093      2.22358     0.141587    -0.435244     -13.2692      -12.672      33.1129   -0.0216402      1.41504   -0.0509173
    -1.64608   -0.0173584    -0.109524   0.00936613    -0.280694    0.0615111    -0.243606   -0.0999515     0.301432    0.0216334    -0.277897    -0.340103   -0.0216402      1.19564     -0.86346 -7.12272e-19
      1.0289     0.153265     -2.82472     -0.76546      -6.5963     -6.04337     0.324707     -10.8504      26.1938      1.03999      5.22009      2.73702      1.41504     -0.86346      119.256   -0.0139025
           0  0.000266042    0.0659739     0.139663       -0.021    0.0426932   -0.0210796   0.00410952   -0.0191765    0.0104648    0.0139895    0.0593279   -0.0509173 -7.12272e-19   -0.0139025   0.00748914
