   0.0491805     0.166317     0.947332  2.57877e-05     0.082651    0.0179143     -50.7316   -0.0157463     0.117519 -0.000412176    0.0141006    -0.132053  0.000155948 -2.36881e-05   -0.0735469
    0.166317      78.1836     -280.661  0.000163877      10.8576     -1.59148      9382.19      2.29949      2.78368   0.00514502    -0.385795     0.185395   -0.0174273     0.136449     -7.37508
    0.947332     -280.661       137319     0.213036     -42.8959      18.3569      -122401     -119.848     -126.835    0.0827529     -86.0323      60.5314    0.0578918     -2.99196      39.8599
 2.57877e-05  0.000163877     0.213036  0.000217033  -0.00229535  -0.00283686      5.45187   0.00512506   -0.0031691 -7.59631e-06  0.000100469  -0.00442168  3.67567e-06  0.000135223   -0.0051544
    0.082651      10.8576     -42.8959  -0.00229535       26.342     0.636494     -8144.52     -15.6745      13.1474  -0.00791354     0.312966     -11.8926  -0.00195031    -0.018204      7.39348
   0.0179143     -1.59148      18.3569  -0.00283686     0.636494      12.9468     -4173.77     -1.79445    -0.888534  -0.00555112    -0.395484    -0.511615 -0.000272414    0.0474625    -0.567478
    -50.7316      9382.19      -122401      5.45187     -8144.52     -4173.77   8.1346e+08     -4842.27     -9818.52      15.0802     -573.532      9579.02            0     -139.076     -4999.75
  -0.0157463      2.29949     -119.848   0.00512506     -15.6745     -1.79445     -4842.27      37.9425      8.64824     0.010475     0.352416       2.1045   0.00298906     0.159738     0.869241
    0.117519      2.78368     -126.835   -0.0031691      13.1474    -0.888534     -9818.52      8.64824      43.1221  -0.00647318    0.0681231     -14.4162   0.00427966   0.00650688      4.42712
-0.000412176   0.00514502    0.0827529 -7.59631e-06  -0.00791354  -0.00555112      15.0802     0.010475  -0.00647318  0.000836296  3.42695e-05   0.00486513  3.54035e-05  0.000568308  -0.00384634
   0.0141006    -0.385795     -86.0323  0.000100469     0.312966    -0.395484     -573.532     0.352416    0.0681231  3.42695e-05      4.56382    -0.598214  0.000997445    0.0219864     0.603047
   -0.132053     0.185395      60.5314  -0.00442168     -11.8926    -0.511615      9579.02       2.1045     -14.4162   0.00486513    -0.598214      19.8195  -0.00312285    -0.044347     -2.25768
 0.000155948   -0.0174273    0.0578918  3.67567e-06  -0.00195031 -0.000272414            0   0.00298906   0.00427966  3.54035e-05  0.000997445  -0.00312285  0.000658276  0.000113177  -0.00112879
-2.36881e-05     0.136449     -2.99196  0.000135223    -0.018204    0.0474625     -139.076     0.159738   0.00650688  0.000568308    0.0219864    -0.044347  0.000113177     0.190363   0.00635527
  -0.0735469     -7.37508      39.8599   -0.0051544      7.39348    -0.567478     -4999.75     0.869241      4.42712  -0.00384634     0.603047     -2.25768  -0.00112879   0.00635527      16.1471
