   0.0138861     0.085707      5.48494  3.83713e-06    0.0470188   0.00459671     -55.5266  -0.00831323    0.0623867 -0.000132458   0.00585073   -0.0676434  3.57837e-05 -7.32819e-06   -0.0391983
    0.085707      77.7107     -2998.28 -1.14599e-05      10.1178    -0.763437      19526.3      2.16742      2.15575   0.00309994    -0.299295     0.626022  -0.00757078    0.0898685     -6.61248
     5.48494     -2998.28  1.62596e+07     0.648059     -482.121      96.8903 -2.72801e+06     -1342.79     -1359.88     0.399567     -731.367      567.333     0.271857       -21.61      426.006
 3.83713e-06 -1.14599e-05     0.648059  1.71312e-05 -0.000406376 -0.000382928       3.1357    0.0014815 -0.000903902 -1.29423e-06  2.21727e-05  -0.00142451  4.48952e-07   2.5285e-05   -0.0014574
   0.0470188      10.1178     -482.121 -0.000406376      26.7161     0.350177     -18238.1     -15.0819      12.5509   -0.0045959     0.279373     -11.0366 -0.000652663  -0.00724285      7.03423
  0.00459671    -0.763437      96.8903 -0.000382928     0.350177      2.99835     -4106.25    -0.874035    -0.419536  -0.00161993    -0.149666     -0.26113 -5.63925e-05    0.0153057    -0.278375
    -55.5266      19526.3 -2.72801e+06       3.1357     -18238.1     -4106.25  3.40337e+09     -9949.77     -19677.3      18.7131     -918.256      18183.3            0     -189.046     -9916.73
 -0.00831323      2.16742     -1342.79    0.0014815     -15.0819    -0.874035     -9949.77       37.895       7.9285   0.00639568      0.27911      1.83141   0.00130226     0.106648      0.67777
   0.0623867      2.15575     -1359.88 -0.000903902      12.5509    -0.419536     -19677.3       7.9285      42.9247   -0.0039636    0.0415196     -11.0741   0.00186698    0.0024947      4.02031
-0.000132458   0.00309994     0.399567 -1.29423e-06   -0.0045959  -0.00161993      18.7131   0.00639568   -0.0039636  0.000306776  1.60933e-05   0.00252657  9.24039e-06  0.000228827  -0.00230241
  0.00585073    -0.299295     -731.367  2.21727e-05     0.279373    -0.149666     -918.256      0.27911    0.0415196  1.60933e-05      2.79872     -0.48853  0.000337204    0.0114387     0.467593
  -0.0676434     0.626022      567.333  -0.00142451     -11.0366     -0.26113      18183.3      1.83141     -11.0741   0.00252657     -0.48853      19.2591  -0.00124304    -0.033461     -1.65424
 3.57837e-05  -0.00757078     0.271857  4.48952e-07 -0.000652663 -5.63925e-05            0   0.00130226   0.00186698  9.24039e-06  0.000337204  -0.00124304  0.000122566  3.24504e-05 -0.000544355
-7.32819e-06    0.0898685       -21.61   2.5285e-05  -0.00724285    0.0153057     -189.046     0.106648    0.0024947  0.000228827    0.0114387    -0.033461  3.24504e-05    0.0840677   0.00427668
  -0.0391983     -6.61248      426.006   -0.0014574      7.03423    -0.278375     -9916.73      0.67777      4.02031  -0.00230241     0.467593     -1.65424 -0.000544355   0.00427668      16.0398
