 1503.03 -14.3214 -3.83418 -1.69801  5.20155 -7.46672
-14.3214  12.0783 -1.56617 0.889901 -2.18931  7.69205
-3.83418 -1.56617  7.72866 0.419645 0.373195 -1.09692
-1.69801 0.889901 0.419645  8.02714 0.119611 0.617198
 5.20155 -2.18931 0.373195 0.119611  19.5361 -2.67662
-7.46672  7.69205 -1.09692 0.617198 -2.67662  10.8799
