   10.8093   -1.81703   0.498345    -4.1053   0.148204   -1.56718
  -1.81703     11.961   -2.63964    1.76731  -0.881428    7.75699
  0.498345   -2.63964    6.98349   0.121393   0.290306   -2.22621
   -4.1053    1.76731   0.121393    6.89586 -0.0370681    1.43824
  0.148204  -0.881428   0.290306 -0.0370681    3.58399   -1.16694
  -1.56718    7.75699   -2.22621    1.43824   -1.16694    10.9769
