  352.162  -7.06604  -1.51082 -0.993434   2.01615  -3.86365
 -7.06604    12.026  -1.84518   1.07944  -1.70887   7.78452
 -1.51082  -1.84518   7.47347  0.329688  0.356543  -1.38294
-0.993434   1.07944  0.329688   7.72253 0.0509673  0.801968
  2.01615  -1.70887  0.356543 0.0509673   12.4097  -2.14641
 -3.86365   7.78452  -1.38294  0.801968  -2.14641   10.9002
