     22.6497     -0.77003       14.297      82.4547     -0.22998     -0.41058      7.79392     -0.38202   -0.0164104        106.6      186.229     0.810697     0.183487            0     0.150258
    -0.77003      52.3209      -4.8319     -45.1788    0.0611841      17.9943      10.0146     0.537215   -0.0319918       93.464      105.421     0.300893     0.649555      12339.5     0.174541
      14.297      -4.8319      13201.2     -1521.74     -13.5409      59.6256            0      1.11319     -9.36736     -875.975            0     -1.96518      48.8636            0            0
     82.4547     -45.1788     -1521.74  1.50933e+06      125.411      1020.48            0            0     -7.75175       5611.6      23248.1            0      25.1823  6.88527e+06      76.6392
    -0.22998    0.0611841     -13.5409      125.411      12.1422     -66.9069            0    -0.175501   -0.0887725     -94.1877     -76.7941    -0.771672    -0.149655       377254    0.0851823
    -0.41058      17.9943      59.6256      1020.48     -66.9069      13845.9            0      6.96422      2.71387      2908.31       2554.9            0      2.33413       294722     -24.9057
     7.79392      10.0146            0            0            0            0      19883.2            0            0     -2114.46     -5616.04            0      -7.9237            0      28.7695
    -0.38202     0.537215      1.11319            0    -0.175501      6.96422            0       21.585    -0.310755      35.3443     -56.5377    -0.103079     0.477644     -5277.36            0
  -0.0164104   -0.0319918     -9.36736     -7.75175   -0.0887725      2.71387            0    -0.310755      4.89515      -51.652      24.1642    -0.193527     0.203254     -23509.8    0.0150886
       106.6       93.464     -875.975       5611.6     -94.1877      2908.31     -2114.46      35.3443      -51.652       141616      32370.3     -19.6314      19.6098 -1.56656e+06     -68.0884
     186.229      105.421            0      23248.1     -76.7941       2554.9     -5616.04     -56.5377      24.1642      32370.3  1.40092e+06      675.493      79.9903            0     -9.36771
    0.810697     0.300893     -1.96518            0    -0.771672            0            0    -0.103079    -0.193527     -19.6314      675.493      14.4126    -0.126084            0  -0.00483893
    0.183487     0.649555      48.8636      25.1823    -0.149655      2.33413      -7.9237     0.477644     0.203254      19.6098      79.9903    -0.126084      16.1801      26225.5     -0.42204
           0      12339.5            0  6.88527e+06       377254       294722            0     -5277.36     -23509.8 -1.56656e+06            0            0      26225.5    3.327e+10            0
    0.150258     0.174541            0      76.6392    0.0851823     -24.9057      28.7695            0    0.0150886     -68.0884     -9.36771  -0.00483893     -0.42204            0      23.1996
