    34.7138   -0.994446     3.44156     4.39316   -0.433777  -0.0788918     1.64507    -0.42665  -0.0403759     20.7004     10.6846     1.32942    0.273265           0    0.205103
  -0.994446     56.9359   -0.980115    -2.02831   0.0972509     2.91307     1.78302    0.505552  -0.0669909     15.2877     5.10725    0.415625    0.815133     12873.4    0.200789
    3.44156   -0.980115     499.104    -12.7347    -4.01143     1.79923           0     0.19527    -3.64015    -26.7157           0   -0.506143     11.4296           0           0
    4.39316    -2.02831    -12.7347     2795.54     8.22251     6.81597           0           0   -0.664377     37.8849     46.3722           0     1.30376      296325     3.63668
  -0.433777   0.0972509    -4.01143     8.22251     28.1847    -15.8195           0   -0.241233    -0.26984    -22.5041    -5.42227    -1.55732   -0.274443      574781    0.143103
 -0.0788918     2.91307     1.79923     6.81597    -15.8195     333.467           0    0.974993    0.840315     70.7661     18.4965           0    0.435723     45736.3    -4.26169
    1.64507     1.78302           0           0           0           0     577.972           0           0    -56.5099    -44.1643           0    -1.62517           0     5.40844
   -0.42665    0.505552     0.19527           0   -0.241233    0.974993           0     17.5669   -0.557459      4.9983    -2.36459    -0.12317    0.518388    -4761.65           0
 -0.0403759  -0.0669909    -3.64015   -0.664377    -0.26984    0.840315           0   -0.557459     19.4604    -16.1646     2.17295   -0.510058    0.487503    -46847.8   0.0331633
    20.7004     15.2877    -26.7157     37.8849    -22.5041     70.7661    -56.5099      4.9983    -16.1646     3482.97     235.372    -4.07929     3.69718     -245731    -11.7701
    10.6846     5.10725           0     46.3722    -5.42227     18.4965    -44.1643    -2.36459     2.17295     235.372     3009.16     41.4574        4.46           0   -0.475525
    1.32942    0.415625   -0.506143           0    -1.55732           0           0    -0.12317   -0.510058    -4.07929     41.4574     25.2872   -0.200908           0 -0.00706685
   0.273265    0.815133     11.4296     1.30376   -0.274443    0.435723    -1.62517    0.518388    0.487503     3.69718        4.46   -0.200908     23.4151     31549.1   -0.559784
          0     12873.4           0      296325      574781     45736.3           0    -4761.65    -46847.8     -245731           0           0     31549.1 3.32704e+10           0
   0.205103    0.200789           0     3.63668    0.143103    -4.26169     5.40844           0   0.0331633    -11.7701   -0.475525 -0.00706685   -0.559784           0     28.2039
