1.12215e+12           0           0    -59211.2           0    -92345.7           0           0           0      219940      204523           0     -582962           0           0
          0     3324.86     15.3007     2.63206     330.722     -1.0052    -2.07658    0.370197     3.36552    -5.63411    0.218572           0     6.49817           0           0
          0     15.3007     867.237    0.423465    -20.4919    -7.64601     1.84938    0.210264     1.28829    -3.98736     5.14933     1369.14    -6.76617      92.566    -62.8718
   -59211.2     2.63206    0.423465     8.90345    0.995941  -0.0521628   0.0864613 -0.00673104    0.230621    0.237952  -0.0415399           0   -0.303882     15.3792           0
          0     330.722    -20.4919    0.995941     1542.16    0.153816    -0.13326   0.0798929    -27.0519     11.1247     3.11822     2779.43     11.0065     125.809    -1001.98
   -92345.7     -1.0052    -7.64601  -0.0521628    0.153816     7.89785   0.0951315 -0.00936543   -0.399685   0.0355971   0.0819902    -133.103   -0.492242    -14.3428    -15.7507
          0    -2.07658     1.84938   0.0864613    -0.13326   0.0951315     3.36644  -0.0357569  -0.0778211    0.149224   -0.222713    -143.863   -0.213004     6.06437    -36.7225
          0    0.370197    0.210264 -0.00673104   0.0798929 -0.00936543  -0.0357569    0.255965   0.0939002  -0.0763765 0.000571916     4.20534   0.0234511           0           0
          0     3.36552     1.28829    0.230621    -27.0519   -0.399685  -0.0778211   0.0939002     42.9267     -52.469    0.274837           0    -36.3711           0     1212.73
     219940    -5.63411    -3.98736    0.237952     11.1247   0.0355971    0.149224  -0.0763765     -52.469     115.737   -0.581413     365.306     76.3939     94.1545    -2100.64
     204523    0.218572     5.14933  -0.0415399     3.11822   0.0819902   -0.222713 0.000571916    0.274837   -0.581413     19.5302     165.127   -0.433424     20.5968           0
          0           0     1369.14           0     2779.43    -133.103    -143.863     4.20534           0     365.306     165.127 2.03241e+07    -63.2888     5362.36     -5580.5
    -582962     6.49817    -6.76617   -0.303882     11.0065   -0.492242   -0.213004   0.0234511    -36.3711     76.3939   -0.433424    -63.2888     153.644    -78.2225    -1397.81
          0           0      92.566     15.3792     125.809    -14.3428     6.06437           0           0     94.1545     20.5968     5362.36    -78.2225      192794           0
          0           0    -62.8718           0    -1001.98    -15.7507    -36.7225           0     1212.73    -2100.64           0     -5580.5    -1397.81           0 1.84317e+06
