     24.4274    -0.805683      11.1122      49.0768    -0.257308    -0.306637      5.91849    -0.389562   -0.0192476      79.7603      112.427     0.884847     0.196886            0     0.158763
   -0.805683      53.1096     -3.64347     -26.0879    0.0664115      13.0378      7.37783     0.531473   -0.0364031      67.8446      61.7439     0.318614     0.676187      12432.1     0.178917
     11.1122     -3.64347       7394.5     -652.743     -10.9182      32.0923            0      0.81809       -7.918     -472.347            0      -1.5458      37.7863            0            0
     49.0768     -26.0879     -652.743       495785      77.4364      420.608            0            0     -5.01769      2317.17      7745.64            0      14.9125  3.94616e+06        44.69
   -0.257308    0.0664115     -10.9182      77.4364      14.0932     -51.8378            0    -0.185661    -0.108015     -73.1093      -48.095    -0.873759     -0.16659       406434    0.0933708
   -0.306637      13.0378      32.0923      420.608     -51.8378      7160.81            0      4.91786      2.20424       1506.9      1068.09            0      1.73439       211949     -18.2231
     5.91849      7.37783            0            0            0            0      10631.2            0            0     -1113.96     -2387.23            0     -5.98656            0      21.4035
   -0.389562     0.531473      0.81809            0    -0.185661      4.91786            0      20.8123    -0.344629      25.0049     -32.2729    -0.106379     0.484608     -5182.04            0
  -0.0192476   -0.0364031       -7.918     -5.01769    -0.108015      2.20424            0    -0.344629      6.24406       -42.03      15.8649    -0.229718     0.237188     -26552.1    0.0173382
     79.7603      67.8446     -472.347      2317.17     -73.1093       1506.9     -1113.96      25.0049       -42.03        73512      13557.7     -14.8654      14.5981 -1.12868e+06     -49.9115
     112.427      61.7439            0      7745.64      -48.095      1068.09     -2387.23     -32.2729      15.8649      13557.7       473418      412.705      48.0458            0     -5.54059
    0.884847     0.318614      -1.5458            0    -0.873759            0            0    -0.106379    -0.229718     -14.8654      412.705      15.9201     -0.13692            0  -0.00517436
    0.196886     0.676187      37.7863      14.9125     -0.16659      1.73439     -5.98656     0.484608     0.237188      14.5981      48.0458     -0.13692      17.2737      27097.2    -0.443671
           0      12432.1            0  3.94616e+06       406434       211949            0     -5182.04     -26552.1 -1.12868e+06            0            0      27097.2    3.327e+10            0
    0.158763     0.178917            0        44.69    0.0933708     -18.2231      21.4035            0    0.0173382     -49.9115     -5.54059  -0.00517436    -0.443671            0      24.0155
