  6.08623   24.9954 -0.528081  0.215598  -1.63171 -0.355479
  24.9954     12188  -1.59754   9.93956   1.81751   4.31581
-0.528081  -1.59754   11.3482  0.330479   2.11117  0.824208
 0.215598   9.93956  0.330479   7.93819  -2.46496 -0.807401
 -1.63171   1.81751   2.11117  -2.46496   14.6879   2.52029
-0.355479   4.31581  0.824208 -0.807401   2.52029   1.07469
