  11.9139 -0.306102   3.59666  -7.28411  -3.65972         0 -0.699481  0.213334 -0.156336   6.11902   -0.1628  -1.80612  0.262533   67.0427 -0.727936    1.0149
-0.306102   15.4523  -0.52227         0         0   4.41771   1.24561 -0.437186  0.209951 -0.825783 -0.109963  0.923521  0.451793   50.1593 -0.714628 -0.155324
  3.59666  -0.52227      1280  -44.0869   75.5593   1648.07         0 -0.293208   2.11399         0   -6.8799  -8.74903  -1.10667    124.02  -14.0741   11.3039
 -7.28411         0  -44.0869   3543.98   518.061         0  -33.2617   5.01211   -12.578   74.7494  0.291586         0         0  -515.441         0   8.22411
 -3.65972         0   75.5593   518.061   2799.49         0         0  -4.87074  0.692761   109.817  -1.14012         0         0  -1645.07         0         0
        0   4.41771   1648.07         0         0   37942.3         0         0  -43.6989  -336.105         0         0  -20.5814   2301.65   190.443         0
-0.699481   1.24561         0  -33.2617         0         0   477.025 -0.491558  0.685011         0  0.437679         0  0.820616   223.912   -9.6097  -3.02544
 0.213334 -0.437186 -0.293208   5.01211  -4.87074         0 -0.491558   9.07288 0.0390186  -1.33042  0.157402   0.12211 -0.672735 -0.042336  -7.51168 0.0857619
-0.156336  0.209951   2.11399   -12.578  0.692761  -43.6989  0.685011 0.0390186   6.80629  0.330634 -0.241752  0.567922  0.349674   6.42844   3.27089 -0.171353
  6.11902 -0.825783         0   74.7494   109.817  -336.105         0  -1.33042  0.330634   8184.68  -3.98618    26.169 -0.512817   317.658  -3.66329  -98.3507
  -0.1628 -0.109963   -6.8799  0.291586  -1.14012         0  0.437679  0.157402 -0.241752  -3.98618   9.66822  0.109715 -0.210677   2.94963   1.51629 -0.696334
 -1.80612  0.923521  -8.74903         0         0         0         0   0.12211  0.567922    26.169  0.109715   290.193 -0.995675  -164.264   9.62717  -1.94953
 0.262533  0.451793  -1.10667         0         0  -20.5814  0.820616 -0.672735  0.349674 -0.512817 -0.210677 -0.995675   15.6178  -61.3945   3.29965 -0.521555
  67.0427   50.1593    124.02  -515.441  -1645.07   2301.65   223.912 -0.042336   6.42844   317.658   2.94963  -164.264  -61.3945   36328.7  -404.485   42.2297
-0.727936 -0.714628  -14.0741         0         0   190.443   -9.6097  -7.51168   3.27089  -3.66329   1.51629   9.62717   3.29965  -404.485   1365.67  -1.04868
   1.0149 -0.155324   11.3039   8.22411         0         0  -3.02544 0.0857619 -0.171353  -98.3507 -0.696334  -1.94953 -0.521555   42.2297  -1.04868   37.8072
