    2.16086  -0.0830169     8.07909    -50.6101    -12.8903           0    -1.68102   0.0615058  -0.0137649     24.5365  -0.0270326    -5.16659    0.086313     711.868    -7.15081    0.180568
 -0.0830169     9.25236    -2.13124           0           0     108.424     5.44179   -0.215657   0.0348162    -6.02989  -0.0230259     4.57721     0.26958     950.833    -12.8157  -0.0509076
    8.07909    -2.13124     35599.4     -3803.6     3299.22      275577           0   -0.997326      2.4207           0    -14.1453    -319.329    -4.50574     16128.7    -1717.32     25.2576
   -50.6101           0     -3803.6      948034     70159.2           0    -3071.67     52.8365    -44.6303       11539     1.86414           0           0     -208063           0     57.0089
   -12.8903           0     3299.22     70159.2      191947           0           0    -25.9804     1.24198     8583.04    -3.67977           0           0     -336272           0           0
          0     108.424      275577           0           0 3.81448e+07           0           0    -300.537     -100495           0           0    -503.821  1.8013e+06      139774           0
   -1.68102     5.44179           0    -3071.67           0           0     15208.7       -1.79    0.835483           0    0.963515           0     3.57761       31209    -1256.46    -7.23846
  0.0615058   -0.215657   -0.997326     52.8365    -25.9804           0       -1.79     3.76928  0.00544659    -8.10879   0.0396088    0.575139   -0.330824     1.41841     -112.15   0.0233093
 -0.0137649   0.0348162      2.4207    -44.6303     1.24198    -300.537    0.835483  0.00544659    0.320454    0.653207  -0.0204558     0.85191   0.0574499     33.4374     16.4152  -0.0157475
    24.5365    -6.02989           0       11539     8583.04     -100495           0    -8.10879    0.653207      728707    -14.6605     1705.53    -3.73883     73998.2    -799.234    -393.221
 -0.0270326  -0.0230259    -14.1453     1.86414    -3.67977           0    0.963515   0.0396088  -0.0204558    -14.6605     1.46951    0.126598  -0.0634322     28.2524     13.6854   -0.115086
   -5.16659     4.57721    -319.329           0           0           0           0    0.575139     0.85191     1705.53    0.126598     13861.4    -5.32666    -28422.6     1552.03    -5.70777
   0.086313     0.26958    -4.50574           0           0    -503.821     3.57761   -0.330824   0.0574499    -3.73883  -0.0634322    -5.32666     9.31173     -1170.2     59.0073     -0.1706
    711.868     950.833     16128.7     -208063     -336272  1.8013e+06       31209     1.41841     33.4374     73998.2     28.2524    -28422.6     -1170.2 2.21334e+07     -231154     441.453
   -7.15081    -12.8157    -1717.32           0           0      139774    -1256.46     -112.15     16.4152    -799.234     13.6854     1552.03     59.0073     -231154      731925    -10.2824
   0.180568  -0.0509076     25.2576     57.0089           0           0    -7.23846   0.0233093  -0.0157475    -393.221   -0.115086    -5.70777     -0.1706     441.453    -10.2824     6.78799
