 2.56785e+10      411.528 -9.70353e+07     -1720.09      25494.2            0            0       173499      24.6217  2.66005e+08       2666.2  1.62645e+06        27226 -2.28489e+06      -184137     -1104.86      63584.4
     411.528    0.0338408     -1303.96     0.015147    0.0504989     -912.097 -3.47466e+11      9.70075 -4.76225e-05      4362.49  0.000529139    -0.687279    0.0185313      33.7588    -0.479419  -0.00164038  -0.00825983
-9.70353e+07     -1303.96  1.99594e+10     -1586.39  -1.3075e+06            0            0            0      20.7387            0            0            0      16015.7            0            0     -139.899            0
    -1720.09     0.015147     -1586.39      2.01796      0.14777     -9592.35            0     -98.1076 -0.000160668      4324.56   -0.0320186      37.5115    0.0656093     -22.3182      1.71013    0.0336891      0.10931
     25494.2    0.0504989  -1.3075e+06      0.14777      99.8492       -34508  7.76509e+12     -500.745 -0.000368593            0     0.146968     -405.695      -1.2906      2341.11     -29.8104     0.708448      2.44771
           0     -912.097            0     -9592.35       -34508  1.21549e+11            0            0     -21.0839            0      11119.3            0      25147.5            0 -1.23061e+06      9667.04 -1.03659e+06
           0 -3.47466e+11            0            0  7.76509e+12            0  8.27029e+26            0  1.00188e+11            0  6.13673e+11            0            0            0            0            0            0
      173499      9.70075            0     -98.1076     -500.745            0            0  9.69476e+06     -0.21636            0      27.7166  1.34392e+06            0  1.65855e+06      1277.31     -29.6662     -899.099
     24.6217 -4.76225e-05      20.7387 -0.000160668 -0.000368593     -21.0839  1.00188e+11     -0.21636  1.65061e-05     -159.749 -8.71953e-05     0.425566  4.82773e-05     0.101714  0.000465516  4.11755e-06  -0.00067208
 2.66005e+08      4362.49            0      4324.56            0            0            0            0     -159.749  2.81759e+11      6755.52            0       341754 -1.25163e+08  -2.1343e+06     -1998.54       327517
      2666.2  0.000529139            0   -0.0320186     0.146968      11119.3  6.13673e+11      27.7166 -8.71953e-05      6755.52      1.82813     -15.4869   -0.0773848      266.957       2.8262   0.00137092    -0.647035
 1.62645e+06    -0.687279            0      37.5115     -405.695            0            0  1.34392e+06     0.425566            0     -15.4869  3.23045e+06      18.2131            0     -2913.15     -121.075     -27.3359
       27226    0.0185313      16015.7    0.0656093      -1.2906      25147.5            0            0  4.82773e-05       341754   -0.0773848      18.2131      37.1666      699.563     -52.4537    -0.348071     -2.07812
-2.28489e+06      33.7588            0     -22.3182      2341.11            0            0  1.65855e+06     0.101714 -1.25163e+08      266.957            0      699.563  8.68316e+07       101200     -25.5959      -5090.1
     -184137    -0.479419            0      1.71013     -29.8104 -1.23061e+06            0      1277.31  0.000465516  -2.1343e+06       2.8262     -2913.15     -52.4537       101200        41939    -0.800773      73.2309
    -1104.86  -0.00164038     -139.899    0.0336891     0.708448      9667.04            0     -29.6662  4.11755e-06     -1998.54   0.00137092     -121.075    -0.348071     -25.5959    -0.800773      2.21738     0.430869
     63584.4  -0.00825983            0      0.10931      2.44771 -1.03659e+06            0     -899.099  -0.00067208       327517    -0.647035     -27.3359     -2.07812      -5090.1      73.2309     0.430869      236.485
