     2.41497            0       15.025     -2.52945     -11.0213     -19.1803   -0.0786098    0.0298266      -427663     -18.1962     0.190207  -0.00525761      -1.5274    0.0311974     -14103.7
           0  7.60246e+26            0            0 -1.79632e+15  2.33812e+15  1.44745e+12            0            0            0            0  6.52931e+11  3.76779e+13  2.91146e+11            0
      15.025            0       297380     -51.6063     -1282.44            0    -0.548527      1.39461            0     -524.301     -16.7303      1.35836            0      6.80989  2.08348e+07
    -2.52945            0     -51.6063      4083.13      1848.83      457.239     -26.6947    -0.860709            0     -303.463    -0.573081     -1.66624      18.1567    -0.646359 -6.72898e+06
    -11.0213 -1.79632e+15     -1282.44      1848.83  2.71381e+06            0     -29.2352     -28.0051            0     -30838.7     -55.4625      3.75106     -5654.99     -9.74201            0
    -19.1803  2.33812e+15            0      457.239            0        97872     -4.12602   -0.0429808            0            0      12.8922     0.876919      469.254      1.05855            0
  -0.0786098  1.44745e+12    -0.548527     -26.6947     -29.2352     -4.12602      136.012  -0.00621534 -3.44332e+06     -36.8784     0.699651    0.0586553     -33.9293     0.514487      -121249
   0.0298266            0      1.39461    -0.860709     -28.0051   -0.0429808  -0.00621534     0.311167            0     0.129501   -0.0343759  -0.00189405    -0.354445    0.0139763      18303.7
     -427663            0            0            0            0            0 -3.44332e+06            0  1.73651e+14            0            0      -194866   6.4562e+07 -2.78733e+06            0
    -18.1962            0     -524.301     -303.463     -30838.7            0     -36.8784     0.129501            0       404678      208.116     -20.9176       2025.3      17.0251            0
    0.190207            0     -16.7303    -0.573081     -55.4625      12.8922     0.699651   -0.0343759            0      208.116      18.2039   -0.0148507      31.3503    0.0255236      -640865
 -0.00525761  6.52931e+11      1.35836     -1.66624      3.75106     0.876919    0.0586553  -0.00189405      -194866     -20.9176   -0.0148507     0.524491    -0.685849   -0.0402284     -35607.7
     -1.5274  3.76779e+13            0      18.1567     -5654.99      469.254     -33.9293    -0.354445   6.4562e+07       2025.3      31.3503    -0.685849      38274.5      3.77063            0
   0.0311974  2.91146e+11      6.80989    -0.646359     -9.74201      1.05855     0.514487    0.0139763 -2.78733e+06      17.0251    0.0255236   -0.0402284      3.77063       1.0117     -63376.8
    -14103.7            0  2.08348e+07 -6.72898e+06            0            0      -121249      18303.7            0            0      -640865     -35607.7            0     -63376.8   5.6063e+12
