     1.49538            0       28.707     -3.22405     -30.2516     -33.6589   -0.0608671    0.0138787      -724601     -39.1072     0.154803  -0.00269581     -2.75475    0.0181343     -21376.6
           0  8.97486e+26            0            0 -6.69893e+15  5.15083e+15  1.55625e+12            0            0            0            0  4.87816e+11  9.68669e+13   2.3501e+11            0
      28.707            0  1.75316e+06     -202.842     -10906.7            0      -1.3096      2.00241            0     -3477.61     -42.0158      2.15133            0        12.21  9.76792e+07
    -3.22405            0     -202.842      10708.5      10455.3      1651.17     -42.5639    -0.825511            0     -1342.79    -0.956275     -1.75223      67.1054    -0.772245 -2.10331e+07
    -30.2516 -6.69893e+15     -10906.7      10455.3  3.31161e+07            0     -100.491       -57.84            0      -293898      -200.46      7.97266     -45236.6     -25.1378            0
    -33.6589  5.15083e+15            0      1651.17            0       486751     -9.05402   -0.0566546            0            0      29.7361      1.26583      2393.92      1.74359            0
  -0.0608671  1.55625e+12      -1.3096     -42.5639     -100.491     -9.05402       131.69  -0.00361187 -7.29526e+06     -99.1011     0.711982    0.0375745     -76.3265     0.373958      -230071
   0.0138787            0      2.00241    -0.825511       -57.84   -0.0566546  -0.00361187     0.108808            0     0.209039   -0.0210243 -0.000722647     -0.47382   0.00610526      20860.9
     -724601            0            0            0            0            0 -7.29526e+06            0  8.05199e+14            0            0      -273149  3.17654e+08 -4.43339e+06            0
    -39.1072            0     -3477.61     -1342.79      -293898            0     -99.1011     0.209039            0  3.01859e+06      587.888     -37.0032      12634.8      34.3493            0
    0.154803            0     -42.0158    -0.956275      -200.46      29.7361     0.711982   -0.0210243            0      587.888      19.4732  -0.00994597      74.1175    0.0194979 -1.27806e+06
 -0.00269581  4.87816e+11      2.15133     -1.75223      7.97266      1.26583    0.0375745 -0.000722647      -273149     -37.0032  -0.00994597     0.221043     -1.01539   -0.0193381     -44550.6
    -2.75475  9.68669e+13            0      67.1054     -45236.6      2393.92     -76.3265     -0.47382  3.17654e+08      12634.8      74.1175     -1.01539       200475      6.39749            0
   0.0181343   2.3501e+11        12.21    -0.772245     -25.1378      1.74359     0.373958   0.00610526 -4.43339e+06      34.3493    0.0194979   -0.0193381      6.39749     0.552057     -90256.1
    -21376.6            0  9.76792e+07 -2.10331e+07            0            0      -230071      20860.9            0            0 -1.27806e+06     -44550.6            0     -90256.1  2.08417e+13
