 1.65952e+08      83.2319 -7.51192e+06     -192.785      1687.58            0            0      2803.03      11.9892  2.40658e+06      314.778      30720.5      2132.69     -23228.9     -6078.14     -131.504      3466.05
     83.2319     0.236455     -3446.94     0.055762     0.111445      -206.92 -9.18677e+11      4.46868 -0.000761328      1437.63   0.00203979    -0.436722    0.0477985      11.3581    -0.522514  -0.00641174   -0.0146983
-7.51192e+06     -3446.94  1.99544e+10     -2209.88 -1.09156e+06            0            0            0      125.648            0            0            0      15633.7            0            0     -206.433            0
    -192.785     0.055762     -2209.88      3.91318     0.171745     -1130.28            0     -23.9862  -0.00135572      775.897   -0.0657811      12.5963    0.0891947     -3.95176     0.977823    0.0692126     0.100178
     1687.58     0.111445 -1.09156e+06     0.171745      69.6072     -2446.85  6.48287e+12     -73.3797  -0.00187695            0     0.180648     -80.3231     -1.05206      248.661     -10.2935     0.872818      1.37723
           0      -206.92            0     -1130.28     -2446.85  8.84327e+08            0            0     -11.1918            0       1402.4            0      2090.92            0     -42754.9      1221.53     -59364.4
           0 -9.18677e+11            0            0  6.48287e+12            0  8.27053e+26            0  6.06252e+11            0  9.04956e+11            0            0            0            0            0            0
     2803.03      4.46868            0     -23.9862     -73.3797            0            0       298950    -0.229849            0      7.18032      56065.7            0      37045.3      92.6588     -7.68753     -106.408
     11.9892 -0.000761328      125.648  -0.00135572  -0.00187695     -11.1918  6.06252e+11    -0.229849  0.000604068      -122.36 -0.000776405     0.611308  0.000283764    0.0760216   0.00122808  3.92269e-05  -0.00272453
 2.40658e+06      1437.63            0      775.897            0            0            0            0      -122.36  4.50902e+09      1171.32            0      42297.7  -2.0289e+06      -111250     -499.411      27849.6
     314.778   0.00203979            0   -0.0657811     0.180648       1402.4  9.04956e+11      7.18032 -0.000776405      1171.32      3.97855     -5.41272    -0.111425      50.1349      1.72295   0.00295859      -0.6441
     30720.5    -0.436722            0      12.5963     -80.3231            0            0      56065.7     0.611308            0     -5.41272       182509       4.1066            0      -282.35      -41.896     -4.36347
     2132.69    0.0477985      15633.7    0.0891947     -1.05206      2090.92            0            0  0.000283764      42297.7    -0.111425       4.1066      35.4303      86.8567     -21.1608    -0.500999     -1.36589
    -23228.9      11.3581            0     -3.95176      248.661            0            0      37045.3    0.0760216  -2.0289e+06      50.1349            0      86.8567  1.40497e+06      5318.51     -4.79804     -436.443
    -6078.14    -0.522514            0     0.977823     -10.2935     -42754.9            0      92.6588   0.00122808      -111250      1.72295      -282.35     -21.1608      5318.51      7159.19    -0.492605      20.1504
    -131.504  -0.00641174     -206.433    0.0692126     0.872818      1221.53            0     -7.68753  3.92269e-05     -499.411   0.00295859      -41.896    -0.500999     -4.79804    -0.492605      4.82839     0.426115
     3466.05   -0.0146983            0     0.100178      1.37723     -59364.4            0     -106.408  -0.00272453      27849.6      -0.6441     -4.36347     -1.36589     -436.443      20.1504     0.426115      107.465
