      22.103    0.0157344  8.18692e-06      6.63053  -0.00870202     0.580568      1.01604      5.49377      3.78774     0.061451     -10.4156     0.059832     0.455195     0.409543         -2.8      4.47863
   0.0157344    0.0568182 -1.10042e-06   -0.0467516  0.000124228   0.00181278  -0.00645533   -0.0179118   -0.0425031  -0.00281799   -0.0542111   -0.0702905   0.00668941  -0.00487926    0.0189568   -0.0685004
 8.18692e-06 -1.10042e-06  2.73213e-08 -1.68354e-05 -1.81978e-07  7.25343e-06 -2.19127e-05 -2.90574e-05 -6.89298e-06  2.58113e-07  1.22294e-05  2.07816e-05  3.59133e-06 -3.49349e-05  5.44208e-05  5.79143e-05
     6.63053   -0.0467516 -1.68354e-05       30.698   0.00257274     -1.05529      1.39839     -0.80842     -5.97558    0.0121405      13.3856     -1.03875     0.638559    0.0223527      1.86625     -1.08154
 -0.00870202  0.000124228 -1.81978e-07   0.00257274  0.000854527   -0.0015612   0.00388401   0.00852953    -0.032487  -9.9633e-06   0.00604405  -0.00616096 -8.57111e-05   0.00167342  -0.00269032    0.0141935
    0.580568   0.00181278  7.25343e-06     -1.05529   -0.0015612      3.21781    -0.282897      1.21057     0.303113   0.00279142     -1.06424    -0.570627  -0.00634539    -0.261184    -0.543317    0.0359584
     1.01604  -0.00645533 -2.19127e-05      1.39839   0.00388401    -0.282897      23.9499    -0.456764     -26.7883   -0.0179558     0.162969    -0.704771    -0.143575     0.591527      0.42902    -0.267344
     5.49377   -0.0179118 -2.90574e-05     -0.80842   0.00852953      1.21057    -0.456764       52.348      13.5386     0.146665      5.56865     -3.74176     0.166524      1.39657     -18.9745     -4.83679
     3.78774   -0.0425031 -6.89298e-06     -5.97558    -0.032487     0.303113     -26.7883      13.5386      690.263   -0.0356008      21.5104      1.58537      0.09273      9.94921     -50.3653     -19.0002
    0.061451  -0.00281799  2.58113e-07    0.0121405  -9.9633e-06   0.00279142   -0.0179558     0.146665   -0.0356008    0.0104405   -0.0157839   -0.0168488 -0.000499375   0.00391286   -0.0491991  -0.00204811
    -10.4156   -0.0542111  1.22294e-05      13.3856   0.00604405     -1.06424     0.162969      5.56865      21.5104   -0.0157839      29.4393      6.84326    0.0539069     0.918185      6.98306     -5.02597
    0.059832   -0.0702905  2.07816e-05     -1.03875  -0.00616096    -0.570627    -0.704771     -3.74176      1.58537   -0.0168488      6.84326      30.4505    -0.223626    -0.276116     -2.64754       1.9685
    0.455195   0.00668941  3.59133e-06     0.638559 -8.57111e-05  -0.00634539    -0.143575     0.166524      0.09273 -0.000499375    0.0539069    -0.223626     0.639695    0.0845635   -0.0354856            0
    0.409543  -0.00487926 -3.49349e-05    0.0223527   0.00167342    -0.261184     0.591527      1.39657      9.94921   0.00391286     0.918185    -0.276116    0.0845635      25.7435    -0.761531     0.539053
        -2.8    0.0189568  5.44208e-05      1.86625  -0.00269032    -0.543317      0.42902     -18.9745     -50.3653   -0.0491991      6.98306     -2.64754   -0.0354856    -0.761531      21.2234      2.32811
     4.47863   -0.0685004  5.79143e-05     -1.08154    0.0141935    0.0359584    -0.267344     -4.83679     -19.0002  -0.00204811     -5.02597       1.9685            0     0.539053      2.32811      122.041
