    23.6189    0.223922  0.00241554     8.54954   -0.703142     15.4977   -0.385068     8.03271     13.5526    0.986288    -9.89663   -0.644932     2.28279     20.5968    -4.95658      1.9595
   0.223922     12.2185  -0.0244887   -0.643315    0.126824    0.604407    0.324215   -0.316381    -1.08671   -0.648359   -0.856772   -0.878155    0.555298   -0.171551    0.329051   -0.489181
 0.00241554  -0.0244887   0.0550947  -0.0225749  -0.0195522   0.0451323  -0.0574231  -0.0332237  -0.0205437   0.0043786   0.0117072   0.0349955   0.0219491    -0.03176    0.063206   0.0397314
    8.54954   -0.643315  -0.0225749      33.313   0.0015282    -1.35682     3.99867     -2.3999    -3.67373    0.128389     14.6116    -2.84678     3.08538     16.5075     5.92523    -0.31165
  -0.703142    0.126824  -0.0195522   0.0015282     5.47556    -0.83054    0.191267     0.65228    -2.20285  0.00656196    0.386954   -0.627824  -0.0341713   -0.441527   -0.252478    0.552201
    15.4977    0.604407   0.0451323    -1.35682    -0.83054     20.6684     1.09654    -9.45551    -24.0034   0.0733023    -15.2244  -0.0727438    0.651525     10.5573     5.35028     3.04499
  -0.385068    0.324215  -0.0574231     3.99867    0.191267     1.09654     56.2847    -2.50296    -25.0914   -0.475212     3.74764   0.0412143   -0.916466     2.37966    0.759104  -0.0635113
    8.03271   -0.316381  -0.0332237     -2.3999     0.65228    -9.45551    -2.50296     54.9646     15.2904      2.4083     7.72039    -5.45014    0.996903     6.58149    -26.6747    -2.13141
    13.5526    -1.08671  -0.0205437    -3.67373    -2.20285    -24.0034    -25.0914     15.2904     636.656   -0.446621     29.6518     3.87129   -0.121027     5.12151    -24.9381    -9.66181
   0.986288   -0.648359   0.0043786    0.128389  0.00656196   0.0733023   -0.475212      2.4083   -0.446621      2.5141   -0.199867   -0.330045 -0.00468152    0.959211      -1.181  -0.0167354
   -9.89663   -0.856772   0.0117072     14.6116    0.386954    -15.2244     3.74764     7.72039     29.6518   -0.199867     32.0678     8.64431    0.143355    -3.93222     5.27844    -2.51821
  -0.644932   -0.878155   0.0349955    -2.84678   -0.627824  -0.0727438   0.0412143    -5.45014     3.87129   -0.330045     8.64431     33.0233    -1.39368     3.72067    -2.83192     1.04029
    2.28279    0.555298   0.0219491     3.08538  -0.0341713    0.651525   -0.916466    0.996903   -0.121027 -0.00468152    0.143355    -1.39368      15.335     2.88973    0.103071           0
    20.5968   -0.171551    -0.03176     16.5075   -0.441527     10.5573     2.37966     6.58149     5.12151    0.959211    -3.93222     3.72067     2.88973     26.7062    -6.55929     1.66857
   -4.95658    0.329051    0.063206     5.92523   -0.252478     5.35028    0.759104    -26.6747    -24.9381      -1.181     5.27844    -2.83192    0.103071    -6.55929     25.5526    0.842034
     1.9595   -0.489181   0.0397314    -0.31165    0.552201     3.04499  -0.0635113    -2.13141    -9.66181  -0.0167354    -2.51821     1.04029           0     1.66857    0.842034     27.6687
