      22.166    0.0517463  3.10821e-05      7.11191   -0.0495035      1.19332      1.33421      6.36061      2.90663     0.225925     -10.1883    -0.234239     0.770814      0.95915      -3.5869      2.71578
   0.0517463     0.639504 -3.77897e-05    -0.150824   0.00240794    0.0118816   -0.0233386   -0.0528474    -0.177878   -0.0341318    -0.194621    -0.233685    0.0374093  -0.00449374    0.0691244    -0.143028
 3.10821e-05 -3.77897e-05  2.71385e-06 -0.000167179 -1.04096e-05   0.00014706  -0.00028968 -0.000264882 -0.000112311   9.1481e-06  0.000110485   0.00023843  6.01202e-05 -0.000369395  0.000512078  0.000363079
     7.11191    -0.150824 -0.000167179      30.7956    0.0139851     -1.96513      1.85123     -1.32072     -3.57246    0.0428747      13.7019     -1.78738      1.07544  -0.00567059      3.31699    -0.600449
  -0.0495035   0.00240794 -1.04096e-05    0.0139851    0.0284333   -0.0183467    0.0292942    0.0475646     -0.16902 -0.000207937    0.0372066   -0.0359407 -0.000828577    0.0104019   -0.0179754    0.0509335
     1.19332    0.0118816   0.00014706     -1.96513   -0.0183467      12.1946    -0.761705      2.32894     0.197312     0.019488      -2.1254     -1.18896   -0.0153242    -0.546431     -1.28509    0.0407904
     1.33421   -0.0233386  -0.00028968      1.85123    0.0292942    -0.761705      41.0174    -0.600074     -32.5947   -0.0851402     0.189344    -0.876625    -0.314808     0.994789     0.714707    -0.217877
     6.36061   -0.0528474 -0.000264882     -1.32072    0.0475646      2.32894    -0.600074       51.895      9.30098     0.531503      6.65982     -4.37135     0.283972      2.09108     -22.5251     -2.88586
     2.90663    -0.177878 -0.000112311     -3.57246     -0.16902     0.197312     -32.5947      9.30098      599.522     -0.14172      26.7309        1.291     0.176805      12.0946     -32.5587     -11.4715
    0.225925   -0.0341318   9.1481e-06    0.0428747 -0.000207937     0.019488   -0.0851402     0.531503     -0.14172     0.136114   -0.0495415   -0.0650732  -0.00300823    0.0192645    -0.232206  -0.00460139
    -10.1883    -0.194621  0.000110485      13.7019    0.0372066      -2.1254     0.189344      6.65982      26.7309   -0.0495415      29.6126      7.37943    0.0983796      1.00805      5.55741     -3.28243
   -0.234239    -0.233685   0.00023843     -1.78738   -0.0359407     -1.18896    -0.876625     -4.37135        1.291   -0.0650732      7.37943      30.5339    -0.389183     0.149783     -2.83775      1.25454
    0.770814    0.0374093  6.01202e-05      1.07544 -0.000828577   -0.0153242    -0.314808     0.283972     0.176805  -0.00300823    0.0983796    -0.389183      1.78106     0.184426   -0.0422173            0
     0.95915  -0.00449374 -0.000369395  -0.00567059    0.0104019    -0.546431     0.994789      2.09108      12.0946    0.0192645      1.00805     0.149783     0.184426      35.2851     -1.21289     0.455737
     -3.5869    0.0691244  0.000512078      3.31699   -0.0179754     -1.28509     0.714707     -22.5251     -32.5587    -0.232206      5.55741     -2.83775   -0.0422173     -1.21289        22.55      1.34772
     2.71578    -0.143028  0.000363079    -0.600449    0.0509335    0.0407904    -0.217877     -2.88586     -11.4715  -0.00460139     -3.28243      1.25454            0     0.455737      1.34772      47.2466
