     23.6837     0.109321  0.000456476      8.12803    -0.146207      13.4205      1.32361      7.29548       6.2901     0.491046     -10.3895    -0.361525      1.17992      19.3346     -4.11963      2.28118
    0.109321      2.74606 -0.000984839    -0.302701    0.0116769     0.173895    0.0938904    -0.173777    -0.364817    -0.151757    -0.417464    -0.413011     0.123866   -0.0842581     0.190099    -0.257053
 0.000456476 -0.000984839  0.000395513   -0.0021718 -0.000364458   0.00488873  -0.00527665  -0.00257123   -0.0018028  0.000222511   0.00118549   0.00289358   0.00100786  -0.00356588   0.00539826   0.00368912
     8.12803    -0.302701   -0.0021718        32.79    0.0289725     -1.77943      3.30782     -2.03395     -3.56016    0.0863902      14.3602     -2.32197      1.60314      15.1712      4.72464    -0.383351
   -0.146207    0.0116769 -0.000364458    0.0289725     0.242114    -0.166347     0.125144     0.143608    -0.453313 -0.000923871     0.109566      -0.1141  -0.00364895   -0.0716206   -0.0520806     0.129434
     13.4205     0.173895   0.00488873     -1.77943    -0.166347      19.3001     -1.62981     -8.23526     -34.2024    0.0510997     -12.5041   -0.0756878     0.309792      7.22357       5.8337      3.12756
     1.32361    0.0938904  -0.00527665      3.30782     0.125144     -1.62981      73.5301    -0.868653     -44.8558    -0.257783     0.764888    -0.979792    -0.634495      2.26069      1.92197    -0.260596
     7.29548    -0.173777  -0.00257123     -2.03395     0.143608     -8.23526    -0.868653      54.1963      12.0343      1.14261      7.40703     -4.98988     0.419738      5.84352     -24.9942     -2.46745
      6.2901    -0.364817   -0.0018028     -3.56016    -0.453313     -34.2024     -44.8558      12.0343      617.737    -0.217529      27.5717     0.691466     0.125816      1.70277     -27.7485     -10.1618
    0.491046    -0.151757  0.000222511    0.0863902 -0.000923871    0.0510997    -0.257783      1.14261    -0.217529     0.601366    -0.103082    -0.147172  -0.00826552     0.432491    -0.539783  -0.00882544
    -10.3895    -0.417464   0.00118549      14.3602     0.109566     -12.5041     0.764888      7.40703      27.5717    -0.103082      31.3996      8.06233    0.0787586     -4.70323      5.34826     -2.78168
   -0.361525    -0.413011   0.00289358     -2.32197      -0.1141   -0.0756878    -0.979792     -4.98988     0.691466    -0.147172      8.06233      32.2361    -0.656512      3.89751     -2.98175      1.14103
     1.17992     0.123866   0.00100786      1.60314  -0.00364895     0.309792    -0.634495     0.419738     0.125816  -0.00826552    0.0787586    -0.656512      3.85168      1.34803  -0.00718941            0
     19.3346   -0.0842581  -0.00356588      15.1712   -0.0716206      7.22357      2.26069      5.84352      1.70277     0.432491     -4.70323      3.89751      1.34803      28.6004     -6.65593      1.78805
    -4.11963     0.190099   0.00539826      4.72464   -0.0520806       5.8337      1.92197     -24.9942     -27.7485    -0.539783      5.34826     -2.98175  -0.00718941     -6.65593      24.6475      1.03938
     2.28118    -0.257053   0.00368912    -0.383351     0.129434      3.12756    -0.260596     -2.46745     -10.1618  -0.00882544     -2.78168      1.14103            0      1.78805      1.03938      32.9143
