 2.27006e-05 -4.81636e-06   0.00535521  -0.00317767 -0.000909584  0.000414177  -0.00225479  0.000169452  8.67938e-06 -2.74967e+06 -7.80736e-07 -5.22497e-05   0.00421167  2.33558e-06  6.17936e-05
-4.81636e-06    0.0530042   -0.0891038   -0.0104551   0.00418318   0.00322598    0.0160426    0.0782241  -0.00256654 -1.09531e+09 -5.77583e-05  -0.00926239   -0.0422012  -0.00129323    0.0014927
  0.00535521   -0.0891038      96.4695     -14.4581     -19.2147     0.197032      6.09629      6.05263    0.0480514 -2.96762e+09  -0.00578085       2.7506      2.02324     0.136832     0.555705
 -0.00317767   -0.0104551     -14.4581      98.0241      -14.284     -10.9339       9.0081     -3.91103     0.172351   3.3751e+09  -0.00603881     0.999935      11.5085    -0.250371    -0.763304
-0.000909584   0.00418318     -19.2147      -14.284      17.6828      3.45809       -3.156     -1.62852    -0.159068  -5.8211e+09  0.000235609     -1.56445     -9.70023   -0.0200306  -0.00250142
 0.000414177   0.00322598     0.197032     -10.9339      3.45809      75.7153      4.28666     -1.27891  -0.00693335 -2.08108e+09  -0.00125273     0.743247     -8.37595    0.0501192    0.0793285
 -0.00225479    0.0160426      6.09629       9.0081       -3.156      4.28666       24.495     -5.31006     0.161987 -6.71698e+09   0.00163859      -1.4998     -16.6507    0.0563201    -0.206112
 0.000169452    0.0782241      6.05263     -3.91103     -1.62852     -1.27891     -5.31006      21.8717   -0.0444616  3.55307e+09   0.00408697      1.90559     -0.17401     0.228897     -0.24136
 8.67938e-06  -0.00256654    0.0480514     0.172351    -0.159068  -0.00693335     0.161987   -0.0444616     0.182593            0  9.46008e-05    0.0160453      0.13802  -0.00086505   0.00743942
-2.74967e+06 -1.09531e+09 -2.96762e+09   3.3751e+09  -5.8211e+09 -2.08108e+09 -6.71698e+09  3.55307e+09            0  2.63478e+20  2.46735e+06            0  1.27363e+10  1.71474e+08 -2.11497e+08
-7.80736e-07 -5.77583e-05  -0.00578085  -0.00603881  0.000235609  -0.00125273   0.00163859   0.00408697  9.46008e-05  2.46735e+06  0.000428166   0.00391125 -0.000706542  -0.00108804 -0.000485092
-5.22497e-05  -0.00926239       2.7506     0.999935     -1.56445     0.743247      -1.4998      1.90559    0.0160453            0   0.00391125      36.7749      2.35372    -0.130332   -0.0352804
  0.00421167   -0.0422012      2.02324      11.5085     -9.70023     -8.37595     -16.6507     -0.17401      0.13802  1.27363e+10 -0.000706542      2.35372      49.1959    -0.385901     0.173823
 2.33558e-06  -0.00129323     0.136832    -0.250371   -0.0200306    0.0501192    0.0563201     0.228897  -0.00086505  1.71474e+08  -0.00108804    -0.130332    -0.385901      0.41859    0.0766568
 6.17936e-05    0.0014927     0.555705    -0.763304  -0.00250142    0.0793285    -0.206112     -0.24136   0.00743942 -2.11497e+08 -0.000485092   -0.0352804     0.173823    0.0766568     0.369497
