  1.1725e-07  8.08643e-06 -8.22353e-05 -1.64802e-05 -0.000215349 -8.92395e-05  9.13088e-08  4.71549e-05 -6.42082e-05 -6.82905e-05  9.38625e-05   6.4091e-05  7.33381e-06 -1.44055e-06 -8.03158e-10 -0.000295244
 8.08643e-06      4.44388    -0.252197    -0.202421   -0.0820881      0.59079  -0.00376465    -0.363836    -0.287632     -1.14086    0.0356935    -0.286292     0.927985   -0.0124311 -1.52235e-05    -0.159206
-8.22353e-05    -0.252197      58.1237    0.0483139      1.95312     -3.43417  0.000655199      3.92985     0.553594      1.98889      3.43405      7.52044    -0.321548   -0.0417152   3.6837e-05     0.356461
-1.64802e-05    -0.202421    0.0483139      4.54022    -0.337754     -2.07612 -0.000450577     0.438636    -0.189723     0.298464      2.70243    -0.391199    -0.284761   0.00291475  2.83206e-06    -0.904658
-0.000215349   -0.0820881      1.95312    -0.337754      56.9016        0.172     0.021691     -2.41485     -4.96802     -1.16619      2.05604     0.194525    -0.268266    0.0640496   5.1476e-05      9.91077
-8.92395e-05      0.59079     -3.43417     -2.07612        0.172      101.956    0.0203674   -0.0243087     0.149989    0.0449908     -146.354     -3.44989    -0.617427    0.0653615  1.20664e-05     -10.0711
 9.13088e-08  -0.00376465  0.000655199 -0.000450577     0.021691    0.0203674   0.00183873   -0.0278622   0.00565731    0.0162152   -0.0205564    0.0203012   -0.0139637  0.000353336  8.12333e-08  -0.00536633
 4.71549e-05    -0.363836      3.92985     0.438636     -2.41485   -0.0243087   -0.0278622      30.4801     -1.53348      7.24427      -4.6545     -4.74227      8.43095    0.0176412 -2.69065e-06     -2.72623
-6.42082e-05    -0.287632     0.553594    -0.189723     -4.96802     0.149989   0.00565731     -1.53348      31.7414      5.25642     -4.87188     -4.10585      4.35402   -0.0215996   3.0336e-05     0.291289
-6.82905e-05     -1.14086      1.98889     0.298464     -1.16619    0.0449908    0.0162152      7.24427      5.25642      36.4295       1.2954     -8.25761      -8.1661    -0.147256  4.70074e-05     -1.80543
 9.38625e-05    0.0356935      3.43405      2.70243      2.05604     -146.354   -0.0205564      -4.6545     -4.87188       1.2954      218.505      6.30783      3.18718    -0.115346 -1.86459e-06      8.63035
  6.4091e-05    -0.286292      7.52044    -0.391199     0.194525     -3.44989    0.0203012     -4.74227     -4.10585     -8.25761      6.30783      188.479     0.670948    -0.214008 -2.54552e-05     0.665861
 7.33381e-06     0.927985    -0.321548    -0.284761    -0.268266    -0.617427   -0.0139637      8.43095      4.35402      -8.1661      3.18718     0.670948      16.1487    0.0287982  1.51669e-05     -2.14423
-1.44055e-06   -0.0124311   -0.0417152   0.00291475    0.0640496    0.0653615  0.000353336    0.0176412   -0.0215996    -0.147256    -0.115346    -0.214008    0.0287982    0.0387488 -3.24317e-07  -0.00623673
-8.03158e-10 -1.52235e-05   3.6837e-05  2.83206e-06   5.1476e-05  1.20664e-05  8.12333e-08 -2.69065e-06   3.0336e-05  4.70074e-05 -1.86459e-06 -2.54552e-05  1.51669e-05 -3.24317e-07  9.40355e-09  3.95045e-05
-0.000295244    -0.159206     0.356461    -0.904658      9.91077     -10.0711  -0.00536633     -2.72623     0.291289     -1.80543      8.63035     0.665861     -2.14423  -0.00623673  3.95045e-05      310.712
