     22.1042    0.0262412  1.21264e-05      6.82658    -0.018417     0.763251      1.14844      5.84467      3.56735      0.10777     -10.3534   -0.0538165     0.571154     0.445568     -3.19109      3.60944
   0.0262412     0.161617 -3.26211e-06   -0.0776317  0.000446503   0.00402194   -0.0122684   -0.0285678   -0.0746582   -0.0082751   -0.0943832    -0.117997    0.0140793  -0.00861619    0.0339835   -0.0941167
 1.21264e-05 -3.26211e-06  8.36936e-08 -2.83562e-05 -6.76034e-07    1.669e-05 -4.33805e-05 -4.76638e-05 -9.58063e-06  7.87344e-07   1.8882e-05  3.80855e-05  7.84302e-06 -6.31332e-05  9.19393e-05  8.27584e-05
     6.82658   -0.0776317 -2.83562e-05      30.7057   0.00534539     -1.38442      1.58865     -1.02639     -5.36939    0.0209769       13.511      -1.3401     0.799606    0.0161798      2.46303    -0.838982
   -0.018417  0.000446503 -6.76034e-07   0.00534539   0.00387895  -0.00437477    0.0093192     0.017908   -0.0671839  -3.6948e-05     0.013283   -0.0131951 -0.000228074    0.0037346  -0.00629241    0.0246348
    0.763251   0.00402194    1.669e-05     -1.38442  -0.00437477      5.56776    -0.419231      1.59891     0.270018   0.00639402     -1.40417    -0.750252   -0.0103999    -0.359796    -0.801344    0.0384636
     1.14844   -0.0122684 -4.33805e-05      1.58865    0.0093192    -0.419231      30.3904    -0.499598      -29.469   -0.0352161     0.168169    -0.799018    -0.201941     0.697848     0.550728    -0.245128
     5.84467   -0.0285678 -4.76638e-05     -1.02639     0.017908      1.59891    -0.499598      52.1008        11.21     0.255614      6.12964     -4.01445     0.209587      1.45679     -20.8356      -3.8712
     3.56735   -0.0746582 -9.58063e-06     -5.36939   -0.0671839     0.270018      -29.469        11.21      651.557   -0.0658814        24.33      1.38268     0.118983      10.1233      -40.581     -15.1876
     0.10777   -0.0082751  7.87344e-07    0.0209769  -3.6948e-05   0.00639402   -0.0352161     0.255614   -0.0658814    0.0316511   -0.0259569   -0.0301611  -0.00108501   0.00713892   -0.0993066  -0.00290534
    -10.3534   -0.0943832   1.8882e-05       13.511     0.013283     -1.40417     0.168169      6.12964        24.33   -0.0259569      29.4688      7.07825    0.0698847     0.982583      6.31652     -4.20595
  -0.0538165    -0.117997  3.80855e-05      -1.3401   -0.0131951    -0.750252    -0.799018     -4.01445      1.38268   -0.0301611      7.07825        30.46    -0.283811    -0.295783     -2.78049      1.62204
    0.571154    0.0140793  7.84302e-06     0.799606 -0.000228074   -0.0103999    -0.201941     0.209587     0.118983  -0.00108501    0.0698847    -0.283811     0.996201     0.110487   -0.0390589            0
    0.445568  -0.00861619 -6.31332e-05    0.0161798    0.0037346    -0.359796     0.697848      1.45679      10.1233   0.00713892     0.982583    -0.295783     0.110487      28.2341    -0.710604     0.459962
    -3.19109    0.0339835  9.19393e-05      2.46303  -0.00629241    -0.801344     0.550728     -20.8356      -40.581   -0.0993066      6.31652     -2.78049   -0.0390589    -0.710604      21.8917       1.8279
     3.60944   -0.0941167  8.27584e-05    -0.838982    0.0246348    0.0384636    -0.245128      -3.8712     -15.1876  -0.00290534     -4.20595      1.62204            0     0.459962       1.8279      80.9973
