  0.00014841 -1.78681e-05    0.0116988  -0.00804835  -0.00243572  0.000993089  -0.00584172  0.000517944  2.84971e-05      -137375 -4.68564e-06 -0.000122371    0.0107313  6.96983e-06  0.000275415
-1.78681e-05     0.111397   -0.0985573   -0.0169611   0.00586888   0.00447932    0.0226951       0.1133  -0.00445779 -3.10709e+07 -0.000195531   -0.0122951    -0.060084  -0.00246599   0.00377699
   0.0116988   -0.0985573      70.2112      -14.585     -17.4747      0.21887      4.99197      6.57803    0.0608417 -3.76465e+07   -0.0100697      2.24935      1.97781     0.181205     0.813059
 -0.00804835   -0.0169611      -14.585      98.3043     -15.1373     -10.3649      8.26869     -4.27228     0.202579   6.7539e+07   -0.0143691     0.917978      12.3011    -0.336149     -1.32541
 -0.00243572   0.00586888     -17.4747     -15.1373      19.1577      3.49277     -2.84622     -1.80965    -0.199799 -1.21163e+08  0.000514601     -1.50773     -10.6757   -0.0218402   0.00368354
 0.000993089   0.00447932      0.21887     -10.3649      3.49277      66.9093      4.13153     -1.21532   -0.0078648 -3.82637e+07  -0.00275362     0.637378      -7.9098    0.0617897     0.129888
 -0.00584172    0.0226951      4.99197      8.26869     -2.84622      4.13153      24.8571     -5.66275     0.193808 -1.34505e+08   0.00385423     -1.42183     -16.7796    0.0720469     -0.35699
 0.000517944       0.1133      6.57803     -4.27228     -1.80965     -1.21532     -5.66275      21.9457   -0.0529062  7.07564e+07   0.00962115      1.75715     0.179038      0.30019    -0.416585
 2.84971e-05  -0.00445779    0.0608417     0.202579    -0.199799   -0.0078648     0.193808   -0.0529062     0.263046            0  0.000266541    0.0176222     0.167763  -0.00136426    0.0156128
     -137375 -3.10709e+07 -3.76465e+07   6.7539e+07 -1.21163e+08 -3.82637e+07 -1.34505e+08  7.07564e+07            0  1.00918e+17       114538            0  2.49723e+08  4.40911e+06  -7.2244e+06
-4.68564e-06 -0.000195531   -0.0100697   -0.0143691  0.000514601  -0.00275362   0.00385423   0.00962115  0.000266541       114538     0.002348   0.00838184  -0.00158692   -0.0033492  -0.00198879
-0.000122371   -0.0122951      2.24935     0.917978     -1.50773     0.637378     -1.42183      1.75715    0.0176222            0   0.00838184      30.8575      2.17159    -0.156859   -0.0563818
   0.0107313    -0.060084      1.97781      12.3011     -10.6757      -7.9098     -16.7796     0.179038     0.167763  2.49723e+08  -0.00158692      2.17159      49.2825     -0.50631      0.29186
 6.96983e-06  -0.00246599     0.181205    -0.336149   -0.0218402    0.0617897    0.0720469      0.30019  -0.00136426  4.40911e+06   -0.0033492    -0.156859     -0.50631     0.723097     0.175888
 0.000275415   0.00377699     0.813059     -1.32541   0.00368354     0.129888     -0.35699    -0.416585    0.0156128  -7.2244e+06  -0.00198879   -0.0563818      0.29186     0.175888      1.12593
