   25.7464    1.88493 -0.0211778    10.0165   -18.8129    17.1105   -1.28997    9.20904    16.7964     1.7553   -10.3294  -0.655659   -8.73842    23.3548    -5.9836  -0.429057
   1.88493    78.9185  -0.780262   0.371931   -3.11845 -0.0413384    1.87589    3.89096    8.24784   -1.43123    0.79633  -0.625189   -1.92079    1.48117   -1.66276   -14.3632
-0.0211778  -0.780262    9.50124  -0.410394    -0.2162   0.581129  -0.620612  -0.549449  -0.578668     0.3124   0.220298   0.483488   0.664684  -0.491165   0.862278  -0.182723
   10.0165   0.371931  -0.410394    36.4853    12.6534  -0.703506     13.476   -2.95584   -10.6368   0.289857     15.757   -3.86402   -8.83568    18.6888    7.63829   -1.62375
  -18.8129   -3.11845    -0.2162    12.6534    48.0918   -10.5875     3.8068   -27.8818   -44.8524    2.08533    15.1422   -3.30679    8.28284   -12.4979    21.2008   -3.81441
   17.1105 -0.0413384   0.581129  -0.703506   -10.5875    23.3196   -10.0607    -10.494   -18.7807     1.0047   -17.9689  -0.264052    1.53147    12.6243    5.41576    1.20179
  -1.28997    1.87589  -0.620612     13.476     3.8068   -10.0607    24.6843    10.1076     52.975   -3.45251    20.3065     4.9741  -0.731571    5.13688   -1.16606   0.116338
   9.20904    3.89096  -0.549449   -2.95584   -27.8818    -10.494    10.1076    60.3057    16.0518    2.20877    7.97759   -6.32285   -20.8061    8.04489   -30.4466   -1.76023
   16.7964    8.24784  -0.578668   -10.6368   -44.8524   -18.7807     52.975    16.0518    607.424   -19.6713    21.9823     1.6652   -26.7304    2.13316   -25.1672    8.38555
    1.7553   -1.43123     0.3124   0.289857    2.08533     1.0047   -3.45251    2.20877   -19.6713     23.892   0.927355   -2.70995   -1.15995   0.978426    2.00078   -11.0548
  -10.3294    0.79633   0.220298     15.757    15.1422   -17.9689    20.3065    7.97759    21.9823   0.927355    35.9528    10.2013    1.57681   -4.09152    5.42044   -3.45899
 -0.655659  -0.625189   0.483488   -3.86402   -3.30679  -0.264052     4.9741   -6.32285     1.6652   -2.70995    10.2013    36.3247    21.0055    4.31292   -3.61016    4.30759
  -8.73842   -1.92079   0.664684   -8.83568    8.28284    1.53147  -0.731571   -20.8061   -26.7304   -1.15995    1.57681    21.0055    33.0223   -7.05927     9.1508   -1.81068
   23.3548    1.48117  -0.491165    18.6888   -12.4979    12.6243    5.13688    8.04489    2.13316   0.978426   -4.09152    4.31292   -7.05927    29.8949   -7.68345   0.218137
   -5.9836   -1.66276   0.862278    7.63829    21.2008    5.41576   -1.16606   -30.4466   -25.1672    2.00078    5.42044   -3.61016     9.1508   -7.68345    28.0348   -3.49602
 -0.429057   -14.3632  -0.182723   -1.62375   -3.81441    1.20179   0.116338   -1.76023    8.38555   -11.0548   -3.45899    4.30759   -1.81068   0.218137   -3.49602    57.4136
