 1.39619e+17  2.37799e+07   2.7624e+08  1.08617e+08            0 -1.09058e+08            0
 2.37799e+07       10.182     -1.75167    -0.380139     -2.94713     0.204122     -6195.74
  2.7624e+08     -1.75167      14.2449      7.79373      6.11153     -2.41271     -9345.84
 1.08617e+08    -0.380139      7.79373      13.2434      10.9153     -1.46221     -6542.26
           0     -2.94713      6.11153      10.9153        145.3     0.607707     -19384.4
-1.09058e+08     0.204122     -2.41271     -1.46221     0.607707      12.7012      -3715.8
           0     -6195.74     -9345.84     -6542.26     -19384.4      -3715.8  2.37761e+08
