 5.65428e+15  3.16081e+06  5.56973e+07  2.43136e+07            0 -2.40782e+07            0
 3.16081e+06      9.93915     -2.02177    -0.665786     -1.79058     0.348175     -5821.48
 5.56973e+07     -2.02177      14.2081       8.1302      3.48677     -2.89545     -9389.11
 2.43136e+07    -0.665786       8.1302      13.2883      6.45262     -1.90205     -6842.52
           0     -1.79058      3.48677      6.45262      50.7333     0.173638     -11409.8
-2.40782e+07     0.348175     -2.89545     -1.90205     0.173638       12.336     -3146.78
           0     -5821.48     -9389.11     -6842.52     -11409.8     -3146.78  2.35898e+08
