    5078.02    -11.7175     58.8058     31.6609           0    -28.3937    -57260.4
   -11.7175     9.21932    -3.16129     -1.8571   -0.264195     1.29751    -1630.05
    58.8058    -3.16129     14.1774     8.46383    0.377476    -4.95824    -5370.15
    31.6609     -1.8571     8.46383     13.7365     0.83539    -3.86918    -3771.93
          0   -0.264195    0.377476     0.83539    0.859752  -0.0873114    -543.643
   -28.3937     1.29751    -4.95824    -3.86918  -0.0873114     11.6888    -182.103
   -57260.4    -1630.05    -5370.15    -3771.93    -543.643    -182.103 5.45041e+07
