 3.41348e+10       262.43     -24293.5 -1.46982e+10      1.25635     -1.08168            0      -145701   1.6585e+06      1.23764      -15.757      72836.8      1085.17      8935.68      26395.4       1871.4
      262.43    0.0169799    -0.136982     -4954.59  1.40757e-06  1.05024e-06 -8.14075e-07    0.0807567     -4.28648  2.12501e-07 -3.34542e-06    -0.195924  -0.00686263   -0.0438137   -0.0754022 -5.82598e-06
    -24293.5    -0.136982      21.5803       243645 -0.000132958 -5.38044e-05  4.34519e-05     -2.60077       139.27  -2.8546e-07 -0.000636998     -6.30562    -0.389687      5.60441   -0.0593657 -0.000248295
-1.46982e+10     -4954.59       243645  2.33751e+12      8.52849      1.40526      4.18057      -475430 -5.12164e+07      3.67323      16.4718      40487.7      -102095      23221.9       218016     -631.136
     1.25635  1.40757e-06 -0.000132958      8.52849  1.67689e-07  4.43994e-09 -8.45904e-10  0.000104601   0.00772914  2.95773e-09 -2.45677e-09 -0.000183969  2.63375e-06  0.000166936  8.98117e-05  8.71301e-08
    -1.08168  1.05024e-06 -5.38044e-05      1.40526  4.43994e-09  1.27583e-07  1.28764e-09     0.000104    -0.004089 -4.03934e-09  1.68536e-08 -7.44962e-05 -1.42116e-05  3.29106e-05 -1.02382e-05 -4.62155e-08
           0 -8.14075e-07  4.34519e-05      4.18057 -8.45904e-10  1.28764e-09  1.49519e-08  -7.1225e-05  -0.00638613 -5.28202e-10 -1.29449e-09  -7.7269e-06 -1.84994e-06  -1.9053e-05  3.39978e-05  2.67635e-08
     -145701    0.0807567     -2.60077      -475430  0.000104601     0.000104  -7.1225e-05      40.0968      6.03342 -7.89097e-05  0.000486337     -11.6847     0.379201    0.0663882     -10.2873  -0.00771351
  1.6585e+06     -4.28648       139.27 -5.12164e+07   0.00772914    -0.004089  -0.00638613      6.03342  1.14581e+06  -0.00942659   -0.0685478       -40.78       31.442      -17.125     -106.877     0.361635
     1.23764  2.12501e-07  -2.8546e-07      3.67323  2.95773e-09 -4.03934e-09 -5.28202e-10 -7.89097e-05  -0.00942659  5.09241e-08  -3.0164e-09 -2.26489e-05 -2.75547e-06  7.29171e-05  4.67695e-05  5.34739e-09
     -15.757 -3.34542e-06 -0.000636998      16.4718 -2.45677e-09  1.68536e-08 -1.29449e-09  0.000486337   -0.0685478  -3.0164e-09  2.02384e-06  0.000226665 -1.45135e-05  0.000277918 -6.41172e-05 -4.87359e-07
     72836.8    -0.195924     -6.30562      40487.7 -0.000183969 -7.44962e-05  -7.7269e-06     -11.6847       -40.78 -2.26489e-05  0.000226665      34.1852     0.359526     -4.83786     -9.24087    0.0044806
     1085.17  -0.00686263    -0.389687      -102095  2.63375e-06 -1.42116e-05 -1.84994e-06     0.379201       31.442 -2.75547e-06 -1.45135e-05     0.359526      1.47408     0.321206    -0.169801  0.000108955
     8935.68   -0.0438137      5.60441      23221.9  0.000166936  3.29106e-05  -1.9053e-05    0.0663882      -17.125  7.29171e-05  0.000277918     -4.83786     0.321206      54.7367      2.96738  -0.00496332
     26395.4   -0.0754022   -0.0593657       218016  8.98117e-05 -1.02382e-05  3.39978e-05     -10.2873     -106.877  4.67695e-05 -6.41172e-05     -9.24087    -0.169801      2.96738      11.2475  0.000827571
      1871.4 -5.82598e-06 -0.000248295     -631.136  8.71301e-08 -4.62155e-08  2.67635e-08  -0.00771351     0.361635  5.34739e-09 -4.87359e-07    0.0044806  0.000108955  -0.00496332  0.000827571   0.00011591
