 3.41386e+10      1101.02       -26209 -1.00402e+10      5.95137     -3.66555            0      -145302       282809      1.75115     -111.524        74506      1519.72      6888.22      26743.8      6977.13
     1101.02     0.451422    -0.765531     -18363.4  3.50081e-05  1.87694e-05 -8.00785e-06     0.453898     -3.10983   1.6083e-06 -0.000116242    -0.914764   -0.0484893    -0.242514    -0.372794 -0.000170151
      -26209    -0.765531      24.8308       178592 -0.000689957 -0.000199402  8.81836e-05     -3.03235      28.6128  1.95337e-07  -0.00496356     -7.97367    -0.579856      6.98408    0.0352015  -0.00101753
-1.00402e+10     -18363.4       178592  1.08367e+12      25.4911      2.81983      5.22377      -325492 -5.93761e+06      3.59168      82.3969      19028.4     -96200.1      25366.2       148427     -1598.16
     5.95137  3.50081e-05 -0.000689957      25.4911  3.91638e-06  7.10043e-08 -7.23268e-09  0.000502865   0.00587969  2.13267e-08 -8.52274e-08 -0.000871575  1.58232e-05  0.000777639  0.000446532  1.51286e-06
    -3.66555  1.87694e-05 -0.000199402      2.81983  7.10043e-08  1.54481e-06  8.26534e-09  0.000355888  -0.00262247 -2.00629e-08  3.96007e-07 -0.000215665 -6.58982e-05  0.000131138 -4.75823e-05    -5.92e-07
           0 -8.00785e-06  8.81836e-05      5.22377 -7.23268e-09  8.26534e-09  5.25734e-08 -0.000133945  -0.00207801 -1.42612e-09 -1.68535e-08 -1.87834e-05 -4.63826e-06 -3.09906e-05   6.3669e-05  1.87702e-07
     -145302     0.453898     -3.03235      -325492  0.000502865  0.000355888 -0.000133945      40.1565      7.04889 -0.000114135   0.00347013       -11.77     0.526051    -0.367698     -10.3703   -0.0287576
      282809     -3.10983      28.6128 -5.93761e+06   0.00587969  -0.00262247  -0.00207801      7.04889      33142.8   -0.0023657   -0.0838543     -8.35249      7.36625      1.69067     -22.1492     0.222527
     1.75115   1.6083e-06  1.95337e-07      3.59168  2.13267e-08 -2.00629e-08 -1.42612e-09 -0.000114135   -0.0023657  1.06201e-07 -2.96749e-08 -3.25014e-05 -5.44634e-06  0.000107701  6.88911e-05  2.77435e-08
    -111.524 -0.000116242  -0.00496356      82.3969 -8.52274e-08  3.96007e-07 -1.68535e-08   0.00347013   -0.0838543 -2.96749e-08  0.000101943   0.00183846 -0.000146074    0.0017231 -0.000531568  -1.2577e-05
       74506    -0.914764     -7.97367      19028.4 -0.000871575 -0.000215665 -1.87834e-05       -11.77     -8.35249 -3.25014e-05   0.00183846      34.2176     0.500944     -6.70919     -9.33072    0.0170189
     1519.72   -0.0484893    -0.579856     -96200.1  1.58232e-05 -6.58982e-05 -4.63826e-06     0.526051      7.36625 -5.44634e-06 -0.000146074     0.500944       2.8267     0.409836    -0.240862  0.000558854
     6888.22    -0.242514      6.98408      25366.2  0.000777639  0.000131138 -3.09906e-05    -0.367698      1.69067  0.000107701    0.0017231     -6.70919     0.409836      55.2801      3.76081   -0.0185777
     26743.8    -0.372794    0.0352015       148427  0.000446532 -4.75823e-05   6.3669e-05     -10.3703     -22.1492  6.88911e-05 -0.000531568     -9.33072    -0.240862      3.76081      11.3305   0.00303869
     6977.13 -0.000170151  -0.00101753     -1598.16  1.51286e-06    -5.92e-07  1.87702e-07   -0.0287576     0.222527  2.77435e-08  -1.2577e-05    0.0170189  0.000558854   -0.0185777   0.00303869   0.00160902
