 3.42152e+10     -21287.3     -27832.7 -1.04063e+07      506.211     -445.437            0      -145517     -45869.6      140.896     -5201.64      78356.9       2754.5      4414.98      27159.7      75691.2
    -21287.3      16.7766     -7.94558     -206.131    0.0294155    0.0254545   -0.0129267      10.9069       1.1159  -0.00109549    0.0137411     -4.48423    -0.207641     -4.49243      -2.9556   -0.0661415
    -27832.7     -7.94558      30.5687       206.23   -0.0614208   -0.0278935    0.0157976     -3.84987      9.89757  0.000111977    -0.256987     -12.8612     -1.16572      12.4397     0.969699   -0.0192933
-1.04063e+07     -206.131       206.23  1.17371e+06      2.17892      0.39357     0.730632     -342.961     -314.189     0.292793      3.85405     -14.2626     -177.531      51.3908      152.496     -18.0159
     506.211    0.0294155   -0.0614208      2.17892     0.027835  0.000662792 -9.61808e-05    0.0447969 -0.000195009  0.000147397 -0.000314472   -0.0688354   0.00235883    0.0680715     0.039183   0.00136295
    -445.437    0.0254545   -0.0278935      0.39357  0.000662792     0.022508  0.000135221    0.0426792   -0.0123354 -0.000182342   0.00192314   -0.0203262   -0.0142677    0.0115999  -0.00538272  -0.00080787
           0   -0.0129267    0.0157976     0.730632 -9.61808e-05  0.000135221   0.00130898    -0.021396   -0.0178021 -1.80107e-05 -0.000120814  -0.00541068 -0.000749765  -0.00295378    0.0097857  0.000321787
     -145517      10.9069     -3.84987     -342.961    0.0447969    0.0426792    -0.021396       40.565      13.7879  -0.00787537     0.160489     -12.0727     0.911772     -1.59196     -10.2271     -0.31436
    -45869.6       1.1159      9.89757     -314.189 -0.000195009   -0.0123354   -0.0178021      13.7879      56.2709  -0.00895224    -0.154772     -3.04862     0.678619       7.4435     -8.05505     -0.03259
     140.896  -0.00109549  0.000111977     0.292793  0.000147397 -0.000182342 -1.80107e-05  -0.00787537  -0.00895224  0.000675638 -0.000111595  -0.00240927 -0.000762699   0.00991902    0.0052924  3.47216e-05
    -5201.64    0.0137411    -0.256987      3.85405 -0.000314472   0.00192314 -0.000120814     0.160489    -0.154772 -0.000111595     0.222531    0.0909324   -0.0119573    0.0536665   -0.0326695  -0.00637847
     78356.9     -4.48423     -12.8612     -14.2626   -0.0688354   -0.0203262  -0.00541068     -12.0727     -3.04862  -0.00240927    0.0909324      34.5864     0.844462     -12.5099     -10.4837     0.194416
      2754.5    -0.207641     -1.16572     -177.531   0.00235883   -0.0142677 -0.000749765     0.911772     0.678619 -0.000762699   -0.0119573     0.844462      9.02444     0.571794    -0.492094    0.0107317
     4414.98     -4.49243      12.4397      51.3908    0.0680715    0.0115999  -0.00295378     -1.59196       7.4435   0.00991902    0.0536665     -12.5099     0.571794       58.263      6.28738      -0.2035
     27159.7      -2.9556     0.969699      152.496     0.039183  -0.00538272    0.0097857     -10.2271     -8.05505    0.0052924   -0.0326695     -10.4837    -0.492094      6.28738       11.624    0.0293084
     75691.2   -0.0661415   -0.0192933     -18.0159   0.00136295  -0.00080787  0.000321787     -0.31436     -0.03259  3.47216e-05  -0.00637847     0.194416    0.0107317      -0.2035    0.0293084     0.188905
