 3.44463e+10     -26239.4     -29239.5      -962345      1326.14     -1344.78            0      -148753     -57095.5      580.482     -11651.9      80705.6      3314.38      3410.94      27858.4       123695
    -26239.4      17.5046     -8.66444     -20.8939    0.0868407    0.0852649   -0.0480636      12.7486      2.51291  -0.00552733     0.057471     -4.57348    -0.129734     -5.18494     -3.18076    -0.120525
    -29239.5     -8.66444      31.6331      21.8097    -0.160768   -0.0841973    0.0569851     -3.91593      8.49271     0.002862    -0.567036     -14.4383     -1.41023      14.0493      1.48029   -0.0472631
     -962345     -20.8939      21.8097      9599.87     0.575081      0.19167     0.226228     -31.8825      -15.021     0.110698      0.94164     -1.90891     -18.5169      6.32368      13.1593     -2.64717
     1326.14    0.0868407    -0.160768     0.575081     0.190998   0.00404085 -0.000833534     0.117328   -0.0292684   0.00163311   -0.0015675    -0.176195    0.0069882     0.181232     0.105695   0.00582883
    -1344.78    0.0852649   -0.0841973      0.19167   0.00404085     0.216722   0.00135649     0.116797    -0.101087  -0.00229468    0.0115962   -0.0559987   -0.0566877   -0.0239375   -0.0175044  -0.00450418
           0   -0.0480636    0.0569851     0.226228 -0.000833534   0.00135649    0.0149317   -0.0705988   -0.0441176 -0.000280609 -0.000878297   -0.0188007  -0.00313703  -0.00861208     0.030621   0.00182012
     -148753      12.7486     -3.91593     -31.8825     0.117328     0.116797   -0.0705988      42.0018         13.8   -0.0306336     0.377863     -12.7631       1.0022     -1.83861     -10.3342    -0.529364
    -57095.5      2.51291      8.49271      -15.021   -0.0292684    -0.101087   -0.0441176         13.8      26.4596   -0.0278376     -0.17585     -4.20137     0.569027      8.70105      -6.6554    -0.143598
     580.482  -0.00552733     0.002862     0.110698   0.00163311  -0.00229468 -0.000280609   -0.0306336   -0.0278376    0.0116214 -0.000897606   -0.0128532  -0.00370161    0.0412727    0.0222092  0.000263891
    -11651.9     0.057471    -0.567036      0.94164   -0.0015675    0.0115962 -0.000878297     0.377863     -0.17585 -0.000897606      1.09509     0.224833   -0.0290515     0.113611    -0.103636   -0.0233074
     80705.6     -4.57348     -14.4383     -1.90891    -0.176195   -0.0559987   -0.0188007     -12.7631     -4.20137   -0.0128532     0.224833      35.9125     0.951168     -14.5175     -10.9849     0.324232
     3314.38    -0.129734     -1.41023     -18.5169    0.0069882   -0.0566877  -0.00313703       1.0022     0.569027  -0.00370161   -0.0290515     0.951168      11.7822     0.619126    -0.532855    0.0203628
     3410.94     -5.18494      14.0493      6.32368     0.181232   -0.0239375  -0.00861208     -1.83861      8.70105    0.0412727     0.113611     -14.5175     0.619126      60.7242       7.3032    -0.338564
     27858.4     -3.18076      1.48029      13.1593     0.105695   -0.0175044     0.030621     -10.3342      -6.6554    0.0222092    -0.103636     -10.9849    -0.532855       7.3032      12.0866    0.0548792
      123695    -0.120525   -0.0472631     -2.64717   0.00582883  -0.00450418   0.00182012    -0.529364    -0.143598  0.000263891   -0.0233074     0.324232    0.0203628    -0.338564    0.0548792     0.501329
