 3.41459e+10       1852.3     -26940.8 -7.36585e+09      13.9559      -8.7205            0      -145195       131725      2.70465     -240.406      75468.9      1705.36       6410.7      27078.9      11231.1
      1852.3      1.38428     -1.38101     -24097.8  0.000141089  7.74106e-05 -2.54193e-05     0.852114     -2.32952  4.44766e-06 -0.000449608      -1.4867   -0.0946921    -0.423619    -0.619661  -0.00052198
    -26940.8     -1.38101      26.1723       134572  -0.00166101 -0.000485042  0.000164571      -3.2181      17.0371  1.15981e-06   -0.0109901      -8.7357    -0.670343       7.5879    0.0785178  -0.00167013
-7.36585e+09     -24097.8       134572  5.82277e+11      42.7249      4.35263      6.63228      -239806 -2.27915e+06      4.01189      129.588        10273       -79263      21494.3       108571     -1884.48
     13.9559  0.000141089  -0.00166101      42.7249  2.15011e-05   3.8805e-07 -3.03352e-08   0.00118695   0.00716492  7.60136e-08 -4.42193e-07  -0.00201983  4.09598e-05   0.00180832   0.00105517  5.67362e-06
     -8.7205  7.74106e-05 -0.000485042      4.35263   3.8805e-07  8.65958e-06  3.41328e-08   0.00084386  -0.00307737 -7.21211e-08  1.97638e-06 -0.000465081  -0.00017297  0.000329774 -0.000127099 -2.26972e-06
           0 -2.54193e-05  0.000164571      6.63228 -3.03352e-08  3.41328e-08  1.70224e-07 -0.000241824  -0.00196829 -3.92165e-09 -6.48464e-08 -3.88583e-05 -8.42648e-06 -5.22164e-05   0.00011423  5.46463e-07
     -145195     0.852114      -3.2181      -239806   0.00118695   0.00084386 -0.000241824      40.2335      7.40253 -0.000175378   0.00747857     -11.8683     0.587861     -0.54232     -10.4489   -0.0463127
      131725     -2.32952      17.0371 -2.27915e+06   0.00716492  -0.00307737  -0.00196829      7.40253       8953.6  -0.00194557   -0.0939372     -4.85841      4.34749      3.56177     -13.2625     0.180147
     2.70465  4.44766e-06  1.15981e-06      4.01189  7.60136e-08 -7.21211e-08 -3.92165e-09 -0.000175378  -0.00194557  2.50456e-07 -9.84172e-08 -4.93036e-05 -9.25084e-06   0.00016702  0.000106508  6.51235e-08
    -240.406 -0.000449608   -0.0109901      129.588 -4.42193e-07  1.97638e-06 -6.48464e-08   0.00747857   -0.0939372 -9.84172e-08  0.000473722   0.00403664  -0.00035165   0.00352019  -0.00121022 -4.36246e-05
     75468.9      -1.4867      -8.7357        10273  -0.00201983 -0.000465081 -3.88583e-05     -11.8683     -4.85841 -4.93036e-05   0.00403664       34.225     0.562092     -7.54109      -9.4544    0.0276586
     1705.36   -0.0946921    -0.670343       -79263  4.09598e-05  -0.00017297 -8.42648e-06     0.587861      4.34749 -9.25084e-06  -0.00035165     0.562092      3.57931     0.445177    -0.277049   0.00100964
      6410.7    -0.423619       7.5879      21494.3   0.00180832  0.000329774 -5.22164e-05     -0.54232      3.56177   0.00016702   0.00352019     -7.54109     0.445177      55.5813      4.10367   -0.0299901
     27078.9    -0.619661    0.0785178       108571   0.00105517 -0.000127099   0.00011423     -10.4489     -13.2625  0.000106508  -0.00121022      -9.4544    -0.277049      4.10367      11.3706   0.00489534
     11231.1  -0.00052198  -0.00167013     -1884.48  5.67362e-06 -2.26972e-06  5.46463e-07   -0.0463127     0.180147  6.51235e-08 -4.36246e-05    0.0276586   0.00100964   -0.0299901   0.00489534   0.00416814
