 3.41492e+10      414.064       -24707  -1.3742e+10      1.63756     -1.31138            0      -145653  1.00654e+06      1.29146     -25.3807        73150      1182.88      8785.07      26588.3      2682.81
     414.064    0.0422656    -0.220262     -7313.52    2.924e-06   2.0106e-06 -1.40563e-06      0.12782     -4.19674  3.50559e-07 -8.28311e-06    -0.303728   -0.0118274   -0.0701788    -0.117778 -1.31965e-05
      -24707    -0.220262      22.3937       231968 -0.000177669 -6.66805e-05  4.84539e-05     -2.70765      91.1873 -2.71227e-07  -0.00106427     -6.70308    -0.433973      5.93199    -0.036462 -0.000361524
 -1.3742e+10     -7313.52       231968  2.04156e+12      10.2634      1.56497       4.2617      -444401 -2.95541e+07      3.57729      25.4211      35286.5      -104293      24811.3       203951     -845.391
     1.63756    2.924e-06 -0.000177669      10.2634  2.88718e-07   7.0428e-09 -1.19882e-09  0.000137003   0.00620163  4.08303e-09 -5.11498e-09 -0.000240197   3.6981e-06  0.000217386  0.000118601  1.62557e-07
    -1.31138   2.0106e-06 -6.66805e-05      1.56497   7.0428e-09  1.88893e-07  1.71071e-09  0.000126228  -0.00311916 -5.11854e-09  3.28479e-08 -8.80726e-05 -1.87845e-05  4.07068e-05 -1.30773e-05 -8.02113e-08
           0 -1.40563e-06  4.84539e-05       4.2617 -1.19882e-09  1.71071e-09  1.78853e-08 -7.79039e-05  -0.00431085 -6.01874e-10 -2.28195e-09 -8.92052e-06 -2.19649e-06 -2.01337e-05  3.71987e-05  4.19267e-08
     -145653      0.12782     -2.70765      -444401  0.000137003  0.000126228 -7.79039e-05       40.079      5.41069 -8.22739e-05  0.000789233     -11.6875     0.414877   -0.0424234     -10.3073   -0.0110482
 1.00654e+06     -4.19674      91.1873 -2.95541e+07   0.00620163  -0.00311916  -0.00431085      5.41069       436843  -0.00608883   -0.0690304     -24.6798      21.2185     -8.44553     -68.2501     0.319501
     1.29146  3.50559e-07 -2.71227e-07      3.57729  4.08303e-09 -5.11854e-09 -6.01874e-10 -8.22739e-05  -0.00608883  5.53629e-08 -4.99935e-09 -2.35763e-05 -3.13545e-06  7.63522e-05  4.90016e-05  7.96352e-09
    -25.3807 -8.28311e-06  -0.00106427      25.4211 -5.11498e-09  3.28479e-08 -2.28195e-09  0.000789233   -0.0690304 -4.99935e-09  5.31378e-06  0.000387267 -2.61568e-05  0.000434354 -0.000110256 -1.11633e-06
       73150    -0.303728     -6.70308      35286.5 -0.000240197 -8.80726e-05 -8.92052e-06     -11.6875     -24.6798 -2.35763e-05  0.000387267      34.1702     0.394618     -5.28012     -9.22597   0.00644893
     1182.88   -0.0118274    -0.433973      -104293   3.6981e-06 -1.87845e-05 -2.19649e-06     0.414877      21.2185 -3.13545e-06 -2.61568e-05     0.394618      1.76131     0.344337    -0.186329  0.000170702
     8785.07   -0.0701788      5.93199      24811.3  0.000217386  4.07068e-05 -2.01337e-05   -0.0424234     -8.44553  7.63522e-05  0.000434354     -5.28012     0.344337      54.8269      3.15514  -0.00712164
     26588.3    -0.117778    -0.036462       203951  0.000118601 -1.30773e-05  3.71987e-05     -10.3073     -68.2501  4.90016e-05 -0.000110256     -9.22597    -0.186329      3.15514      11.2666   0.00118333
     2682.81 -1.31965e-05 -0.000361524     -845.391  1.62557e-07 -8.02113e-08  4.19267e-08   -0.0110482     0.319501  7.96352e-09 -1.11633e-06   0.00644893  0.000170702  -0.00712164   0.00118333  0.000238146
