   12493.5   -32.4598   -21.9729   -52.9849    4.70746   -15.8667   -5.64864   -86.5719   -51.8239    8.68199   -60.9743    49.4099    17.5494   -21.9229    22.0801    306.546
  -32.4598    19.1709   -9.78813    4.20743   0.703686    0.94129  -0.783679    16.4416    5.12629   -0.18483   0.351333   -4.24827  -0.338142   -6.81215   -4.39677  -0.614247
  -21.9729   -9.78813    33.9646    20.3968   -1.09607  -0.839394    0.82819     -3.702    6.44572   0.130994   -2.62493    -17.612   -1.44078    17.5231    2.27164  -0.250663
  -52.9849    4.20743    20.3968    33.9594   0.120049   0.325785   0.278371    15.0834     12.209  -0.280116   -2.18559   -28.7965   -2.02121   -1.46304    3.37873  -0.818457
   4.70746   0.703686   -1.09607   0.120049    9.29869   0.446955  -0.106584   0.860221 -0.0382361   0.234007 -0.0989973   -1.27102  -0.380804    1.42559    0.81424   0.184707
  -15.8667    0.94129  -0.839394   0.325785   0.446955    23.2435   0.202865    1.42185   -1.10482  -0.525326    0.67444  -0.677555   -1.10027  -0.604725   -0.15177  -0.216326
  -5.64864  -0.783679    0.82819   0.278371  -0.106584   0.202865    3.12293   -1.03192  -0.764124    -0.0842 -0.0842244  -0.252343 -0.0254096  -0.125837   0.432585   0.156756
  -86.5719    16.4416     -3.702    15.0834   0.860221    1.42185   -1.03192    43.6651    16.5867  -0.626886    1.68502   -14.2414    1.44885   -2.71662   -10.7463   -2.33579
  -51.8239    5.12629    6.44572     12.209 -0.0382361   -1.10482  -0.764124    16.5867    31.4767  -0.552865   -0.86238   -6.86552    1.78475    12.7204   -5.85228  -0.689568
   8.68199   -0.18483   0.130994  -0.280116   0.234007  -0.525326    -0.0842  -0.626886  -0.552865    4.93226  -0.088373  -0.247243  -0.165835   0.775904   0.436212  0.0318784
  -60.9743   0.351333   -2.62493   -2.18559 -0.0989973    0.67444 -0.0842244    1.68502   -0.86238  -0.088373     26.325    1.14488  -0.115082   0.337565  -0.524745  -0.398646
   49.4099   -4.24827    -17.612   -28.7965   -1.27102  -0.677555  -0.252343   -14.2414   -6.86552  -0.247243    1.14488    38.6928     1.3155   -19.2736   -11.6154    1.34389
   17.5494  -0.338142   -1.44078   -2.02121  -0.380804   -1.10027 -0.0254096    1.44885    1.78475  -0.165835  -0.115082     1.3155    38.3014   0.458782   -1.16754   0.121992
  -21.9229   -6.81215    17.5231   -1.46304    1.42559  -0.604725  -0.125837   -2.71662    12.7204   0.775904   0.337565   -19.2736   0.458782    65.7494    9.58474   -1.36579
   22.0801   -4.39677    2.27164    3.37873    0.81424   -0.15177   0.432585   -10.7463   -5.85228   0.436212  -0.524745   -11.6154   -1.16754    9.58474    13.0923   0.351359
   306.546  -0.614247  -0.250663  -0.818457   0.184707  -0.216326   0.156756   -2.33579  -0.689568  0.0318784  -0.398646    1.34389   0.121992   -1.36579   0.351359    9.58516
