3.05809e+10    -28917.5    -28509.8    -91308.5     3134.09    -4091.88           0     -139948    -55320.7     2241.76    -23811.4     78714.9     3623.91    -2265.57     25315.3      186012
   -28917.5     17.8142     -9.1501    -2.17939    0.236614    0.292911   -0.187324     14.2304     3.40652  -0.0320204    0.179533    -4.35465  -0.0495517     -5.7886     -3.5624   -0.215024
   -28509.8     -9.1501     32.0668     2.32807   -0.400626   -0.259411    0.205041    -3.72604     7.66497   0.0187073    -1.23726    -15.5912    -1.60975     15.4123     1.89116  -0.0894926
   -91308.5    -2.17939     2.32807     92.5175    0.175567   0.0550377    0.083982    -3.00195    -1.35954    0.026368    0.215008   -0.409433    -2.01561     1.13494     1.32316   -0.414539
    3134.09    0.236614   -0.400626    0.175567     1.24373   0.0340842 -0.00712349    0.299536  -0.0493255   0.0186363 -0.00871941   -0.445902   0.0198416    0.465703    0.273701   0.0235235
   -4091.88    0.292911   -0.259411   0.0550377   0.0340842     2.36618   0.0166958    0.384562   -0.331035  -0.0338377   0.0840523   -0.179544   -0.208653  -0.0918237  -0.0628772  -0.0235247
          0   -0.187324    0.205041    0.083982 -0.00712349   0.0166958    0.205961   -0.260612   -0.175797 -0.00465634 -0.00776448  -0.0618362  -0.0126819  -0.0345739    0.110519   0.0106803
    -139948     14.2304    -3.72604    -3.00195    0.299536    0.384562   -0.260612     41.9822     14.7515   -0.138319    0.809599    -13.2624     1.09392    -2.14547    -10.2963   -0.841913
   -55320.7     3.40652     7.66497    -1.35954  -0.0493255   -0.331035   -0.175797     14.7515     27.8311   -0.124453   -0.364037    -5.25018    0.684318     10.2644    -6.29821   -0.254013
    2241.76  -0.0320204   0.0187073    0.026368   0.0186363  -0.0338377 -0.00465634   -0.138319   -0.124453    0.232421 -0.00883354  -0.0572017  -0.0184403    0.185572    0.100516  0.00184416
   -23811.4    0.179533    -1.23726    0.215008 -0.00871941   0.0840523 -0.00776448    0.809599   -0.364037 -0.00883354     5.25948    0.494853  -0.0703351    0.199858   -0.233115  -0.0823652
    78714.9    -4.35465    -15.5912   -0.409433   -0.445902   -0.179544  -0.0618362    -13.2624    -5.25018  -0.0572017    0.494853     36.4227     1.04463    -16.3209    -11.1224    0.530372
    3623.91  -0.0495517    -1.60975    -2.01561   0.0198416   -0.208653  -0.0126819     1.09392    0.684318  -0.0184403  -0.0703351     1.04463     14.6274    0.644926   -0.589487   0.0358747
   -2265.57     -5.7886     15.4123     1.13494    0.465703  -0.0918237  -0.0345739    -2.14547     10.2644    0.185572    0.199858    -16.3209    0.644926     61.9049     8.25331   -0.539359
    25315.3     -3.5624     1.89116     1.32316    0.273701  -0.0628772    0.110519    -10.2963    -6.29821    0.100516   -0.233115    -11.1224   -0.589487     8.25331     12.2872   0.0837638
     186012   -0.215024  -0.0894926   -0.414539   0.0235235  -0.0235247   0.0106803   -0.841913   -0.254013  0.00184416  -0.0823652    0.530372   0.0358747   -0.539359   0.0837638     1.26651
