 3.42151e+10      4949.24       -28650 -1.14601e+09      81.7149     -61.0528            0      -145243      2233.94      14.2644     -1119.79      77691.1      1990.74      5767.99      27525.5      29185.9
     4949.24      9.45375     -4.17344       -11603   0.00216803   0.00163646 -0.000600163      2.89879    0.0323175  2.16569e-05   -0.0047751     -2.85339    -0.278392    -0.966785     -1.57122  -0.00426791
      -28650     -4.17344      29.1214      22105.1   -0.0101618  -0.00354949   0.00137099     -3.46256      9.51263  1.69157e-05   -0.0534732     -10.3856     -0.87995      9.67147     0.184552  -0.00596002
-1.14601e+09       -11603      22105.1  1.42336e+10      38.9461      4.64969      7.27064     -37764.5      -101396      3.23576      91.5955       103.19     -15557.5      4422.43      16860.5     -759.659
     81.7149   0.00216803   -0.0101618      38.9461  0.000730793   1.5564e-05  -1.3788e-06   0.00700372   0.00961272   2.2956e-06 -1.18986e-05    -0.011443  0.000300684    0.0104543   0.00621948  8.53046e-05
    -61.0528   0.00163646  -0.00354949      4.64969   1.5564e-05  0.000419467  1.69024e-06   0.00588839  -0.00518659 -2.54906e-06  6.27148e-05  -0.00288321  -0.00151992   0.00225996   -0.0009211 -4.16726e-05
           0 -0.000600163   0.00137099      7.27064  -1.3788e-06  1.69024e-06  1.03928e-05   -0.0019111  -0.00442745  -1.6082e-07  -2.3037e-06 -0.000400586 -5.50431e-05 -0.000346796   0.00087805  1.12032e-05
     -145243      2.89879     -3.46256     -37764.5   0.00700372   0.00588839   -0.0019111      40.4186       9.9597 -0.000921433     0.034517     -12.0667     0.728501    -0.997702     -10.4325      -0.1206
     2233.94    0.0323175      9.51263      -101396   0.00961272  -0.00518659  -0.00442745       9.9597       650.98  -0.00303973    -0.119452     -3.13086      1.55576      5.66741     -7.84334    0.0979905
     14.2644  2.16569e-05  1.69157e-05      3.23576   2.2956e-06 -2.54906e-06  -1.6082e-07 -0.000921433  -0.00303973  6.92485e-06  -2.4158e-06 -0.000257716 -5.95561e-05  0.000906825  0.000570962  7.62134e-07
    -1119.79   -0.0047751   -0.0534732      91.5955 -1.18986e-05  6.27148e-05  -2.3037e-06     0.034517    -0.119452  -2.4158e-06    0.0102708    0.0189542  -0.00205663    0.0142889  -0.00649737 -0.000526869
     77691.1     -2.85339     -10.3856       103.19    -0.011443  -0.00288321 -0.000400586     -12.0667     -3.13086 -0.000257716    0.0189542      34.1748     0.686969     -9.55354     -9.88214    0.0735741
     1990.74    -0.278392     -0.87995     -15557.5  0.000300684  -0.00151992 -5.50431e-05     0.728501      1.55576 -5.95561e-05  -0.00205663     0.686969      5.72907     0.518272    -0.376761   0.00322687
     5767.99    -0.966785      9.67147      4422.43    0.0104543   0.00225996 -0.000346796    -0.997702      5.66741  0.000906825    0.0142889     -9.55354     0.518272      56.5258      4.99788   -0.0782822
     27525.5     -1.57122     0.184552      16860.5   0.00621948   -0.0009211   0.00087805     -10.4325     -7.84334  0.000570962  -0.00649737     -9.88214    -0.376761      4.99788      11.3873    0.0122803
     29185.9  -0.00426791  -0.00596002     -759.659  8.53046e-05 -4.16726e-05  1.12032e-05      -0.1206    0.0979905  7.62134e-07 -0.000526869    0.0735741   0.00322687   -0.0782822    0.0122803    0.0281171
