 3.41964e+10     -16375.9     -27724.1 -1.18319e+08      199.219     -164.002            0      -145202       -26217      38.9605     -2419.88      77432.4      2472.02      5048.39      27108.5      47174.3
    -16375.9      16.4084     -7.17372     -2130.79    0.0100125   0.00818586  -0.00356479      9.34492     0.891816 -0.000257573  0.000101113     -4.72351     -0.25836     -3.79682     -2.75798   -0.0348139
    -27724.1     -7.17372      30.3246      2333.37   -0.0244881   -0.0102045   0.00469156     -3.83144      9.18402  0.000129681    -0.118648     -11.8231     -1.02743      11.3003     0.579955   -0.0102786
-1.18319e+08     -2130.79      2333.37  1.50979e+08      9.67689      1.45371      2.46176     -3878.98     -5892.46     0.913734      20.3039     -106.536     -1798.26      522.921      1721.58      -127.37
     199.219    0.0100125   -0.0244881      9.67689   0.00429975  0.000100021 -1.12003e-05    0.0172077   0.00837025  1.51978e-05 -6.04679e-05    -0.027319  0.000817511    0.0254264    0.0153166  0.000333695
    -164.002   0.00818586   -0.0102045      1.45371  0.000100021   0.00303836  1.49504e-05    0.0154205  -0.00798111 -1.86242e-05  0.000367178  -0.00712711  -0.00461653   0.00539249  -0.00219939 -0.000182948
           0  -0.00356479   0.00469156      2.46176 -1.12003e-05  1.49504e-05  0.000115472  -0.00635997  -0.00846667 -1.46509e-06 -1.66685e-05  -0.00152537 -0.000197698  -0.00100898   0.00290958  5.95526e-05
     -145202      9.34492     -3.83144     -3878.98    0.0172077    0.0154205  -0.00635997      40.4334      11.9841  -0.00250365    0.0747266     -11.8322     0.821121     -1.30818     -10.2828    -0.195592
      -26217     0.891816      9.18402     -5892.46   0.00837025  -0.00798111  -0.00846667      11.9841      181.042  -0.00482364    -0.134821     -2.78222     0.986159      6.33026     -7.67791    0.0443944
     38.9605 -0.000257573  0.000129681     0.913734  1.51978e-05 -1.86242e-05 -1.46509e-06  -0.00250365  -0.00482364  5.15391e-05 -1.42387e-05  -0.00074216 -0.000183583    0.0025308   0.00157813  3.34872e-06
    -2419.88  0.000101113    -0.118648      20.3039 -6.04679e-05  0.000367178 -1.66685e-05    0.0747266    -0.134821 -1.42387e-05    0.0478697    0.0420416  -0.00497723    0.0274838   -0.0144222   -0.0018433
     77432.4     -4.72351     -11.8231     -106.536    -0.027319  -0.00712711  -0.00152537     -11.8322     -2.78222  -0.00074216    0.0420416      34.2899     0.764752     -11.1104     -10.2703      0.11926
     2472.02     -0.25836     -1.02743     -1798.26  0.000817511  -0.00461653 -0.000197698     0.821121     0.986159 -0.000183583  -0.00497723     0.764752      7.18836     0.543139    -0.429525   0.00597241
     5048.39     -3.79682      11.3003      522.921    0.0254264   0.00539249  -0.00100898     -1.30818      6.33026    0.0025308    0.0274838     -11.1104     0.543139      57.4817      5.61223    -0.126246
     27108.5     -2.75798     0.579955      1721.58    0.0153166  -0.00219939   0.00290958     -10.2828     -7.67791   0.00157813   -0.0144222     -10.2703    -0.429525      5.61223      11.5011    0.0189596
     47174.3   -0.0348139   -0.0102786      -127.37  0.000333695 -0.000182948  5.95526e-05    -0.195592    0.0443944  3.34872e-06   -0.0018433      0.11926   0.00597241    -0.126246    0.0189596    0.0734164
