 4.60038e+21            0 -2.17094e+10 -2.98838e+10            0 -2.36064e+10  1.21226e+10  3.17031e+06
           0   2.7397e+15  -2.1564e+06  2.23457e+07            0  6.62933e+06  9.65186e+06     -3066.95
-2.17094e+10  -2.1564e+06      7.12295      1.28837      -233717    0.0568075      3.14606   -0.0015705
-2.98838e+10  2.23457e+07      1.28837       10.729      -122132    -0.371592      1.06583  4.39699e-07
           0            0      -233717      -122132  4.92348e+11      -299653      -154659      78.3539
-2.36064e+10  6.62933e+06    0.0568075    -0.371592      -299653      11.0941    -0.433696   0.00106019
 1.21226e+10  9.65186e+06      3.14606      1.06583      -154659    -0.433696      15.8861  -0.00273057
 3.17031e+06     -3066.95   -0.0015705  4.39699e-07      78.3539   0.00106019  -0.00273057  2.50703e-06
