 3.33499e+14            0 -6.13242e+06 -8.58924e+06            0 -5.97546e+06       331723      55413.4
           0  2.61501e+10     -11143.9      63019.2            0        18874        23434     -609.797
-6.13242e+06     -11143.9      7.60236      2.17435     -254.795    0.0325309      5.41879   -0.0972645
-8.58924e+06      63019.2      2.17435       10.041     -170.856     -0.35007      2.33886   -0.0181572
           0            0     -254.795     -170.856       589182     -305.704     -269.184      5.62731
-5.97546e+06        18874    0.0325309     -0.35007     -305.704      9.84263    -0.422251    0.0680308
      331723        23434      5.41879      2.33886     -269.184    -0.422251      17.0149    -0.206183
     55413.4     -609.797   -0.0972645   -0.0181572      5.62731    0.0680308    -0.206183    0.0105328
