   1.553e+20            0 -4.02993e+09 -5.55213e+09            0 -4.27802e+09  1.83959e+09  1.35807e+06
           0  5.52126e+14 -1.07616e+06  9.88392e+06            0  2.92607e+06  4.18444e+06     -3212.31
-4.02993e+09 -1.07616e+06       7.2263      1.44453     -71018.4     0.043211      3.59965  -0.00364777
-5.55213e+09  9.88392e+06      1.44453      10.5664     -39469.7    -0.365443      1.25255 -0.000111403
           0            0     -71018.4     -39469.7  4.59803e+10     -90424.5     -52514.3      56.5153
-4.27802e+09  2.92607e+06     0.043211    -0.365443     -90424.5      10.8135    -0.433453   0.00245687
 1.83959e+09  4.18444e+06      3.59965      1.25255     -52514.3    -0.433453      15.9859  -0.00657975
 1.35807e+06     -3212.31  -0.00364777 -0.000111403      56.5153   0.00245687  -0.00657975  1.36496e-05
