     9.98334     -28.1803      2.18132    -0.288933   -0.0733886    -0.143871  0.000370788    -0.333915   -0.0113648     0.398689    0.0306539     0.228151    0.0787692      -6.9856   -0.0261746      7638.87      8058.16
    -28.1803      96197.6      461.638     -18.8963      2.73444     -12.7188     0.147481     -116.952     0.311099      -17.842      2.00397     -8.27665     -6.70266     -300.073      0.15476      -270362      -559243
     2.18132      461.638      411.068     0.321705     0.319954            0    0.0242141     -1.61949    -0.132662    -0.462422   -0.0865124            0     -1.13257     -15.1116  -0.00965506            0            0
   -0.288933     -18.8963     0.321705      9.70354     0.130178    -0.052176  -0.00643609     0.611308    0.0337223    -0.799532  -0.00687138      0.16742   -0.0319341      1.02352  -0.00292804     -2798.52     -5267.66
  -0.0733886      2.73444     0.319954     0.130178      2.16085   0.00259851  -0.00500212     0.733987    0.0130211     0.241011  -0.00760423   -0.0860626  -0.00619696      2.03149  -0.00258114     -1700.83      -219158
   -0.143871     -12.7188            0    -0.052176   0.00259851      2.85006   0.00117349     0.502067    0.0229655    0.0933349  -0.00884175    0.0176222    0.0371307     -2.00307 -0.000459251      6786.18     -762.758
 0.000370788     0.147481    0.0242141  -0.00643609  -0.00500212   0.00117349   0.00759719  -0.00542587  0.000294762   -0.0168836  0.000416855   0.00201677   -0.0020326            0  0.000651754            0      287.247
   -0.333915     -116.952     -1.61949     0.611308     0.733987     0.502067  -0.00542587      128.184    0.0413602     0.249566    0.0570639    -0.716407     0.511297     -37.5184   -0.0432847      34117.7     -10929.3
  -0.0113648     0.311099    -0.132662    0.0337223    0.0130211    0.0229655  0.000294762    0.0413602     0.117785    -0.207471   0.00117451   -0.0357047  -0.00128836    0.0794332 -0.000669907      690.739      -330.55
    0.398689      -17.842    -0.462422    -0.799532     0.241011    0.0933349   -0.0168836     0.249566    -0.207471      92.4148    -0.025289    0.0138772     0.187208      4.36283   -0.0331713     -9985.88     -5367.32
   0.0306539      2.00397   -0.0865124  -0.00687138  -0.00760423  -0.00884175  0.000416855    0.0570639   0.00117451    -0.025289    0.0917198  -0.00170254  -0.00876858   -0.0712509  0.000806427     -1094.77      2095.52
    0.228151     -8.27665            0      0.16742   -0.0860626    0.0176222   0.00201677    -0.716407   -0.0357047    0.0138772  -0.00170254      3.50376   0.00583829    -0.227177  -0.00541402      1069.61       8179.1
   0.0787692     -6.70266     -1.13257   -0.0319341  -0.00619696    0.0371307   -0.0020326     0.511297  -0.00128836     0.187208  -0.00876858   0.00583829      1.89452     0.600306  -0.00341783       192887     -1078.64
     -6.9856     -300.073     -15.1116      1.02352      2.03149     -2.00307            0     -37.5184    0.0794332      4.36283   -0.0712509    -0.227177     0.600306      1845.47   -0.0410634      33477.2            0
  -0.0261746      0.15476  -0.00965506  -0.00292804  -0.00258114 -0.000459251  0.000651754   -0.0432847 -0.000669907   -0.0331713  0.000806427  -0.00541402  -0.00341783   -0.0410634    0.0498247         1036     -76.2687
     7638.87      -270362            0     -2798.52     -1700.83      6786.18            0      34117.7      690.739     -9985.88     -1094.77      1069.61       192887      33477.2         1036  2.30873e+10            0
     8058.16      -559243            0     -5267.66      -219158     -762.758      287.247     -10929.3      -330.55     -5367.32      2095.52       8179.1     -1078.64            0     -76.2687            0  2.49469e+10
