    21.4461    -5.32914     1.39366   -0.811781   -0.175367    -0.37263  0.00445991   -0.333636  -0.0678442     0.44927    0.178964    0.560222    0.268913    -4.20442   -0.169864       11195     11810.7
   -5.32914     1602.24     25.9706    -4.67334    0.575364    -2.90003    0.156166    -10.2201    0.163408    -2.12382     1.03011    -1.78862    -2.01461    -15.9018   0.0889985    -34874.7    -72185.5
    1.39366     25.9706     78.1118    0.268794    0.227388           0   0.0866156   -0.478819    -0.23554   -0.153087   -0.150219           0    -1.14996    -2.70507  -0.0186354           0           0
  -0.811781    -4.67334    0.268794     35.6578     0.40685   -0.176738   -0.101246     0.79928    0.263303    -1.16415  -0.0524707    0.537689   -0.142565    0.805707  -0.0248516    -5360.82    -10098.4
  -0.175367    0.575364    0.227388     0.40685     5.74399  0.00747485  -0.0669249    0.812142   0.0864673    0.298357  -0.0493857   -0.235074  -0.0235322     1.36013  -0.0186371     -2775.1     -357321
   -0.37263    -2.90003           0   -0.176738  0.00747485     8.90006   0.0170175    0.602162    0.165297     0.12522   -0.062235   0.0521701    0.152822    -1.45359  -0.0035951     11991.6    -1347.15
 0.00445991    0.156166   0.0866156   -0.101246  -0.0669249   0.0170175    0.511596  -0.0302024  0.00985201   -0.105172   0.0136258   0.0277265   -0.038851           0   0.0236813           0     2357.23
  -0.333636    -10.2201   -0.478819     0.79928    0.812142    0.602162  -0.0302024     58.9587    0.113749    0.127621     0.15425   -0.814595    0.808528     -10.445   -0.130381     23186.9    -7444.95
 -0.0678442    0.163408    -0.23554    0.263303   0.0864673    0.165297  0.00985201    0.113749     1.95401   -0.641612   0.0190568   -0.243638  -0.0122197    0.132856  -0.0120828     2814.33    -1346.69
    0.44927    -2.12382   -0.153087    -1.16415    0.298357     0.12522   -0.105172    0.127621   -0.641612     53.2599  -0.0765262   0.0176858    0.330991     1.36014   -0.111449    -7586.36    -4077.81
   0.178964     1.03011   -0.150219  -0.0524707  -0.0493857   -0.062235   0.0136258     0.15425   0.0190568  -0.0765262      1.4553  -0.0113613  -0.0813519   -0.116547   0.0142244    -4359.75     8347.51
   0.560222    -1.78862           0    0.537689   -0.235074   0.0521701   0.0277265   -0.814595   -0.243638   0.0176858  -0.0113613     9.83422   0.0227714   -0.156297  -0.0401616     1792.26     13702.5
   0.268913    -2.01461    -1.14996   -0.142565  -0.0235322    0.152822   -0.038851    0.808528  -0.0122197    0.330991  -0.0813519   0.0227714     10.2785    0.574186   -0.035263      449310    -2512.99
   -4.20442    -15.9018    -2.70507    0.805707     1.36013    -1.45359           0     -10.445    0.132856     1.36014   -0.116547   -0.156297    0.574186     311.203  -0.0746822     13752.1           0
  -0.169864   0.0889985  -0.0186354  -0.0248516  -0.0186371  -0.0035951   0.0236813   -0.130381  -0.0120828   -0.111449   0.0142244  -0.0401616   -0.035263  -0.0746822    0.976825      4585.9    -337.751
      11195    -34874.7           0    -5360.82     -2775.1     11991.6           0     23186.9     2814.33    -7586.36    -4359.75     1792.26      449310     13752.1      4585.9 2.30899e+10           0
    11810.7    -72185.5           0    -10098.4     -357321    -1347.15     2357.23    -7444.95    -1346.69    -4077.81     8347.51     13702.5    -2512.99           0    -337.751           0 2.49476e+10
