     12.7707     -16.4833      1.88827    -0.402972   -0.0971546    -0.195466  0.000826007    -0.334182   -0.0202044     0.412541     0.054107     0.304691     0.116971     -5.93193   -0.0478016      8639.69      9113.91
    -16.4833        25729      182.728     -12.0508      1.65525      -7.9014     0.150227     -53.5198     0.252897     -8.44184      1.61741     -5.05421     -4.55125     -116.514     0.129235      -139822      -289221
     1.88827      182.728      240.804     0.303627     0.286634            0    0.0365019     -1.09681    -0.159601      -0.3238    -0.103336            0     -1.13813     -8.68377   -0.0119322            0            0
   -0.402972     -12.0508     0.303627      14.7552     0.187893   -0.0772871   -0.0156319     0.667031    0.0653642    -0.902002   -0.0132237     0.243772    -0.051703     0.947607  -0.00583013     -3450.93     -6495.69
  -0.0971546      1.65525     0.286634     0.187893      2.96044   0.00365357   -0.0115319     0.760207    0.0239567     0.258087   -0.0138906    -0.118946  -0.00952352      1.78527  -0.00487836      -1990.8      -256521
   -0.195466      -7.9014            0   -0.0772871   0.00365357      4.11254   0.00277646     0.533663     0.043363     0.102574   -0.0165755    0.0249952    0.0585619     -1.80654 -0.000890787       8151.8     -916.253
 0.000826007     0.150227    0.0365019   -0.0156319   -0.0115319   0.00277646    0.0294724  -0.00945637  0.000912573   -0.0304234   0.00128135   0.00469037  -0.00525635            0    0.0020728            0      565.767
   -0.334182     -53.5198     -1.09681     0.667031     0.760207     0.533663  -0.00945637      100.366    0.0575274     0.202037     0.078802    -0.748524     0.594024     -24.9255   -0.0618453      30189.6     -9670.93
  -0.0202044     0.252897    -0.159601    0.0653642    0.0239567     0.043363  0.000912573    0.0575274     0.291017    -0.298356   0.00288117   -0.0662686  -0.00265893    0.0937433  -0.00170029      1085.75      -519.58
    0.412541     -8.44184      -0.3238    -0.902002     0.258087     0.102574   -0.0304234     0.202037    -0.298356      77.3515   -0.0361073    0.0149911     0.224876      2.99678   -0.0490027     -9135.87     -4910.44
    0.054107      1.61741    -0.103336   -0.0132237   -0.0138906   -0.0165755   0.00128135     0.078802   0.00288117   -0.0361073     0.223389  -0.00313737   -0.0179673   -0.0834858   0.00203216     -1708.53      3270.32
    0.304691     -5.05421            0     0.243772    -0.118946    0.0249952   0.00469037    -0.748524   -0.0662686    0.0149911  -0.00313737      4.88509   0.00905123    -0.201399   -0.0103224      1262.97      9657.72
    0.116971     -4.55125     -1.13813    -0.051703  -0.00952352    0.0585619  -0.00525635     0.594024  -0.00265893     0.224876   -0.0179673   0.00905123      3.26592     0.591766  -0.00724604       253254     -1416.22
    -5.93193     -116.514     -8.68377     0.947607      1.78527     -1.80654            0     -24.9255    0.0937433      2.99678   -0.0834858    -0.201399     0.591766      1040.29   -0.0497818      25134.6            0
  -0.0478016     0.129235   -0.0119322  -0.00583013  -0.00487836 -0.000890787    0.0020728   -0.0618453  -0.00170029   -0.0490027   0.00203216   -0.0103224  -0.00724604   -0.0497818     0.129907      1672.82     -123.148
     8639.69      -139822            0     -3450.93      -1990.8       8151.8            0      30189.6      1085.75     -9135.87     -1708.53      1262.97       253254      25134.6      1672.82  2.30873e+10            0
     9113.91      -289221            0     -6495.69      -256521     -916.253      565.767     -9670.93      -519.58     -4910.44      3270.32      9657.72     -1416.22            0     -123.148            0  2.49469e+10
