    34.7311    -1.67647    0.458362    -1.67676   -0.313133   -0.703528   0.0242879   -0.322617   -0.205684    0.515283    0.586478     1.03092    0.607603    -2.93965   -0.614955     14356.6     15136.8
   -1.67647     97.7753     28.1098    -2.06457    0.236513    -1.10876    0.124923     -1.9528    0.154618   -0.883464    0.743592    -1.18348   -0.911673    -1.36191    0.188722    -9112.65    -22437.6
   0.458362     28.1098     23.4602   -0.107515    0.208427   -0.221588    0.159044    -0.74898   -0.320904   -0.252723 -0.00375754   -0.103693    -1.07401   -0.671729  0.00723202           0           0
   -1.67676    -2.06457   -0.107515     88.0584    0.894204   -0.403821   -0.667248     0.96946     1.33949    -1.54672   -0.221554     1.21588    -0.42025    0.731364 -0.00106952    -7946.41    -15857.4
  -0.313133    0.236513    0.208427    0.894204     11.2318   0.0147134   -0.390083    0.859055    0.321174    0.357137   -0.169198   -0.471702  -0.0777158     1.04701  -0.0761826    -3920.77     -500652
  -0.703528    -1.10876   -0.221588   -0.403821   0.0147134     19.6651     0.10604    0.675541    0.683625    0.157641   -0.242667    0.159531    0.406553    -1.18964  -0.0195289     17772.9    -2032.44
  0.0242879    0.124923    0.159044   -0.667248   -0.390083     0.10604     8.88036  -0.0955873    0.113293   -0.370131    0.147546    0.165443   -0.291683           0    0.275064           0     9891.44
  -0.322617     -1.9528    -0.74898     0.96946    0.859055    0.675541  -0.0955873     33.7559   0.0890759   0.0472026    0.359166   -0.881071     1.09839    -4.34769   -0.273082     17616.4    -5637.97
  -0.205684    0.154618   -0.320904     1.33949    0.321174    0.683625    0.113293   0.0890759     14.8369    -1.50463    0.117925   -0.955149    -0.13572   0.0289512  -0.0945204     7858.54    -3693.52
   0.515283   -0.883464   -0.252723    -1.54672    0.357137    0.157641   -0.370131   0.0472026    -1.50463     38.8844   -0.162381   0.0218315    0.664411    0.634538   -0.262108    -2348.56    -3506.45
   0.586478    0.743592 -0.00375754   -0.221554   -0.169198   -0.242667    0.147546    0.359166    0.117925   -0.162381     9.85266  -0.0435314   -0.397075  -0.0590967    0.105989    -11354.2     21821.3
    1.03092    -1.18348   -0.103693     1.21588   -0.471702    0.159531    0.165443   -0.881071   -0.955149   0.0218315  -0.0435314     20.0966  -0.0249919   -0.121953   -0.159251     2536.05     19565.6
   0.607603   -0.911673    -1.07401    -0.42025  -0.0777158    0.406553   -0.291683     1.09839    -0.13572    0.664411   -0.397075  -0.0249919     33.1534    0.567798   -0.185096      807373    -4575.15
   -2.93965    -1.36191   -0.671729    0.731364     1.04701    -1.18964           0    -4.34769   0.0289512    0.634538  -0.0590967   -0.121953    0.567798     93.8207  -0.0615629     7536.73           0
  -0.614955    0.188722  0.00723202 -0.00106952  -0.0761826  -0.0195289    0.275064   -0.273082  -0.0945204   -0.262108    0.105989   -0.159251   -0.185096  -0.0615629     7.58253     12505.6    -975.943
    14356.6    -9112.65           0    -7946.41    -3920.77     17772.9           0     17616.4     7858.54    -2348.56    -11354.2     2536.05      807373     7536.73     12505.6 2.31315e+10           0
    15136.8    -22437.6           0    -15857.4     -500652    -2032.44     9891.44    -5637.97    -3693.52    -3506.45     21821.3     19565.6    -4575.15           0    -975.943           0 2.50623e+10
