     267.182      24.6256     -1590.01     -20.7372     -53448.9      21.6081     -24.3266      2.69906      1546.21   0.00278045         1103      -458376      37.6128      8.45093   -0.0269142
     24.6256      7531.22            0            0      -389171            0     -235.961      -143.53            0            0            0            0      7.03801     -34.9386    -0.399444
    -1590.01            0  7.13905e+07            0   2.2039e+08      4757.33      25321.3      9535.11            0            0  6.67415e+06            0     -446.027            0      59.3885
    -20.7372            0            0      2294.44       491633     -50.6445      243.669     -78.3152      5244.41    0.0781082            0            0     -2.43998      -7.0006   -0.0912676
    -53448.9      -389171   2.2039e+08       491633  2.77924e+10 -2.73934e+06  5.31731e+06       488436  1.88578e+08     -364.475 -5.01154e+07  5.54145e+09     -48688.9     -37771.4      -931.04
     21.6081            0      4757.33     -50.6445 -2.73934e+06      23427.6      29.0211      132.022     -14222.1    -0.161717      39575.7            0      4.61948      38.6252      1.49238
    -24.3266     -235.961      25321.3      243.669  5.31731e+06      29.0211      31774.8         3324      1268.94    -0.590018     -14491.6            0     -4.37878     -60.2933     -1.63286
     2.69906      -143.53      9535.11     -78.3152       488436      132.022         3324      9419.22            0    -0.160119            0 -7.94077e+06      2.01359     -9.97135    -0.702793
     1546.21            0            0      5244.41  1.88578e+08     -14222.1      1268.94            0  8.94915e+07      1.21696            0            0      411.376      -4299.3     -178.387
  0.00278045            0            0    0.0781082     -364.475    -0.161717    -0.590018    -0.160119      1.21696   0.00871388     -21.6664            0   0.00213145    0.0293914    0.0010411
        1103            0  6.67415e+06            0 -5.01154e+07      39575.7     -14491.6            0            0     -21.6664  4.63865e+08            0      148.846       2653.7     -122.096
     -458376            0            0            0  5.54145e+09            0            0 -7.94077e+06            0            0            0  9.64414e+12     -31419.1            0      4160.84
     37.6128      7.03801     -446.027     -2.43998     -48688.9      4.61948     -4.37878      2.01359      411.376   0.00213145      148.846     -31419.1      8.50991      1.11753   -0.0276638
     8.45093     -34.9386            0      -7.0006     -37771.4      38.6252     -60.2933     -9.97135      -4299.3    0.0293914       2653.7            0      1.11753      286.884     0.018917
  -0.0269142    -0.399444      59.3885   -0.0912676      -931.04      1.49238     -1.63286    -0.702793     -178.387    0.0010411     -122.096      4160.84   -0.0276638     0.018917     0.244997
