    88.9227     1.99722     -4.2805    -2.70066    -11.2283    0.849501    -1.01217     1.01412       2.954   0.0361721     1.18351     -901.29     54.9135     1.55158   -0.165887
    1.99722     151.534           0           0    -18.2597           0    -2.42747    -2.31777           0           0           0           0     2.77249    -1.72388   -0.548174
    -4.2805           0     2107.96           0     391.625     1.77617     9.96837     5.84921           0           0       51.38           0    -5.97927           0     3.16049
   -2.70066           0           0     121.218     37.5734   -0.774515     4.05112    -2.08929     3.92765    0.555684           0           0    -1.33581   -0.558928   -0.208004
   -11.2283    -18.2597     391.625     37.5734     3059.67    -60.4193     127.732     16.6902     203.918    -3.73323    -23.8202     5900.53    -49.9878    -4.81435    -3.04135
   0.849501           0     1.77617   -0.774515    -60.4193     103.415    0.145421     1.08275    -3.06862   -0.331029     3.77738           0    0.676929    0.888724      0.9695
   -1.01217    -2.42747     9.96837     4.05112     127.732    0.145421     166.673     27.2729    0.300195    -1.32129    -1.48776           0   -0.764041    -1.53353    -1.14749
    1.01412    -2.31777     5.84921    -2.08929     16.6902     1.08275     27.2729     114.088           0   -0.615451           0     -2761.7     1.23725   -0.440956   -0.754751
      2.954           0           0     3.92765     203.918    -3.06862    0.300195           0     950.362    0.124774           0           0     3.84043    -4.87005    -5.69008
  0.0361721           0           0    0.555684    -3.73323   -0.331029    -1.32129   -0.615451    0.124774     8.32348   -0.951326           0    0.175597    0.317537    0.314706
    1.18351           0       51.38           0    -23.8202     3.77738    -1.48776           0           0   -0.951326     934.546           0    0.667493     1.31001    -1.70322
    -901.29           0           0           0     5900.53           0           0     -2761.7           0           0           0 9.82214e+07    -330.219           0      124.27
    54.9135     2.77249    -5.97927    -1.33581    -49.9878    0.676929   -0.764041     1.23725     3.84043    0.175597    0.667493    -330.219     66.0063    0.785532   -0.863674
    1.55158    -1.72388           0   -0.558928    -4.81435    0.888724    -1.53353   -0.440956    -4.87005    0.317537     1.31001           0    0.785532     34.6862   0.0634449
  -0.165887   -0.548174     3.16049   -0.208004    -3.04135      0.9695    -1.14749   -0.754751    -5.69008    0.314706    -1.70322      124.27   -0.863674   0.0634449      23.483
