    147.047     4.78526    -33.0831    -5.65902    -169.216     2.50027    -2.99875    0.384431     22.9364   0.0211491     9.55189    -31816.5      57.255     3.01006  -0.0992908
    4.78526     520.946           0           0    -430.032           0    -10.3316    -7.24827           0           0           0           0     3.80843    -4.45263   -0.516962
   -33.0831           0     57309.6           0     26414.3     21.2264     119.443     51.8799           0           0     2138.84           0    -25.8956           0     8.28202
   -5.65902           0           0      312.14     767.125    -2.94264     14.9639    -5.54602      38.562    0.300648           0           0    -1.83363    -1.25111    -0.16563
   -169.216    -430.032     26414.3     767.125      497156    -1825.49     3746.06     397.196       15903     -16.089     -2396.5 2.18022e+06     -429.33    -77.5055    -19.3333
    2.50027           0     21.2264    -2.94264    -1825.49     581.351    0.761145     3.99335    -44.6613   -0.265844     70.5308           0     1.48265      2.9481     1.15712
   -2.99875    -10.3316     119.443     14.9639     3746.06    0.761145      880.85     106.259     4.21306    -1.02516    -27.2887           0    -1.48767    -4.86413    -1.33805
   0.384431    -7.24827     51.8799    -5.54602     397.196     3.99335     106.259      347.22           0    -0.32086           0     -139482     0.80412   -0.927149   -0.664236
    22.9364           0           0      38.562       15903    -44.6613     4.21306           0     35564.1    0.253959           0           0     16.9947    -41.5141    -17.5033
  0.0211491           0           0    0.300648     -16.089   -0.265844    -1.02516    -0.32086    0.253959    0.948929    -2.55754           0    0.045706    0.148607   0.0534382
    9.55189           0     2138.84           0     -2396.5     70.5308    -27.2887           0           0    -2.55754     59352.2           0     3.51408     14.5483    -6.79779
   -31816.5           0           0           0 2.18022e+06           0           0     -139482           0           0           0 8.28685e+10    -6153.03           0     1819.44
     57.255     3.80843    -25.8956    -1.83363     -429.33     1.48265    -1.48767     0.80412     16.9947    0.045706     3.51408    -6153.03     36.3218     1.09417   -0.284554
    3.01006    -4.45263           0    -1.25111    -77.5055      2.9481    -4.86413   -0.927149    -41.5141    0.148607     14.5483           0     1.09417     67.3416      0.0451
 -0.0992908   -0.516962     8.28202    -0.16563    -19.3333     1.15712    -1.33805   -0.664236    -17.5033   0.0534382    -6.79779     1819.44   -0.284554      0.0451     5.93556
