      198.47      10.3389     -201.394     -10.4486     -2485.68      6.90005     -7.99591     0.958337      162.802   0.00822079      85.8956      -197572      48.3904      4.93322   -0.0546168
     10.3389      1793.77            0            0     -10175.9            0     -43.9671     -28.8781            0            0            0            0      5.11042     -11.5557    -0.458706
    -201.394            0  1.55428e+06            0  1.75425e+06      260.101      1426.51      579.927            0            0      88763.8            0     -97.9819            0      20.6232
    -10.4486            0            0      786.015      15524.1     -10.9868      54.4559     -18.8941      374.947     0.161083            0            0     -2.12877     -2.77651    -0.125727
    -2485.68     -10175.9  1.75425e+06      15524.1  8.08519e+07       -54775       109554      10874.2  1.24277e+06     -69.2753      -243515  1.49078e+08     -3923.87     -1382.62     -118.381
     6.90005            0      260.101     -10.9868       -54775      3218.35      4.10727      20.1698     -643.894    -0.211193      1322.11            0      2.55423      9.70079      1.30182
    -7.99591     -43.9671      1426.51      54.4559       109554      4.10727      4632.52      523.155      59.1865    -0.793791     -498.733            0     -2.48932     -15.6003     -1.46734
    0.958337     -28.8781      579.927     -18.8941      10874.2      20.1698      523.155      1600.37            0    -0.232552            0 -1.63187e+06      1.23886     -2.78445    -0.681771
     162.802            0            0      374.947  1.24277e+06     -643.894      59.1865            0  1.33522e+06     0.523837            0            0      75.0094     -355.847     -51.2819
  0.00822079            0            0     0.161083     -69.2753    -0.211193    -0.793791    -0.232552     0.523837     0.108183     -6.88067            0     0.011123    0.0701739    0.0086332
     85.8956            0      88763.8            0      -243515      1322.11     -498.733            0            0     -6.88067   3.7685e+06            0       20.036      162.109     -25.9001
     -197572            0            0            0  1.49078e+08            0            0 -1.63187e+06            0            0            0  2.40971e+12     -23580.6            0      4853.57
     48.3904      5.11042     -97.9819     -2.12877     -3923.87      2.55423     -2.48932      1.23886      75.0094     0.011123       20.036     -23580.6      18.9825      1.12815   -0.0973009
     4.93322     -11.5557            0     -2.77651     -1382.62      9.70079     -15.6003     -2.78445     -355.847    0.0701739      162.109            0      1.12815      131.728    0.0301699
  -0.0546168    -0.458706      20.6232    -0.125727     -118.381      1.30182     -1.46734    -0.681771     -51.2819    0.0086332     -25.9001      4853.57   -0.0973009    0.0301699      1.35701
