     11.9449   0.00177364      0.12788     0.520777    0.0467513      1.69484     0.325006    0.0369414     0.259397      1.36561     -82.7455    -0.669005      0.27031    0.0954864     0.718151
  0.00177364   0.00480446 -0.000577187    0.0279394  -0.00382561   0.00560951     -0.03007  0.000362453    0.0220824   -0.0110663     -2.36082   -0.0306606   0.00490146   0.00222862    0.0233889
     0.12788 -0.000577187      2.32679      0.14793     0.314068    -0.550366    -0.032324  -0.00231739   -0.0219395     0.333353        33.41     0.100977   -0.0201752   -0.0298947     0.465092
    0.520777    0.0279394      0.14793      53.6865     0.765357      3.24029     -14.3472   -0.0614288      17.5889     -4.44019       477.32     0.556661      1.20475     0.554948      -2.8109
   0.0467513  -0.00382561     0.314068     0.765357      20.0801      -1.9533     0.247163    0.0343495     -1.01567      30.0631     -116.452   -0.0667821     0.317522    -0.215616    -0.244464
     1.69484   0.00560951    -0.550366      3.24029      -1.9533      46.9515       8.9356   -0.0480855      1.23592     -3.22901      96.1424     -3.82215     0.796618   -0.0436301    -0.310078
    0.325006     -0.03007    -0.032324     -14.3472     0.247163       8.9356      45.1713     0.237296     -35.6204      1.69728      704.471     -4.53045     -4.08947    0.0981061      1.45043
   0.0369414  0.000362453  -0.00231739   -0.0614288    0.0343495   -0.0480855     0.237296     0.135764    -0.172964   -0.0394092      11.5974   -0.0840699   -0.0492007   0.00568093     0.118152
    0.259397    0.0220824   -0.0219395      17.5889     -1.01567      1.23592     -35.6204    -0.172964      46.8458     -3.24025     -520.892      5.16264      3.82299    -0.834882      2.49696
     1.36561   -0.0110663     0.333353     -4.44019      30.0631     -3.22901      1.69728   -0.0394092     -3.24025      165.468     -128.419   -0.0685775      1.35805     0.346471      3.58806
    -82.7455     -2.36082        33.41       477.32     -116.452      96.1424      704.471      11.5974     -520.892     -128.419  1.40511e+06     -207.151     -151.527       40.954      80.3482
   -0.669005   -0.0306606     0.100977     0.556661   -0.0667821     -3.82215     -4.53045   -0.0840699      5.16264   -0.0685775     -207.151      16.8422     -1.28746     0.194232     -13.1339
     0.27031   0.00490146   -0.0201752      1.20475     0.317522     0.796618     -4.08947   -0.0492007      3.82299      1.35805     -151.527     -1.28746      18.2983     0.220233    -0.155124
   0.0954864   0.00222862   -0.0298947     0.554948    -0.215616   -0.0436301    0.0981061   0.00568093    -0.834882     0.346471       40.954     0.194232     0.220233      1.85198    -0.619442
    0.718151    0.0233889     0.465092      -2.8109    -0.244464    -0.310078      1.45043     0.118152      2.49696      3.58806      80.3482     -13.1339    -0.155124    -0.619442       38.281
