     1.51639    -0.164727     0.357416   -0.0571467            0    -0.332128    -0.783523     -346.782    -0.083988    -0.237602    -0.068196   -0.0113849    0.0145448  0.000409722    -0.561151
   -0.164727       43.142      -14.624     -5.65975     -3.32282      3.97872      14.7346      1928.44    -0.697634       20.143     -1.87593    -0.512349    -0.351598    0.0138693      4.29763
    0.357416      -14.624      70.5657      11.6956     -8.01216     -27.1103      6.10581     -1478.82     0.174709    -0.541142         0.62  -0.00177749     0.475943   0.00113041     -12.0788
  -0.0571467     -5.65975      11.6956      48.7852     -1.19734     -6.50962      3.32634      1654.26     0.298689      3.37719     0.483444    -0.316966      1.27007    -0.025644      5.74945
           0     -3.32282     -8.01216     -1.19734      521.942      5.11308      10.5014      2794.76    -0.133347     -5.69266     0.507422   -0.0430895      0.55145   -0.0152202      1.81967
   -0.332128      3.97872     -27.1103     -6.50962      5.11308       26.123     -9.11188      139.339    0.0422923     -7.64571      1.80518    -0.233325     -1.04266   0.00645843      5.16349
   -0.783523      14.7346      6.10581      3.32634      10.5014     -9.11188      452.839       127.98     0.126215      15.0244     -3.46038      -1.3516      1.39418  0.000975146      7.44928
    -346.782      1928.44     -1478.82      1654.26      2794.76      139.339       127.98  5.71124e+07      160.518      1209.02      462.967      -357.72       115.95      5.99565      6505.04
   -0.083988    -0.697634     0.174709     0.298689    -0.133347    0.0422923     0.126215      160.518      2.58297    -0.431992    -0.131518    -0.045608   -0.0174959 -0.000574502     0.311658
   -0.237602       20.143    -0.541142      3.37719     -5.69266     -7.64571      15.0244      1209.02    -0.431992      24.2478    0.0283413   -0.0688593     0.921186  -0.00194494     -2.71377
   -0.068196     -1.87593         0.62     0.483444     0.507422      1.80518     -3.46038      462.967    -0.131518    0.0283413      20.8898   -0.0579509    -0.343364   0.00414996     0.037466
  -0.0113849    -0.512349  -0.00177749    -0.316966   -0.0430895    -0.233325      -1.3516      -357.72    -0.045608   -0.0688593   -0.0579509      1.29756    0.0217311 -0.000461907    -0.115096
   0.0145448    -0.351598     0.475943      1.27007      0.55145     -1.04266      1.39418       115.95   -0.0174959     0.921186    -0.343364    0.0217311      3.60069 -0.000222652     0.292477
 0.000409722    0.0138693   0.00113041    -0.025644   -0.0152202   0.00645843  0.000975146      5.99565 -0.000574502  -0.00194494   0.00414996 -0.000461907 -0.000222652  0.000850854  -0.00378002
   -0.561151      4.29763     -12.0788      5.74945      1.81967      5.16349      7.44928      6505.04     0.311658     -2.71377     0.037466    -0.115096     0.292477  -0.00378002       46.225
