  8.0103e+13  -3.1299e+06            0        17031     -313.552     -1666.66       823256            0  1.03666e+06       737298        21753 -7.77468e+09 -3.91101e+06            0  1.31289e+06  4.89108e+06      374.684      23502.3
 -3.1299e+06      32.1735      895.542   -0.0196683 -1.10635e-05  -0.00135237     0.290621      3778.12      6.70005     -1.35788    0.0194955     -1928.99     -17.9271   0.00725291     -5.49993     -3.40519   0.00504253    -0.101328
           0      895.542  3.20008e+10       567.14      1.83277            0     -13015.3            0     -46632.9     -43708.6      254.467  1.80908e+09     -72389.4      5505.12      12523.3      12610.9       2.4574     -1326.92
       17031   -0.0196683       567.14    0.0196786 -2.11153e-06  0.000117356   0.00838088     -874.619   -0.0587245     0.105289 -8.45493e-05     -2290.94   -0.0557528  1.42688e-06   -0.0914066     0.166082  6.38921e-06  -0.00132589
    -313.552 -1.10635e-05      1.83277 -2.11153e-06  7.39391e-07   3.1641e-07  6.83227e-05     -2.05632 -0.000164968  -0.00111575  1.30939e-07     -10.4026  0.000450424  7.23345e-07 -9.68745e-05   9.6945e-05 -1.69275e-07 -6.39376e-07
    -1666.66  -0.00135237            0  0.000117356   3.1641e-07  0.000523461 -9.60612e-05     -3812.18   0.00162337   0.00603531 -6.04577e-06      88.1715  -0.00917465            0   0.00219873    0.0124545 -2.55423e-06 -8.64428e-05
      823256     0.290621     -13015.3   0.00838088  6.83227e-05 -9.60612e-05      8.67574      8051.27      3.02125     0.335369 -0.000414065     -9364.74     -1.71848   0.00228638      1.08505     0.547178  0.000785013  -0.00193317
           0      3778.12            0     -874.619     -2.05632     -3812.18      8051.27  2.93356e+10     -45380.7       -23599      112.474 -2.87254e+08        54246            0     -33769.7     -70210.2      4.95558      1006.95
 1.03666e+06      6.70005     -46632.9   -0.0587245 -0.000164968   0.00162337      3.02125     -45380.7      70.8764      5.02207   -0.0511618      16277.4      13.4221  -0.00577197      14.5822      1.38868  0.000687759     0.193195
      737298     -1.35788     -43708.6     0.105289  -0.00111575   0.00603531     0.335369       -23599      5.02207      80.8517    0.0100063      2104.95      8.44466   -0.0086287     -11.7895     -5.34398   0.00256051   -0.0229145
       21753    0.0194955      254.467 -8.45493e-05  1.30939e-07 -6.04577e-06 -0.000414065      112.474   -0.0511618    0.0100063    0.0173534      366.869   -0.0283161  2.09988e-05   -0.0440497    0.0288275 -6.22167e-06 -0.000839932
-7.77468e+09     -1928.99  1.80908e+09     -2290.94     -10.4026      88.1715     -9364.74 -2.87254e+08      16277.4      2104.95      366.869  1.97303e+10      10834.5      384.056      20690.5     -9226.03     -46.7137      24105.6
-3.91101e+06     -17.9271     -72389.4   -0.0557528  0.000450424  -0.00917465     -1.71848        54246      13.4221      8.44466   -0.0283161      10834.5      76.6982   -0.0101166     -20.9346     -5.53756  -0.00627237     0.244678
           0   0.00725291      5505.12  1.42688e-06  7.23345e-07            0   0.00228638            0  -0.00577197   -0.0086287  2.09988e-05      384.056   -0.0101166   0.00104302  0.000805782  -0.00308728  5.45379e-07  -0.00014414
 1.31289e+06     -5.49993      12523.3   -0.0914066 -9.68745e-05   0.00219873      1.08505     -33769.7      14.5822     -11.7895   -0.0440497      20690.5     -20.9346  0.000805782      38.8361     -10.7848  -0.00040808   0.00298165
 4.89108e+06     -3.40519      12610.9     0.166082   9.6945e-05    0.0124545     0.547178     -70210.2      1.38868     -5.34398    0.0288275     -9226.03     -5.53756  -0.00308728     -10.7848      41.0771  -0.00215161     0.115986
     374.684   0.00504253       2.4574  6.38921e-06 -1.69275e-07 -2.55423e-06  0.000785013      4.95558  0.000687759   0.00256051 -6.22167e-06     -46.7137  -0.00627237  5.45379e-07  -0.00040808  -0.00215161  0.000223807  0.000108912
     23502.3    -0.101328     -1326.92  -0.00132589 -6.39376e-07 -8.64428e-05  -0.00193317      1006.95     0.193195   -0.0229145 -0.000839932      24105.6     0.244678  -0.00014414   0.00298165     0.115986  0.000108912    0.0704675
