    17.8928  0.00444472    0.206744    0.642668   0.0687784     2.07688    0.399269   0.0703143    0.320485     1.19812    -40.8626   -0.814952    0.330418    0.161391    0.885915
 0.00444472   0.0201431 -0.00156114   0.0565115 -0.00941562    0.010359  -0.0628766  0.00115419   0.0467026  -0.0162431     -1.9505  -0.0634785   0.0100237  0.00630189   0.0473835
   0.206744 -0.00156114     4.05993    0.203266    0.498664   -0.715604  -0.0437805 -0.00476097  -0.0168101    0.315646     17.8069    0.135135   -0.026616  -0.0545367    0.617306
   0.642668   0.0565115    0.203266     54.2933    0.885883     3.70128    -15.1289   -0.100777     19.1832    -3.19424     188.835     1.32216     1.20599    0.753625    -2.43502
  0.0687784 -0.00941562    0.498664    0.885883     29.0121    -2.34434    0.267022   0.0642118    -1.19604     25.9038    -56.4788  -0.0789117    0.381192    -0.35792   -0.307821
    2.07688    0.010359   -0.715604     3.70128    -2.34434     47.1944     9.54116  -0.0728503    0.891593    -2.28974     41.6729    -3.47752    0.723217  -0.0501919   0.0698495
   0.399269  -0.0628766  -0.0437805    -15.1289    0.267022     9.54116     45.3226    0.367239    -36.1301     1.23201     281.617    -4.12933    -4.11238    0.130304     1.37165
  0.0703143  0.00115419 -0.00476097   -0.100777   0.0642118  -0.0728503    0.367239     0.32836   -0.272136  -0.0439341     7.27746   -0.130527  -0.0764209   0.0122011    0.182253
   0.320485   0.0467026  -0.0168101     19.1832    -1.19604    0.891593    -36.1301   -0.272136      47.439    -2.33522    -209.076       5.176     3.84342    -1.13177      2.9313
    1.19812  -0.0162431    0.315646    -3.19424     25.9038    -2.28974     1.23201  -0.0439341    -2.33522      85.028    -37.1439  -0.0747389    0.972319    0.342989     2.55925
   -40.8626     -1.9505     17.8069     188.835    -56.4788     41.6729     281.617     7.27746    -209.076    -37.1439      228761    -80.9266    -61.0642     22.8211     32.4297
  -0.814952  -0.0634785    0.135135     1.32216  -0.0789117    -3.47752    -4.12933   -0.130527       5.176  -0.0747389    -80.9266     17.1931     -1.3168     0.27477    -13.0923
   0.330418   0.0100237   -0.026616     1.20599    0.381192    0.723217    -4.11238  -0.0764209     3.84342    0.972319    -61.0642     -1.3168     18.2528    0.303773   -0.169133
   0.161391  0.00630189  -0.0545367    0.753625    -0.35792  -0.0501919    0.130304   0.0122011    -1.13177    0.342989     22.8211     0.27477    0.303773     3.53208   -0.856631
   0.885915   0.0473835    0.617306    -2.43502   -0.307821   0.0698495     1.37165    0.182253      2.9313     2.55925     32.4297    -13.0923   -0.169133   -0.856631     38.3214
