    82.7352   -0.169682     1.20824     1.32536    -3.05639     5.02817     1.60124    0.554323   0.0426854     2.02287    -4.43801    -1.43832   -0.751691    0.961325      1.5926
  -0.169682     1.80365  -0.0354035    0.487633   -0.129803     0.03179   -0.672758   0.0456158    0.483611  -0.0467813   -0.959114   -0.669193   -0.203884    0.175172    0.429199
    1.20824  -0.0354035     24.3828    0.605274      2.0849    -1.59943 -0.00754464  -0.0479155    0.123475   -0.149411     2.46462    0.408677   -0.295863   -0.378985     1.60554
    1.32536    0.487633    0.605274     61.9455    -11.5789     6.54575    -18.4357   -0.614796     27.7468    -4.80015     8.22298     6.01677    -2.01226     1.96022   -0.047225
   -3.05639   -0.129803      2.0849    -11.5789     34.2315    -34.6292    -8.29712    0.374661   -0.838643     4.73073     -6.7863     1.54873     2.63373   -0.399301     11.3576
    5.02817     0.03179    -1.59943     6.54575    -34.6292     52.3514     12.9431   -0.347418    -0.34876    -2.74159     3.15669    -1.00898    -3.91854   -0.126799     2.23942
    1.60124   -0.672758 -0.00754464    -18.4357    -8.29712     12.9431     49.9789     1.55312    -41.2641   -0.968136     15.7654     -1.6075    -16.5279    0.497848     1.79776
   0.554323   0.0456158  -0.0479155   -0.614796    0.374661   -0.347418     1.55312      5.8098    -1.23142   -0.204887     1.68123   -0.583249   -0.996364    0.156335    0.814822
  0.0426854    0.483611    0.123475     27.7468   -0.838643    -0.34876    -41.2641    -1.23142     53.7527     4.10366    -12.1748      6.2208     8.92592    -3.10122     5.76096
    2.02287  -0.0467813   -0.149411    -4.80015     4.73073    -2.74159   -0.968136   -0.204887     4.10366     28.7929     0.34443     2.47806     1.86263      0.5097     3.23793
   -4.43801   -0.959114     2.46462     8.22298     -6.7863     3.15669     15.7654     1.68123    -12.1748     0.34443     704.743    -3.81678    -12.4627     4.27938     2.82217
   -1.43832   -0.669193    0.408677     6.01677     1.54873    -1.00898     -1.6075   -0.583249      6.2208     2.47806    -3.81678     21.6466      9.1871    0.760779    -12.8179
  -0.751691   -0.203884   -0.295863    -2.01226     2.63373    -3.91854    -16.5279   -0.996364     8.92592     1.86263    -12.4627      9.1871     20.0817     1.67712    -13.3673
   0.961325    0.175172   -0.378985     1.96022   -0.399301   -0.126799    0.497848    0.156335    -3.10122      0.5097     4.27938    0.760779     1.67712     29.0759    -2.52693
     1.5926    0.429199     1.60554   -0.047225     11.3576     2.23942     1.79776    0.814822     5.76096     3.23793     2.82217    -12.8179    -13.3673    -2.52693     41.7405
