     48.5048      3.27597     -13.1278      3.14748     -5.78798     0.460068      7.29463      25210.9  0.000511637    0.0434433   0.00199287     -3.99243      15370.2     -1.85997      155.245      11.9385
     3.27597      57.4413      8.74502     -3.03567      3.33902     -1.25099     -3.93233       123423 -0.000134838   0.00162061  0.000727995     -4.52116      -279797      4.75402     -155.446     -61.1282
    -13.1278      8.74502      19.3628     -7.34544     0.472998       0.2499     -4.59889      41884.1  0.000175782  -0.00142578 -5.97672e-05    0.0690392     -29774.9     -2.86546     -77.8099     -24.1733
     3.14748     -3.03567     -7.34544      35.1977     -11.7643    -0.561245     -10.8959      -104335  0.000110336   -0.0240708  -0.00021552     -3.86376      7738.41      16.2515      547.939      13.1026
    -5.78798      3.33902     0.472998     -11.7643      375.123    0.0926494      11.2713      99817.1  -0.00194809   -0.0288616  0.000886277      4.67649      -581242    -0.700536            0     -13.4692
    0.460068     -1.25099       0.2499    -0.561245    0.0926494       1.7566     0.838764       -17344 -5.88985e-06   0.00135882 -6.80502e-05    -0.919837      14951.3    -0.681647     -1.47703    -0.632689
     7.29463     -3.93233     -4.59889     -10.8959      11.2713     0.838764       37.631     -56599.9   0.00126761   -0.0372647  0.000122369     -1.08012       121635      6.62856     -408.863      20.9428
     25210.9       123423      41884.1      -104335      99817.1       -17344     -56599.9  5.16905e+10     0.248715      1217.36      23.3353     -22288.6 -1.52493e+09     -76332.4 -6.41613e+06 -1.55783e+07
 0.000511637 -0.000134838  0.000175782  0.000110336  -0.00194809 -5.88985e-06   0.00126761     0.248715  1.10796e-05 -3.50282e-06  1.67689e-07  0.000189555     0.361109  0.000127965   -0.0175922  -0.00255236
   0.0434433   0.00162061  -0.00142578   -0.0240708   -0.0288616   0.00135882   -0.0372647      1217.36 -3.50282e-06    0.0164308  1.29189e-06  -0.00320612      2612.71   -0.0325024      1.47223     -0.41741
  0.00199287  0.000727995 -5.97672e-05  -0.00021552  0.000886277 -6.80502e-05  0.000122369      23.3353  1.67689e-07  1.29189e-06  5.80054e-06 -0.000213914     -7.00071 -0.000356691    0.0143034 -0.000169207
    -3.99243     -4.52116    0.0690392     -3.86376      4.67649    -0.919837     -1.08012     -22288.6  0.000189555  -0.00320612 -0.000213914       20.076      44.1307     -2.32769     -147.633      8.28917
     15370.2      -279797     -29774.9      7738.41      -581242      14951.3       121635 -1.52493e+09     0.361109      2612.71     -7.00071      44.1307  1.91685e+11      63604.7            0      -393455
    -1.85997      4.75402     -2.86546      16.2515    -0.700536    -0.681647      6.62856     -76332.4  0.000127965   -0.0325024 -0.000356691     -2.32769      63604.7      21.4125      6.07562      8.17499
     155.245     -155.446     -77.8099      547.939            0     -1.47703     -408.863 -6.41613e+06   -0.0175922      1.47223    0.0143034     -147.633            0      6.07562  1.12816e+06     -2126.29
     11.9385     -61.1282     -24.1733      13.1026     -13.4692    -0.632689      20.9428 -1.55783e+07  -0.00255236     -0.41741 -0.000169207      8.28917      -393455      8.17499     -2126.29      5695.52
