    33.9833   0.0190989    0.443214     0.89884    0.126676     2.86681     0.54775    0.195335    0.441071     0.99636    -13.3348    -1.10124    0.458211     0.37133     1.24261
  0.0190989    0.195841 -0.00757153    0.170407  -0.0398554   0.0244513   -0.205021  0.00724961    0.152463  -0.0304882       -1.44   -0.203971   0.0314202      0.0328    0.143981
   0.443214 -0.00757153     9.82168    0.345247     1.02862    -1.07521  -0.0613441  -0.0149458   0.0143184    0.295778     6.55982    0.223357  -0.0399156   -0.141357    0.971541
    0.89884    0.170407    0.345247     55.7314     1.11518     4.69847    -16.3456    -0.22208     22.1405    -1.97064     43.2123     3.09904     1.19565     1.21955    -1.56114
   0.126676  -0.0398554     1.02862     1.11518     52.6125    -3.13392     0.32378     0.17494    -1.57334     21.1454    -17.8764   -0.123242    0.512342   -0.797854   -0.436901
    2.86681   0.0244513    -1.07521     4.69847    -3.13392     47.8242     10.6942   -0.141083    0.232055    -1.37076     11.0664    -2.48533    0.586595  -0.0462367    0.899114
    0.54775   -0.205021  -0.0613441    -16.3456     0.32378     10.6942     45.7357    0.732891    -37.1989    0.758918     65.6327    -3.11228    -4.22694    0.222683     1.35357
   0.195335  0.00724961  -0.0149458    -0.22208     0.17494   -0.141083    0.732891     1.33426    -0.56023  -0.0529101     3.47392   -0.260554   -0.154987   0.0410621    0.362537
   0.441071    0.152463   0.0143184     22.1405    -1.57334    0.232055    -37.1989    -0.56023     48.6246    -1.39823     -49.097     5.43922     3.91127    -1.82344     3.81473
    0.99636  -0.0304882    0.295778    -1.97064     21.1454    -1.37076    0.758918  -0.0529101    -1.39823     30.8533    -5.29102  -0.0782171    0.584085    0.344662     1.56986
   -13.3348       -1.44     6.55982     43.2123    -17.8764     11.0664     65.6327     3.47392     -49.097    -5.29102     12826.6    -17.6794    -14.5616     9.02212     7.82028
   -1.10124   -0.203971    0.223357     3.09904   -0.123242    -2.48533    -3.11228   -0.260554     5.43922  -0.0782171    -17.6794     18.1765    -1.39202    0.469797    -12.7754
   0.458211   0.0314202  -0.0399156     1.19565    0.512342    0.586595    -4.22694   -0.154987     3.91127    0.584085    -14.5616    -1.39202     18.4129    0.503119   -0.218931
    0.37133      0.0328   -0.141357     1.21955   -0.797854  -0.0462367    0.222683   0.0410621    -1.82344    0.344662     9.02212    0.469797    0.503119     9.84206    -1.43787
    1.24261    0.143981    0.971541    -1.56114   -0.436901    0.899114     1.35357    0.362537     3.81473     1.56986     7.82028    -12.7754   -0.218931    -1.43787      38.499
