   57.9692   -15.0228   -1.45087    -0.7489   0.734926  -0.265485   0.835012 -0.0597635    4.52409 -0.0256773  -0.508154  -0.837953   0.756636   0.861858  -0.117528  -0.327555
  -15.0228    7.94282   0.445678   -1.73163  -0.234628    1.55118   -2.06056  -0.582472   0.321269   0.238528   0.187201   0.955186    0.48709   0.657371    0.77163   -0.21795
  -1.45087   0.445678    32.4476   0.980435    9.50128   0.418001   -1.57891   -3.96137   -5.07524 -0.0562916   -6.31503   -2.15507   -1.31409    1.13906   -1.85654   -1.71627
   -0.7489   -1.73163   0.980435    35.0588   -15.1621   -13.4896    26.3464    20.1852    4.69789   -17.1988   -5.91662   0.561208   -13.9405   -12.0159  -0.476788    17.3563
  0.734926  -0.234628    9.50128   -15.1621    77.1216   -14.5002    11.1751    -22.746    -12.013    38.9038   -10.8045   -21.8947    11.9157   -2.28719   -5.72376    2.12395
 -0.265485    1.55118   0.418001   -13.4896   -14.5002    40.3765   -43.3252    -10.795    16.1746   0.989174    12.1708   -1.35848   0.531288    3.61814     5.0432    13.1413
  0.835012   -2.06056   -1.57891    26.3464    11.1751   -43.3252    62.8402    17.4223   -9.67927   -1.25831   -8.99203   -3.08095    2.54249   -7.29878   -11.4733    3.34885
-0.0597635  -0.582472   -3.96137    20.1852    -22.746    -10.795    17.4223    59.7291    3.02069   -49.9756   -4.41882   -27.1974    1.98274   -22.5859    20.2488     3.1628
   4.52409   0.321269   -5.07524    4.69789    -12.013    16.1746   -9.67927    3.02069     39.831   -1.99233     4.7519   -5.41085   -5.85803   -6.78395    2.87178    22.2155
-0.0256773   0.238528 -0.0562916   -17.1988    38.9038   0.989174   -1.25831   -49.9756   -1.99233     67.148    11.0301    14.8175     7.6526     13.404   -21.7616    8.44295
 -0.508154   0.187201   -6.31503   -5.91662   -10.8045    12.1708   -8.99203   -4.41882     4.7519    11.0301     16.915    3.89525    9.56302    5.72101   -1.75805    4.60023
 -0.837953   0.955186   -2.15507   0.561208   -21.8947   -1.35848   -3.08095   -27.1974   -5.41085    14.8175    3.89525    50.0879   -9.75538    16.2101   -13.3492   -12.7804
  0.756636    0.48709   -1.31409   -13.9405    11.9157   0.531288    2.54249    1.98274   -5.85803     7.6526    9.56302   -9.75538    28.6557    9.54132   0.129654   -12.0268
  0.861858   0.657371    1.13906   -12.0159   -2.28719    3.61814   -7.29878   -22.5859   -6.78395     13.404    5.72101    16.2101    9.54132    24.0829    -7.4602   -18.8291
 -0.117528    0.77163   -1.85654  -0.476788   -5.72376     5.0432   -11.4733    20.2488    2.87178   -21.7616   -1.75805   -13.3492   0.129654    -7.4602    19.9313   -5.08614
 -0.327555   -0.21795   -1.71627    17.3563    2.12395    13.1413    3.34885     3.1628    22.2155    8.44295    4.60023   -12.7804   -12.0268   -18.8291   -5.08614    50.6067
