     2.20362     0.272122     0.110857    -0.174388     -13.1787     -0.14833     0.419102      7274.98 -7.01268e-07   -0.0175656       0.0905     0.487465   0.00294907      11.1198     0.010673    -0.003688
    0.272122      66.0413     -4.15521    -0.451712      453.319      -58.589      16.4453  1.17897e+06            0    -0.011382     -21.2214      2.50459    0.0208442      95.7423   -0.0171924   -0.0158366
    0.110857     -4.15521      226.019      2.25378     -138.339       1.0015     -54.0203      -130479 -0.000406402     0.296956     -106.935      74.7503   -0.0247449      555.256   -0.0367842   -0.0175481
   -0.174388    -0.451712      2.25378       18.161            0     0.544204            0            0            0    0.0847813     -19.5465     0.849569  -0.00353069     -11.8775  -0.00860716  -0.00901744
    -13.1787      453.319     -138.339            0   2.2961e+06     -184.526      6767.83  2.44793e+07            0     -4.16301      8807.37      777.752    -0.703908      4188.92      2.52655       11.145
    -0.14833      -58.589       1.0015     0.544204     -184.526      94.1259       3.5759      90159.7            0   -0.0236955      -3.2089     -12.5679    -0.021502     -97.3649    0.0318324    0.0358557
    0.419102      16.4453     -54.0203            0      6767.83       3.5759       197012      -733002            0     -8.97875     -2991.16            0    -0.375304      17613.8   0.00494468      1.41434
     7274.98  1.17897e+06      -130479            0  2.44793e+07      90159.7      -733002  5.52581e+10            0            0  1.77903e+06            0      292.321 -3.81738e+06       520.14     -472.383
-7.01268e-07            0 -0.000406402            0            0            0            0            0  2.14585e-09            0            0 -0.000309901   7.3966e-08            0            0 -2.60109e-07
  -0.0175656    -0.011382     0.296956    0.0847813     -4.16301   -0.0236955     -8.97875            0            0      1.04077     -6.19133            0  -0.00112604      22.4219 -0.000278377  -0.00370917
      0.0905     -21.2214     -106.935     -19.5465      8807.37      -3.2089     -2991.16  1.77903e+06            0     -6.19133       297694      833.429    -0.496688      17973.5      1.26177     -1.01012
    0.487465      2.50459      74.7503     0.849569      777.752     -12.5679            0            0 -0.000309901            0      833.429      3049.62    0.0487381            0    -0.205948      0.17482
  0.00294907    0.0208442   -0.0247449  -0.00353069    -0.703908    -0.021502    -0.375304      292.321   7.3966e-08  -0.00112604    -0.496688    0.0487381   0.00282589     -2.03725 -7.61321e-05  3.67253e-05
     11.1198      95.7423      555.256     -11.8775      4188.92     -97.3649      17613.8 -3.81738e+06            0      22.4219      17973.5            0     -2.03725  1.70459e+06      2.58527            0
    0.010673   -0.0171924   -0.0367842  -0.00860716      2.52655    0.0318324   0.00494468       520.14            0 -0.000278377      1.26177    -0.205948 -7.61321e-05      2.58527    0.0229972  0.000164478
   -0.003688   -0.0158366   -0.0175481  -0.00901744       11.145    0.0358557      1.41434     -472.383 -2.60109e-07  -0.00370917     -1.01012      0.17482  3.67253e-05            0  0.000164478     0.026675
