    0.647764     -373.475  0.000780308      0.34965            0     -134.042      2.70641     -1314.01    0.0602222      8.12688            0       4.8595      -131119     -0.32286   -0.0046239
    -373.475  1.47883e+08      5.05445     -8140.06            0      -423518       437030            0     -4990.05      74171.1            0      73006.9            0     -2833.31      56.6801
 0.000780308      5.05445   0.00765356   -0.0653506            0     0.597926     0.927602     -336.563    0.0355329     -0.88972            0    -0.522555     -84.1101    0.0679577 -0.000217479
     0.34965     -8140.06   -0.0653506      12428.8            0     -5763.01     -535.712       495867      53.9461            0            0       1115.4            0      4.02996            0
           0            0            0            0  2.00934e+23    1.063e+13            0 -2.99336e+15            0 -1.84146e+13  -5.8101e+23            0            0            0 -2.52468e+08
    -134.042      -423518     0.597926     -5763.01    1.063e+13  1.56456e+07      19145.5            0       432.22       -19068            0      2422.29   2.6187e+07            0     -11.3609
     2.70641       437030     0.927602     -535.712            0      19145.5       126401            0     -31.2343            0            0      2934.61      -389284      71.5836     -1.02633
    -1314.01            0     -336.563       495867 -2.99336e+15            0            0  4.84655e+10      60410.2  6.67783e+07            0            0            0       114747      1146.46
   0.0602222     -4990.05    0.0355329      53.9461            0       432.22     -31.2343      60410.2      614.929      144.321            0      669.932            0       -6.865     -0.14422
     8.12688      74171.1     -0.88972            0 -1.84146e+13       -19068            0  6.67783e+07      144.321       153466            0      443.624 -1.40729e+06      33.3735      2.30449
           0            0            0            0  -5.8101e+23            0            0            0            0            0  8.31438e+26  1.87696e+14            0  1.52961e+13  1.96286e+11
      4.8595      73006.9    -0.522555       1115.4            0      2422.29      2934.61            0      669.932      443.624  1.87696e+14       274478 -1.96859e+06      256.737    -0.564721
     -131119            0     -84.1101            0            0   2.6187e+07      -389284            0            0 -1.40729e+06            0 -1.96859e+06  3.18308e+10      67029.1      650.568
    -0.32286     -2833.31    0.0679577      4.02996            0            0      71.5836       114747       -6.865      33.3735  1.52961e+13      256.737      67029.1      248.752    0.0344069
  -0.0046239      56.6801 -0.000217479            0 -2.52468e+08     -11.3609     -1.02633      1146.46     -0.14422      2.30449  1.96286e+11    -0.564721      650.568    0.0344069    0.0446652
