     4.08465     0.364424     0.137977    -0.264013      -4.4914    -0.178683     0.190557      9906.16 -9.64196e-07   -0.0353574    0.0474916     0.393357     0.011455      4.74415    0.0364851   -0.0113689
    0.364424       63.511     -3.76022    -0.492331      111.924     -50.4438      5.41038  1.16957e+06            0   -0.0166795     -8.23857      1.42907    0.0583841      29.3013   -0.0419493   -0.0346245
    0.137977     -3.76022      189.035      2.29209     -31.6761     0.813293     -16.4982      -119344 -0.000375498     0.401505     -38.3577      40.5252   -0.0645562      159.128   -0.0844671   -0.0363417
   -0.264013    -0.492331      2.29209      22.4582            0     0.537735            0            0            0     0.139386      -8.5245     0.560048   -0.0111969      -4.1387   -0.0240321   -0.0227055
     -4.4914      111.924     -31.6761            0       143875     -40.8801      565.877  6.12968e+06            0      -1.5408      864.623      115.412    -0.502668      328.666      1.58799      6.31683
   -0.178683     -50.4438     0.813293     0.537735     -40.8801      73.7881      1.12267      79745.2            0   -0.0315254      -1.1347     -6.63617   -0.0544884     -26.9365    0.0708816    0.0719571
    0.190557      5.41038     -16.4982            0      565.877      1.12267      21975.4      -244928            0     -4.43344     -391.831            0    -0.357597      1843.46   0.00415029      1.06943
     9906.16  1.16957e+06      -119344            0  6.12968e+06      79745.2      -244928  5.52881e+10            0            0       697503            0      834.391 -1.19596e+06      1306.07     -1070.26
-9.64196e-07            0 -0.000375498            0            0            0            0            0  2.19077e-09            0            0 -0.000185615  2.13291e-07            0            0 -5.95101e-07
  -0.0353574   -0.0166795     0.401505     0.139386      -1.5408   -0.0315254     -4.43344            0            0      2.27489     -3.58978            0  -0.00474957      10.3879  -0.00103337   -0.0124163
   0.0474916     -8.23857     -38.3577      -8.5245      864.623      -1.1347     -391.831       697503            0     -3.58978      45786.6      193.761     -0.55575      2208.87      1.24243    -0.896816
    0.393357      1.42907      40.5252     0.560048      115.412     -6.63617            0            0 -0.000185615            0      193.761       1071.7    0.0824247            0    -0.306544     0.234666
    0.011455    0.0583841   -0.0645562   -0.0111969    -0.502668   -0.0544884    -0.357597      834.391  2.13291e-07  -0.00474957     -0.55575    0.0824247    0.0230004      -1.8213 -0.000545427  0.000237164
     4.74415      29.3013      159.128      -4.1387      328.666     -26.9365      1843.46 -1.19596e+06            0      10.3879      2208.87            0      -1.8213       167390      2.03409            0
   0.0364851   -0.0419493   -0.0844671   -0.0240321      1.58799    0.0708816   0.00415029      1306.07            0  -0.00103337      1.24243    -0.306544 -0.000545427      2.03409     0.144984  0.000935678
  -0.0113689   -0.0346245   -0.0363417   -0.0227055      6.31683    0.0719571      1.06943     -1070.26 -5.95101e-07   -0.0124163    -0.896816     0.234666  0.000237164            0  0.000935678     0.136755
