     1.76112     -124.279   0.00293813     0.260165            0     -54.2689      1.93378     -2161.98    0.0704823      4.17974            0       3.3087      -216288    -0.460459   -0.0138593
    -124.279   6.0169e+06      2.33173     -738.161            0     -21255.8      38220.7            0      -718.17      4664.83            0      6064.91            0     -499.113      20.8371
  0.00293813      2.33173    0.0399022    -0.103102            0     0.335226      0.92027     -769.576    0.0574856     -0.63352            0    -0.492012     -192.653     0.134259 -0.000902651
    0.260165     -738.161    -0.103102      2525.23            0     -639.639     -109.672       223817      17.2269            0            0      207.997            0      1.57254            0
           0            0            0            0  2.14607e+20  8.51606e+10            0 -9.76223e+13            0 -1.87563e+11 -1.45023e+22            0            0            0 -2.60164e+07
    -54.2689     -21255.8     0.335226     -639.639  8.51606e+10       943186      2043.19            0      75.3869        -1460            0      245.506   6.4331e+06            0     -5.07074
     1.93378      38220.7      0.92027     -109.672            0      2043.19      23805.1            0     -9.25571            0            0      527.205      -168833      27.2513    -0.808547
    -2161.98            0     -769.576       223817 -9.76223e+13            0            0  4.84958e+10      42854.4   2.0848e+07            0            0            0      99415.4      2086.42
   0.0704823      -718.17    0.0574856      17.2269            0      75.3869     -9.25571      42854.4      309.669      31.9386            0       196.16            0     -4.23278    -0.185711
     4.17974      4664.83     -0.63352            0 -1.87563e+11        -1460            0   2.0848e+07      31.9386      14938.1            0      57.1547      -438801      9.00206      1.30679
           0            0            0            0 -1.45023e+22            0            0            0            0            0  2.69959e+26  4.38314e+13            0   7.2439e+12  2.04647e+11
      3.3087      6064.91    -0.492012      207.997            0      245.506      527.205            0       196.16      57.1547  4.38314e+13      46788.8      -812726      91.9178    -0.425759
     -216288            0     -192.653            0            0   6.4331e+06      -168833            0            0      -438801            0      -812726  3.18569e+10      58001.6      1184.02
   -0.460459     -499.113     0.134259      1.57254            0            0      27.2513      99415.4     -4.23278      9.00206   7.2439e+12      91.9178      58001.6      186.156     0.054021
  -0.0138593      20.8371 -0.000902651            0 -2.60164e+07     -5.07074    -0.808547      2086.42    -0.185711      1.30679  2.04647e+11    -0.425759      1184.02     0.054021     0.147549
