    19.9513    0.787156     0.24032    -0.76756    -0.28074   -0.275743   0.0247891     10.2186 -0.00182644   -0.215576  0.00997234    0.225003     0.37844    0.522696    0.889411   -0.212558
   0.787156     59.1223    -3.00258   -0.620018     3.14483    -32.6663     0.31421     551.433           0  -0.0465391   -0.756973    0.324626     0.84634      1.4014   -0.509159   -0.262105
    0.24032    -3.00258     119.233     2.39411   -0.713401    0.459922   -0.771321    -43.6583   -0.275093    0.882413    -2.70947     8.34164   -0.765908     6.29667   -0.739859   -0.248361
   -0.76756   -0.620018     2.39411     38.8341           0     0.50657           0           0           0     0.50949   -0.998167    0.191615   -0.219978   -0.271118   -0.347926   -0.241885
   -0.28074     3.14483   -0.713401           0     115.352   -0.811585    0.944774     80.0151           0    -0.12069      2.1756    0.847007   -0.212724    0.464818    0.499151     1.51356
  -0.275743    -32.6663    0.459922     0.50657   -0.811585     36.4194     0.06264     25.6792           0  -0.0665176  -0.0884811     -1.2615   -0.582414   -0.927835    0.522543    0.429485
  0.0247891     0.31421   -0.771321           0    0.944774     0.06264     76.2603    -6.66947           0   -0.723697    -2.05306           0   -0.314802     5.41421  0.00480316    0.532978
    10.2186     551.433    -43.6583           0     80.0151     25.6792    -6.66947     11841.7           0           0     28.0786           0     5.74386    -27.3588     4.25062    -4.15535
-0.00182644           0   -0.275093           0           0           0           0           0  0.00192181           0           0  -0.0453855  0.00313211           0           0 -0.00470133
  -0.215576  -0.0465391    0.882413     0.50949    -0.12069  -0.0665176   -0.723697           0           0     17.3707   -0.446488           0   -0.196244      1.4335  -0.0317875    -0.29063
 0.00997234   -0.756973    -2.70947   -0.998167      2.1756  -0.0884811    -2.05306     28.0786           0   -0.446488     361.691     4.46505   -0.738938     9.78226     1.21564   -0.675066
   0.225003    0.324626     8.34164    0.191615    0.847007     -1.2615           0           0  -0.0453855           0     4.46505     72.0525    0.319408           0   -0.876942    0.504189
    0.37844     0.84634   -0.765908   -0.219978   -0.212724   -0.582414   -0.314802     5.74386  0.00313211   -0.196244   -0.738938    0.319408     5.13809    -1.35759  -0.0980215     0.03009
   0.522696      1.4014     6.29667   -0.271118    0.464818   -0.927835     5.41421    -27.3588           0      1.4335     9.78226           0    -1.35759     416.158     1.13664           0
   0.889411   -0.509159   -0.739859   -0.347926    0.499151    0.522543  0.00480316     4.25062           0  -0.0317875     1.21564   -0.876942  -0.0980215     1.13664     17.5931    0.086133
  -0.212558   -0.262105   -0.248361   -0.241885     1.51356    0.429485    0.532978    -4.15535 -0.00470133    -0.29063   -0.675066    0.504189     0.03009           0    0.086133     9.79015
