 3.80368e+06    -0.106327      101.331       44.647      -8.2671  4.77781e+07            0     -4719.63     -830.079     -28786.6     -42080.3      -224.64      6442.01     -79100.6
   -0.106327  6.47603e-06 -0.000479308  0.000204134 -2.02297e-05      22.4153      3.28623  0.000610804   -0.0043964   0.00573394    -0.279491  0.000391016 -0.000730879    0.0416379
     101.331 -0.000479308      46.8808     -40.6309    -0.205475      5339.21            0     -2.06383     -4.98713     -9.85086     -1379.46      1.50196      2.93868     -7.09268
      44.647  0.000204134     -40.6309      50.3163    -0.598368     -7795.66     -1209.68     -1.29499      25.4047      -11.826      1957.73    -0.128176      1.41465     -9.92454
     -8.2671 -2.02297e-05    -0.205475    -0.598368      8.67808     -10312.3            0      0.79785     -21.8265      2.90874     -1586.53     -2.46484      0.47143      10.5005
 4.77781e+07      22.4153      5339.21     -7795.66     -10312.3  4.10462e+11            0      -188620   1.0198e+06      -137031 -2.45245e+08      66113.4     -84107.5            0
           0      3.28623            0     -1209.68            0            0  1.96863e+09      10565.1            0            0  3.26267e+06     -31993.4            0            0
    -4719.63  0.000610804     -2.06383     -1.29499      0.79785      -188620      10565.1      271.861      44.4782      873.961     -2829.69      6.37065     -235.592            0
    -830.079   -0.0043964     -4.98713      25.4047     -21.8265   1.0198e+06            0      44.4782      16188.9      40.9411      48383.7      1240.96       16.127      51.5412
    -28786.6   0.00573394     -9.85086      -11.826      2.90874      -137031            0      873.961      40.9411      5871.77       -26130    -0.176924     -1218.45     -160.305
    -42080.3    -0.279491     -1379.46      1957.73     -1586.53 -2.45245e+08  3.26267e+06     -2829.69      48383.7       -26130  2.97411e+07      987.888      6295.99     -10313.1
     -224.64  0.000391016      1.50196    -0.128176     -2.46484      66113.4     -31993.4      6.37065      1240.96    -0.176924      987.888      140.806      2.51727            0
     6442.01 -0.000730879      2.93868      1.41465      0.47143     -84107.5            0     -235.592       16.127     -1218.45      6295.99      2.51727      536.353      43.0114
    -79100.6    0.0416379     -7.09268     -9.92454      10.5005            0            0            0      51.5412     -160.305     -10313.1            0      43.0114      49939.5
