   529.143  -0.506231    1.14484   0.803845  -0.159047    116.846          0   -46.6403  -0.684696   -66.0388    -4.0442   -1.03968    38.1832   -116.212
 -0.506231     1.0566  -0.180775   0.111352 -0.0141443    1.79654    6.61837   0.204852  -0.128734   0.449156  -0.998785  0.0623152  -0.146395    2.08678
   1.14484  -0.180775     40.923   -54.5398  -0.295858    1.07628          0   -1.57797   -0.30041   -1.84915   -10.6284   0.572884    1.38469  -0.849322
  0.803845   0.111352   -54.5398    106.279   -1.37112   -2.34587   -9.13259   -1.61996    2.64794   -3.42402    23.6086 -0.0775217    1.05994   -1.85506
 -0.159047 -0.0141443  -0.295858   -1.37112    20.1817   -3.63768          0    1.01627   -2.39754   0.859312   -20.0685   -1.47399   0.360804    1.99494
   116.846    1.79654    1.07628   -2.34587   -3.63768    17673.2          0   -32.1965    15.3363   -5.72018   -410.475    5.34236   -8.68514          0
         0    6.61837          0   -9.13259          0          0    49227.5    44.1711          0          0    135.431   -62.6908          0          0
  -46.6403   0.204852   -1.57797   -1.61996    1.01627   -32.1965    44.1711    190.267    2.67628    142.464   -19.7087    2.09315   -98.9656          0
 -0.684696  -0.128734   -0.30041    2.64794   -2.39754    15.3363          0    2.67628    83.9444   0.584682    28.9318    35.0391   0.570401   0.470929
  -66.0388   0.449156   -1.84915   -3.42402   0.859312   -5.72018          0    142.464   0.584682    222.069   -42.1361 -0.0121142   -119.069   -3.88587
   -4.0442  -0.998785   -10.6284    23.6086   -20.0685   -410.475    135.431   -19.7087    28.9318   -42.1361    2045.74    3.20805     26.219   -10.6157
  -1.03968  0.0623152   0.572884 -0.0775217   -1.47399    5.34236   -62.6908    2.09315    35.0391 -0.0121142    3.20805    21.6617   0.490527          0
   38.1832  -0.146395    1.38469    1.05994   0.360804   -8.68514          0   -98.9656   0.570401   -119.069     26.219   0.490527    134.888    2.67794
  -116.212    2.08678  -0.849322   -1.85506    1.99494          0          0          0   0.470929   -3.88587   -10.6157          0    2.67794    774.943
