      802310    -0.137443      46.2743      22.0238     -4.15648  9.92809e+06            0     -2101.71     -241.855     -9928.87     -8302.34     -87.5772      2623.87     -25216.2
   -0.137443  5.13261e-05  -0.00132399  0.000588517 -6.90367e-05      28.2082      3.65237   0.00165239  -0.00786583     0.012106    -0.337872  0.000939319  -0.00180463    0.0810685
     46.2743  -0.00132399      46.3465     -43.3892    -0.219984      2401.93            0     -1.98981     -3.14948     -7.35599     -592.902      1.26765      2.59129     -4.89521
     22.0238  0.000588517     -43.3892      58.0438    -0.692016     -3818.56      -513.92     -1.34904      17.3275     -9.53933      908.998    -0.116869      1.34773     -7.39924
    -4.15648 -6.90367e-05    -0.219984    -0.692016      10.0609     -5161.84            0     0.833326     -14.9244      2.35188     -738.274     -2.25264     0.450217      7.84814
 9.92809e+06      28.2082      2401.93     -3818.56     -5161.84  8.40146e+10            0     -82432.1       293922     -47095.9  -4.7578e+07      25321.3     -33733.7            0
           0      3.65237            0      -513.92            0            0  3.07891e+08      4052.42            0            0       557869     -10738.5            0            0
    -2101.71   0.00165239     -1.98981     -1.34904     0.833326     -82432.1      4052.42      255.673      27.3947      636.441     -1186.47      5.24498     -202.601            0
    -241.855  -0.00786583     -3.14948      17.3275     -14.9244       293922            0      27.3947      6528.68      19.5233      13276.6      668.882      9.08683      22.7412
    -9928.87     0.012106     -7.35599     -9.53933      2.35188     -47095.9            0      636.441      19.5233      3311.65     -8481.85    -0.113037     -811.502     -83.5541
    -8302.34    -0.337872     -592.902      908.998     -738.274  -4.7578e+07       557869     -1186.47      13276.6     -8481.85  5.55508e+06       362.12      2412.83     -3092.36
    -87.5772  0.000939319      1.26765    -0.116869     -2.25264      25321.3     -10738.5      5.24498      668.882    -0.113037       362.12      101.442      1.89476            0
     2623.87  -0.00180463      2.59129      1.34773     0.450217     -33733.7            0     -202.601      9.08683     -811.502      2412.83      1.89476      421.875      26.4789
    -25216.2    0.0810685     -4.89521     -7.39924      7.84814            0            0            0      22.7412     -83.5541     -3092.36            0      26.4789      24060.5
