    20601.3   -0.263186     7.31678     4.17518   -0.833436       44109           0    -313.261    -12.8043    -811.119    -182.192    -9.53752     317.022    -1711.39
  -0.263186  0.00733219  -0.0155692  0.00823717   -0.001004     9.06741     4.90606   0.0183371  -0.0321336   0.0737114   -0.557356  0.00764499  -0.0162208    0.410124
    7.31678  -0.0155692     45.0853    -50.6089   -0.258229     66.4467           0    -1.82627    -1.04012    -3.70091    -81.0927    0.850236     1.92798    -2.04595
    4.17518  0.00823717    -50.6089     81.2096   -0.974553     -124.34    -68.4246    -1.48621     6.95574     -5.7541     149.117  -0.0941653     1.20258    -3.70877
  -0.833436   -0.001004   -0.258229   -0.974553     14.2469    -184.758           0    0.923051    -6.03479     1.42623    -121.735    -1.82217    0.403911     3.95588
      44109     9.06741     66.4467     -124.34    -184.758 6.46783e+07           0    -2105.96     2775.42    -679.408     -179299      475.33    -701.596           0
          0     4.90606           0    -68.4246           0           0 3.89357e+06      423.95           0           0     8695.27     -819.52           0           0
   -313.261   0.0183371    -1.82627    -1.48621    0.923051    -2105.96      423.95     221.271      8.6516     301.867    -153.148     3.31655    -142.108           0
   -12.8043  -0.0321336    -1.04012     6.95574    -6.03479     2775.42           0      8.6516     753.009     3.38446     625.846     154.368     2.32928      3.3211
   -811.119   0.0737114    -3.70091     -5.7541     1.42623    -679.408           0     301.867     3.38446      860.69    -599.186  -0.0401059    -311.931    -18.0321
   -182.192   -0.557356    -81.0927     149.117    -121.735     -179299     8695.27    -153.148     625.846    -599.186      106643     34.0995     251.935    -180.955
   -9.53752  0.00764499    0.850236  -0.0941653    -1.82217      475.33     -819.52     3.31655     154.368  -0.0401059     34.0995     46.8614    0.971031           0
    317.022  -0.0162208     1.92798     1.20258    0.403911    -701.596           0    -142.108     2.32928    -311.931     251.935    0.971031     239.783     8.45397
   -1711.39    0.410124    -2.04595    -3.70877     3.95588           0           0           0      3.3211    -18.0321    -180.955           0     8.45397     4316.14
