    0.858055  -0.00560746 -2.72576e-06     0.254754    -0.980742    -0.101831      696.509      4552.86    0.0100665      10.8831    -0.854886            0     -6249.44     -184.718
 -0.00560746      0.10562  -3.8823e-07    0.0326678      0.16167    0.0110306      79.8782      234.264  -0.00171698   -0.0962193   -0.0594194            0      18726.8            0
-2.72576e-06  -3.8823e-07  1.08992e-07 -0.000207356  2.05254e-05 -2.14664e-05    -0.275491            0   5.5729e-06    0.0244521 -0.000121383            0      7.39289      1.00498
    0.254754    0.0326678 -0.000207356      175.422     0.775114     0.190039      12785.3            0    0.0742944     -245.069     -6.26833 -1.97055e-06       156981            0
   -0.980742      0.16167  2.05254e-05     0.775114      5937.45     -1.98855       -17991       131615    0.0575517     -683.625      8.72584            0      78750.1            0
   -0.101831    0.0110306 -2.14664e-05     0.190039     -1.98855      8.31417      6320.85      1552.65   -0.0372666     -76.7081     -4.58039  1.80971e-05      24160.8     -6312.32
     696.509      79.8782    -0.275491      12785.3       -17991      6320.85  3.26419e+08  5.90155e+07     -126.163      -880225      14649.7    0.0187804 -1.93439e+09  5.16276e+06
     4552.86      234.264            0            0       131615      1552.65  5.90155e+07  5.76354e+09      338.156       155747      16091.3            0  1.37567e+09  1.41795e+09
   0.0100665  -0.00171698   5.5729e-06    0.0742944    0.0575517   -0.0372666     -126.163      338.156     0.313033     -5.15041     0.371254  -1.2468e-08      15889.9      1159.49
     10.8831   -0.0962193    0.0244521     -245.069     -683.625     -76.7081      -880225       155747     -5.15041  1.25038e+06     -719.385            0            0            0
   -0.854886   -0.0594194 -0.000121383     -6.26833      8.72584     -4.58039      14649.7      16091.3     0.371254     -719.385       945.76            0       440020            0
           0            0            0 -1.97055e-06            0  1.80971e-05    0.0187804            0  -1.2468e-08            0            0  1.50349e-10            0            0
    -6249.44      18726.8      7.39289       156981      78750.1      24160.8 -1.93439e+09  1.37567e+09      15889.9            0       440020            0  4.51802e+12            0
    -184.718            0      1.00498            0            0     -6312.32  5.16276e+06  1.41795e+09      1159.49            0            0            0            0  8.41567e+09
