    30169.2           0           0           0           0           0           0           0           0     60.4246           0           0    0.334812           0           0
          0     5199.67           0     141.825           0    -770.314           0           0     12.3109    -4.14055           0           0    -8.27928           0           0
          0           0 2.05877e+08           0           0           0           0           0           0     -577.58           0           0      166.56           0           0
          0     141.825           0     8415.16           0    -61.4779           0           0           0     6.65321           0           0    -2.63221           0     41.6052
          0           0           0           0 8.47448e+13           0           0           0           0 2.59041e+06           0           0 1.86363e+06           0           0
          0    -770.314           0    -61.4779           0     576.427           0           0     -17.475    -4.76516           0           0   -0.517195           0           0
          0           0           0           0           0           0     580.362           0    0.520539    -4.37348           0    -6.48756    0.399368     4.63732     4.03141
          0           0           0           0           0           0           0     1700.75    -19.1394    -14.3533           0    -10.3315    -9.85034     5.24218           0
          0     12.3109           0           0           0     -17.475    0.520539    -19.1394     562.597     3.26438           0           0     2.32542           0     15.2395
    60.4246    -4.14055     -577.58     6.65321 2.59041e+06    -4.76516    -4.37348    -14.3533     3.26438     12.6319     10.1077  -0.0823382   -0.713027     5.35767      8.5262
          0           0           0           0           0           0           0           0           0     10.1077     1477.67     8.33599  0.00538614           0           0
          0           0           0           0           0           0    -6.48756    -10.3315           0  -0.0823382     8.33599     147.308    0.443877     2.35804    -1.85805
   0.334812    -8.27928      166.56    -2.63221 1.86363e+06   -0.517195    0.399368    -9.85034     2.32542   -0.713027  0.00538614    0.443877     17.5823     2.22622     2.42143
          0           0           0           0           0           0     4.63732     5.24218           0     5.35767           0     2.35804     2.22622     87.0631     -9.4962
          0           0           0     41.6052           0           0     4.03141           0     15.2395      8.5262           0    -1.85805     2.42143     -9.4962     1651.31
