     20.2939      7100.68  -1.9004e+06      10595.5     -4.28775      24.4689     -2997.38      -685842      184.385      224.171
     7100.68  3.80892e+08            0            0      190.315            0            0 -1.38733e+08            0            0
 -1.9004e+06            0  6.36118e+13            0 -1.05073e+06            0            0            0            0            0
     10595.5            0            0   3.9484e+08     -1622.21            0            0            0            0            0
    -4.28775      190.315 -1.05073e+06     -1622.21      111.816     -6.69035     -87.0075     -82610.4            0            0
     24.4689            0            0            0     -6.69035      5681.15     -32439.4       865576            0      175.087
    -2997.38            0            0            0     -87.0075     -32439.4  4.95127e+07            0            0            0
     -685842 -1.38733e+08            0            0     -82610.4       865576            0  5.59182e+11      -738758            0
     184.385            0            0            0            0            0            0      -738758      75357.9      4008.56
     224.171            0            0            0            0      175.087            0            0      4008.56       155081
