      15.791      1120.98      -610962       1546.1     -3.19464      10.7389     -553.766      -133591      69.6573       80.675
     1120.98  1.21664e+07            0            0      28.7345            0            0 -5.44844e+06            0            0
     -610962            0  8.46143e+12            0      -323611            0            0            0            0            0
      1546.1            0            0  1.07961e+07     -226.519            0            0            0            0            0
    -3.19464      28.7345      -323611     -226.519      79.8131     -2.81624     -15.4025     -15388.7            0            0
     10.7389            0            0            0     -2.81624      1409.51     -3384.68      95592.2            0      35.5747
    -553.766            0            0            0     -15.4025     -3384.68  2.17265e+06            0            0            0
     -133591 -5.44844e+06            0            0     -15388.7      95592.2            0  2.69318e+10     -69816.1            0
     69.6573            0            0            0            0            0            0     -69816.1      13827.5      700.949
      80.675            0            0            0            0      35.5747            0            0      700.949      25829.8
