     10.535     36.5092    -13667.9      43.481    -1.88963     2.37899    -24.3133    -846.832     11.9923      12.027
    36.5092     19302.5           0           0    0.834307           0           0    -1677.34           0           0
   -13667.9           0 6.06747e+09           0     -6364.4           0           0           0           0           0
     43.481           0           0     12799.7    -5.68842           0           0           0           0           0
   -1.88963    0.834307     -6364.4    -5.68842     42.4689   -0.557988   -0.603301    -87.0077   -0.749921           0
    2.37899           0           0           0   -0.557988     103.952    -49.4406     201.875           0     1.77225
   -24.3133           0           0           0   -0.603301    -49.4406     6285.98           0           0           0
   -846.832    -1677.34           0           0    -87.0077     201.875           0 1.60554e+06    -116.702           0
    11.9923           0           0           0   -0.749921           0           0    -116.702     619.526     27.2453
     12.027           0           0           0           0     1.77225           0           0     27.2453     868.141
