 6.54768e+14            0            0            0            0 -1.03088e+07            0            0            0            0            0            0            0            0            0
           0  1.45314e+12            0            0            0      -448647            0            0       968018            0            0            0            0            0            0
           0            0  1.75468e+07     -21138.8            0      -2507.3       557484  1.19673e+07     -633.728            0 -4.99776e+06       165649            0            0            0
           0            0     -21138.8      30215.9            0     -137.195      15369.1            0     -1854.67       875047      -288867     -20729.2      -699354 -1.74408e+06            0
           0            0            0            0  4.24795e+14 -1.01084e+07 -2.73976e+11            0            0            0            0            0            0            0            0
-1.03088e+07      -448647      -2507.3     -137.195 -1.01084e+07      45.9345        11384      -153626      84.5225       257226      7536.91     -10451.3      -508544      -257488  5.64398e+13
           0            0       557484      15369.1 -2.73976e+11        11384  5.85622e+08            0            0            0  3.47665e+07  1.12282e+06            0            0            0
           0            0  1.19673e+07            0            0      -153626            0  7.21813e+10       104901 -4.85771e+08            0 -2.50695e+07            0            0            0
           0       968018     -633.728     -1854.67            0      84.5225            0       104901      2411.66      -753666     -4121.53     -71044.2            0       305911   9.1751e+14
           0            0            0       875047            0       257226            0 -4.85771e+08      -753666  5.90716e+11  3.54459e+08  1.66316e+08            0            0            0
           0            0 -4.99776e+06      -288867            0      7536.91  3.47665e+07            0     -4121.53  3.54459e+08  8.90319e+09 -7.50324e+06 -4.37855e+08 -1.04709e+09            0
           0            0       165649     -20729.2            0     -10451.3  1.12282e+06 -2.50695e+07     -71044.2  1.66316e+08 -7.50324e+06  4.70082e+07 -1.69059e+07  1.25413e+07  -7.0402e+16
           0            0            0      -699354            0      -508544            0            0            0            0 -4.37855e+08 -1.69059e+07  1.92571e+11            0            0
           0            0            0 -1.74408e+06            0      -257488            0            0       305911            0 -1.04709e+09  1.25413e+07            0  6.72798e+11            0
           0            0            0            0            0  5.64398e+13            0            0   9.1751e+14            0            0  -7.0402e+16            0            0  2.60034e+27
