 1.06471e+10            0     -13225.3            0            0     -46341.4            0            0      77.3554            0            0            0            0            0            0
           0       489663            0     -122.916            0     -346.845            0            0       40.786            0            0            0            0            0            0
    -13225.3            0      3521.25     -33.7001            0     -36.8037      32.2637      34.8759   0.00549457            0     -90.2467       22.656            0            0            0
           0     -122.916     -33.7001      267.194            0     -7.80278      5.92216            0     -10.1736      104.547     -34.5545     -12.7246     -123.332      -173.11            0
           0            0            0            0  7.15919e+12 -1.40852e+06 -1.31095e+08            0            0            0            0            0            0            0            0
    -46341.4     -346.845     -36.8037     -7.80278 -1.40852e+06      38.4766      48.8008     -355.981      4.73762      326.259      12.3092     -83.9953     -690.157     -295.528  7.76722e+09
           0            0      32.2637      5.92216 -1.31095e+08      48.8008      7987.81            0     -2.13068            0      170.486      51.3453            0            0            0
           0            0      34.8759            0            0     -355.981            0       263895      14.6707     -817.538            0     -422.834            0            0            0
     77.3554       40.786   0.00549457     -10.1736            0      4.73762     -2.13068      14.6707      7.62961     -26.8201     -3.28458     -45.2817     -29.4733      41.8821  1.53806e+10
           0            0            0      104.547            0      326.259            0     -817.538     -26.8201       958757      622.194      2011.31            0            0            0
           0            0     -90.2467     -34.5545            0      12.3092      170.486            0     -3.28458      622.194        15634     -92.3106     -733.837     -1133.95            0
           0            0       22.656     -12.7246            0     -83.9953      51.3453     -422.834     -45.2817      2011.31     -92.3106      4732.48     -194.514      155.128 -2.18863e+11
           0            0            0     -123.332            0     -690.157            0            0     -29.4733            0     -733.837     -194.514       346421            0            0
           0            0            0      -173.11            0     -295.528            0            0      41.8821            0     -1133.95      155.128            0       627411            0
           0            0            0            0            0  7.76722e+09            0            0  1.53806e+10            0            0 -2.18863e+11            0            0  2.27782e+20
