 2.95351e+12            0            0            0            0      -653807            0            0            0            0            0            0            0            0            0
           0  1.09911e+08            0            0            0     -3787.06            0            0      1010.85            0            0            0            0            0            0
           0            0      52628.3     -226.331            0     -129.872      682.851      9863.18     -4.13978            0     -3005.08      399.598            0            0            0
           0            0     -226.331      1146.72            0     -25.1424      66.7786            0     -43.1886      4002.17     -616.998     -178.226     -2047.92     -4754.66            0
           0            0            0            0  3.27965e+13 -2.65877e+06 -1.70069e+09            0            0            0            0            0            0            0            0
     -653807     -3787.06     -129.872     -25.1424 -2.65877e+06      40.9094      240.883     -2201.02      9.34598      5896.02      78.5455     -428.525      -6933.2      -3340.4  2.27156e+13
           0            0      682.851      66.7786 -1.70069e+09      240.883       292284            0            0            0       8532.6      1166.25            0            0            0
           0            0      9863.18            0            0     -2201.02            0  1.63861e+07      186.346      -167878            0     -16447.5            0            0            0
           0      1010.85     -4.13978     -43.1886            0      9.34598            0      186.346      34.4097     -2083.05     -5.42456     -375.303            0      509.438  5.12414e+13
           0            0            0      4002.17            0      5896.02            0      -167878     -2083.05  3.12907e+08      89452.5       163328            0            0            0
           0            0     -3005.08     -616.998            0      78.5455       8532.6            0     -5.42456      89452.5  1.07091e+06     -3638.03       -68082      -158314            0
           0            0      399.598     -178.226            0     -428.525      1166.25     -16447.5     -375.303       163328     -3638.03      91517.9     -10600.3      7572.85 -1.46091e+15
           0            0            0     -2047.92            0      -6933.2            0            0            0            0       -68082     -10600.3  3.89123e+07            0            0
           0            0            0     -4754.66            0      -3340.4            0            0      509.438            0      -158314      7572.85            0  1.27638e+08            0
           0            0            0            0            0  2.27156e+13            0            0  5.12414e+13            0            0 -1.46091e+15            0            0   5.6345e+26
