  4.6739e+13            0            0            0            0 -2.63648e+06            0            0            0            0            0            0            0            0            0
           0  2.14356e+10            0            0            0     -53003.1            0            0      38686.3            0            0            0            0            0            0
           0            0       832035     -1949.03            0     -522.513      16516.8       307640     -45.1114            0      -103515      7165.87            0            0            0
           0            0     -1949.03      5429.78            0     -55.6278      886.566            0     -257.322       102770     -11621.8     -1755.78     -44306.5      -125146            0
           0            0            0            0  1.14585e+14 -5.02728e+06 -1.93616e+10            0            0            0            0            0            0            0            0
-2.63648e+06     -53003.1     -522.513     -55.6278 -5.02728e+06      42.0972      1484.01     -17404.8      26.4583      69338.8      698.398     -1985.56     -71443.7     -41393.3   5.3969e+13
           0            0      16516.8      886.566 -1.93616e+10      1484.01  1.08412e+07            0            0            0       450201      31716.3            0            0            0
           0            0       307640            0            0     -17404.8            0  1.00123e+09      4033.72 -1.57349e+07            0      -585815            0            0            0
           0      38686.3     -45.1114     -257.322            0      26.4583            0      4033.72      258.249     -68161.9     -128.044     -4626.29            0      16890.2  3.00295e+14
           0            0            0       102770            0      69338.8            0 -1.57349e+07     -68161.9  4.49515e+10  9.25878e+06  8.95603e+06            0            0            0
           0            0      -103515     -11621.8            0      698.398       450201            0     -128.044  9.25878e+06  8.03464e+07      -142125 -6.02696e+06 -1.66195e+07            0
           0            0      7165.87     -1755.78            0     -1985.56      31716.3      -585815     -4626.29  8.95603e+06      -142125  1.86178e+06      -489571       412704 -1.40089e+16
           0            0            0     -44306.5            0     -71443.7            0            0            0            0 -6.02696e+06      -489571  4.06412e+09            0            0
           0            0            0      -125146            0     -41393.3            0            0      16890.2            0 -1.66195e+07       412704            0  1.89091e+10            0
           0            0            0            0            0   5.3969e+13            0            0  3.00295e+14            0            0 -1.40089e+16            0            0  2.60074e+27
