 1.40082e+06            0     -41.2808            0            0     -393.134            0            0     -55.1745            0            0            0            0            0            0
           0      2190.06            0     -4.15633            0     -20.6619            0            0     0.461499            0            0            0            0            0            0
    -41.2808            0      264.619     -4.62528            0     -6.54845      1.55208      1.35572     -1.72343            0     -3.45379      1.53646            0            0            0
           0     -4.15633     -4.62528      68.5319            0      2.83716     0.529084            0     -5.49157      2.50185     -2.52788       -2.156     -5.93312     -5.54352            0
           0            0            0            0  9.22724e+10      -109231 -2.65362e+06            0     -24110.2            0            0            0            0            0            0
    -393.134     -20.6619     -6.54845      2.83716      -109231      18.3005      6.71023     -35.8468     -1.93329      12.3597      2.08786     -1.53871      -39.979     -16.2558 -1.39526e+07
           0            0      1.55208     0.529084 -2.65362e+06      6.71023      252.764            0     0.750058            0      4.28187      2.26229            0            0            0
           0            0      1.35572            0            0     -35.8468            0      4153.02     -2.73887     -5.01334            0      -13.354            0            0            0
    -55.1745     0.461499     -1.72343     -5.49157     -24110.2     -1.93329     0.750058     -2.73887      10.7457      0.92195    -0.525968     -13.8601     -14.7719     0.293934  1.93348e+07
           0            0            0      2.50185            0      12.3597            0     -5.01334      0.92195      2297.52      4.22051      23.3688            0            0            0
           0            0     -3.45379     -2.52788            0      2.08786      4.28187            0    -0.525968      4.22051      308.578     -3.13969      -9.8204     -10.6122            0
           0            0      1.53646       -2.156            0     -1.53871      2.26229      -13.354     -13.8601      23.3688     -3.13969      282.366     -4.84478       2.4314 -6.03123e+07
           0            0            0     -5.93312            0      -39.979            0            0     -14.7719            0      -9.8204     -4.84478       3261.9            0            0
           0            0            0     -5.54352            0     -16.2558            0            0     0.293934            0     -10.6122       2.4314            0      2553.03            0
           0            0            0            0            0 -1.39526e+07            0            0  1.93348e+07            0            0 -6.03123e+07            0            0  3.11967e+14
