 5.11072e+14            0            0            0            0 -9.05648e+06            0            0            0            0            0            0            0            0            0
           0  1.08421e+12            0            0            0      -385512            0            0       752168            0            0            0            0            0            0
           0            0  1.31352e+07     -16856.4            0     -2157.06       399342  8.61547e+06     -493.099            0 -3.48399e+06       122998            0            0            0
           0            0     -16856.4      25671.4            0      -125.74      11728.2            0     -1537.54       745169      -214414       -16395      -562402  -1.4448e+06            0
           0            0            0            0  3.75152e+14 -9.44666e+06 -2.13147e+11            0            0            0            0            0            0            0            0
-9.05648e+06      -385512     -2157.06      -125.74 -9.44666e+06      45.4178      9372.56      -127214      75.5873       236450      6059.57     -8918.61      -440705      -230221  5.61192e+13
           0            0       399342      11728.2 -2.13147e+11      9372.56  4.01342e+08            0            0            0  2.31887e+07       796910            0            0            0
           0            0  8.61547e+06            0            0      -127214            0  5.00012e+10      78538.4 -3.73498e+08            0 -1.79093e+07            0            0            0
           0       752168     -493.099     -1537.54            0      75.5873            0      78538.4      1950.78      -626154      -2984.8     -54836.7            0       247231    8.252e+14
           0            0            0       745169            0       236450            0 -3.73498e+08      -626154  5.04081e+11  2.63612e+08  1.31764e+08            0            0            0
           0            0 -3.48399e+06      -214414            0      6059.57  2.31887e+07            0      -2984.8  2.63612e+08  5.77622e+09 -5.18734e+06 -3.07172e+08 -7.56668e+08            0
           0            0       122998       -16395            0     -8918.61       796910 -1.79093e+07     -54836.7  1.31764e+08 -5.18734e+06  3.46212e+07 -1.26436e+07  9.66385e+06 -6.04199e+16
           0            0            0      -562402            0      -440705            0            0            0            0 -3.07172e+08 -1.26436e+07  1.46107e+11            0            0
           0            0            0  -1.4448e+06            0      -230221            0            0       247231            0 -7.56668e+08  9.66385e+06            0  5.43023e+11            0
           0            0            0            0            0  5.61192e+13            0            0    8.252e+14            0            0 -6.04199e+16            0            0  2.60035e+27
