     23.3709    -0.167008   0.00286962      -3.6944     0.786953   -0.0216206      -8.0066      19.2307      2.02416      0.12617   0.00285309     -5.67927      -1.5453      -12.059      0.69033     0.421824
   -0.167008      1.49365   -0.0297394    -0.477634     0.112483   -0.0833728     0.381671    -0.708577    -0.673339    0.0173838  0.000616601     0.233107   -0.0648125     -0.84997   -0.0132741    -0.196457
  0.00286962   -0.0297394     0.698795     0.301692    0.0642201     0.128736    -0.258335    -0.258162     -0.35794    0.0166929 -0.000161132     0.185544    0.0220486   -0.0703245     0.130203   -0.0707387
     -3.6944    -0.477634     0.301692      54.0921     -1.14266     -1.75016     -4.57204      2.34714    -0.131763    -0.148828    0.0164454     -8.99788      1.26969      2.42663      -2.2753     0.525195
    0.786953     0.112483    0.0642201     -1.14266      9.32503    -0.546867     -1.41603     -29.3475     -3.85392    0.0608123   0.00163382      3.84257        1.907    -0.351611     0.244355     0.864498
  -0.0216206   -0.0833728     0.128736     -1.75016    -0.546867      37.0757     -1.30958      2.77733   -0.0459177   -0.0428103  -0.00114851     0.593233     0.662458      1.36528     0.324316    -0.245482
     -8.0066     0.381671    -0.258335     -4.57204     -1.41603     -1.30958      23.5186      1.45255      10.3732    0.0025643  -0.00611141      3.90828     0.727783        -2.04      1.05839      1.09302
     19.2307    -0.708577    -0.258162      2.34714     -29.3475      2.77733      1.45255      132.326      18.3914    -0.117146  -0.00497687      1.05265     -5.25639     -10.6042    -0.862849     -3.31573
     2.02416    -0.673339     -0.35794    -0.131763     -3.85392   -0.0459177      10.3732      18.3914      38.7585    0.0160188   0.00414077     -27.7423    -0.277584      10.3126      1.04438    0.0361044
     0.12617    0.0173838    0.0166929    -0.148828    0.0608123   -0.0428103    0.0025643    -0.117146    0.0160188     0.122668  0.000150754   -0.0524815    0.0384741    -0.110583  -0.00553422    0.0353894
  0.00285309  0.000616601 -0.000161132    0.0164454   0.00163382  -0.00114851  -0.00611141  -0.00497687   0.00414077  0.000150754  0.000474921   -0.0176958  0.000334213  -0.00475261   0.00120461 -0.000133064
    -5.67927     0.233107     0.185544     -8.99788      3.84257     0.593233      3.90828      1.05265     -27.7423   -0.0524815   -0.0176958      55.4674     0.851098     -1.51534     -1.12739    -0.980459
     -1.5453   -0.0648125    0.0220486      1.26969        1.907     0.662458     0.727783     -5.25639    -0.277584    0.0384741  0.000334213     0.851098      30.6942     -2.18816     0.299904     0.329856
     -12.059     -0.84997   -0.0703245      2.42663    -0.351611      1.36528        -2.04     -10.6042      10.3126    -0.110583  -0.00475261     -1.51534     -2.18816      28.2456     -1.01273     -1.28831
     0.69033   -0.0132741     0.130203      -2.2753     0.244355     0.324316      1.05839    -0.862849      1.04438  -0.00553422   0.00120461     -1.12739     0.299904     -1.01273      16.1608    -0.229652
    0.421824    -0.196457   -0.0707387     0.525195     0.864498    -0.245482      1.09302     -3.31573    0.0361044    0.0353894 -0.000133064    -0.980459     0.329856     -1.28831    -0.229652      17.7837
