     29.6673   -0.0380837      3.56082     -5.98299     -13.6338      33.0518     -0.55608     0.356875      4.75246 -6.57578e-05    -0.912302      0.32855      15.1416    0.0237937      3.86363
  -0.0380837      8.90989    -0.505445     0.448347      1.20484     -1.31792    0.0734437     0.296386     0.758418 -3.15664e-05    -0.066711     0.187548     0.220339   0.00124972     0.566516
     3.56082    -0.505445       16.796     -3.42218     -14.5346      10.3589    0.0659747     -0.70907      3.14424   1.2929e-05    -0.360244      2.83215     -11.7598  -0.00106462       1.6878
    -5.98299     0.448347     -3.42218      65.9557      9.73968      11.1897    -0.117359     -1.17823      0.54416  -0.00011017      0.48172      1.39745     -2.75668 -0.000163283    -0.598796
    -13.6338      1.20484     -14.5346      9.73968      33.5903     -23.4313     0.264628      0.20449     -1.08835  5.37561e-05      1.40839     -4.41748      5.39699   -0.0114552     -1.79604
     33.0518     -1.31792      10.3589      11.1897     -23.4313      3350.71            0    0.0704145      6.16701  0.000502373      1.38165      11.9337      5.28896     0.009413      11.2148
    -0.55608    0.0734437    0.0659747    -0.117359     0.264628            0      4.01635    0.0490535     0.396628  7.06388e-05    0.0172052     0.437845     0.315234  0.000320854     0.277833
    0.356875     0.296386     -0.70907     -1.17823      0.20449    0.0704145    0.0490535      2.50115      0.15354  1.30474e-05      0.21563   -0.0944429     0.674076 -0.000697036    -0.147253
     4.75246     0.758418      3.14424      0.54416     -1.08835      6.16701     0.396628      0.15354      15.8364 -2.55225e-05     0.288617    -0.520184       1.1067  -0.00611495     0.994448
-6.57578e-05 -3.15664e-05   1.2929e-05  -0.00011017  5.37561e-05  0.000502373  7.06388e-05  1.30474e-05 -2.55225e-05  5.97293e-08 -1.33195e-06 -8.96847e-06  2.98228e-05 -1.52016e-07 -8.07088e-05
   -0.912302    -0.066711    -0.360244      0.48172      1.40839      1.38165    0.0172052      0.21563     0.288617 -1.33195e-06      1.58303    -0.124719    -0.424846 -0.000710749   -0.0372612
     0.32855     0.187548      2.83215      1.39745     -4.41748      11.9337     0.437845   -0.0944429    -0.520184 -8.96847e-06    -0.124719      25.2565     -2.43327   0.00336663    -0.889557
     15.1416     0.220339     -11.7598     -2.75668      5.39699      5.28896     0.315234     0.674076       1.1067  2.98228e-05    -0.424846     -2.43327      37.7931   0.00862725      1.57333
   0.0237937   0.00124972  -0.00106462 -0.000163283   -0.0114552     0.009413  0.000320854 -0.000697036  -0.00611495 -1.52016e-07 -0.000710749   0.00336663   0.00862725   0.00105202  -0.00676904
     3.86363     0.566516       1.6878    -0.598796     -1.79604      11.2148     0.277833    -0.147253     0.994448 -8.07088e-05   -0.0372612    -0.889557      1.57333  -0.00676904      100.747
