   26.8032   -9.33597   0.491037   -5.55914    2.84635 -0.0484629   -12.0447     18.157   -10.2442    1.39117   0.121779   -5.76951  -0.693401   -16.8963   0.921494  -0.245051
  -9.33597    39.3786  -0.772226   -15.5328    5.65987 -0.0929991    2.45418   -31.9449    -2.6309   0.242392 -0.0901915    7.71364  -0.492713    7.12839  -0.176148   -1.62326
  0.491037  -0.772226    25.1855    1.83487   0.569507   0.689877   -1.54007    -1.0313   -2.38462   0.624538 -0.0233278    1.03154   0.152679  -0.462115    1.05704  -0.657344
  -5.55914   -15.5328    1.83487    55.1382   -2.39112    -1.4974   -5.30308    1.95081  -0.132638   -1.67727   0.412674   -10.3619    1.60219    2.36277   -3.08394    1.44447
   2.84635    5.65987   0.569507   -2.39112     9.6607  -0.368486   -2.27421   -22.2865   -7.88412   0.830924  0.0117393    8.22304    2.20921   -2.17653   0.281972   0.575069
-0.0484629 -0.0929991   0.689877    -1.4974  -0.368486    29.0545    -1.1586    2.05878  -0.224315  -0.372875 -0.0324366   0.653076   0.664521    1.26218   0.212266   -0.51851
  -12.0447    2.45418   -1.54007   -5.30308   -2.27421    -1.1586    23.7411   0.909999    12.2096   0.340443  -0.149165    5.07075   0.790373   -2.71744    1.46002    1.62035
    18.157   -31.9449    -1.0313    1.95081   -22.2865    2.05878   0.909999    112.214   -1.39099   -1.35095  -0.109352    7.99714   -4.85273   -15.5499  -0.860987   -2.44578
  -10.2442    -2.6309   -2.38462  -0.132638   -7.88412  -0.224315    12.2096   -1.39099    43.2351  -0.304349  0.0937889   -31.6437  -0.716728    15.6169    1.46888    1.00177
   1.39117   0.242392   0.624538   -1.67727   0.830924  -0.372875   0.340443   -1.35095  -0.304349    11.4761  0.0345427  -0.147054   0.427488    -1.4145 -0.0637343    6.05708
  0.121779 -0.0901915 -0.0233278   0.412674  0.0117393 -0.0324366  -0.149165  -0.109352  0.0937889  0.0345427   0.275951  -0.427865 0.00616109  -0.111491  0.0398716 0.00448602
  -5.76951    7.71364    1.03154   -10.3619    8.22304   0.653076    5.07075    7.99714   -31.6437  -0.147054  -0.427865     55.705   0.843219   -2.55505    -1.4164   -1.00282
 -0.693401  -0.492713   0.152679    1.60219    2.20921   0.664521   0.790373   -4.85273  -0.716728   0.427488 0.00616109   0.843219    40.7386   -2.77403   0.477446   0.297445
  -16.8963    7.12839  -0.462115    2.36277   -2.17653    1.26218   -2.71744   -15.5499    15.6169    -1.4145  -0.111491   -2.55505   -2.77403     28.745   -1.35374  -0.832591
  0.921494  -0.176148    1.05704   -3.08394   0.281972   0.212266    1.46002  -0.860987    1.46888 -0.0637343  0.0398716    -1.4164   0.477446   -1.35374    29.1044 -0.0574397
 -0.245051   -1.62326  -0.657344    1.44447   0.575069   -0.51851    1.62035   -2.44578    1.00177    6.05708 0.00448602   -1.00282   0.297445  -0.832591 -0.0574397    25.0959
