     601.629      1.08747      4.57933     -4.91182      -11.114        222.1     -3.00804      1.49273      3.79659 -0.000202292    -0.784582      -3.4296      12.8239    0.0307637      9.91255
     1.08747        4.071    -0.304095     0.291743      0.80456      -1.6152    0.0336841     0.146424     0.506282 -1.21806e-05   -0.0298707      0.10664     0.151551  0.000239472     0.318917
     4.57933    -0.304095      16.3259     -2.95032     -13.5415      21.2494    0.0120609    -0.525083      3.00718  7.00734e-06    -0.229496      2.21044     -10.5055  0.000116815      1.57191
    -4.91182     0.291743     -2.95032      64.6036      8.83617      21.3366    -0.085685    -0.849561     0.316957 -6.39756e-05     0.300139      1.19353     -2.19548  0.000130289    -0.403282
     -11.114      0.80456     -13.5415      8.83617      33.0945     -44.1634     0.186685     0.167627      -1.0938  3.23846e-05     0.944194     -3.71198      4.87432  -0.00338985     -1.57322
       222.1      -1.6152      21.2494      21.3366     -44.1634        11353            0     0.160854      11.4738  0.000548997      1.71995      18.5632      12.3426    0.0048984      16.5856
    -3.00804    0.0336841    0.0120609    -0.085685     0.186685            0      1.75202    0.0160858     0.258515  2.68401e-05   0.00742696     0.247001     0.172671   5.8039e-05     0.138942
     1.49273     0.146424    -0.525083    -0.849561     0.167627     0.160854    0.0160858      1.37463     0.107566  7.01338e-06     0.107022   -0.0615288     0.511626 -0.000137525    -0.084657
     3.79659     0.506282      3.00718     0.316957      -1.0938      11.4738     0.258515     0.107566      15.5884 -1.41415e-05     0.194282    -0.433498     0.942082  -0.00169288     0.825612
-0.000202292 -1.21806e-05  7.00734e-06 -6.39756e-05  3.23846e-05  0.000548997  2.68401e-05  7.01338e-06 -1.41415e-05  2.00617e-08 -5.30015e-07 -5.19964e-06  1.51482e-05  -2.3205e-08 -3.79971e-05
   -0.784582   -0.0298707    -0.229496     0.300139     0.944194      1.71995   0.00742696     0.107022     0.194282 -5.30015e-07     0.713772   -0.0718839    -0.295444 -0.000133969   -0.0179768
     -3.4296      0.10664      2.21044      1.19353     -3.71198      18.5632     0.247001   -0.0615288    -0.433498 -5.19964e-06   -0.0718839      18.0749      -2.0349  0.000797058    -0.615644
     12.8239     0.151551     -10.5055     -2.19548      4.87432      12.3426     0.172671     0.511626     0.942082  1.51482e-05    -0.295444      -2.0349      37.1174   0.00270725      1.37473
   0.0307637  0.000239472  0.000116815  0.000130289  -0.00338985    0.0048984   5.8039e-05 -0.000137525  -0.00169288  -2.3205e-08 -0.000133969  0.000797058   0.00270725  8.39213e-05  -0.00156479
     9.91255     0.318917      1.57191    -0.403282     -1.57322      16.5856     0.138942    -0.084657     0.825612 -3.79971e-05   -0.0179768    -0.615644      1.37473  -0.00156479      69.0483
