     24.7786   -0.0802426     0.108083     -4.61567      1.20478    0.0227599     -10.2492       18.637     -4.60871     0.390456    0.0194555      -5.8294     -1.01938     -14.9096     0.814227     0.376016
  -0.0802426      8.41282    -0.166258     -1.13543     0.287833     -0.18791     0.919591     -1.36197     -1.49322     0.121042   0.00664106     0.524569    -0.162688     -2.04225   -0.0367353    -0.463756
    0.108083    -0.166258       3.8751     0.711891      0.17867     0.287812    -0.604104    -0.518236    -0.897629     0.115333  -0.00171928     0.417579    0.0549004    -0.168986     0.356924    -0.165651
    -4.61567     -1.13543     0.711891      54.1678     -1.60514     -1.66235     -4.86872      2.45962   0.00815984    -0.434313    0.0751589     -9.59889      1.33881       2.3726     -2.64298     0.528704
     1.20478     0.287833      0.17867     -1.60514      9.21471     -0.45408     -1.80223     -26.6133     -5.46935     0.174122   0.00508324       5.4514      1.97676     -0.79476     0.224739     0.785484
   0.0227599     -0.18791     0.287812     -1.66235     -0.45408      33.4138     -1.24839      2.36972    -0.127127    -0.119253  -0.00494051     0.568873     0.665247      1.30425     0.358402    -0.231717
    -10.2492     0.919591    -0.604104     -4.86872     -1.80223     -1.24839       23.414      1.19783      11.5544    0.0123195   -0.0281526      4.47231     0.751979     -2.37584      1.23852       1.1003
      18.637     -1.36197    -0.518236      2.45962     -26.6133      2.36972      1.19783      120.926       8.8392    -0.304804   -0.0203192      4.16229     -4.95629      -12.688    -0.935319     -3.01832
    -4.60871     -1.49322    -0.897629   0.00815984     -5.46935    -0.127127      11.5544       8.8392      40.6678    0.0163422     0.018266     -29.9158    -0.554803      12.9205       1.2702     0.176837
    0.390456     0.121042     0.115333    -0.434313     0.174122    -0.119253    0.0123195    -0.304804    0.0163422      1.05611   0.00200504    -0.148041     0.119447    -0.319729    -0.018901     0.103263
   0.0194555   0.00664106  -0.00171928    0.0751589   0.00508324  -0.00494051   -0.0281526   -0.0203192     0.018266   0.00200504   0.00976043   -0.0804219   0.00159833   -0.0213736   0.00635629 -0.000600702
     -5.8294     0.524569     0.417579     -9.59889       5.4514     0.568873      4.47231      4.16229     -29.9158    -0.148041   -0.0804219       55.124     0.897876      -1.8811     -1.27218    -0.984118
    -1.01938    -0.162688    0.0549004      1.33881      1.97676     0.665247     0.751979     -4.95629    -0.554803     0.119447   0.00159833     0.897876       34.371     -2.38678     0.370278     0.347168
    -14.9096     -2.04225    -0.168986       2.3726     -0.79476      1.30425     -2.37584      -12.688      12.9205    -0.319729   -0.0213736      -1.8811     -2.38678       28.131     -1.16863     -1.28274
    0.814227   -0.0367353     0.356924     -2.64298     0.224739     0.358402      1.23852    -0.935319       1.2702    -0.018901   0.00635629     -1.27218     0.370278     -1.16863      21.8986    -0.265881
    0.376016    -0.463756    -0.165651     0.528704     0.785484    -0.231717       1.1003     -3.01832     0.176837     0.103263 -0.000600702    -0.984118     0.347168     -1.28274    -0.265881      17.5875
