     45388.8      7.36384      12.6747     -14.6488     -16.3665      2766.41      -17.794      9.62534       6.3189  -0.00147349      -2.4567     -29.8669       19.395    0.0733608      60.7676
     7.36384      1.87899    -0.194817     0.189872      0.54779     -1.72886    0.0151534    0.0758858     0.343546 -6.97337e-06   -0.0136217     0.061544    0.0990664  4.83502e-05     0.176286
     12.6747    -0.194817      16.1997     -2.54632     -12.5725      32.3234    0.0153563    -0.409659      2.81449  8.79375e-06     -0.14011      1.76829     -9.41455  3.29925e-05      1.33216
    -14.6488     0.189872     -2.54632      64.3735      8.15007      34.5017   -0.0586095    -0.646616     0.129881 -5.41404e-05     0.190909      1.04121     -1.67746  4.99342e-05    -0.308752
    -16.3665      0.54779     -12.5725      8.15007      33.1289     -70.3431     0.122347     0.138847     -1.10713  2.69718e-05     0.634933      -3.1699      4.52922 -0.000986819     -1.31848
     2766.41     -1.72886      32.3234      34.5017     -70.3431        28168            0     0.185589      18.0018  0.000729655      1.81795      24.8344      19.9751   0.00223112      21.2276
     -17.794    0.0151534    0.0153563   -0.0586095     0.122347            0     0.769499   0.00811279     0.171519  1.49831e-05   0.00330318     0.139036     0.112078   1.1424e-05    0.0748488
     9.62534    0.0758858    -0.409659    -0.646616     0.138847     0.185589   0.00811279     0.798181    0.0805846  4.50934e-06    0.0547831   -0.0397038     0.387613 -3.04399e-05   -0.0526426
      6.3189     0.343546      2.81449     0.129881     -1.10713      18.0018     0.171519    0.0805846      15.5889 -1.17314e-05     0.130879    -0.365535     0.811228 -0.000492223     0.676278
 -0.00147349 -6.97337e-06  8.79375e-06 -5.41404e-05  2.69718e-05  0.000729655  1.49831e-05  4.50934e-06 -1.17314e-05  1.42468e-08  -2.9856e-07 -3.75104e-06  1.21615e-05 -5.62149e-09 -2.60325e-05
     -2.4567   -0.0136217     -0.14011     0.190909     0.634933      1.81795   0.00330318    0.0547831     0.130879  -2.9856e-07     0.321438   -0.0409776    -0.202466  -2.6178e-05  -0.00991629
    -29.8669     0.061544      1.76829      1.04121      -3.1699      24.8344     0.139036   -0.0397038    -0.365535 -3.75104e-06   -0.0409776      13.0398     -1.70328  0.000195485    -0.425883
      19.395    0.0990664     -9.41455     -1.67746      4.52922      19.9751     0.112078     0.387613     0.811228  1.21615e-05    -0.202466     -1.70328      37.0561  0.000792128      1.11656
   0.0733608  4.83502e-05  3.29925e-05  4.99342e-05 -0.000986819   0.00223112   1.1424e-05 -3.04399e-05 -0.000492223 -5.62149e-09  -2.6178e-05  0.000195485  0.000792128  7.00002e-06 -0.000366922
     60.7676     0.176286      1.33216    -0.308752     -1.31848      21.2276    0.0748488   -0.0526426     0.676278 -2.60325e-05  -0.00991629    -0.425883      1.11656 -0.000366922      45.7695
