     30.3749      -0.1492      3.52074     -7.33953     -14.8105      16.0096    -0.684874     0.528236      5.21459 -0.000381617     -1.44828     0.541942      16.7533    0.0792519      4.53113
     -0.1492      19.1973    -0.757458       0.6995      1.76062    -0.944376     0.159077     0.611596       1.1093 -0.000283142     -0.14231     0.321191     0.333586   0.00631955     0.973017
     3.52074    -0.757458      16.8969     -3.89683     -15.0593      5.13934    0.0687403    -0.957806      3.22566  4.28802e-05    -0.544905      3.39424     -12.6978  -0.00343546      1.87583
    -7.33953       0.6995     -3.89683      66.2991      10.6561        5.314    -0.175009     -1.63451     0.788045 -0.000662915     0.745914      1.55887     -3.43151  -0.00138421    -0.743258
    -14.8105      1.76062     -15.0593      10.6561      33.4528      -11.173     0.384983     0.251694     -1.14261  0.000345141      2.03397      -5.1142      5.94328   -0.0384483     -1.99455
     16.0096    -0.944376      5.13934        5.314      -11.173      799.912            0    0.0492372       2.9593   0.00153082     0.981484      6.80304      2.27257    0.0158597      6.41308
   -0.684874     0.159077    0.0687403    -0.175009     0.384983            0      8.73249     0.101743     0.592667  0.000650114    0.0369116     0.753316     0.493842   0.00163134     0.479557
    0.528236     0.611596    -0.957806     -1.63451     0.251694    0.0492372     0.101743      4.93179       0.2144  0.000108215     0.440135    -0.150714      0.93178  -0.00337376    -0.242651
     5.21459       1.1093      3.22566     0.788045     -1.14261       2.9593     0.592667       0.2144      15.8333 -0.000156079     0.417097    -0.599199      1.25469   -0.0214101      1.13681
-0.000381617 -0.000283142  4.28802e-05 -0.000662915  0.000345141   0.00153082  0.000650114  0.000108215 -0.000156079  2.32529e-06  -1.2508e-05 -6.24281e-05  0.000191935 -2.88491e-06 -0.000598193
    -1.44828     -0.14231    -0.544905     0.745914      2.03397     0.981484    0.0369116     0.440135     0.417097  -1.2508e-05       3.3518    -0.211702    -0.591703  -0.00356723   -0.0638547
    0.541942     0.321191      3.39424      1.55887      -5.1142      6.80304     0.753316    -0.150714    -0.599199 -6.24281e-05    -0.211702      34.3817     -2.87846    0.0135403     -1.21468
     16.7533     0.333586     -12.6978     -3.43151      5.94328      2.27257     0.493842      0.93178      1.25469  0.000191935    -0.591703     -2.87846      37.6748    0.0279481      1.79869
   0.0792519   0.00631955  -0.00343546  -0.00138421   -0.0384483    0.0158597   0.00163134  -0.00337376   -0.0214101 -2.88491e-06  -0.00356723    0.0135403    0.0279481    0.0124982   -0.0273139
     4.53113     0.973017      1.87583    -0.743258     -1.99455      6.41308     0.479557    -0.242651      1.13681 -0.000598193   -0.0638547     -1.21468      1.79869   -0.0273139      137.992
