 6406.72        0  31.2722 -1.59125  6.76196        0  3.86646  4.18857
       0  7914.17  95.0539  10.9054 -10.0273        0  9.02007   11.818
 31.2722  95.0539  632.965  2.62754  2.63201  14.3513  4.47878  6.44701
-1.59125  10.9054  2.62754  5.57877   2.2416 -12.0674  3.42589  3.40274
 6.76196 -10.0273  2.63201   2.2416  7.97739 -18.6122  2.55887  2.34711
       0        0  14.3513 -12.0674 -18.6122  1426.86  -17.734  -11.645
 3.86646  9.02007  4.47878  3.42589  2.55887  -17.734  8.38912  4.49051
 4.18857   11.818  6.44701  3.40274  2.34711  -11.645  4.49051  7.67794
