    651.985    -3.20786 -0.00360841     1.44311    -2.75173     33.2205           0
   -3.20786     7.96737   0.0701705     1.14913   -0.381966     10.4257     77403.8
-0.00360841   0.0701705     14.2989      0.1127   0.0741468    -10.1777      170137
    1.44311     1.14913      0.1127     6.31678    0.550122     0.40696    -76358.4
   -2.75173   -0.381966   0.0741468    0.550122     11.8367    -7.11126     -156558
    33.2205     10.4257    -10.1777     0.40696    -7.11126     2533.49      869895
          0     77403.8      170137    -76358.4     -156558      869895 3.13536e+11
