    47.0298   -0.883728 -0.00021301      0.2807   -0.666694     1.59653           0
  -0.883728     7.98184   0.0517059     1.72119   -0.612786     1.88864     721.188
-0.00021301   0.0517059     12.7576    0.111992   0.0687695    -1.71139     1508.97
     0.2807     1.72119    0.111992     5.95407      0.4188    0.305696    -603.615
  -0.666694   -0.612786   0.0687695      0.4188     10.8383    -1.30752    -1448.79
    1.59653     1.88864    -1.71139    0.305696    -1.30752     80.9392     1515.43
          0     721.188     1508.97    -603.615    -1448.79     1515.43 2.75566e+07
