     67.3705    -0.559709   0.00174446   -0.0102009      -19.532      0.12404      13.3453      7.79933      12.2142      3.55846      6.81125     -1.38353     -11.5158     0.104712     0.368239
   -0.559709      3.27148  0.000102681   0.00111604    -0.608921    0.0171021    -0.965658    0.0849392     0.454998    -0.663205    -0.939575    -0.015498      2.15028   0.00457476    0.0976148
  0.00174446  0.000102681  1.35574e-05 -1.64958e-06  -0.00118687 -2.95649e-05  0.000770398  1.70324e-05 -0.000236514 -0.000357992 -0.000200396  5.67588e-05  -0.00444537  1.82178e-05  8.44385e-05
  -0.0102009   0.00111604 -1.64958e-06   0.00105941  -0.00452431  0.000367067   -0.0203451    -0.020011    0.0108978   -0.0224366   -0.0122789  -0.00468267    0.0591184  0.000191088  0.000406075
     -19.532    -0.608921  -0.00118687  -0.00452431      50.3841    -0.562293       9.0066     -12.3567      13.2103     -16.5388      19.1507     0.436839     -4.39028   -0.0248385     -0.19042
     0.12404    0.0171021 -2.95649e-05  0.000367067    -0.562293     0.208674    -0.101617   -0.0665101    -0.239081     0.385404    -0.131063   -0.0084395   -0.0533672  0.000716627    0.0203951
     13.3453    -0.965658  0.000770398   -0.0203451       9.0066    -0.101617      51.2038      29.3933     -23.8731      5.88932      12.3054     0.140982     -11.3186   -0.0315874     0.270432
     7.79933    0.0849392  1.70324e-05    -0.020011     -12.3567   -0.0665101      29.3933      69.8823     -33.2078      8.15271     -13.0716     0.660053    -0.509469    -0.100355     -1.17255
     12.2142     0.454998 -0.000236514    0.0108978      13.2103    -0.239081     -23.8731     -33.2078      58.9894     -29.4454      7.94475     -0.65989     -1.55846     0.159743     0.033821
     3.55846    -0.663205 -0.000357992   -0.0224366     -16.5388     0.385404      5.88932      8.15271     -29.4454      53.3901      8.92661      1.01007     -9.41177    -0.141564    -0.341426
     6.81125    -0.939575 -0.000200396   -0.0122789      19.1507    -0.131063      12.3054     -13.0716      7.94475      8.92661      24.4927    -0.043244     -4.73423    0.0204111     0.272543
    -1.38353    -0.015498  5.67588e-05  -0.00468267     0.436839   -0.0084395     0.140982     0.660053     -0.65989      1.01007    -0.043244      4.35001     -1.05181  -0.00966885  -0.00654541
    -11.5158      2.15028  -0.00444537    0.0591184     -4.39028   -0.0533672     -11.3186    -0.509469     -1.55846     -9.41177     -4.73423     -1.05181      785.862   -0.0938224       1.7357
    0.104712   0.00457476  1.82178e-05  0.000191088   -0.0248385  0.000716627   -0.0315874    -0.100355     0.159743    -0.141564    0.0204111  -0.00966885   -0.0938224    0.0913708   0.00494565
    0.368239    0.0976148  8.44385e-05  0.000406075     -0.19042    0.0203951     0.270432     -1.17255     0.033821    -0.341426     0.272543  -0.00654541       1.7357   0.00494565      1.53372
