     185.477     -1.97213    0.0249224      14.1988      7.60083     0.274883      4.07426            0      2.33452     0.493907      15.5158    -0.269788      5.51034     -0.35731  3.97829e-05
    -1.97213      17.6089   -0.0762813      2.43119     -9.57049    0.0209232      14.9275       34.387     0.944338      3.78849      4.28425      6.21136     -4.59596     0.309695 -3.10099e-05
   0.0249224   -0.0762813    0.0883121     0.129912     0.108289 -0.000614266    0.0494967    -0.517059   -0.0454051    0.0448227     0.295297   0.00334895     0.140208   -0.0706271 -1.55131e-06
     14.1988      2.43119     0.129912       448.05      1.63355   -0.0619823      3.63026     -24.4766     -0.14039     -0.71253     -2.50804     -0.46121     0.523644      2.10868   0.00151339
     7.60083     -9.57049     0.108289      1.63355      86.4234   0.00685522      17.8556     -18.4323      3.16988    -0.694085    -0.475189      6.12779      2.42793      9.27269 -0.000203382
    0.274883    0.0209232 -0.000614266   -0.0619823   0.00685522    0.0117202    0.0329687     0.392127   -0.0155662   0.00360554   -0.0124628   0.00712146    0.0154574   -0.0360804  1.91129e-07
     4.07426      14.9275    0.0494967      3.63026      17.8556    0.0329687      37.4703      40.9088     -1.50177      11.2873       11.789      5.94108    -0.779024      3.15919 -0.000146638
           0       34.387    -0.517059     -24.4766     -18.4323     0.392127      40.9088      16179.6     -30.5972      32.7878      82.5543      12.2227     0.232681      4.82799 -0.000229903
     2.33452     0.944338   -0.0454051     -0.14039      3.16988   -0.0155662     -1.50177     -30.5972      231.203     -5.14538      1.66183      3.80674     -4.73877    -0.499451  0.000200594
    0.493907      3.78849    0.0448227     -0.71253    -0.694085   0.00360554      11.2873      32.7878     -5.14538       30.579     -10.3058     -9.47737      6.05248     -5.90714 -0.000157161
     15.5158      4.28425     0.295297     -2.50804    -0.475189   -0.0124628       11.789      82.5543      1.66183     -10.3058      83.7839       10.196      14.9978     -14.6664  6.56604e-05
   -0.269788      6.21136   0.00334895     -0.46121      6.12779   0.00712146      5.94108      12.2227      3.80674     -9.47737       10.196      14.3934      -4.5372      3.55594 -3.98917e-05
     5.51034     -4.59596     0.140208     0.523644      2.42793    0.0154574    -0.779024     0.232681     -4.73877      6.05248      14.9978      -4.5372      14.6927     -6.19546  2.77651e-05
    -0.35731     0.309695   -0.0706271      2.10868      9.27269   -0.0360804      3.15919      4.82799    -0.499451     -5.90714     -14.6664      3.55594     -6.19546      202.968  2.45923e-06
 3.97829e-05 -3.10099e-05 -1.55131e-06   0.00151339 -0.000203382  1.91129e-07 -0.000146638 -0.000229903  0.000200594 -0.000157161  6.56604e-05 -3.98917e-05  2.77651e-05  2.45923e-06  1.12875e-07
