     67.3847    -0.608006   0.00447851   -0.0218023      -19.949     0.182157      13.2001      8.18818      12.2673      3.62194      6.52813     -1.71591     -8.87129     0.151885     0.440896
   -0.608006      3.98188  0.000290962   0.00264752    -0.666463    0.0273793     -1.06327    0.0978624     0.500095    -0.724685     -1.04217   -0.0212343      1.83504   0.00735755     0.131603
  0.00447851  0.000290962  9.00962e-05 -9.16875e-06  -0.00304752 -0.000110745   0.00197263   5.5695e-05 -0.000558555 -0.000906138 -0.000527225   0.00018059  -0.00886374  6.81033e-05    0.0002677
  -0.0218023   0.00264752 -9.16875e-06    0.0048977  -0.00914668    0.0011451   -0.0439947   -0.0429197    0.0241896   -0.0481716   -0.0264228   -0.0125033    0.0983199  0.000598809    0.0010666
     -19.949    -0.666463  -0.00304752  -0.00914668      50.4338    -0.814932      8.86597     -13.0839      13.2719      -16.889      19.3301     0.536562     -3.35741   -0.0359653    -0.221667
    0.182157    0.0273793 -0.000110745    0.0011451    -0.814932     0.439327    -0.151091   -0.0900229    -0.347888     0.560782    -0.191582   -0.0152076   -0.0598977   0.00151592    0.0361622
     13.2001     -1.06327   0.00197263   -0.0439947      8.86597    -0.151091      51.4346      29.7648     -24.0882       5.7882      12.0629     0.181808      -8.7804   -0.0476228     0.314862
     8.18818    0.0978624   5.5695e-05   -0.0429197     -13.0839   -0.0900229      29.7648      69.9665     -33.6863      8.41702     -13.6607     0.813176    -0.363911    -0.145961     -1.43048
     12.2673     0.500095 -0.000558555    0.0241896      13.2719    -0.347888     -24.0882     -33.6863      58.9677     -29.8498      7.90297    -0.847614     -1.13871     0.234876    0.0661646
     3.62194    -0.724685 -0.000906138   -0.0481716      -16.889     0.560782       5.7882      8.41702     -29.8498      53.3487       8.9369      1.25587     -7.28147    -0.206434    -0.421927
     6.52813     -1.04217 -0.000527225   -0.0264228      19.3301    -0.191582      12.0629     -13.6607      7.90297       8.9369      24.7063   -0.0434664      -3.8687    0.0277618     0.334323
    -1.71591   -0.0212343   0.00018059   -0.0125033     0.536562   -0.0152076     0.181808     0.813176    -0.847614      1.25587   -0.0434664      6.70885      -1.0104   -0.0175049  -0.00993429
    -8.87129      1.83504  -0.00886374    0.0983199     -3.35741   -0.0598977      -8.7804    -0.363911     -1.13871     -7.28147      -3.8687      -1.0104        470.2    -0.105797      1.64062
    0.151885   0.00735755  6.81033e-05  0.000598809   -0.0359653   0.00151592   -0.0476228    -0.145961     0.234876    -0.206434    0.0277618   -0.0175049    -0.105797     0.194189   0.00881045
    0.440896     0.131603    0.0002677    0.0010666    -0.221667    0.0361622     0.314862     -1.43048    0.0661646    -0.421927     0.334323  -0.00993429      1.64062   0.00881045      2.29019
