     365.776     -2.78531    0.0267321      28.7503      2.16769     0.151839      5.67453            0      4.81424     0.737119      21.5858    -0.231779      7.50436    -0.807585  3.42641e-05
    -2.78531      16.3554    -0.058389      3.18516    -0.886328   0.00725468      12.6887      66.0532      1.51523      3.56808      4.32695      5.16891     -4.46576    0.0741872   -1.715e-05
   0.0267321    -0.058389    0.0519821     0.143005   -0.0211936 -0.000185303    0.0438577    -0.765661   -0.0520955    0.0351444     0.223133   0.00353966     0.104597   -0.0892555 -7.31281e-07
     28.7503      3.18516     0.143005        931.9     0.293643   -0.0352385      4.72403     -68.4612     -0.34275     -1.04334     -3.43693    -0.471194     0.890637      5.01555   0.00130412
     2.16769    -0.886328   -0.0211936     0.293643       14.806   0.00201372      2.88698      14.3723      3.78416    -0.626888     0.334368      1.89936    -0.684054      2.82092 -3.38975e-05
    0.151839   0.00725468 -0.000185303   -0.0352385   0.00201372   0.00181646     0.012392     0.299091  -0.00905435   0.00141107  -0.00471116     0.002831   0.00642207   -0.0237351  4.96048e-08
     5.67453      12.6887    0.0438577      4.72403      2.88698     0.012392      34.5868      74.9547     -2.02527      10.4513      11.0559       6.6505    -0.311129      5.32558 -8.98731e-05
           0      66.0532    -0.765661     -68.4612      14.3723     0.299091      74.9547        60736     -87.6337      62.6849        158.7      20.0738     -1.10718       16.808 -0.000271898
     4.81424      1.51523   -0.0520955     -0.34275      3.78416  -0.00905435     -2.02527     -87.6337       512.39      -7.7113      2.28103      5.30051     -7.04316     -1.24163  0.000178718
    0.737119      3.56808    0.0351444     -1.04334    -0.626888   0.00141107      10.4513      62.6849      -7.7113      30.2751     -9.95458     -9.14053      6.09036     -9.86474 -9.31878e-05
     21.5858      4.32695     0.223133     -3.43693     0.334368  -0.00471116      11.0559        158.7      2.28103     -9.95458       82.607      8.79706      14.4169     -24.4172  4.12145e-05
   -0.231779      5.16891   0.00353966    -0.471194      1.89936     0.002831       6.6505      20.0738      5.30051     -9.14053      8.79706      12.7363     -4.22016      6.10064 -2.33643e-05
     7.50436     -4.46576     0.104597     0.890637    -0.684054   0.00642207    -0.311129     -1.10718     -7.04316      6.09036      14.4169     -4.22016      14.2468      -9.7666  1.62297e-05
   -0.807585    0.0741872   -0.0892555      5.01555      2.82092   -0.0237351      5.32558       16.808     -1.24163     -9.86474     -24.4172      6.10064      -9.7666      553.906  2.47234e-06
 3.42641e-05   -1.715e-05 -7.31281e-07   0.00130412 -3.38975e-05  4.96048e-08 -8.98731e-05 -0.000271898  0.000178718 -9.31878e-05  4.12145e-05 -2.33643e-05  1.62297e-05  2.47234e-06  4.04078e-08
