 6.51772e+07     -2661.24      0.07837      11.0168     -11.3425     -841.125      28151.1      3050.08     -1768.87         6030     -117.035     -16668.9      2192.11      1952.61      165.638
    -2661.24      16.5022 -5.79359e-05   -0.0486269    -0.089558      3.09324      6.11248     -7.76032      8.97172      4.49988      0.52416     -43.4808     -2.84791      3.99795   -0.0597798
     0.07837 -5.79359e-05  4.24562e-07 -6.49902e-06  -1.3468e-06 -6.39789e-05 -0.000818166 -0.000168072 -0.000542081   9.4898e-05   2.6203e-05 -0.000487806  0.000116882  0.000325593  -1.1467e-05
     11.0168   -0.0486269 -6.49902e-06    0.0750933  -0.00394058   -0.0181192     -2.21043   -0.0076949   -0.0162383     0.338747   0.00508238    -0.511694  -0.00063142   -0.0468679   0.00323711
    -11.3425    -0.089558  -1.3468e-06  -0.00394058     0.733209    -0.282741      3.09726     -0.27785   -0.0399615     0.188107    0.0073335      -2.6936     -12.2027   -0.0694057   -0.0162756
    -841.125      3.09324 -6.39789e-05   -0.0181192    -0.282741      24.4566      7.32174      5.10794     -7.37329      5.62419    -0.148669     -16.6976      3.06338     -2.78681     0.245967
     28151.1      6.11248 -0.000818166     -2.21043      3.09726      7.32174      7497.57     -23.5412     -16.5921       220.81     -23.0564       1412.2     -226.593     -12.0734     -1.21512
     3050.08     -7.76032 -0.000168072   -0.0076949     -0.27785      5.10794     -23.5412      29.0105      9.52766      15.3259      1.09167     -5.05699      7.16186      4.12564     0.215397
    -1768.87      8.97172 -0.000542081   -0.0162383   -0.0399615     -7.37329     -16.5921      9.52766      49.9909      2.69781      1.80947      -28.902      7.18414     -4.65499      0.13156
        6030      4.49988   9.4898e-05     0.338747     0.188107      5.62419       220.81      15.3259      2.69781      1989.52      2.24572      214.379      54.8604      29.4513   -0.0351399
    -117.035      0.52416   2.6203e-05   0.00508238    0.0073335    -0.148669     -23.0564      1.09167      1.80947      2.24572      4.01338     -9.98797     0.500648     0.771871   -0.0422657
    -16668.9     -43.4808 -0.000487806    -0.511694      -2.6936     -16.6976       1412.2     -5.05699      -28.902      214.379     -9.98797      22688.9     -31.0272     -25.6612    -0.226916
     2192.11     -2.84791  0.000116882  -0.00063142     -12.2027      3.06338     -226.593      7.16186      7.18414      54.8604     0.500648     -31.0272      4163.73     -15.6076    -0.780035
     1952.61      3.99795  0.000325593   -0.0468679   -0.0694057     -2.78681     -12.0734      4.12564     -4.65499      29.4513     0.771871     -25.6612     -15.6076      30.0556    -0.360421
     165.638   -0.0597798  -1.1467e-05   0.00323711   -0.0162756     0.245967     -1.21512     0.215397      0.13156   -0.0351399   -0.0422657    -0.226916    -0.780035    -0.360421     0.339818
