 3.56755e+08     -6248.86     0.121845      22.5918     -22.6986     -1972.09       179094      7182.68     -4178.17      21269.2     -215.601     -59584.9      7280.21       4637.6      339.542
    -6248.86      16.4257 -3.95941e-05   -0.0424306   -0.0758621      3.12149      6.51862     -7.95469      8.82004      6.40766     0.404119     -66.0231     -3.89686      3.60641   -0.0505936
    0.121845 -3.95941e-05   1.7684e-07 -3.67902e-06 -7.64055e-07 -4.17996e-05  -0.00138644 -0.000107133  -0.00035134  9.44108e-05  1.32563e-05 -0.000479917  9.45758e-05  0.000209777 -6.59784e-06
     22.5918   -0.0424306 -3.67902e-06    0.0580308  -0.00295989   -0.0160176     -5.03347  -0.00638719    -0.013855     0.448448   0.00351898    -0.686991 -0.000399052   -0.0407727   0.00249845
    -22.6986   -0.0758621 -7.64055e-07  -0.00295989     0.535631    -0.242015      6.82016    -0.235883   -0.0324687     0.242684   0.00496093     -3.51605     -14.7972   -0.0591099   -0.0121859
    -1972.09      3.12149 -4.17996e-05   -0.0160176    -0.242015      24.4497      9.96797      5.08031     -7.43479      8.48656     -0.11673     -25.6497      4.34621     -2.76507      0.21535
      179094      6.51862  -0.00138644     -5.03347      6.82016      9.96797      50330.1     -39.1089     -28.5602      888.608     -46.1973      5603.29     -834.157     -19.7525     -2.79562
     7182.68     -7.95469 -0.000107133  -0.00638719    -0.235883      5.08031     -39.1089      28.9205      9.22938      23.0957     0.852499     -7.10108      10.0632      4.26133     0.187384
    -4178.17      8.82004  -0.00035134    -0.013855   -0.0324687     -7.43479     -28.5602      9.22938      49.9158       3.6838      1.41677     -43.7554      10.2887       -5.057     0.116233
     21269.2      6.40766  9.44108e-05     0.448448     0.242684      8.48656      888.608      23.0957       3.6838      4517.68      2.66372      493.492      117.283      44.2977    -0.046346
    -215.601     0.404119  1.32563e-05   0.00351898   0.00496093     -0.11673     -46.1973     0.852499      1.41677      2.66372      2.48796     -12.0048     0.559116     0.601179   -0.0291528
    -59584.9     -66.0231 -0.000479917    -0.686991     -3.51605     -25.6497      5603.29     -7.10108     -43.7554      493.492     -12.0048      52920.1      -67.349     -38.5435    -0.303529
     7280.21     -3.89686  9.45758e-05 -0.000399052     -14.7972      4.34621     -834.157      10.0632      10.2887      117.283     0.559116      -67.349      8380.62     -22.0857    -0.969536
      4637.6      3.60641  0.000209777   -0.0407727   -0.0591099     -2.76507     -19.7525      4.26133       -5.057      44.2977     0.601179     -38.5435     -22.0857      29.9591    -0.314884
     339.542   -0.0505936 -6.59784e-06   0.00249845   -0.0121859      0.21535     -2.79562     0.187384     0.116233    -0.046346   -0.0291528    -0.303529    -0.969536    -0.314884      0.26082
