     67.4928    -0.781522    0.0547179    -0.161441     -20.9958     0.496774      12.6167      9.36785      12.5274      3.84539      5.65183     -3.01778     -4.47248     0.403598     0.694494
   -0.781522      6.91406   0.00450053    0.0264237    -0.875532    0.0953768     -1.40183     0.167757     0.659379     -1.03492     -1.44418   -0.0463789      1.23543    0.0259683     0.272831
   0.0547179   0.00450053    0.0136177 -0.000845816   -0.0368771  -0.00362527    0.0236505   0.00173203  -0.00498945   -0.0109329  -0.00698252    0.0039286   -0.0554415   0.00225457   0.00557949
   -0.161441    0.0264237 -0.000845816     0.275482   -0.0566719    0.0228486    -0.335204    -0.318853     0.197617     -0.36014    -0.196329    -0.165804     0.375147    0.0121117    0.0135469
    -20.9958    -0.875532   -0.0368771   -0.0566719      50.7327     -2.16062      8.78173     -15.3741      13.2792     -17.8913      19.8175     0.908923     -1.65792   -0.0936633    -0.305345
    0.496774    0.0953768  -0.00362527    0.0228486     -2.16062      3.11091    -0.433009    -0.184303     -0.92261      1.50527    -0.514764   -0.0715192   -0.0811368    0.0108694     0.163038
     12.6167     -1.40183    0.0236505    -0.335204      8.78173    -0.433009      52.0095      30.7444     -24.8543      5.64507      11.4103     0.356356     -4.46827    -0.141322     0.460794
     9.36785     0.167757   0.00173203    -0.318853     -15.3741    -0.184303      30.7444      70.4852     -35.3171      9.21394     -15.4516      1.40053    -0.138397    -0.392574     -2.40796
     12.5274     0.659379  -0.00498945     0.197617      13.2792     -0.92261     -24.8543     -35.3171       58.922     -30.8897      7.76636     -1.64098    -0.467694     0.648839     0.235907
     3.84539     -1.03492   -0.0109329     -0.36014     -17.8913      1.50527      5.64507      9.21394     -30.8897      53.2833      8.87739      2.22339     -3.69737    -0.556352    -0.731652
     5.65183     -1.44418  -0.00698252    -0.196329      19.8175    -0.514764      11.4103     -15.4516      7.76636      8.87739      25.2326   -0.0423913     -2.17967    0.0632944     0.584337
    -3.01778   -0.0463789    0.0039286    -0.165804     0.908923   -0.0715192     0.356356      1.40053     -1.64098      2.22339   -0.0423913      20.9809    -0.909881   -0.0834982   -0.0298127
    -4.47248      1.23543   -0.0554415     0.375147     -1.65792   -0.0811368     -4.46827    -0.138397    -0.467694     -3.69737     -2.17967    -0.909881      121.706    -0.145163      1.41425
    0.403598    0.0259683   0.00225457    0.0121117   -0.0936633    0.0108694    -0.141322    -0.392574     0.648839    -0.556352    0.0632944   -0.0834982    -0.145163      1.41243    0.0402578
    0.694494     0.272831   0.00557949    0.0135469    -0.305345     0.163038     0.460794     -2.40796     0.235907    -0.731652     0.584337   -0.0298127      1.41425    0.0402578      6.57482
