 1.17967e+07     -1126.82    0.0673852       5.5507     -5.64068     -357.699      3885.01      1288.13     -746.484       1702.3     -63.2317     -4641.49      656.822      815.328      80.4291
    -1126.82      16.5993 -0.000112724   -0.0581105    -0.106024      3.05641      6.91615     -7.52564      9.18777      3.17973     0.683075     -28.6694     -2.08595      4.46744    -0.070893
   0.0673852 -0.000112724  1.89105e-06 -1.60616e-05 -3.19992e-06 -0.000132556 -0.000619773 -0.000359417  -0.00113701  0.000128805  7.06647e-05 -0.000676149  0.000187241  0.000689856 -2.68344e-05
      5.5507   -0.0581105 -1.60616e-05     0.104806   -0.0054476   -0.0205772     -1.01176  -0.00950477   -0.0226355     0.265847   0.00762405    -0.395537   0.00839648   -0.0550956   0.00435048
    -5.64068    -0.106024 -3.19992e-06   -0.0054476      1.00381    -0.330128      1.42332    -0.327393   -0.0495358     0.145888    0.0108774      -2.0636     -10.0648    -0.081693   -0.0217378
    -357.699      3.05641 -0.000132556   -0.0205772    -0.330128      24.4701      7.07362      5.10998     -7.28791      3.72583    -0.189492     -10.8634      2.15572     -2.79991     0.280793
     3885.01      6.91615 -0.000619773     -1.01176      1.42332      7.07362      1127.79     -19.4729     -13.3448      51.0676     -11.9554      353.543     -61.4528     -10.2085    -0.512746
     1288.13     -7.52564 -0.000359417  -0.00950477    -0.327393      5.10998     -19.4729      29.1055      9.82892      10.1584      1.39814     -3.60027      5.10556       3.9552     0.247774
    -746.484      9.18777  -0.00113701   -0.0226355   -0.0495358     -7.28791     -13.3448      9.82892      50.0742      1.97879      2.31274     -19.1625      5.00816     -4.19774     0.148704
      1702.3      3.17973  0.000128805     0.265847     0.145888      3.72583      51.0676      10.1584      1.97879      875.856      1.89262      93.1082      25.6602      19.5838    -0.026606
    -63.2317     0.683075  7.06647e-05   0.00762405    0.0108774    -0.189492     -11.9554      1.39814      2.31274      1.89262      6.47375     -8.31221     0.448177     0.992666   -0.0612923
    -4641.49     -28.6694 -0.000676149    -0.395537      -2.0636     -10.8634      353.543     -3.60027     -19.1625      93.1082     -8.31221      9726.14     -14.3043      -17.145    -0.169537
     656.822     -2.08595  0.000187241   0.00839648     -10.0648      2.15572     -61.4528      5.10556      5.00816      25.6602     0.448177     -14.3043      2069.01     -11.0347    -0.627611
     815.328      4.46744  0.000689856   -0.0550956    -0.081693     -2.79991     -10.2085       3.9552     -4.19774      19.5838     0.992666      -17.145     -11.0347      30.1766    -0.412766
     80.4291    -0.070893 -2.68344e-05   0.00435048   -0.0217378     0.280793    -0.512746     0.247774     0.148704    -0.026606   -0.0612923    -0.169537    -0.627611    -0.412766     0.442749
