     50.3335    -0.937524    0.0469921       3.5421      3.10807     0.937354      2.03828            0     0.579811     0.248282      8.27775    -0.112576      3.01982    -0.517888   0.00026061
   -0.937524      19.2108    -0.299176      1.44489     -10.1007     0.179323      17.7706      9.02141     0.470967      4.20458      3.46039      7.53512     -4.47789     0.665012  -0.00052288
   0.0469921    -0.299176      1.04477     0.230621     0.484627   -0.0154976     0.180649    -0.519286    -0.102809   0.00638291      1.21434     0.129311     0.565544    -0.185787 -4.58191e-05
      3.5421      1.44489     0.230621      102.669     0.101661    -0.195325       1.8722     -3.24086   -0.0444279    -0.187476     -1.51453    -0.387497     0.161775     0.476524    0.0100868
     3.10807     -10.1007     0.484627     0.101661      48.3996     0.101724      16.9949     -7.09113    -0.342152    -0.629826      2.18583      4.51335      3.17107      2.30231  -0.00202236
    0.937354     0.179323   -0.0154976    -0.195325     0.101724     0.498704     0.264108     0.688651    -0.039661    0.0359645   -0.0774237     0.060474     0.121508    -0.099812  1.27639e-05
     2.03828      17.7706     0.180649       1.8722      16.9949     0.264108      42.5792      12.2502    -0.962311      13.0977      12.3161      6.20203    -0.717902     0.598263  -0.00195494
           0      9.02141    -0.519286     -3.24086     -7.09113     0.688651      12.2502      1168.09     -3.77121      9.38888      22.9738      4.44142     0.435097     0.744448 -0.000799435
    0.579811     0.470967    -0.102809   -0.0444279    -0.342152    -0.039661    -0.962311     -3.77121      47.1628     -2.25126      1.07873      1.78367     -2.25152    -0.147838    0.0012642
    0.248282      4.20458   0.00638291    -0.187476    -0.629826    0.0359645      13.0977      9.38888     -2.25126      31.5016     -10.6289     -10.1834      5.50296     -1.93104  -0.00227187
     8.27775      3.46039      1.21434     -1.51453      2.18583   -0.0774237      12.3161      22.9738      1.07873     -10.6289      87.9399      14.7544       16.588     -6.67585  0.000799237
   -0.112576      7.53512     0.129311    -0.387497      4.51335     0.060474      6.20203      4.44142      1.78367     -10.1834      14.7544      17.2275     -4.40091      1.06739 -0.000433667
     3.01982     -4.47789     0.565544     0.161775      3.17107     0.121508    -0.717902     0.435097     -2.25152      5.50296       16.588     -4.40091      16.0261     -2.80021  0.000446195
   -0.517888     0.665012    -0.185787     0.476524      2.30231    -0.099812     0.598263     0.744448    -0.147838     -1.93104     -6.67585      1.06739     -2.80021      29.8046 -3.12954e-05
  0.00026061  -0.00052288 -4.58191e-05    0.0100868  -0.00202236  1.27639e-05  -0.00195494 -0.000799435    0.0012642  -0.00227187  0.000799237 -0.000433667  0.000446195 -3.12954e-05  2.16815e-05
