   70.9673   -5.26528   0.798638   -1.04848    -22.761    2.23472    12.0036    11.6981    13.4537    4.41943    5.35868   -32.7797    2.18987   0.954437    1.22732
  -5.26528     17.912   0.305692    1.72772   -11.7295    1.98481   -6.82592   -2.64893   -6.55419   -6.47206   -12.8153     8.4485    4.46463    0.32442    2.28159
  0.798638   0.305692    2.16715 -0.0758695  -0.665967 -0.0335116   0.227437   0.132378  -0.172233 -0.0599436  -0.126679 -0.0728978  -0.201636  0.0786707   0.150166
  -1.04848    1.72772 -0.0758695      16.97  -0.329958   0.513187   -2.43364   -2.27439    1.90489   -2.94864   -1.82341   0.222948     1.5973    0.25209  0.0754766
   -22.761   -11.7295  -0.665967  -0.329958    54.2238   -7.73338    9.56069   -19.0269    14.2181   -20.6493    21.7604   -3.39254   -4.77336  -0.184354  -0.394105
   2.23472    1.98481 -0.0335116   0.513187   -7.73338    31.0362   -1.89998 -0.0779415    -3.0757    5.35951   -2.00691    1.26366    2.23797   0.136288   0.804583
   12.0036   -6.82592   0.227437   -2.43364    9.56069   -1.89998    54.0847    32.7847   -27.4993    5.35167    11.0178   -9.31683  -0.623906  -0.494156   0.593077
   11.6981   -2.64893   0.132378   -2.27439   -19.0269 -0.0779415    32.7847    75.4795    -39.762    10.9045   -18.7849   -2.72617   -1.63411  -0.963607   -5.06966
   13.4537   -6.55419  -0.172233    1.90489    14.2181    -3.0757   -27.4993    -39.762    63.3512   -34.2288    8.87763   -7.13006  -0.222902    1.87169    1.06266
   4.41943   -6.47206 -0.0599436   -2.94864   -20.6493    5.35951    5.35167    10.9045   -34.2288    56.4141    8.91462   -3.78506   -4.26795   -1.52515   -1.61323
   5.35868   -12.8153  -0.126679   -1.82341    21.7604   -2.00691    11.0178   -18.7849    8.87763    8.91462    27.4895   -11.9665   0.628939   0.139914    1.10456
  -32.7797     8.4485 -0.0728978   0.222948   -3.39254    1.26366   -9.31683   -2.72617   -7.13006   -3.78506   -11.9665    31.9889   0.799312  -0.441708  -0.122328
   2.18987    4.46463  -0.201636     1.5973   -4.77336    2.23797  -0.623906   -1.63411  -0.222902   -4.26795   0.628939   0.799312    69.4842   0.188022    3.57599
  0.954437    0.32442  0.0786707    0.25209  -0.184354   0.136288  -0.494156  -0.963607    1.87169   -1.52515   0.139914  -0.441708   0.188022    10.4254   0.152965
   1.22732    2.28159   0.150166  0.0754766  -0.394105   0.804583   0.593077   -5.06966    1.06266   -1.61323    1.10456  -0.122328    3.57599   0.152965    21.2366
