     59.4889     0.655836  -0.00959778    -0.634766      3.62717      9.62876      31.0353     -2.03095     -15.5985     -1.22231     -26.4284      38.9759    0.0101336    0.0939504      -330296
    0.655836       527.01  -0.00740329     0.602272     0.690593     -8.89032     -114.466      5.49652     -2.13016     0.422679     -8.68956      176.387     0.113599      1.27637       190506
 -0.00959778  -0.00740329   0.00023734  -1.2431e-05   -0.0027448    0.0097924   -0.0101237   0.00175057  -0.00652004  9.89349e-05    0.0127951    -0.114118 -1.73366e-05  -0.00073625     -402.326
   -0.634766     0.602272  -1.2431e-05      2.38879    -0.378003   -0.0430168      3.22778     0.671465     0.397889    0.0207296     0.478472      46.6231   0.00400688    0.0139043      38943.2
     3.62717     0.690593   -0.0027448    -0.378003       14.636     -2.20128     -5.16168      3.56612      5.42822   -0.0566767     -16.8096     -79.9307    0.0775568    -0.527859     -82223.3
     9.62876     -8.89032    0.0097924   -0.0430168     -2.20128      43.7929      -41.552      1.10204     -3.89536     0.982186      12.4612      77.1421   -0.0616317     0.688868      -338832
     31.0353     -114.466   -0.0101237      3.22778     -5.16168      -41.552      10375.4     -66.4774      55.2598      6.87708     -59.4403      2029.91    -0.118606     -7.89879  2.67538e+06
    -2.03095      5.49652   0.00175057     0.671465      3.56612      1.10204     -66.4774      27.4003     -4.53702     0.360443     -6.79135      73.0917    0.0889129      1.32836     -36332.7
    -15.5985     -2.13016  -0.00652004     0.397889      5.42822     -3.89536      55.2598     -4.53702      26.7655      0.54866     -9.14475     -49.5881    0.0691665     -1.16764       199658
    -1.22231     0.422679  9.89349e-05    0.0207296   -0.0566767     0.982186      6.87708     0.360443      0.54866      2.58888      1.22417      14.4443   0.00278582   -0.0418096       213123
    -26.4284     -8.68956    0.0127951     0.478472     -16.8096      12.4612     -59.4403     -6.79135     -9.14475      1.22417      71.2908      126.802    -0.149691     0.236513       272153
     38.9759      176.387    -0.114118      46.6231     -79.9307      77.1421      2029.91      73.0917     -49.5881      14.4443      126.802       544131      3.46866      23.8155  4.95361e+06
   0.0101336     0.113599 -1.73366e-05   0.00400688    0.0775568   -0.0616317    -0.118606    0.0889129    0.0691665   0.00278582    -0.149691      3.46866    0.0270111  -0.00396788      6825.23
   0.0939504      1.27637  -0.00073625    0.0139043    -0.527859     0.688868     -7.89879      1.32836     -1.16764   -0.0418096     0.236513      23.8155  -0.00396788      6.77577      42228.8
     -330296       190506     -402.326      38943.2     -82223.3      -338832  2.67538e+06     -36332.7       199658       213123       272153  4.95361e+06      6825.23      42228.8  8.98448e+11
