     58.9623      1.13163 -0.000739197    -0.339325      2.10734      8.12908      114.926     -3.44355     -14.8761    -0.899779     -27.1161      276.468   0.00210334   0.00589661      -754483
     1.13163      1934.17  -0.00110083     0.593425    0.0149611     -16.8164     -783.497      10.4727     -4.18512     0.588722     -16.3795      2752.24    0.0377546      1.54273       839634
-0.000739197  -0.00110083  1.36829e-06 -3.33184e-08 -0.000137509  0.000728377  -0.00275952  0.000149228 -0.000498645  5.32325e-06  0.000953096   -0.0707754 -2.27826e-07 -3.44204e-05     -75.8081
   -0.339325     0.593425 -3.33184e-08     0.630412    -0.163475   -0.0130691       5.7026     0.343111     0.202605   0.00768698     0.256137       197.42  0.000358867   0.00449279      46703.1
     2.10734    0.0149611 -0.000137509    -0.163475      7.69659      -1.8664     -20.8159      1.54443      3.36296   -0.0210883     -9.74772     -542.071   0.00839316     -0.26469      -123375
     8.12908     -16.8164  0.000728377   -0.0130691      -1.8664      43.4915     -142.143      1.55579     -3.05002     0.722785      11.1845      632.258   -0.0104149     0.435255      -794070
     114.926     -783.497  -0.00275952       5.7026     -20.8159     -142.143       123891     -230.377       187.74      17.2986     -199.888      57827.4    -0.072063     -17.0799  2.14594e+07
    -3.44355      10.4727  0.000149228     0.343111      1.54443      1.55579     -230.377      27.1776     -4.03922     0.273767     -7.19392      581.957    0.0153802     0.829777     -81376.8
    -14.8761     -4.18512 -0.000498645     0.202605      3.36296     -3.05002       187.74     -4.03922      26.8163     0.407338     -9.38664     -409.497    0.0122422     -0.72747       458650
   -0.899779     0.588722  5.32325e-06   0.00768698   -0.0210883     0.722785      17.2986     0.273767     0.407338      1.37134     0.879101      86.1216   0.00035365   -0.0190866       362675
    -27.1161     -16.3795  0.000953096     0.256137     -9.74772      11.1845     -199.888     -7.19392     -9.38664     0.879101      72.2694      1054.77    -0.026545     0.153923       661425
     276.468      2752.24   -0.0707754       197.42     -542.071      632.258      57827.4      581.957     -409.497      86.1216      1054.77  3.68015e+07      4.97569      122.267  9.52226e+07
  0.00210334    0.0377546 -2.27826e-07  0.000358867   0.00839316   -0.0104149    -0.072063    0.0153802    0.0122422   0.00035365    -0.026545      4.97569  0.000819891 -0.000431219      2789.91
  0.00589661      1.54273 -3.44204e-05   0.00449279     -0.26469     0.435255     -17.0799     0.829777     -0.72747   -0.0190866     0.153923      122.267 -0.000431219      2.64371      61363.2
     -754483       839634     -75.8081      46703.1      -123375      -794070  2.14594e+07     -81376.8       458650       362675       661425  9.52226e+07      2789.91      61363.2  4.90814e+12
