    65.4382 -0.00556186   -0.525402    -7.77505     1.72601     13.6444     4.06098     2.04358    -17.3039    -2.40495    -26.1152     2.58818    0.131114    -3.14347    -329.831
-0.00556186       95.88   -0.226834   -0.395712    0.954624    -3.92287    -15.2608     2.28964   -0.589489    0.146682    -3.35868      2.8008    0.637755     1.60207     136.858
  -0.525402   -0.226834    0.809717    0.229644   -0.189884    0.614758   -0.121123   0.0806967    -0.43188  0.00993467    0.792586   -0.244106   -0.013647    0.353409    -23.0957
   -7.77505   -0.395712    0.229644     9.05174    -6.01092      8.5723   0.0126867   -0.168617     1.95209    0.974491     10.5079     2.93404   -0.435787     3.64261     55.7618
    1.72601    0.954624   -0.189884    -6.01092     16.4835    -1.79579    0.171401     5.48629     7.37777   -0.208336    -22.4148    -2.18203     1.24701    0.737578    -58.9786
    13.6444    -3.92287    0.614758      8.5723    -1.79579     47.1573    -6.47656    0.355346    -5.93856     1.89757       16.29     2.83326   -0.871196     6.71662    -361.372
    4.06098    -15.2608   -0.121123   0.0126867    0.171401    -6.47656     245.074    -10.3785     9.30877     1.97617    -9.27969     11.7361   -0.252226    -9.52702      515.99
    2.04358     2.28964   0.0806967   -0.168617     5.48629    0.355346    -10.3785     29.7289    -5.57519    0.594775     -5.7412      3.0532     1.25497     16.7954    -33.8976
   -17.3039   -0.589489    -0.43188     1.95209     7.37777    -5.93856     9.30877    -5.57519     28.4935     1.07367    -9.77628    -1.89239    0.939281    -8.89334     213.562
   -2.40495    0.146682  0.00993467    0.974491   -0.208336     1.89757     1.97617    0.594775     1.07367     10.1005     2.67678     1.08055   0.0709237    0.572588      415.81
   -26.1152    -3.35868    0.792586     10.5079    -22.4148       16.29    -9.27969     -5.7412    -9.77628     2.67678      74.511     5.09274     -1.9964   -0.763997     266.371
    2.58818      2.8008   -0.244106     2.93404    -2.18203     2.83326     11.7361      3.0532    -1.89239     1.08055     5.09274     775.818     1.77547     2.00025     182.558
   0.131114    0.637755   -0.013647   -0.435787     1.24701   -0.871196   -0.252226     1.25497    0.939281   0.0709237     -1.9964     1.77547     4.76861    0.196784     89.7825
   -3.14347     1.60207    0.353409     3.64261    0.737578     6.71662    -9.52702     16.7954    -8.89334    0.572588   -0.763997     2.00025    0.196784     17.4498    -103.964
   -329.831     136.858    -23.0957     55.7618    -58.9786    -361.372      515.99    -33.8976     213.562      415.81     266.371     182.558     89.7825    -103.964      882006
