    63.4404   0.0704336   -0.135353    -6.49874     2.32489     12.1493     8.39009    0.164988     -16.985    -1.90635    -26.6105     6.43459    0.049352    -4.64673    -9296.39
  0.0704336      155.52  -0.0713434   -0.176457    0.976428    -4.87943    -30.8066     3.18535   -0.988239    0.163041     -4.6994     11.0561    0.342774     2.37204     4356.87
  -0.135353  -0.0713434   0.0545951   0.0495544   -0.046221    0.157706  -0.0569367   0.0234405   -0.107442  0.00187653    0.206023   -0.194566 -0.00150536   0.0668622    -165.848
   -6.49874   -0.176457   0.0495544     8.13618    -6.30595     6.79948     0.58714    0.274384     1.21387    0.588335     8.39063     9.46286   -0.160625     3.89666     1771.27
    2.32489    0.976428   -0.046221    -6.30595     15.8996    -2.21583    0.185573     4.77048     6.61971   -0.200808    -20.7183    -7.01042    0.505917    -1.52734    -1698.53
    12.1493    -4.87943    0.157706     6.79948    -2.21583     46.2204    -12.2927    0.643485    -5.15968     1.47865     14.9195     8.62299   -0.364482     6.37067    -9762.58
    8.39009    -30.8066  -0.0569367     0.58714    0.185573    -12.2927      840.23    -19.2713     16.7665     2.84845    -17.2992     66.2565   -0.197631    -15.8273     24822.9
   0.164988     3.18535   0.0234405    0.274384     4.77048    0.643485    -19.2713      29.134    -5.24575    0.475415    -6.27829     9.28745    0.525301     14.3324    -966.081
    -16.985   -0.988239   -0.107442     1.21387     6.61971    -5.15968     16.7665    -5.24575     28.0197    0.843246    -9.60526    -5.89202    0.398209    -7.18493     5727.69
   -1.90635    0.163041  0.00187653    0.588335   -0.200808     1.47865     2.84845    0.475415    0.843246     6.06919     2.03489     2.58194   0.0226486    0.452725     8923.43
   -26.6105     -4.6994    0.206023     8.39063    -20.7183     14.9195    -17.2992    -6.27829    -9.60526     2.03489     73.5658     15.6933   -0.856236   -0.777835     7355.47
    6.43459     11.0561   -0.194566     9.46286    -7.01042     8.62299     66.2565     9.28745    -5.89202     2.58194     15.6933      7216.3      2.3129     6.50186     15554.6
   0.049352    0.342774 -0.00150536   -0.160625    0.505917   -0.364482   -0.197631    0.525301    0.398209   0.0226486   -0.856236      2.3129    0.863247    0.051989     1057.33
   -4.64673     2.37204   0.0668622     3.89666    -1.52734     6.37067    -15.8273     14.3324    -7.18493    0.452725   -0.777835     6.50186    0.051989     21.6124    -1232.47
   -9296.39     4356.87    -165.848     1771.27    -1698.53    -9762.58     24822.9    -966.081     5727.69     8923.43     7355.47     15554.6     1057.33    -1232.47 6.75443e+08
