   84.417  -6.48943   2.27991  -12.4752    1.7473    18.755  -43.0463   8.03915  -18.6822  -16.0091  -25.2262   2.28278  -16.6195  -2.59119  -28.5693
 -6.48943   24.1753  -2.94326  -2.67431   10.3833  -4.65752  -2.26356    20.988   2.07605  -3.53769  -5.76726   8.69112   9.44318   11.1794   5.98633
  2.27991  -2.94326   16.3065  -8.75295   1.23296  -13.2185  -5.21963  -4.53855  -11.2069  -5.50123  -12.3702  -3.96146   -2.1209  0.581231   2.29444
 -12.4752  -2.67431  -8.75295   13.0243  -5.51975   11.6994   14.1496 -0.992035   3.79267   6.23932   13.6227   1.98344  -2.28435   3.11588  -6.17795
   1.7473   10.3833   1.23296  -5.51975   22.2085 -0.449334  -11.2355     6.558   9.64318  -1.27596  -29.1743   6.76493   11.6634   3.76779  -3.01598
   18.755  -4.65752  -13.2185   11.6994 -0.449334   57.2887  -1.06191   0.10057  -9.66674   11.5786   23.5141   4.62946  -15.0952   8.03729  -38.0484
 -43.0463  -2.26356  -5.21963   14.1496  -11.2355  -1.06191   39.9286  -2.35092   3.61207   10.1209   32.4515  -2.06481 -0.582025   5.05973   9.76521
  8.03915    20.988  -4.53855 -0.992035     6.558   0.10057  -2.35092   36.6067  -7.45606  -5.95951  -4.72188   13.9657   3.07303   20.7884  -1.36193
 -18.6822   2.07605  -11.2069   3.79267   9.64318  -9.66674   3.61207  -7.45606   35.5842   3.03479  -11.2424   1.55539   17.1177  -14.6402   16.2836
 -16.0091  -3.53769  -5.50123   6.23932  -1.27596   11.5786   10.1209  -5.95951   3.03479   49.3124   14.1412 -0.939026  -2.88524  -1.39429  -2.49939
 -25.2262  -5.76726  -12.3702   13.6227  -29.1743   23.5141   32.4515  -4.72188  -11.2424   14.1412   88.9404  -9.25361  -17.8977  -3.96772   8.55971
  2.28278   8.69112  -3.96146   1.98344   6.76493   4.62946  -2.06481   13.9657   1.55539 -0.939026  -9.25361   10.9234   3.66943   9.08892  -5.28668
 -16.6195   9.44318   -2.1209  -2.28435   11.6634  -15.0952 -0.582025   3.07303   17.1177  -2.88524  -17.8977   3.66943   21.5815  -1.66899   12.8556
 -2.59119   11.1794  0.581231   3.11588   3.76779   8.03729   5.05973   20.7884  -14.6402  -1.39429  -3.96772   9.08892  -1.66899   23.3308  -12.6399
 -28.5693   5.98633   2.29444  -6.17795  -3.01598  -38.0484   9.76521  -1.36193   16.2836  -2.49939   8.55971  -5.28668   12.8556  -12.6399   44.7057
