     7.04584     0.509697     0.679186      0.12609   -0.0706334     -21715.8      1.47074     0.638035     0.977584      5.18801    -0.424149 -7.86823e-05     -11831.8     -12.8936       -1.784
    0.509697      28.4634      4.15424      1.87651     0.481663      4159.67      16.8285    -0.393309      10.6831      -8.4718      6.26608 -7.13514e-05     -20318.9     -79.9619      3.80947
    0.679186      4.15424      362.767     0.677809      1.27085      -188590      4.93243    -0.660734     0.759794     -56.7985      4.15471  0.000493462     -9982.35     -50.7532      31.7559
     0.12609      1.87651     0.677809      46.7768    -0.422564     -7022.91     -8.81574     -5.88007     -3.28316      135.058      4.20505 -0.000337656     -31053.3     -119.337     -30.6207
  -0.0706334     0.481663      1.27085    -0.422564      5.93891     -67846.8     0.839836      1.11005     -1.15659      -10.556    -0.761345 -7.41091e-05        407.3      15.3139      2.68136
    -21715.8      4159.67      -188590     -7022.91     -67846.8  6.35734e+10      6997.37      4328.64      3642.35 -4.19352e+06      3009.71     -7.34568  1.96824e+08  -8.8017e+06  1.73823e+06
     1.47074      16.8285      4.93243     -8.81574     0.839836      6997.37      30.0527      10.5228     -1.93144     -75.0073     -6.82295  1.05881e-05      7700.33      115.583      11.4769
    0.638035    -0.393309    -0.660734     -5.88007      1.11005      4328.64      10.5228      52.3447     -21.7905     -53.9423      1.90229  0.000614592     -49986.1       17.561      14.2002
    0.977584      10.6831     0.759794     -3.28316     -1.15659      3642.35     -1.93144     -21.7905      39.4648      -19.528      15.1522 -0.000103963     -7205.94      5.94796      10.7337
     5.18801      -8.4718     -56.7985      135.058      -10.556 -4.19352e+06     -75.0073     -53.9423      -19.528      18311.9      29.6005   0.00120717            0      32.9472     -3256.51
   -0.424149      6.26608      4.15471      4.20505    -0.761345      3009.71     -6.82295      1.90229      15.1522      29.6005      27.4856   0.00029729     -46475.7      -144.51       18.929
-7.86823e-05 -7.13514e-05  0.000493462 -0.000337656 -7.41091e-05     -7.34568  1.05881e-05  0.000614592 -0.000103963   0.00120717   0.00029729  5.93874e-07      1.50829  -0.00613789  7.14423e-05
    -11831.8     -20318.9     -9982.35     -31053.3        407.3  1.96824e+08      7700.33     -49986.1     -7205.94            0     -46475.7      1.50829  2.28334e+10            0            0
    -12.8936     -79.9619     -50.7532     -119.337      15.3139  -8.8017e+06      115.583       17.561      5.94796      32.9472      -144.51  -0.00613789            0      83859.3       140.91
      -1.784      3.80947      31.7559     -30.6207      2.68136  1.73823e+06      11.4769      14.2002      10.7337     -3256.51       18.929  7.14423e-05            0       140.91      4254.92
