   67.7751   0.397228   -1.99866   -8.84688    1.24399    14.9449   -4.95749    4.12583   -17.1785   -2.99627   -24.7795   0.649393   0.352965   -2.13483     -12.44
  0.397228    53.9584  -0.740541   -1.98274    5.09248   -2.34448   -22.3801    5.77666    0.95265   0.102389   -4.59447   0.453713    1.86955    2.51331    8.74529
  -1.99866  -0.740541    12.1626   0.980849  -0.700257    2.33775    1.44983   0.188495   -1.73684 -0.0238469     3.0731  -0.148281  -0.129661    1.44597   -3.73698
  -8.84688   -1.98274   0.980849    9.92141    -5.5804    9.74691    2.67911  -0.535496    2.51762    1.49598    11.7346    1.14197    -1.0987    3.13358    1.51876
   1.24399    5.09248  -0.700257    -5.5804    17.2722   -1.23242   -1.70688    5.73403    7.95888  -0.241363   -23.7661  -0.827189    3.12398    2.00662    -2.1453
   14.9449   -2.34448    2.33775    9.74691   -1.23242    48.1131  -0.499106   0.178638   -6.96934    2.48205    17.8946    1.27491   -2.04121    6.67281   -14.4364
  -4.95749   -22.3801    1.44983    2.67911   -1.70688  -0.499106    109.211   -5.26675    3.80331    2.34296    3.54252    1.79043    -1.0454   -2.18201    13.0922
   4.12583    5.77666   0.188495  -0.535496    5.73403   0.178638   -5.26675    30.1196   -5.95498   0.727141   -5.07139    1.21327    3.14247     17.634  -0.752666
  -17.1785    0.95265   -1.73684    2.51762    7.95888   -6.96934    3.80331   -5.95498    29.1776    1.45371     -9.759  -0.631247     2.4019   -10.3813    8.76458
  -2.99627   0.102389 -0.0238469    1.49598  -0.241363    2.48205    2.34296   0.727141    1.45371    17.2713    3.56128   0.357372   0.255108   0.610659    19.3075
  -24.7795   -4.59447     3.0731    11.7346   -23.7661    17.8946    3.54252   -5.07139     -9.759    3.56128    75.5905    1.91808   -4.64441   -1.70466    8.61275
  0.649393   0.453713  -0.148281    1.14197  -0.827189    1.27491    1.79043    1.21327  -0.631247   0.357372    1.91808    92.5339    1.51176   0.807102    2.29069
  0.352965    1.86955  -0.129661    -1.0987    3.12398   -2.04121    -1.0454    3.14247     2.4019   0.255108   -4.64441    1.51176    28.4426   0.578606    7.89605
  -2.13483    2.51331    1.44597    3.13358    2.00662    6.67281   -2.18201     17.634   -10.3813   0.610659   -1.70466   0.807102   0.578606    18.4564   -4.98603
    -12.44    8.74529   -3.73698    1.51876    -2.1453   -14.4364    13.0922  -0.752666    8.76458    19.3075    8.61275    2.29069    7.89605   -4.98603    1117.67
