     59.1686     0.867895   -0.0026095    -0.467556      3.02535      8.81235      59.9575      -2.8434     -15.2337     -1.05172     -26.7359      103.935   0.00451788    0.0366589      -543595
    0.867895      1009.86   -0.0027546     0.599095     0.369761     -12.2091     -300.374      7.59563      -2.9827     0.501029     -11.9486      696.662    0.0664834      1.40685       445395
  -0.0026095   -0.0027546   1.7089e-05 -2.16383e-06  -0.00066184   0.00261284  -0.00510941   0.00050912  -0.00173955  2.21361e-05   0.00339806   -0.0842902   -1.898e-06 -0.000153027     -185.436
   -0.467556     0.599095 -2.16383e-06      1.24021    -0.282942   -0.0232167      4.31593     0.483536     0.286956    0.0126969     0.347896      96.5921   0.00123147   0.00800297      47091.9
     3.02535     0.369761  -0.00066184    -0.282942      13.3801     -2.17455     -12.9131      2.56551        4.624   -0.0293959       -13.66     -238.881    0.0282851    -0.427942      -119520
     8.81235     -12.2091   0.00261284   -0.0232167     -2.17455      43.6349     -76.6935      1.34265     -3.44966     0.842674      11.7612      221.445   -0.0255245     0.547951      -565106
     59.9575     -300.374  -0.00510941      4.31593     -12.9131     -76.6935      35816.1     -123.577      101.954      10.9258     -109.036      10851.6   -0.0885643     -11.5389  8.29964e+06
     -2.8434      7.59563   0.00050912     0.483536      2.56551      1.34265     -123.577      27.2599     -4.29822     0.313796     -7.01257       206.82    0.0369527      1.04946     -59468.6
    -15.2337      -2.9827  -0.00173955     0.286956        4.624     -3.44966      101.954     -4.29822      26.7789     0.472806      -9.2193     -141.452    0.0289726    -0.918822       328159
    -1.05172     0.501029  2.21361e-05    0.0126969   -0.0293959     0.842674      10.9258     0.313796     0.472806      1.88511      1.03933      35.2852  0.000995551   -0.0285926       302381
    -26.7359     -11.9486   0.00339806     0.347896       -13.66      11.7612     -109.036     -7.01257      -9.2193      1.03933      71.7028      363.101   -0.0629761     0.188356       463044
     103.935      696.662   -0.0842902      96.5921     -238.881      221.445      10851.6       206.82     -141.452      35.2852      363.101  4.48594e+06       4.1782      53.9134  2.36508e+07
  0.00451788    0.0664834   -1.898e-06   0.00123147    0.0282851   -0.0255245   -0.0885643    0.0369527    0.0289726  0.000995551   -0.0629761       4.1782   0.00472985  -0.00131092      4734.51
   0.0366589      1.40685 -0.000153027   0.00800297    -0.427942     0.547951     -11.5389      1.04946    -0.918822   -0.0285926     0.188356      53.9134  -0.00131092      4.22927      55502.8
     -543595       445395     -185.436      47091.9      -119520      -565106  8.29964e+06     -59468.6       328159       302381       463044  2.36508e+07      4734.51      55502.8  2.48386e+12
