     8.62016     0.596206    0.0900798     0.111531     0.171284     -12569.1      1.70693     0.702642      1.04183      5.12548    -0.533042 -0.000212127     -7211.91     -8.04836     -1.43509
    0.596206      29.8706     -1.08435      1.33433      1.87973      1963.88      17.6474    -0.190739      11.4229     -7.33826      7.35433  -0.00014691     -12139.6     -50.3112      5.46334
   0.0900798     -1.08435      25.1032      2.73086      8.38777      12208.6      1.14054    0.0268033     -1.58673     0.479684      4.78088  0.000551967      7973.08     -18.7099      18.7834
    0.111531      1.33433      2.73086      49.5934    -0.372889     -2037.34      -10.555     -7.17293     -3.36309      124.849      3.86929 -0.000898295     -17961.8     -71.1226     -28.0229
    0.171284      1.87973      8.38777    -0.372889      19.2686     -64463.5      2.02169      1.13651    -0.495153     -15.0247     -1.46494 -0.000171947      2295.65      12.0253      7.50191
    -12569.1      1963.88      12208.6     -2037.34     -64463.5  1.52953e+10      4687.96      6146.28       2164.5 -1.86203e+06      6430.07     -8.94166  3.96894e+07 -2.42942e+06       760785
     1.70693      17.6474      1.14054      -10.555      2.02169      4687.96       31.861      11.2873     -2.54359     -70.1082     -8.15736  1.70545e-05      4734.89      69.1515      10.4243
    0.702642    -0.190739    0.0268033     -7.17293      1.13651      6146.28      11.2873      54.8762     -23.2135     -50.6177      2.03564   0.00159816     -27796.9       9.2353      13.2184
     1.04183      11.4229     -1.58673     -3.36309    -0.495153       2164.5     -2.54359     -23.2135      40.8814     -15.9158      16.9406 -0.000252498     -4105.44    -0.615818      10.2412
     5.12548     -7.33826     0.479684      124.849     -15.0247 -1.86203e+06     -70.1082     -50.6177     -15.9158      14514.4      27.4609   0.00279763            0      17.9056     -2537.24
   -0.533042      7.35433      4.78088      3.86929     -1.46494      6430.07     -8.15736      2.03564      16.9406      27.4609      30.8291  0.000774885     -28098.7     -87.7557      16.6578
-0.000212127  -0.00014691  0.000551967 -0.000898295 -0.000171947     -8.94166  1.70545e-05   0.00159816 -0.000252498   0.00279763  0.000774885  3.79353e-06      2.02844  -0.00913876  0.000144274
    -7211.91     -12139.6      7973.08     -17961.8      2295.65  3.96894e+07      4734.89     -27796.9     -4105.44            0     -28098.7      2.02844  7.13642e+09            0            0
    -8.04836     -50.3112     -18.7099     -71.1226      12.0253 -2.42942e+06      69.1515       9.2353    -0.615818      17.9056     -87.7557  -0.00913876            0      26846.6      57.5986
    -1.43509      5.46334      18.7834     -28.0229      7.50191       760785      10.4243      13.2184      10.2412     -2537.24      16.6578  0.000144274            0      57.5986       3312.7
