     5.95645     0.502262      11.2514     0.136388   -0.0357906     -33715.3      1.34909     0.583498     0.964324      5.43632    -0.378253 -3.87512e-05     -15918.6     -21.7739     -1.87843
    0.502262      28.3852      73.1994      2.17479     0.272298      7352.93      17.0478    -0.477254      10.2512     -10.5646      5.46987 -3.97102e-05     -28411.9     -138.405         4.01
     11.2514      73.1994       117758      13.0006      12.6211 -5.76933e+06      92.0497     -10.9947      10.3394     -1165.52      72.6091   0.00473675      -263615     -1677.34      652.832
    0.136388      2.17479      13.0006       46.536    -0.221752     -11493.1      -7.7527     -4.96574     -3.46863      152.124      3.95796  -0.00017905     -45762.3     -216.298     -34.8617
  -0.0357906     0.272298      12.6211    -0.221752      1.80297     -63276.3      0.44479     0.611826    -0.633783      -6.6187    -0.406787   -2.182e-05      317.284       15.478      1.61747
    -33715.3      7352.93 -5.76933e+06     -11493.1     -63276.3  1.82185e+11      12028.8      7240.85      6517.55 -8.06758e+06      4951.92     -6.67986  4.81859e+08 -2.73927e+07  3.32696e+06
     1.34909      17.0478      92.0497      -7.7527      0.44479      12028.8       29.718      10.2348     -1.44572     -82.8997     -6.00177  8.21142e-06      10123.9      207.591       13.463
    0.583498    -0.477254     -10.9947     -4.96574     0.611826      7240.85      10.2348      52.3356     -21.2892     -59.8288      1.83861  0.000325541     -73332.8      30.7922      16.0309
    0.964324      10.2512      10.3394     -3.46863    -0.633783      6517.55     -1.44572     -21.2892      39.5179     -24.5595      14.2651 -5.29897e-05     -10682.2      23.5278      12.1688
     5.43632     -10.5646     -1165.52      152.124      -6.6187 -8.06758e+06     -82.8997     -59.8288     -24.5595      23682.8      32.7425  0.000729233            0      68.7497     -4208.06
   -0.378253      5.46987      72.6091      3.95796    -0.406787      4951.92     -6.00177      1.83861      14.2651      32.7425      25.8571  0.000153389       -66005     -257.436      21.1783
-3.87512e-05 -3.97102e-05   0.00473675  -0.00017905   -2.182e-05     -6.67986  8.21142e-06  0.000325541 -5.29897e-05  0.000729233  0.000153389  1.68917e-07      1.21859  -0.00601808  4.34538e-05
    -15918.6     -28411.9      -263615     -45762.3      317.284  4.81859e+08      10123.9     -73332.8     -10682.2            0       -66005      1.21859  4.89108e+10            0            0
    -21.7739     -138.405     -1677.34     -216.298       15.478 -2.73927e+07      207.591      30.7922      23.5278      68.7497     -257.436  -0.00601808            0       282880      378.278
    -1.87843         4.01      652.832     -34.8617      1.61747  3.32696e+06       13.463      16.0309      12.1688     -4208.06      21.1783  4.34538e-05            0      378.278      5524.39
