     47.7632      2.29549     -3.48462 -0.000250379     -7.56658      147.081   0.00789344      11.6629 -0.000471403      -8.5304    -0.328699     -2.44138      2.20595      8.04202      3854.16
     2.29549      41.2507    -0.515907  -0.00605577     -1.02016      1.34736   0.00311052    -0.217524 -0.000406827      2.39271    -0.142492     -1.15191    -0.090415    0.0782997      229.972
    -3.48462    -0.515907      35.6741  -0.00307192      4.91349      9.97876   -0.0126567      6.45358 -0.000822598     -21.1565     0.225288      5.17771      10.5841     -17.6001     -991.852
-0.000250379  -0.00605577  -0.00307192  1.89838e-05  -0.00238041    0.0107623 -1.57402e-06  7.58283e-05 -6.56294e-08   0.00441993  0.000196525  0.000227827  3.90095e-05   0.00157786     -2.19391
    -7.56658     -1.02016      4.91349  -0.00238041      250.798      55.8538    0.0241188     0.234832  -0.00133224     -5.80142     0.287435      3.22534      6.21485     -5.26717     -3566.14
     147.081      1.34736      9.97876    0.0107623      55.8538      13186.6            0        39.69   0.00316402     -71.5741     -1.18606      21.3137      -10.925      24.0538      41564.4
  0.00789344   0.00311052   -0.0126567 -1.57402e-06    0.0241188            0   0.00194168 -7.26765e-05  4.33803e-06   -0.0102643  -0.00023571 -0.000833046   0.00658876    0.0180268     -8.92867
     11.6629    -0.217524      6.45358  7.58283e-05     0.234832        39.69 -7.26765e-05      12.3874  0.000151212     -2.87707    -0.350619    -0.480377    -0.986352      -10.789     -5051.97
-0.000471403 -0.000406827 -0.000822598 -6.56294e-08  -0.00133224   0.00316402  4.33803e-06  0.000151212  6.86954e-06 -0.000191348 -0.000109968  -0.00194778 -0.000734525 -0.000485282    -0.887465
     -8.5304      2.39271     -21.1565   0.00441993     -5.80142     -71.5741   -0.0102643     -2.87707 -0.000191348      87.8907     0.151983     -4.26929    -0.728516     -18.9927     -13045.8
   -0.328699    -0.142492     0.225288  0.000196525     0.287435     -1.18606  -0.00023571    -0.350619 -0.000109968     0.151983      2.60709   0.00604513     0.163342   -0.0215334      653.798
    -2.44138     -1.15191      5.17771  0.000227827      3.22534      21.3137 -0.000833046    -0.480377  -0.00194778     -4.26929   0.00604513      78.5738     -2.50939     -4.13909      28370.1
     2.20595    -0.090415      10.5841  3.90095e-05      6.21485      -10.925   0.00658876    -0.986352 -0.000734525    -0.728516     0.163342     -2.50939      36.2008      11.2788     -3101.57
     8.04202    0.0782997     -17.6001   0.00157786     -5.26717      24.0538    0.0180268      -10.789 -0.000485282     -18.9927   -0.0215334     -4.13909      11.2788      62.5277      16871.2
     3854.16      229.972     -991.852     -2.19391     -3566.14      41564.4     -8.92867     -5051.97    -0.887465     -13045.8      653.798      28370.1     -3101.57      16871.2  7.63332e+08
