     49.7371      18.9429     -1.68537   -0.0287173     -3.53848       42.145     0.109461      11.5923   -0.0376717     -12.5077    -0.967786     -1.86461      1.68648      9.94388       35.211
     18.9429      32.9397      2.65871    0.0062368      1.20607      9.77824     0.181931      6.11043   -0.0197814      7.93904     -0.61817     -4.86464      25.5461      4.18011     -46.8808
    -1.68537      2.65871      38.5678    -0.215554      2.59141      2.85037    -0.172893      9.19832   -0.0566201     -19.5118     0.608863      4.77737      13.9075     -19.6895     -15.8815
  -0.0287173    0.0062368    -0.215554    0.0737419   -0.0672914     0.188281 -0.000792082   0.00577903 -0.000117779     0.268539    0.0473638   0.00425342    0.0166932    0.0863511    -0.901187
    -3.53848      1.20607      2.59141   -0.0672914      51.8653      7.05616     0.172285    0.0921717   -0.0374488     -2.52197     0.307454      1.68459      2.90221     -2.38744     -15.3812
      42.145      9.77824      2.85037     0.188281      7.05616      1013.87            0      12.0434    0.0541147     -21.5225    -0.822244      5.92097     -2.89435      7.46132      76.3674
    0.109461     0.181931    -0.172893 -0.000792082     0.172285            0     0.461953   -0.0244917   0.00430762    -0.212326    -0.017161   -0.0148014    0.0761776     0.307019    -0.958471
     11.5923      6.11043      9.19832   0.00577903    0.0921717      12.0434   -0.0244917      13.3537   0.00565233     -3.64299    -0.805554    -0.215077     -1.60267     -11.7365     -32.8282
  -0.0376717   -0.0197814   -0.0566201 -0.000117779   -0.0374488    0.0541147   0.00430762   0.00565233    0.0286853  -0.00899865   -0.0148933    -0.131755    -0.053056   -0.0297003    -0.344947
    -12.5077      7.93904     -19.5118     0.268539     -2.52197     -21.5225    -0.212326     -3.64299  -0.00899865      92.0024     0.564306     -4.03076    -0.178197     -23.4163     -94.0447
   -0.967786     -0.61817     0.608863    0.0473638     0.307454    -0.822244    -0.017161    -0.805554   -0.0148933     0.564306      15.0716 -0.000543988     0.845172    -0.479006      9.62233
    -1.86461     -4.86464      4.77737   0.00425342      1.68459      5.92097   -0.0148014    -0.215077    -0.131755     -4.03076 -0.000543988      80.2951     -2.31979     -3.85089      194.756
     1.68648      25.5461      13.9075    0.0166932      2.90221     -2.89435    0.0761776     -1.60267    -0.053056    -0.178197     0.845172     -2.31979      37.7717      11.4172     -18.5416
     9.94388      4.18011     -19.6895    0.0863511     -2.38744      7.46132     0.307019     -11.7365   -0.0297003     -23.4163    -0.479006     -3.85089      11.4172      64.2321      116.227
      35.211     -46.8808     -15.8815    -0.901187     -15.3812      76.3674    -0.958471     -32.8282    -0.344947     -94.0447      9.62233      194.756     -18.5416      116.227      35907.2
