    52.0989     20.7364   -0.679003   -0.731134    -3.05744     19.0036    0.843863     11.2945   -0.977145    -15.9454    -1.84061    -1.75418     2.79546     11.2744     4.58177
    20.7364     34.6142     4.77513    0.655405     1.33249     4.95694     1.10271     6.32707   -0.534104     7.78695     10.0672    -5.27685     28.2364     4.42865    -3.69649
  -0.679003     4.77513     41.6352     -3.6221     1.96672     1.45901   -0.945148     12.3004    -1.19667    -17.3033     24.5446     5.13919     14.5961     -22.558    -2.56191
  -0.731134    0.655405     -3.6221     18.9144   -0.890129     1.32786   -0.119614   0.0366395   0.0136269     4.21575   -0.676945   0.0928762    0.296457     1.40428   -0.569397
   -3.05744     1.33249     1.96672   -0.890129     31.7944     2.65174    0.905147    0.144463   -0.468497    -1.53083     2.03153     1.55589     2.61456    -1.69716   -0.846116
    19.0036     4.95694     1.45901     1.32786     2.65174     197.394           0     5.45488    0.476316    -10.2393   -0.543917     2.89346      -1.053     3.61935     4.58516
   0.843863     1.10271   -0.945148   -0.119614    0.905147           0     19.4322   -0.156853     0.56352    -1.78067   -0.531537   -0.101398    0.560885     2.07731    -1.45658
    11.2945     6.32707     12.3004   0.0366395    0.144463     5.45488   -0.156853     14.4046 -0.00807844    -4.15316    -2.93996     -0.0117   -0.618133     -12.838    0.825455
  -0.977145   -0.534104    -1.19667   0.0136269   -0.468497    0.476316     0.56352 -0.00807844     10.6937   -0.209524    -1.31851    -2.80179    -1.16831   -0.640288   -0.880457
   -15.9454     7.78695    -17.3033     4.21575    -1.53083    -10.2393    -1.78067    -4.15316   -0.209524     96.9134    -15.3624    -4.43663    0.179375    -28.4847     4.51862
   -1.84061     10.0672     24.5446   -0.676945     2.03153   -0.543917   -0.531537    -2.93996    -1.31851    -15.3624     40.9396     3.21045     27.6428     6.64144    -7.32695
   -1.75418    -5.27685     5.13919   0.0928762     1.55589     2.89346   -0.101398     -0.0117    -2.80179    -4.43663     3.21045     99.1845    -2.73857    -4.14674     12.8452
    2.79546     28.2364     14.5961    0.296457     2.61456      -1.053    0.560885   -0.618133    -1.16831    0.179375     27.6428    -2.73857     39.6923     10.8603    -4.96614
    11.2744     4.42865     -22.558     1.40428    -1.69716     3.61935     2.07731     -12.838   -0.640288    -28.4847     6.64144    -4.14674     10.8603     67.0477    -2.19969
    4.58177    -3.69649    -2.56191   -0.569397   -0.846116     4.58516    -1.45658    0.825455   -0.880457     4.51862    -7.32695     12.8452    -4.96614    -2.19969     127.819
