     47.8851      2.25743     -2.94214  -0.00127799     -5.51484      93.0828    0.0199586      11.6123  -0.00202899     -9.76599    -0.402476     -2.21351      1.95328       8.6689      724.843
     2.25743       39.403    -0.517988   -0.0243902    -0.689561     0.827977   0.00768221    -0.187035  -0.00162647      2.34967    -0.177391     -1.07164   -0.0802496    0.0514119      38.1819
    -2.94214    -0.517988      36.0695   -0.0126631      3.69499      6.53086   -0.0320802      7.10579  -0.00335201     -20.5864     0.278526      4.84493      11.5241     -17.9159     -227.822
 -0.00127799   -0.0243902   -0.0126631  0.000322213  -0.00707121    0.0279354 -1.52757e-05  8.38272e-05 -1.10012e-06    0.0180179   0.00103086  0.000910943  5.19032e-05   0.00645167     -1.56226
    -5.51484    -0.689561      3.69499  -0.00707121      130.556      25.3878    0.0448559     0.130356  -0.00392966     -4.10283     0.263987      2.21214      4.47115     -3.75923     -444.134
     93.0828     0.827977      6.53086    0.0279354      25.3878         5233            0      25.6348   0.00819729     -46.1709    -0.951344      12.7635     -7.11906       15.848       4514.2
   0.0199586   0.00768221   -0.0320802 -1.52757e-05    0.0448559            0    0.0128912 -0.000866773  4.58712e-05   -0.0274905 -0.000773243  -0.00204026     0.016379    0.0468644     -3.97184
     11.6123    -0.187035      7.10579  8.38272e-05     0.130356      25.6348 -0.000866773      12.5056  0.000562556      -3.1853    -0.439661    -0.358678     -1.24051     -10.9636     -858.252
 -0.00202899  -0.00162647  -0.00335201 -1.10012e-06  -0.00392966   0.00819729  4.58712e-05  0.000562556  0.000115859 -0.000840207 -0.000576953  -0.00760553  -0.00307322  -0.00195414    -0.628393
    -9.76599      2.34967     -20.5864    0.0180179     -4.10283     -46.1709   -0.0274905      -3.1853 -0.000840207       88.179     0.207346     -3.94471    -0.643619     -20.0143     -2266.34
   -0.402476    -0.177391     0.278526   0.00103086     0.263987    -0.951344 -0.000773243    -0.439661 -0.000576953     0.207346      4.22639   0.00736252     0.218358   -0.0353865      143.689
    -2.21351     -1.07164      4.84493  0.000910943      2.21214      12.7635  -0.00204026    -0.358678  -0.00760553     -3.94471   0.00736252      71.0065     -2.31542     -3.94718      4657.19
     1.95328   -0.0802496      11.5241  5.19032e-05      4.47115     -7.11906     0.016379     -1.24051  -0.00307322    -0.643619     0.218358     -2.31542      36.2517      11.3014     -519.574
      8.6689    0.0514119     -17.9159   0.00645167     -3.75923       15.848    0.0468644     -10.9636  -0.00195414     -20.0143   -0.0353865     -3.94718      11.3014      62.3884      2906.59
     724.843      38.1819     -227.822     -1.56226     -444.134       4514.2     -3.97184     -858.252    -0.628393     -2266.34      143.689      4657.19     -519.574      2906.59  2.27589e+07
