    49.8439     19.2211    -1.16642   -0.128365     -2.9615     27.7504    0.266846     11.3133   -0.165228    -13.8709    -1.11304    -1.83423     1.93202      10.383     7.45534
    19.2211     33.3418     4.04165   0.0670756      1.0725     6.79198    0.417327     5.97563  -0.0865452     7.69195   -0.645196    -4.95172     26.5146     4.39693    -9.06468
   -1.16642     4.04165       39.25   -0.854762     2.20496     2.01987   -0.421861     10.3504   -0.230741    -18.3006     1.11243      4.8736     14.2489    -20.4995    -3.80084
  -0.128365   0.0670756   -0.854762     1.16506   -0.220888    0.491709 -0.00774625  0.00774141 -0.00142618     1.05155    0.270718   0.0174026    0.089038    0.336853   -0.719225
    -2.9615      1.0725     2.20496   -0.220888     35.6421     3.84684    0.351337    0.111073   -0.131691    -2.04436    0.430949     1.47669     2.46723    -1.95914    -2.60919
    27.7504     6.79198     2.01987    0.491709     3.84684     437.591           0     7.97826    0.150617    -14.4959   -0.786428      4.0504    -1.76526     5.04267     10.0681
   0.266846    0.417327   -0.421861 -0.00774625    0.351337           0     2.79692  -0.0729216   0.0459487   -0.546047  -0.0595402  -0.0379474    0.177849    0.766417   -0.472983
    11.3133     5.97563     10.3504  0.00774141    0.111073     7.97826  -0.0729216     13.5501   0.0271586    -3.88883    -1.14139  -0.0968449    -1.33741    -12.0915     -6.5396
  -0.165228  -0.0865452   -0.230741 -0.00142618   -0.131691    0.150617   0.0459487   0.0271586    0.537185  -0.0227496  -0.0915327   -0.599372   -0.217842   -0.151791   -0.386291
   -13.8709     7.69195    -18.3006     1.05155    -2.04436    -14.4959   -0.546047    -3.88883  -0.0227496     92.6563    0.796527    -4.02343    0.108299    -25.1514    -19.0693
   -1.11304   -0.645196     1.11243    0.270718    0.430949   -0.786428  -0.0595402    -1.14139  -0.0915327    0.796527     33.7024   0.0109294     1.45399   -0.656643     2.89492
   -1.83423    -4.95172      4.8736   0.0174026     1.47669      4.0504  -0.0379474  -0.0968449   -0.599372    -4.02343   0.0109294     87.1035    -2.40588    -4.02194     40.6943
    1.93202     26.5146     14.2489    0.089038     2.46723    -1.76526    0.177849    -1.33741   -0.217842    0.108299     1.45399    -2.40588     37.6411     11.0445    -3.78169
     10.383     4.39693    -20.4995    0.336853    -1.95914     5.04267    0.766417    -12.0915   -0.151791    -25.1514   -0.656643    -4.02194     11.0445     64.2469     23.3201
    7.45534    -9.06468    -3.80084   -0.719225    -2.60919     10.0681   -0.472983     -6.5396   -0.386291    -19.0693     2.89492     40.6943    -3.78169     23.3201     1445.23
