     48.4626      16.8457     -2.28907  -0.00705149     -4.15287      62.4688    0.0434066       11.513  -0.00870178     -11.0363    -0.527659      -1.9915      1.64222       9.2707      157.996
     16.8457      42.6811    -0.177837   -0.0381659      1.33726      9.76422    0.0977108      6.26454  -0.00227553      6.78874    -0.493855     -5.02707       22.936      3.35051     -248.341
    -2.28907    -0.177837      37.0431   -0.0481886      2.97529      4.47705   -0.0757165      8.04927    -0.013626     -20.0393     0.339135      4.78092       12.764     -18.6547     -57.6039
 -0.00705149   -0.0381659   -0.0481886   0.00452788   -0.0199374     0.069584 -7.63555e-05  3.53164e-05 -1.67683e-05    0.0658017   0.00484735   0.00300363   0.00015802    0.0241713     -1.13253
    -4.15287      1.33726      2.97529   -0.0199374      74.0883      12.7837    0.0816204     0.130108   -0.0111701     -3.15604     0.156334      1.67837      3.43325     -2.85981     -66.1325
     62.4688      9.76422      4.47705     0.069584      12.7837      2309.44            0      17.4736    0.0206054     -31.4341    -0.826893      8.53764     -4.89539      11.0169      595.174
   0.0434066    0.0977108   -0.0757165 -7.63555e-05    0.0816204            0    0.0735189  -0.00569961  0.000420704     -0.06921  -0.00295804   -0.0051547    0.0372294     0.113997     -1.87572
      11.513      6.26454      8.04927  3.53164e-05     0.130108      17.4736  -0.00569961      12.8722   0.00162297     -3.35359    -0.575214    -0.323123     -1.48279     -11.2689     -166.767
 -0.00870178  -0.00227553    -0.013626 -1.67683e-05   -0.0111701    0.0206054  0.000420704   0.00162297   0.00171487  -0.00240949  -0.00282106   -0.0301425   -0.0124238  -0.00721481    -0.477781
    -11.0363      6.78874     -20.0393    0.0658017     -3.15604     -31.4341     -0.06921     -3.35359  -0.00240949      89.3631     0.350422     -3.95507    -0.395297     -21.4646     -452.395
   -0.527659    -0.493855     0.339135   0.00484735     0.156334    -0.826893  -0.00295804    -0.575214  -0.00282106     0.350422      6.97031   -0.0188476      0.33729   -0.0893826      35.7882
     -1.9915     -5.02707      4.78092   0.00300363      1.67837      8.53764   -0.0051547    -0.323123   -0.0301425     -3.95507   -0.0188476      72.5014     -2.28737      -3.7418      929.439
     1.64222       22.936       12.764   0.00015802      3.43325     -4.89539    0.0372294     -1.48279   -0.0124238    -0.395297      0.33729     -2.28737      36.9746      11.3724     -97.7485
      9.2707      3.35051     -18.6547    0.0241713     -2.85981      11.0169     0.113997     -11.2689  -0.00721481     -21.4646   -0.0893826      -3.7418      11.3724       63.105      573.539
     157.996     -248.341     -57.6039     -1.13253     -66.1325      595.174     -1.87572     -166.767    -0.477781     -452.395      35.7882      929.439     -97.7485      573.539       879933
