 1.42347e+13            0       201302      -136149      35143.2  1.45576e+06       101145            0            0      48060.4            0      -226349      -244080      10281.1  2.83491e+06       196890            0
           0      2048.09    -0.593078     0.731499    -0.813278      3.43682     0.744249      -179687    0.0693256   0.00473043        13.43     -6.42053     -6.48659   0.00602865     -5.05548      -5.8473      45396.5
      201302    -0.593078     0.701538   -0.0268119    0.0699914     0.474971   -0.0209967       136455 -0.000272047  0.000666289    -0.185012    0.0149132    -0.112343  -0.00135337    0.0980159     0.159825     -1907.82
     -136149     0.731499   -0.0268119       11.507    -0.113641     -1.00594   -0.0153426            0   -0.0033095 -0.000219175     -1.03282     -0.32665     -0.27271   0.00345374    -0.129992     0.384371            0
     35143.2    -0.813278    0.0699914    -0.113641       1.6556    -0.297095   0.00781803      5348.57 -0.000292676  0.000204426      1.10289    -0.043534   -0.0228193  -0.00152578    0.0820659     0.252022      3553.41
 1.45576e+06      3.43682     0.474971     -1.00594    -0.297095      1253.86     -1.44177            0   0.00914418  -0.00355892      1.20107    -0.729736     -1.28642  -0.00409815     -2.02412     -1.68215            0
      101145     0.744249   -0.0209967   -0.0153426   0.00781803     -1.44177     0.569276     -2374.83 -0.000321506  0.000300939    0.0140655     -0.26636     0.159992   0.00020496   -0.0449588    0.0133736            0
           0      -179687       136455            0      5348.57            0     -2374.83   3.3183e+10     -4.78017     -3.60527            0            0            0     -90.9419     -8199.22      13181.8            0
           0    0.0693256 -0.000272047   -0.0033095 -0.000292676   0.00914418 -0.000321506     -4.78017    0.0010358    6.565e-07   0.00423797  -0.00124657    0.0589459  0.000132257     0.001808   0.00601179            0
     48060.4   0.00473043  0.000666289 -0.000219175  0.000204426  -0.00355892  0.000300939     -3.60527    6.565e-07   0.00017483            0  6.17349e-05  0.000948356  2.85499e-05   0.00784498   0.00116972            0
           0        13.43    -0.185012     -1.03282      1.10289      1.20107    0.0140655            0   0.00423797            0      2013.11      -14.713     -8.72893     0.279823     -3.44683       1.4215  6.63228e+06
     -226349     -6.42053    0.0149132     -0.32665    -0.043534    -0.729736     -0.26636            0  -0.00124657  6.17349e-05      -14.713      90.2178      2.40032    0.0117834     -1.70651      2.57426      11678.1
     -244080     -6.48659    -0.112343     -0.27271   -0.0228193     -1.28642     0.159992            0    0.0589459  0.000948356     -8.72893      2.40032      150.457    0.0613094      1.34821        -1.63            0
     10281.1   0.00602865  -0.00135337   0.00345374  -0.00152578  -0.00409815   0.00020496     -90.9419  0.000132257  2.85499e-05     0.279823    0.0117834    0.0613094   0.00801341   0.00440149  -0.00705671       988.43
 2.83491e+06     -5.05548    0.0980159    -0.129992    0.0820659     -2.02412   -0.0449588     -8199.22     0.001808   0.00784498     -3.44683     -1.70651      1.34821   0.00440149      28.2427      0.11223     -13388.8
      196890      -5.8473     0.159825     0.384371     0.252022     -1.68215    0.0133736      13181.8   0.00601179   0.00116972       1.4215      2.57426        -1.63  -0.00705671      0.11223      53.3911      8642.21
           0      45396.5     -1907.82            0      3553.41            0            0            0            0            0  6.63228e+06      11678.1            0       988.43     -13388.8      8642.21  2.38686e+10
