   3.092e+06     -329.506     -51156.4      254.572      70.5975       236270     -96.3362      23.2116     -52.6305       523960      -104489 -3.90781e+07     -4683.57       2381.5    0.0693421      1047.39
    -329.506      4.46016     -5.32932     0.156341    0.0428259      35.4355   -0.0379578   -0.0179905    0.0387393      894.594     -11.5979       362539     -0.12376      2.89719  -2.8071e-05    0.0503246
    -51156.4     -5.32932      22368.2    -0.410649      2.10924      423.819      1.54958     -1.79967    -0.395215            0            0            0      16.7617      91.5716    0.0341498     -8.16648
     254.572     0.156341    -0.410649      1.47915    -0.098505     -12.9796    0.0162715  -0.00990871  -0.00136531     -300.421      11.9169      12779.4     0.339874    -0.880848  3.77442e-06   -0.0149367
     70.5975    0.0428259      2.10924    -0.098505      10.8885      15.5396   -0.0345137    0.0185524    0.0961884     -118.923     0.783245      15023.8      0.67878      0.33628 -0.000186551    0.0776418
      236270      35.4355      423.819     -12.9796      15.5396       131759     -9.37054      0.45497     -1.68064     -15577.4            0            0      122.094     -340.423   0.00416532     -49.9707
    -96.3362   -0.0379578      1.54958    0.0162715   -0.0345137     -9.37054      5.58317   0.00449446   -0.0311267     -226.853      3.02202            0     0.151353    -0.488042 -3.80282e-05    -0.233775
     23.2116   -0.0179905     -1.79967  -0.00990871    0.0185524      0.45497   0.00449446    0.0990555  0.000465113     -45.5114      1.34465     -1807.99   -0.0686741     0.236881 -1.86866e-05  -0.00732786
    -52.6305    0.0387393    -0.395215  -0.00136531    0.0961884     -1.68064   -0.0311267  0.000465113     0.140183     -143.087      2.65164      3942.84   -0.0803264   -0.0330234  2.03105e-06  -0.00409779
      523960      894.594            0     -300.421     -118.923     -15577.4     -226.853     -45.5114     -143.087  1.05688e+08      13288.9 -1.45027e+07      5319.17      -2050.6    -0.461765     -4456.11
     -104489     -11.5979            0      11.9169     0.783245            0      3.02202      1.34465      2.65164      13288.9        18832      -557399      7.60564      11.5383  -0.00181434      3.84156
-3.90781e+07       362539            0      12779.4      15023.8            0            0     -1807.99      3942.84 -1.45027e+07      -557399   3.5942e+10     -17768.2       153571      0.16089      11334.8
    -4683.57     -0.12376      16.7617     0.339874      0.67878      122.094     0.151353   -0.0686741   -0.0803264      5319.17      7.60564     -17768.2      177.897     -7.52989  0.000445133      2.02019
      2381.5      2.89719      91.5716    -0.880848      0.33628     -340.423    -0.488042     0.236881   -0.0330234      -2050.6      11.5383       153571     -7.52989      526.165   0.00029839      1.91647
   0.0693421  -2.8071e-05    0.0341498  3.77442e-06 -0.000186551   0.00416532 -3.80282e-05 -1.86866e-05  2.03105e-06    -0.461765  -0.00181434      0.16089  0.000445133   0.00029839  1.26143e-06  1.66651e-05
     1047.39    0.0503246     -8.16648   -0.0149367    0.0776418     -49.9707    -0.233775  -0.00732786  -0.00409779     -4456.11      3.84156      11334.8      2.02019      1.91647  1.66651e-05      10.5551
