3.49284e+11           0     56750.1    -25515.3     8180.83      125277     28381.2           0           0     34912.7           0    -30718.7    -29494.4     5742.31      432068     29484.3           0
          0     469.815   -0.510959    0.417956   -0.583348    0.911448    0.637662    -86068.2    0.218124   0.0104731     3.27936    -2.58853    -2.38543   0.0103034    -2.35439    -2.67835     21742.4
    56750.1   -0.510959     2.26948  -0.0575333    0.188449    0.472934  -0.0675518      245429 -0.00321481  0.00556693   -0.169633   0.0225905   -0.155123 -0.00868512    0.171549    0.274925    -3431.23
   -25515.3    0.417956  -0.0575333     16.3764   -0.202964   -0.664378  -0.0327261           0   -0.025945 -0.00121562   -0.628161      -0.328   -0.249793   0.0147037   -0.150725    0.438541           0
    8180.83   -0.583348    0.188449   -0.202964     3.71031   -0.246282   0.0209261     8004.23  -0.0028786  0.00141211     0.84173  -0.0548604  -0.0261916 -0.00815242    0.119529    0.360808     5319.18
     125277    0.911448    0.472934   -0.664378   -0.246282     384.321    -1.42763           0    0.033264 -0.00911127    0.339176   -0.340195    -0.54691 -0.00809519    -1.08943   -0.890668           0
    28381.2    0.637662  -0.0675518  -0.0327261   0.0209261    -1.42763     1.82163    -4247.91   -0.003778  0.00249919   0.0128244   -0.401105    0.219727  0.00130855  -0.0782009   0.0228771           0
          0    -86068.2      245429           0     8004.23           0    -4247.91 3.31832e+10    -31.5933    -16.2081           0           0           0     -324.75    -7970.53     12606.2           0
          0    0.218124 -0.00321481   -0.025945  -0.0028786    0.033264   -0.003778    -31.5933   0.0447131 1.98009e-05   0.0141945 -0.00689396    0.297349  0.00310095   0.0115471    0.037776           0
    34912.7   0.0104731  0.00556693 -0.00121562  0.00141211 -0.00911127  0.00249919    -16.2081 1.98009e-05  0.00375981           0 0.000241175  0.00334662 0.000472149   0.0353527  0.00519382           0
          0     3.27936   -0.169633   -0.628161     0.84173    0.339176   0.0128244           0   0.0141945           0      523.26    -6.31436    -3.41715     0.50916    -1.70826    0.693103 3.38128e+06
   -30718.7    -2.58853   0.0225905      -0.328  -0.0548604   -0.340195   -0.401105           0 -0.00689396 0.000241175    -6.31436     63.9272     1.55132   0.0354004    -1.39662      2.0724     9829.96
   -29494.4    -2.38543   -0.155123   -0.249793  -0.0261916    -0.54691    0.219727           0    0.297349  0.00334662    -3.41715     1.55132     88.6901    0.168002     1.00641    -1.19679           0
    5742.31   0.0103034 -0.00868512   0.0147037 -0.00815242 -0.00809519  0.00130855     -324.75  0.00310095 0.000472149     0.50916   0.0354004    0.168002    0.102073   0.0152707  -0.0240879     3527.63
     432068    -2.35439    0.171549   -0.150725    0.119529    -1.08943  -0.0782009    -7970.53   0.0115471   0.0353527    -1.70826    -1.39662     1.00641   0.0152707     26.6948    0.104281    -13015.3
    29484.3    -2.67835    0.274925    0.438541    0.360808   -0.890668   0.0228771     12606.2    0.037776  0.00519382    0.693103      2.0724    -1.19679  -0.0240879    0.104281     48.8346     8265.14
          0     21742.4    -3431.23           0     5319.18           0           0           0           0           0 3.38128e+06     9829.96           0     3527.63    -13015.3     8265.14 2.38679e+10
