      353295      3.38271      3.38954            0      7.15948            0     -9218.33      84375.8            0     -16.6344     -32655.3     0.122335            0            0      8.20276     -30.0095      -27.765            0
     3.38271     0.149551    0.0232088            0    0.0446288  5.42921e+11      3.96972     -249.044     -6880.59    -0.166852      42.4446    4.693e-05     -3322.58     -272.552  -0.00287774    0.0128945    0.0298423     -2075.83
     3.38954    0.0232088      1.70147 -7.56848e+11   -0.0488525            0       8.4017      176.653            0            0     -307.477 -0.000275606      -297006     -4017.71   0.00320399  0.000169814  -0.00482956      1862.95
           0            0 -7.56848e+11  6.76329e+26            0            0 -2.30957e+14            0            0            0            0  1.81099e+11            0            0            0            0  3.86667e+12            0
     7.15948    0.0446288   -0.0488525            0      71.5871            0       96.694       187.37            0            0     -356.105   0.00223752            0       -17654     0.025205     0.377664     0.412905            0
           0  5.42921e+11            0            0            0  8.22815e+27            0            0            0            0            0            0            0            0            0            0 -8.02114e+12            0
    -9218.33      3.96972       8.4017 -2.30957e+14       96.694            0      78867.4      -170850            0      -4.4098     -16955.6 -3.13047e-05 -1.80964e+06            0     0.713604      44.6628    0.0285302            0
     84375.8     -249.044      176.653            0       187.37            0      -170850  2.58493e+08            0            0  1.74486e+06     -2.55387  2.03352e+07  1.01377e+08     -16.9801      55.3124      682.664  7.64876e+07
           0     -6880.59            0            0            0            0            0            0  4.29002e+10  2.85298e+06  3.93129e+07      109.105            0            0      24.7319            0      3336.86            0
    -16.6344    -0.166852            0            0            0            0      -4.4098            0  2.85298e+06      201.795       3255.1   0.00747491            0            0   -0.0408433            0     0.196015            0
    -32655.3      42.4446     -307.477            0     -356.105            0     -16955.6  1.74486e+06  3.93129e+07       3255.1  3.81515e+07      1.95379 -3.12457e+06 -2.01006e+08     -67.5087      3592.23      219.488            0
    0.122335    4.693e-05 -0.000275606  1.81099e+11   0.00223752            0 -3.13047e-05     -2.55387      109.105   0.00747491      1.95379  6.94145e-05    -0.147717            0 -2.73432e-06 -5.79547e-05   0.00204376            0
           0     -3322.58      -297006            0            0            0 -1.80964e+06  2.03352e+07            0            0 -3.12457e+06    -0.147717  5.58236e+10            0      538.117      7144.18      16648.9            0
           0     -272.552     -4017.71            0       -17654            0            0  1.01377e+08            0            0 -2.01006e+08            0            0  4.25379e+10      1624.72      -943884      5059.94            0
     8.20276  -0.00287774   0.00320399            0     0.025205            0     0.713604     -16.9801      24.7319   -0.0408433     -67.5087 -2.73432e-06      538.117      1624.72    0.0915913   -0.0384163    -0.016852     -3170.23
    -30.0095    0.0128945  0.000169814            0     0.377664            0      44.6628      55.3124            0            0      3592.23 -5.79547e-05      7144.18      -943884   -0.0384163      22.5083    -0.104004            0
     -27.765    0.0298423  -0.00482956  3.86667e+12     0.412905 -8.02114e+12    0.0285302      682.664      3336.86     0.196015      219.488   0.00204376      16648.9      5059.94    -0.016852    -0.104004      7.81533     -32785.1
           0     -2075.83      1862.95            0            0            0            0  7.64876e+07            0            0            0            0            0            0     -3170.23            0     -32785.1  1.86117e+11
