1.28609e+06           0     214.621    -60.5145     24.7101     57.1399     106.312           0           0     383.525           0    -83.6524    -47.3181     47.0893     885.031     61.5303           0
          0     88.5957   -0.439601    0.223086   -0.413424    0.204498     0.53965    -36896.4     0.80394   0.0260168    0.662345   -0.967885   -0.784773   0.0196422   -0.989069    -1.92606     9546.99
    214.621   -0.439601     8.73671   -0.143612    0.554654    0.453499   -0.256944      469518  -0.0575508   0.0630809    -0.16749   0.0248774   -0.238629  -0.0745047    0.247693    0.758746    -6880.41
   -60.5145    0.223086   -0.143612     24.4729   -0.400106    -0.54458  -0.0774123           0   -0.269686 -0.00856886   -0.357112   -0.345653    -0.24418   0.0763687   -0.208541    0.402542           0
    24.7101   -0.413424    0.554654   -0.400106     9.50959   -0.198915   0.0656322     14610.4  -0.0393471   0.0130317    0.865242  -0.0688669  -0.0524923  -0.0561045    0.169682    0.707161       11857
    57.1399    0.204498    0.453499    -0.54458   -0.198915     96.6747    -1.38507           0    0.141892  -0.0426252   0.0800452   -0.147037   -0.229337  -0.0178437   -0.631701    -1.55809           0
    106.312     0.53965   -0.256944  -0.0774123   0.0656322    -1.38507     6.84791    -8047.31  -0.0622903   0.0278715    0.011537   -0.670647    0.214345    0.010914   -0.189303   0.0775739           0
          0    -36896.4      469518           0     14610.4           0    -8047.31 3.14064e+10    -410.884     -82.866           0           0           0    -1247.02    -8019.74     24919.2           0
          0     0.80394  -0.0575508   -0.269686  -0.0393471    0.141892  -0.0622903    -410.884     3.22951 0.000973171   0.0561133  -0.0491643     2.00171    0.112999   0.0779622    0.283788           0
    383.525   0.0260168   0.0630809 -0.00856886   0.0130317  -0.0426252   0.0278715     -82.866 0.000973171    0.123266           0 -0.00560003   0.0142376   0.0115991       0.206   0.0308193           0
          0    0.662345    -0.16749   -0.357112    0.865242   0.0800452    0.011537           0   0.0561133           0     113.136     -2.5178    -1.26915     1.01334   -0.237346    0.398254  1.5708e+06
   -83.6524   -0.967885   0.0248774   -0.345653  -0.0688669   -0.147037   -0.670647           0  -0.0491643 -0.00560003     -2.5178      47.244    0.797544    0.125084    -1.85878     1.70884     8349.73
   -47.3181   -0.784773   -0.238629    -0.24418  -0.0524923   -0.229337    0.214345           0     2.00171   0.0142376    -1.26915    0.797544     54.3603    0.568301     1.40782    -1.22833           0
    47.0893   0.0196422  -0.0745047   0.0763687  -0.0561045  -0.0178437    0.010914    -1247.02    0.112999   0.0115991     1.01334    0.125084    0.568301     1.87316    0.139001   -0.192685     15214.3
    885.031   -0.989069    0.247693   -0.208541    0.169682   -0.631701   -0.189303    -8019.74   0.0779622       0.206   -0.237346    -1.85878     1.40782    0.139001     33.5105    -9.52219    -4808.94
    61.5303    -1.92606    0.758746    0.402542    0.707161    -1.55809   0.0775739     24919.2    0.283788   0.0308193    0.398254     1.70884    -1.22833   -0.192685    -9.52219      45.218     9889.66
          0     9546.99    -6880.41           0       11857           0           0           0           0           0  1.5708e+06     8349.73           0     15214.3    -4808.94     9889.66 2.38555e+10
