     3.34214      2.32624     -1.53184   -0.0115988  -0.00518927     -1.29263 -4.96308e-05    -0.137121     0.191159    -0.313185      7.37086    -0.455553 -4.42024e+11    0.0229559    0.0331957     -266.052    -0.791932
     2.32624      3078.84      125.453    -0.109991     -3.96358     -18.2381 -0.000924591     -4.62924      2.83122      4.23339      554.904      5.18849            0     0.927607     0.895001            0     -3.96336
    -1.53184      125.453      184.312   0.00953789      2.94339     -30.2198            0      2.79418            0            0      -575.91     -8.33984            0     0.365973    0.0238624            0     -9.66896
  -0.0115988    -0.109991   0.00953789     0.215614   -0.0185235   -0.0397203  3.06684e-06    -0.043598    0.0341841     0.125509     -7.70394    0.0244422            0   -0.0132074   0.00888333            0    -0.057536
 -0.00518927     -3.96358      2.94339   -0.0185235      2.70333      4.01281  1.03653e-05    0.0872788     0.132837      0.20051     -8.03791    -0.091688 -6.40884e+11    0.0110337    0.0360345      2721.48      3.27682
    -1.29263     -18.2381     -30.2198   -0.0397203      4.01281      3038.94   0.00408452       20.349      -12.971      11.6366      2342.47       3.2403  1.10332e+13      2.44274    -0.277187      11405.5     -27.9415
-4.96308e-05 -0.000924591            0  3.06684e-06  1.03653e-05   0.00408452  2.17416e-06   0.00921934 -0.000183311 -0.000299561            0 -0.000246926            0   0.00296011  2.64049e-05            0   -0.0001476
   -0.137121     -4.62924      2.79418    -0.043598    0.0872788       20.349   0.00921934      43.0328    0.0393416     -1.20438     -20.9067     -1.20285 -1.65565e+12      12.5969     0.204944     -15279.4      4.60655
    0.191159      2.83122            0    0.0341841     0.132837      -12.971 -0.000183311    0.0393416      185.105     -3.30843     -117.458     -6.18395            0    0.0615368    -0.334765     -10603.1      5.46605
   -0.313185      4.23339            0     0.125509      0.20051      11.6366 -0.000299561     -1.20438     -3.30843      207.794      114.791     0.485362  1.69006e+12    -0.288368   -0.0502323     -18925.1      3.17859
     7.37086      554.904      -575.91     -7.70394     -8.03791      2342.47            0     -20.9067     -117.458      114.791  1.55898e+06     -108.087            0     -3.79287      15.4802      -463922      592.639
   -0.455553      5.18849     -8.33984    0.0244422    -0.091688       3.2403 -0.000246926     -1.20285     -6.18395     0.485362     -108.087        167.1            0     -1.34168  -0.00802885     -13965.4     -6.43666
-4.42024e+11            0            0            0 -6.40884e+11  1.10332e+13            0 -1.65565e+12            0  1.69006e+12            0            0  1.00107e+27            0 -3.17153e+13            0            0
   0.0229559     0.927607     0.365973   -0.0132074    0.0110337      2.44274   0.00296011      12.5969    0.0615368    -0.288368     -3.79287     -1.34168            0       11.955    0.0571282     -6436.78  0.000879982
   0.0331957     0.895001    0.0238624   0.00888333    0.0360345    -0.277187  2.64049e-05     0.204944    -0.334765   -0.0502323      15.4802  -0.00802885 -3.17153e+13    0.0571282      1.12139     -851.996       0.2995
    -266.052            0            0            0      2721.48      11405.5            0     -15279.4     -10603.1     -18925.1      -463922     -13965.4            0     -6436.78     -851.996  5.40874e+09      24380.8
   -0.791932     -3.96336     -9.66896    -0.057536      3.27682     -27.9415   -0.0001476      4.60655      5.46605      3.17859      592.639     -6.43666            0  0.000879982       0.2995      24380.8      1966.57
