     8.11796      1.06566     -1.74394   -0.0491736   -0.0137205    -0.661607  -0.00347224    -0.216339     0.201765    -0.342291     0.998781    -0.554842 -6.25114e+11    0.0601879    0.0897693     -17.4349    -0.474869
     1.06566      265.136      26.8568   -0.0945188     -1.92545     -2.05452    -0.011876     -1.33379     0.561215     0.781502      13.8836      1.19411 -2.45765e+12     0.469473     0.660396            0     -0.40537
    -1.74394      26.8568      98.3275    0.0189951      3.56216     -7.24092            0      2.03826            0            0     -37.8126     -4.76825            0     0.472929    0.0300431            0      -2.7266
  -0.0491736   -0.0945188    0.0189951      1.60347   -0.0842726    -0.035922   0.00036815    -0.118451     0.062651     0.241101     -1.90261    0.0521355            0    -0.063899    0.0417338            0   -0.0597341
  -0.0137205     -1.92545      3.56216   -0.0842726      7.41644      2.20116  0.000755013     0.145011     0.152092     0.226167     -1.25277    -0.119133 -7.42752e+11      0.03391     0.104746      190.582       2.0917
   -0.661607     -2.05452     -7.24092    -0.035922      2.20116      326.903    0.0590778      6.67543     -2.86839       2.6992      69.1004     0.835931  5.12783e+12      1.42469    -0.202212       158.98     -3.52034
 -0.00347224    -0.011876            0   0.00036815  0.000755013    0.0590778   0.00422097     0.405919  -0.00545758  -0.00930938            0  -0.00853317            0     0.230641   0.00200325            0  -0.00251819
   -0.216339     -1.33379      2.03826    -0.118451     0.145011      6.67543     0.405919      42.9723    0.0243823    -0.849114       -1.951    -0.942826 -1.08646e+12      22.2638     0.350033     -646.656      1.77455
    0.201765     0.561215            0     0.062651     0.152092     -2.86839  -0.00545758    0.0243823      84.6968     -1.58355     -7.20587     -3.27686            0     0.077586    -0.390126      -299.85      1.36231
   -0.342291     0.781502            0     0.241101     0.226167       2.6992  -0.00930938    -0.849114     -1.58355      102.806      7.77445     0.269602   1.5192e+12    -0.360102   -0.0620118     -561.325     0.859197
    0.998781      13.8836     -37.8126     -1.90261     -1.25277      69.1004            0       -1.951     -7.20587      7.77445        12608     -7.67893            0    -0.642366      2.39727     -1743.69      20.6777
   -0.554842      1.19411     -4.76825    0.0521355    -0.119133     0.835931  -0.00853317    -0.942826     -3.27686     0.269602     -7.67893      102.391            0     -1.85969   -0.0110743     -463.395     -1.94341
-6.25114e+11 -2.45765e+12            0            0 -7.42752e+11  5.12783e+12            0 -1.08646e+12            0   1.5192e+12            0            0  6.89692e+26            0  -4.5801e+13            0            0
   0.0601879     0.469473     0.472929    -0.063899      0.03391      1.42469     0.230641      22.2638     0.077586    -0.360102    -0.642366     -1.85969            0      37.2956     0.173795     -481.151   0.00268403
   0.0897693     0.660396    0.0300431    0.0417338     0.104746    -0.202212   0.00200325     0.350033    -0.390126   -0.0620118      2.39727   -0.0110743  -4.5801e+13     0.173795      3.32721     -62.2681     0.199028
    -17.4349            0            0            0      190.582       158.98            0     -646.656      -299.85     -561.325     -1743.69     -463.395            0     -481.151     -62.2681  9.68772e+06      395.443
   -0.474869     -0.40537      -2.7266   -0.0597341       2.0917     -3.52034  -0.00251819      1.77455      1.36231     0.859197      20.6777     -1.94341            0   0.00268403     0.199028      395.443      292.742
