     4.36252      1.84666     -1.59237   -0.0179162  -0.00699386     -1.05528 -0.000176657    -0.156707     0.194847    -0.321748      4.11436    -0.483529 -5.05017e+11    0.0311016    0.0446642     -119.542    -0.680191
     1.84666      1486.42      79.3107    -0.103327     -3.20367     -9.05489  -0.00200197     -3.21753      1.75492      2.64498      188.369      3.34919            0     0.764255     0.732346            0     -2.07027
    -1.59237      79.3107      152.581    0.0117331      3.11536     -19.6469            0      2.54311            0            0     -255.964     -7.04943            0     0.394877    0.0255686            0     -6.61365
  -0.0179162    -0.103327    0.0117331     0.394123   -0.0291373   -0.0383782  1.28998e-05   -0.0588796    0.0412295      0.15258     -5.08791    0.0307001            0   -0.0211749     0.014144            0   -0.0584871
 -0.00699386     -3.20367      3.11536   -0.0291373      3.65827      3.33574  3.75891e-05     0.101577      0.13785     0.209697     -4.56806   -0.0990736 -7.45502e+11    0.0152351    0.0493641       1245.5      2.86566
    -1.05528     -9.05489     -19.6469   -0.0383782      3.33574       1551.6    0.0090952       14.545     -8.26799      7.47659      817.623      2.15098  7.88382e+12      2.06995    -0.233251      3220.36     -15.0089
-0.000176657  -0.00200197            0  1.28998e-05  3.75891e-05    0.0090952  2.11115e-05    0.0287373 -0.000509552 -0.000839438            0 -0.000714475            0    0.0109382  9.69065e-05            0 -0.000345025
   -0.156707     -3.21753      2.54311   -0.0588796     0.101577       14.545    0.0287373      43.0607    0.0350942     -1.08334     -10.2163     -1.11783 -1.65617e+12      14.9432     0.241433     -6012.86      3.46418
    0.194847      1.75492            0    0.0412295      0.13785     -8.26799 -0.000509552    0.0350942       147.31     -2.65394     -51.1848     -5.12502            0    0.0650864    -0.351694     -3713.37      3.66579
   -0.321748      2.64498            0      0.15258     0.209697      7.47659 -0.000839438     -1.08334     -2.65394      168.016      50.4224     0.405458  1.51973e+12    -0.307501   -0.0531946     -6688.33      2.14861
     4.11436      188.369     -255.964     -5.08791     -4.56806      817.623            0     -10.2163     -51.1848      50.4224       372000     -49.0508            0     -2.19758      8.90535     -89133.3      217.631
   -0.483529      3.34919     -7.04943    0.0307001   -0.0990736      2.15098 -0.000714475     -1.11783     -5.12502     0.405458     -49.0508      144.218            0     -1.47808  -0.00878414     -5107.57     -4.49542
-5.05017e+11            0            0            0 -7.45502e+11  7.88382e+12            0 -1.65617e+12            0  1.51973e+12            0            0  1.00108e+27            0 -3.73499e+13            0            0
   0.0311016     0.764255     0.394877   -0.0211749    0.0152351      2.06995    0.0109382      14.9432    0.0650864    -0.307501     -2.19758     -1.47808            0      16.8115    0.0797821     -3001.73  0.000762215
   0.0446642     0.732346    0.0255686     0.014144    0.0493641    -0.233251  9.69065e-05     0.241433    -0.351694   -0.0531946      8.90535  -0.00878414 -3.73499e+13    0.0797821      1.55524     -394.943     0.265159
    -119.542            0            0            0       1245.5      3220.36            0     -6012.86     -3713.37     -6688.33     -89133.3     -5107.57            0     -3001.73     -394.943  8.37114e+08      7208.65
   -0.680191     -2.07027     -6.61365   -0.0584871      2.86566     -15.0089 -0.000345025      3.46418      3.66579      2.14861      217.631     -4.49542            0  0.000762215     0.265159      7208.65      1111.44
