      89.991       201344     0.026639     -20204.8   -0.0331757       1.6466    -0.858001      1.53128  0.000167656     -2480.63    -0.749792    -0.103355      31.9625      4.38902            0    0.0474074    -0.111439     -5.14454
      201344   2.9044e+10            0            0            0      18007.9     -62005.2            0            0 -2.48445e+08            0      8601.04            0      -228898            0     -1566.46            0      -523231
    0.026639            0    0.0032878      560.895  0.000251239   -0.0326501  -0.00905431   0.00252236   3.6806e-07     -4.06576  -0.00181297  0.000231184     0.204173    0.0742395            0 -0.000423893 -0.000415717   0.00585518
    -20204.8            0      560.895  4.73098e+10     -1072.33 -2.31245e+06      37762.3      -252144     -4.44577  1.56415e+08      3916.84      2295.36            0     -63483.7            0     -2633.82      2578.12      7708.46
  -0.0331757            0  0.000251239     -1072.33    0.0518978    0.0594866    0.0570028      0.23305  4.09491e-07     -96.6785  -0.00823964   0.00169315     0.689569     0.144017 -4.93184e+11  -0.00114986  -0.00732102   0.00268983
      1.6466      18007.9   -0.0326501 -2.31245e+06    0.0594866      117.261       7.8461            0  0.000240294     -10836.5    -0.298772    -0.192532            0      3.98724            0     0.141226    -0.288719     -0.76097
   -0.858001     -62005.2  -0.00905431      37762.3    0.0570028       7.8461      835.416            0  0.000590209        40378     0.892458     0.222184      32.7246      6.96582            0    -0.105161    -0.284869       4.6488
     1.53128            0   0.00252236      -252144      0.23305            0            0      4958.86 -0.000655826            0    -0.232729   -0.0952834     -18.8853     -64.1336            0    -0.213189     -0.61851            0
 0.000167656            0   3.6806e-07     -4.44577  4.09491e-07  0.000240294  0.000590209 -0.000655826  1.47958e-06    -0.065168 -0.000134423  1.12153e-05   0.00246348   0.00079025  5.37046e+10  1.55513e-06 -4.42898e-05 -3.58194e-05
    -2480.63 -2.48445e+08     -4.06576  1.56415e+08     -96.6785     -10836.5        40378            0    -0.065168  1.42157e+10       157.68      696.157      -283453      31040.3            0   -0.0141555      1673.36      4451.95
   -0.749792            0  -0.00181297      3916.84  -0.00823964    -0.298772     0.892458    -0.232729 -0.000134423       157.68      2.09409    0.0133966     -3.09543    -0.467476 -1.22466e+12   -0.0207405    0.0104735   -0.0700764
   -0.103355      8601.04  0.000231184      2295.36   0.00169315    -0.192532     0.222184   -0.0952834  1.12153e-05      696.157    0.0133966      0.12727    -0.295411     0.427519            0 -0.000865169   0.00419836    -0.144745
     31.9625            0     0.204173            0     0.689569            0      32.7246     -18.8853   0.00246348      -283453     -3.09543    -0.295411      11367.8      132.514            0     0.242332      1.19869     -5.55879
     4.38902      -228898    0.0742395     -63483.7     0.144017      3.98724      6.96582     -64.1336   0.00079025      31040.3    -0.467476     0.427519      132.514      2435.33            0     -2.38262     0.892861      2.63512
           0            0            0            0 -4.93184e+11            0            0            0  5.37046e+10            0 -1.22466e+12            0            0            0  2.62634e+27            0  8.77476e+11            0
   0.0474074     -1566.46 -0.000423893     -2633.82  -0.00114986     0.141226    -0.105161    -0.213189  1.55513e-06   -0.0141555   -0.0207405 -0.000865169     0.242332     -2.38262            0     0.188741    0.0174374     0.028587
   -0.111439            0 -0.000415717      2578.12  -0.00732102    -0.288719    -0.284869     -0.61851 -4.42898e-05      1673.36    0.0104735   0.00419836      1.19869     0.892861  8.77476e+11    0.0174374      1.41501  -0.00389159
    -5.14454      -523231   0.00585518      7708.46   0.00268983     -0.76097       4.6488            0 -3.58194e-05      4451.95   -0.0700764    -0.144745     -5.55879      2.63512            0     0.028587  -0.00389159      10.8749
