 0.000512671     0.301152            0 -1.84157e-06 -2.09859e+07   0.00647884    0.0157721 -2.05249e-05     -14.1353   -0.0139126      -29.869    -0.456322     -1582.94   0.00729235
    0.301152      27462.8            0   -0.0098487            0     -14.6966     -35.0408            0            0      93.7112            0     -3527.12            0     -64.1329
           0            0  3.90765e+10     -20.9943            0            0            0            0            0     -83669.6            0            0            0            0
-1.84157e-06   -0.0098487     -20.9943  6.11163e-05 -5.14347e+07   0.00243663  4.04038e-05  1.00491e-05     0.341835  -0.00182703     -28.2407     0.279844     -205.257 -0.000390328
-2.09859e+07            0            0 -5.14347e+07  5.29144e+22            0            0            0            0            0            0            0            0  -5.7164e+10
  0.00647884     -14.6966            0   0.00243663            0       90.734     0.534324   -0.0371304     -4715.53     -6.06669        40628      48.1875            0      2.02197
   0.0157721     -35.0408            0  4.04038e-05            0     0.534324      576.418            0            0     -5.37623      19512.3      35.2895            0      2.81163
-2.05249e-05            0            0  1.00491e-05            0   -0.0371304            0    0.0279539            0   -0.0181017     -41362.2            0            0  -0.00454149
    -14.1353            0            0     0.341835            0     -4715.53            0            0  2.23098e+08            0            0            0            0     -5007.77
  -0.0139126      93.7112     -83669.6  -0.00182703            0     -6.06669     -5.37623   -0.0181017            0      492.871      29871.3       29.298            0      1.73954
     -29.869            0            0     -28.2407            0        40628      19512.3     -41362.2            0      29871.3  6.72515e+10 -1.71974e+07            0      12337.6
   -0.456322     -3527.12            0     0.279844            0      48.1875      35.2895            0            0       29.298 -1.71974e+07  1.40425e+06            0     -146.664
    -1582.94            0            0     -205.257            0            0            0            0            0            0            0            0  2.73957e+12       214221
  0.00729235     -64.1329            0 -0.000390328  -5.7164e+10      2.02197      2.81163  -0.00454149     -5007.77      1.73954      12337.6     -146.664       214221      73.6679
