     260.202     0.532544            0      9.20828  -0.00457533            0     0.108675            0       1.4073      3.04276            0      -323330            0      405.745      378.534
    0.532544      58.5459      61.0341      4.47654   0.00373784      14426.3     0.011496            0      3.91253      2.55454       731712            0     -329.022     -333.954      51.2457
           0      61.0341       217500      683.591            0 -7.25882e+07      3.70066            0            0      -79.431            0            0       -34344      85382.5            0
     9.20828      4.47654      683.591      1666.06   -0.0175685      -135449      0.25177            0      1.54962      -13.825            0            0     -3058.53      736.898            0
 -0.00457533   0.00373784            0   -0.0175685   0.00450707            0  0.000237946  5.17633e+10    -0.135263   -0.0535065            0            0      -5.1712      1.26806     -4.77976
           0      14426.3 -7.25882e+07      -135449            0  4.13141e+10     -2973.53            0            0            0            0            0            0 -1.37249e+08            0
    0.108675     0.011496      3.70066      0.25177  0.000237946     -2973.53    0.0513352            0    -0.141705    -0.152051     -19076.8            0     -16.8781      28.1659      19.3638
           0            0            0            0  5.17633e+10            0            0  1.04884e+27  8.28459e+12 -3.72331e+12            0            0            0            0            0
      1.4073      3.91253            0      1.54962    -0.135263            0    -0.141705  8.28459e+12      858.762     -11.2376            0  -1.3361e+06      -1432.5      667.591      586.341
     3.04276      2.55454      -79.431      -13.825   -0.0535065            0    -0.152051 -3.72331e+12     -11.2376      270.081     -60235.3       225785      820.996      369.381      783.273
           0       731712            0            0            0            0     -19076.8            0            0     -60235.3  3.34661e+13            0            0 -3.31211e+08            0
     -323330            0            0            0            0            0            0            0  -1.3361e+06       225785            0  1.90802e+13            0            0            0
           0     -329.022       -34344     -3058.53      -5.1712            0     -16.8781            0      -1432.5      820.996            0            0  1.93196e+07      -380565      -628367
     405.745     -333.954      85382.5      736.898      1.26806 -1.37249e+08      28.1659            0      667.591      369.381 -3.31211e+08            0      -380565  4.17019e+06            0
     378.534      51.2457            0            0     -4.77976            0      19.3638            0      586.341      783.273            0            0      -628367            0  1.76084e+07
