     6.0364     2.94196           0  -0.0489698     -9602.3    0.414314    0.593603  -0.0172095    -8.74947    -0.61816    -1.63127    -1.59582    -62.1104    0.559429
    2.94196     222.595           0   -0.232667           0   -0.780182     -1.0936           0           0     3.51396           0    -10.2531           0    -4.08779
          0           0 3.90669e+10     -5326.2           0           0           0           0           0    -34328.1           0           0           0           0
 -0.0489698   -0.232667     -5326.2      4.0475    -56602.9    0.366319   -0.015938   0.0204694    0.544161   -0.194455    -3.69081     2.30749    -17.2802  -0.0433062
    -9602.3           0           0    -56602.9 9.48632e+11           0           0           0           0           0           0           0           0     -174770
   0.414314   -0.780182           0    0.366319           0     31.5509    0.101533   -0.173317     -15.834    -1.65177     12.3783    0.940204           0    0.777212
   0.593603     -1.0936           0   -0.015938           0    0.101533     69.2571           0      4.7825   -0.768692     3.25293     0.39254           0    0.807327
 -0.0172095           0           0   0.0204694           0   -0.173317           0     1.76004           0   -0.059325    -170.126           0           0  -0.0250394
   -8.74947           0           0    0.544161           0     -15.834      4.7825           0      7257.6           0           0           0           0    -20.2047
   -0.61816     3.51396    -34328.1   -0.194455           0    -1.65177   -0.768692   -0.059325           0     82.5485     6.36708    0.403269           0    0.434926
   -1.63127           0           0    -3.69081           0     12.3783     3.25293    -170.126           0     6.36708     18013.9    -284.735           0     4.48487
   -1.59582    -10.2531           0     2.30749           0    0.940204     0.39254           0           0    0.403269    -284.735      1459.6           0    -3.32595
   -62.1104           0           0    -17.2802           0           0           0           0           0           0           0           0      355664     54.4694
   0.559429    -4.08779           0  -0.0433062     -174770    0.777212    0.807327  -0.0250394    -20.2047    0.434926     4.48487    -3.32595     54.4694     36.7176
