 0.000686676     0.323094            0 -2.53866e-06 -1.66147e+07   0.00737503    0.0176358 -2.41003e-05     -13.9451   -0.0156529     -34.5577    -0.473779     -1650.25   0.00834159
    0.323094      23600.7            0   -0.0108685            0     -13.4007     -31.3845            0            0      84.4535            0     -2933.21            0     -58.7645
           0            0  3.90766e+10     -24.9907            0            0            0            0            0     -81339.7            0            0            0            0
-2.53866e-06   -0.0108685     -24.9907  8.67292e-05 -4.19191e+07   0.00285456  4.28021e-05  1.21669e-05     0.347204  -0.00211435     -33.6772     0.299181     -220.529 -0.000459209
-1.66147e+07            0            0 -4.19191e+07   2.4772e+22            0            0            0            0            0            0            0            0 -3.86599e+10
  0.00737503     -13.4007            0   0.00285456            0      87.7825     0.507709   -0.0370449     -3953.77     -5.80105      39961.6      42.5194            0       1.9658
   0.0176358     -31.3845            0  4.28021e-05            0     0.507709       538.07            0            0     -5.04968      18851.8      30.5865            0      2.68506
-2.41003e-05            0            0  1.21669e-05            0   -0.0370449            0    0.0287609            0   -0.0178498     -41955.1            0            0  -0.00455325
    -13.9451            0            0     0.347204            0     -3953.77            0            0  1.62114e+08            0            0            0            0      -4219.4
  -0.0156529      84.4535     -81339.7  -0.00211435            0     -5.80105     -5.04968   -0.0178498            0      465.805      29039.5      25.5577            0      1.67153
    -34.5577            0            0     -33.6772            0      39961.6      18851.8     -41955.1            0      29039.5  6.72515e+10 -1.54276e+07            0      12194.8
   -0.473779     -2933.21            0     0.299181            0      42.5194      30.5865            0            0      25.5577 -1.54276e+07  1.13009e+06            0     -130.047
    -1650.25            0            0     -220.529            0            0            0            0            0            0            0            0  2.22297e+12       190735
  0.00834159     -58.7645            0 -0.000459209 -3.86599e+10       1.9658      2.68506  -0.00455325      -4219.4      1.67153      12194.8     -130.047       190735      71.9725
