   0.0617022     0.954415            0 -0.000359282      -458563    0.0541168    0.0984485 -0.000547988     -11.3214   -0.0961016     -13.2888    -0.850228     -891.301    0.0660999
    0.954415      2291.89            0   -0.0514407            0     -3.23401      -5.7586            0            0      17.0344            0     -173.038            0      -15.314
           0            0  3.90744e+10     -369.928            0            0            0            0            0     -52645.8            0            0            0            0
-0.000359282   -0.0514407     -369.928    0.0192858  -1.8174e+06     0.032802 -5.94675e-06  0.000449712     0.435781   -0.0198035      -20.857     0.842659     -172.935  -0.00569752
     -458563            0            0  -1.8174e+06   2.1024e+17            0            0            0            0            0            0            0            0 -9.41808e+07
   0.0541168     -3.23401            0     0.032802            0      52.6488     0.231425   -0.0700743     -262.239     -2.90903      1297.02      6.30194            0      1.27305
   0.0984485      -5.7586            0 -5.94675e-06            0     0.231425      186.577            0            0     -1.92453      434.008      3.40781            0       1.3221
-0.000547988            0            0  0.000449712            0   -0.0700743            0     0.172489            0   -0.0279243     -4321.18            0            0  -0.00920105
    -11.3214            0            0     0.435781            0     -262.239            0            0  1.18932e+06            0            0            0            0     -302.206
  -0.0961016      17.0344     -52645.8   -0.0198035            0     -2.90903     -1.92453   -0.0279243            0      195.177      776.768      3.14164            0     0.904743
    -13.2888            0            0      -20.857            0      1297.02      434.008     -4321.18            0      776.768  1.18585e+08      -121682            0      424.971
   -0.850228     -173.038            0     0.842659            0      6.30194      3.40781            0            0      3.14164      -121682      40495.9            0     -20.5892
    -891.301            0            0     -172.935            0            0            0            0            0            0            0            0  7.17993e+09      9054.45
   0.0660999      -15.314            0  -0.00569752 -9.41808e+07      1.27305       1.3221  -0.00920105     -302.206     0.904743      424.971     -20.5892      9054.45      50.3291
