     439.929     0.757467            0      17.8251  -0.00219506            0     0.065245            0      3.17058      5.32625            0      -870577            0      2454.84      3339.76
    0.757467      70.0451       298.83       7.2889   0.00148356      15780.6   0.00580562            0      7.40473      3.74533   2.0259e+06            0     -1710.91     -1699.03      374.575
           0       298.83  4.35766e+06      4554.84            0 -3.24936e+08      7.64827            0            0      -476.71            0            0      -731300   1.7781e+06            0
     17.8251       7.2889      4554.84      3692.75  -0.00924627      -201608     0.173051            0      3.99011     -27.5912            0            0     -21645.4      5103.08            0
 -0.00219506   0.00148356            0  -0.00924627  0.000608921            0  4.03992e-05  1.96233e+10   -0.0859521   -0.0263974            0            0      -9.0007      2.18263     -11.9772
           0      15780.6 -3.24936e+08      -201608            0   4.1319e+10     -1373.02            0            0            0            0            0            0 -6.38531e+08            0
    0.065245   0.00580562      7.64827     0.173051  4.03992e-05     -1373.02    0.0109441            0    -0.113218   -0.0941287     -22296.2            0     -37.0434      60.4998      60.7076
           0            0            0            0  1.96233e+10            0            0  1.11908e+27  1.48408e+13 -5.88475e+12            0            0            0            0            0
     3.17058      7.40473            0      3.99011   -0.0859521            0    -0.113218  1.48408e+13      2570.96     -26.1156            0 -4.78661e+06     -11780.1      5389.47       6866.1
     5.32625      3.74533      -476.71     -27.5912   -0.0263974            0   -0.0941287 -5.88475e+12     -26.1156      485.756      -208245       619247      5228.96      2306.69      7123.72
           0   2.0259e+06            0            0            0            0     -22296.2            0            0      -208245   2.1443e+14            0            0 -3.89571e+09            0
     -870577            0            0            0            0            0            0            0 -4.78661e+06       619247            0  8.18008e+13            0            0            0
           0     -1710.91      -731300     -21645.4      -9.0007            0     -37.0434            0     -11780.1      5228.96            0            0  4.36459e+08 -8.41006e+06 -2.02732e+07
     2454.84     -1699.03   1.7781e+06      5103.08      2.18263 -6.38531e+08      60.4998            0      5389.47      2306.69 -3.89571e+09            0 -8.41006e+06  9.02628e+07            0
     3339.76      374.575            0            0     -11.9772            0      60.7076            0       6866.1      7123.72            0            0 -2.02732e+07            0  8.10228e+08
