    12.9191    -1.21763     0.56926     6.54316     1.49209    -10.5479     1244.79
   -1.21763     5.51719   -0.187353   -0.787825   -0.360734   -0.525957    -333.829
    0.56926   -0.187353     7.63752    0.441869    0.647133     1.75524    -632.417
    6.54316   -0.787825    0.441869     8.52695     1.44829    -3.45932      398.16
    1.49209   -0.360734    0.647133     1.44829     6.40523    -7.40203           0
   -10.5479   -0.525957     1.75524    -3.45932    -7.40203     1142.19      1617.2
    1244.79    -333.829    -632.417      398.16           0      1617.2 9.70707e+06
