     12.844    -1.55077     0.66575     6.80609    0.917532    -4.41122     369.661
   -1.55077     5.23488   -0.221012    -1.06788   -0.261837 -0.00359222    -108.151
    0.66575   -0.221012     7.36492    0.534487    0.417995    0.623433    -178.695
    6.80609    -1.06788    0.534487     8.58035     0.94037    -1.70519     137.219
   0.917532   -0.261837    0.417995     0.94037     2.60484    -1.91398           0
   -4.41122 -0.00359222    0.623433    -1.70519    -1.91398     185.626     188.934
    369.661    -108.151    -178.695     137.219           0     188.934      844825
