 4.76413e+12            0      13729.4            0            0            0            0            0      11187.8 -4.17667e+09            0            0      1779.32            0     -21.7013      -254462
           0   1.8864e+27 -6.49066e+11            0            0            0            0            0            0 -2.33012e+17            0            0  6.35006e+10            0            0            0
     13729.4 -6.49066e+11      0.11112  0.000313171     -362.622      0.27117  2.94469e-05    0.0691933   0.00361665     -1372.95       1028.2            0 -1.19402e-05     0.747629  7.45331e-05    0.0034967
           0            0  0.000313171      148.734      46992.1      4.04243   0.00450528     -2.11168   -0.0744256      32549.8            0            0    0.0165109      66.4276 -0.000670169    -0.694584
           0            0     -362.622      46992.1  2.37773e+10      66417.2            0      45041.6     -1319.75 -1.24197e+08  3.39007e+08 -1.25435e+08     -89.7395 -1.34054e+06      2.97794     -4529.63
           0            0      0.27117      4.04243      66417.2      1652.79    0.0282939     -6.67909    -0.135901       591961  6.74046e+06            0    -0.024817      219.947   0.00268241    -0.959769
           0            0  2.94469e-05   0.00450528            0    0.0282939   0.00173152   0.00814681 -2.76893e-05      221.013      143.316      141.226 -0.000150743     0.210959  1.15819e-05  -0.00654738
           0            0    0.0691933     -2.11168      45041.6     -6.67909   0.00814681      94.7428     0.176497      605.734     -32865.7     -7819.05    -0.018114     -175.109   0.00215932    -0.388401
     11187.8            0   0.00361665   -0.0744256     -1319.75    -0.135901 -2.76893e-05     0.176497     0.272542     -1198.87     -269.715      433.367  0.000526981     -6.15621 -0.000142147    0.0163795
-4.17667e+09 -2.33012e+17     -1372.95      32549.8 -1.24197e+08       591961      221.013      605.734     -1198.87  5.82179e+09   2.2941e+09 -1.17152e+08     -151.267       587249      28.6265      14473.3
           0            0       1028.2            0  3.39007e+08  6.74046e+06      143.316     -32865.7     -269.715   2.2941e+09  3.04836e+10            0     -109.632    1.101e+06      14.6716      -4867.6
           0            0            0            0 -1.25435e+08            0      141.226     -7819.05      433.367 -1.17152e+08            0  4.12526e+09     -3.08878       163513     -5.01343            0
     1779.32  6.35006e+10 -1.19402e-05    0.0165109     -89.7395    -0.024817 -0.000150743    -0.018114  0.000526981     -151.267     -109.632     -3.08878   0.00430114      1.70736  2.16996e-06   -0.0043959
           0            0     0.747629      66.4276 -1.34054e+06      219.947     0.210959     -175.109     -6.15621       587249    1.101e+06       163513      1.70736       129845    -0.121206     -17.6638
    -21.7013            0  7.45331e-05 -0.000670169      2.97794   0.00268241  1.15819e-05   0.00215932 -0.000142147      28.6265      14.6716     -5.01343  2.16996e-06    -0.121206  0.000107007  0.000720445
     -254462            0    0.0034967    -0.694584     -4529.63    -0.959769  -0.00654738    -0.388401    0.0163795      14473.3      -4867.6            0   -0.0043959     -17.6638  0.000720445      11.7731
