 1.79017e+12            0      12292.4            0            0            0            0            0      10505.6 -9.85492e+08            0            0      2155.96            0     -28.7195      -180273
           0  1.88641e+27 -9.48825e+11            0            0            0            0            0            0 -8.93859e+16            0            0  1.24973e+11            0            0            0
     12292.4 -9.48825e+11      0.23746  0.000398227     -187.653     0.334839  7.46948e-05    0.0935167   0.00809759     -768.241       1502.6            0    -3.41e-05     0.651857  0.000234103   0.00590837
           0            0  0.000398227      114.125      14942.9      2.99508   0.00684881     -1.70984   -0.0997986        10924            0            0    0.0286296      34.7064   -0.0012634    -0.703019
           0            0     -187.653      14942.9  3.13344e+09      20343.3            0        15142     -740.854 -1.58042e+07  1.23123e+08 -1.55405e+07     -63.7212      -289643      2.12251     -1901.89
           0            0     0.334839      2.99508      20343.3      1182.96    0.0414338     -5.23231    -0.176275       190962  5.70306e+06            0   -0.0414488      111.141   0.00484924     -0.93544
           0            0  7.46948e-05   0.00684881            0    0.0414338   0.00521585    0.0130685 -7.39065e-05      147.212       248.65      83.7218 -0.000517499     0.218441  4.31652e-05   -0.0131289
           0            0    0.0935167     -1.70984        15142     -5.23231    0.0130685      80.9486      0.24957      235.747     -30383.6      -2466.8   -0.0331373     -96.5419   0.00428871    -0.414935
     10505.6            0   0.00809759   -0.0997986     -740.854    -0.176275 -7.39065e-05      0.24957     0.637737     -698.458     -412.088      225.642    0.0015946     -5.61655 -0.000467054    0.0289717
-9.85492e+08 -8.93859e+16     -768.241        10924 -1.58042e+07       190962      147.212      235.747     -698.458  8.55737e+08  8.74388e+08 -1.52496e+07     -114.367       133728      23.6095      6393.04
           0            0       1502.6            0  1.23123e+08  5.70306e+06       248.65     -30383.6     -412.088  8.74388e+08  3.04864e+10            0      -216.77       656917      31.5035     -5620.82
           0            0            0            0 -1.55405e+07            0      83.7218      -2466.8      225.642 -1.52496e+07            0  4.80064e+08     -2.04096      33305.9     -3.66909            0
     2155.96  1.24973e+11    -3.41e-05    0.0286296     -63.7212   -0.0414488 -0.000517499   -0.0331373    0.0015946     -114.367      -216.77     -2.04096    0.0168451      2.01532  9.40506e-06   -0.0100524
           0            0     0.651857      34.7064      -289643      111.141     0.218441     -96.5419     -5.61655       133728       656917      33305.9      2.01532      46197.8    -0.154851      -12.177
    -28.7195            0  0.000234103   -0.0012634      2.12251   0.00484924  4.31652e-05   0.00428871 -0.000467054      23.6095      31.5035     -3.66909  9.40506e-06    -0.154851  0.000493738   0.00178807
     -180273            0   0.00590837    -0.703019     -1901.89     -0.93544   -0.0131289    -0.414935    0.0289717      6393.04     -5620.82            0   -0.0100524      -12.177   0.00178807      15.7253
