 6.98861e+07            0      370.425            0            0            0            0            0      429.733     -96435.7            0            0        239.8            0     -4.48139     -2081.54
           0  3.83968e+20 -2.15943e+09            0            0            0            0            0            0 -6.49545e+11            0            0  1.01985e+09            0            0            0
     370.425 -2.15943e+09      6.00736   0.00115167     -7.26358     0.840102   0.00393186     0.336647     0.247593     -63.0235      7580.04            0  -0.00490736     0.369189    0.0307658    0.0549787
           0            0   0.00115167      36.9848      65.0784     0.846075    0.0407534    -0.696915    -0.346468        99.21            0            0     0.284027      2.24962   -0.0187382    -0.740785
           0            0     -7.26358      65.0784       184531      76.7683            0       83.177     -34.6424     -1802.75       947655     -1032.96     -10.9342     -254.581      0.41034     -26.9588
           0            0     0.840102     0.846075      76.7683      285.993     0.215056     -1.82497    -0.538868      1520.68  2.80203e+06            0    -0.363952      6.13367    0.0608706    -0.862588
           0            0   0.00393186    0.0407534            0     0.215056     0.569848    0.0977681  -0.00465761      24.5884      2603.03      7.56859   -0.0958992     0.263069    0.0117533    -0.254019
           0            0     0.336647    -0.696915       83.177     -1.82497    0.0977681      41.4525      1.08901      3.23037       -21711     -15.2676    -0.419591     -7.88314    0.0799675    -0.549228
     429.733            0     0.247593    -0.346468     -34.6424    -0.538868  -0.00465761      1.08901      23.7254     -67.8977     -2542.98      11.8638     0.177661     -3.91711   -0.0744397     0.327926
    -96435.7 -6.49545e+11     -63.0235        99.21     -1802.75      1520.68      24.5884      3.23037     -67.8977       221585  1.42553e+07     -2085.15     -39.5005      257.503      9.90623      190.353
           0            0      7580.04            0       947655  2.80203e+06      2603.03       -21711     -2542.98  1.42553e+07  3.04706e+10            0     -3848.86      74974.7      820.333     -10453.8
           0            0            0            0     -1032.96            0      7.56859     -15.2676      11.8638     -2085.15            0      35899.7    -0.195234      32.9006    -0.826335            0
       239.8  1.01985e+09  -0.00490736     0.284027     -10.9342    -0.363952   -0.0958992    -0.419591     0.177661     -39.5005     -3848.86    -0.195234      5.25904      4.08632   0.00410394    -0.330415
           0            0     0.369189      2.24962     -254.581      6.13367     0.263069     -7.88314     -3.91711      257.503      74974.7      32.9006      4.08632      602.613    -0.459082     -2.57418
    -4.48139            0    0.0307658   -0.0187382      0.41034    0.0608706    0.0117533    0.0799675   -0.0744397      9.90623      820.333    -0.826335   0.00410394    -0.459082     0.335049    0.0861966
    -2081.54            0    0.0549787    -0.740785     -26.9588    -0.862588    -0.254019    -0.549228     0.327926      190.353     -10453.8            0    -0.330415     -2.57418    0.0861966      53.8389
