     52129.1            0      22.6908            0            0            0            0            0      29.0338     -299.639            0            0      27.6921            0    -0.633448     -77.2952
           0  1.17099e+14 -2.67493e+06            0            0            0            0            0            0 -4.22351e+07            0            0   2.4506e+06            0            0            0
     22.6908 -2.67493e+06      30.2255    0.0019537     -1.37543      1.35048    0.0285159     0.638837      1.36107     -16.9621      17052.5            0   -0.0501928     0.279921     0.354759     0.167698
           0            0    0.0019537      21.0559      4.14164     0.459368    0.0993767    -0.444888    -0.644479      8.68451            0            0     0.894964     0.573823   -0.0727137    -0.759867
           0            0     -1.37543      4.14164      1313.26      4.60334            0      5.93615     -7.18343     -17.7097      79993.9     -7.85529     -3.93464     -7.25983     0.186137     -3.09357
           0            0      1.35048     0.459368      4.60334      143.083     0.489895     -1.07477    -0.965196      127.086  1.97863e+06            0     -1.09565      1.42986     0.215873    -0.826383
           0            0    0.0285159    0.0993767            0     0.489895      5.95564     0.267487   -0.0362392      9.38347      8419.19      2.20153     -1.30954     0.287518     0.195473      -1.1175
           0            0     0.638837    -0.444888      5.93615     -1.07477     0.267487      29.6682      2.26876     0.117054     -18325.2     -1.16159     -1.49492     -2.25437     0.347745     -0.63185
     29.0338            0      1.36107    -0.644479     -7.18343    -0.965196   -0.0362392      2.26876       143.92     -19.6434     -6279.47      2.62543      1.85476     -3.26081    -0.942972      1.09986
    -299.639 -4.22351e+07     -16.9621      8.68451     -17.7097      127.086      9.38347     0.117054     -19.6434      3113.22  1.70957e+06     -22.2428     -20.7167       10.634      5.93035      30.3467
           0            0      17052.5            0      79993.9  1.97863e+06      8419.19     -18325.2     -6279.47  1.70957e+06  3.04572e+10            0     -16251.6        25301      4221.08     -14219.6
           0            0            0            0     -7.85529            0      2.20153     -1.16159      2.62543     -22.2428            0      291.257   -0.0328239      1.00217    -0.382059            0
     27.6921   2.4506e+06   -0.0501928     0.894964     -3.93464     -1.09565     -1.30954     -1.49492      1.85476     -20.7167     -16251.6   -0.0328239      93.0054      5.79755    0.0867174     -1.89114
           0            0     0.279921     0.573823     -7.25983      1.42986     0.287518     -2.25437     -3.26081       10.634        25301      1.00217      5.79755      68.8548     -0.79575     -1.18339
   -0.633448            0     0.354759   -0.0727137     0.186137     0.215873     0.195473     0.347745    -0.942972      5.93035      4221.08    -0.382059    0.0867174     -0.79575      8.86581     0.602976
    -77.2952            0     0.167698    -0.759867     -3.09357    -0.826383      -1.1175     -0.63185      1.09986      30.3467     -14219.6            0     -1.89114     -1.18339     0.602976      99.5654
