 1.00192e+12  1.47776e+06      56748.9            0       924985            0     0.514498  6.63221e+09     -1.16268      2.56093     -30.6522            0            0     -24804.6  1.72792e+08
 1.47776e+06        10955      -17.787   7.1446e+06     -848.415     -12.5469  0.000122422       459735  -0.00809536   0.00520279   0.00478567   4.6744e+12 -1.18658e+06      3.66131      -3310.4
     56748.9      -17.787      101.162      -231078     -67.1752      1.94149 -1.93223e-06 -1.37589e+06  -0.00108167 -0.000174918  -0.00142738  -4.5935e+12      -114598     -1.06114            0
           0   7.1446e+06      -231078  3.52395e+13            0            0     -25.0158            0      109.666       105.18      929.521            0  3.23887e+10       200791            0
      924985     -848.415     -67.1752            0      21187.1     -37.3172 -5.68393e-05       789644    0.0232929  -0.00622332    0.0238657  7.87637e+13      -376668     -11.0421      29321.9
           0     -12.5469      1.94149            0     -37.3172      187.882 -1.06316e-06            0   0.00044208  0.000388888  0.000438646 -3.91516e+14       153483     0.307702            0
    0.514498  0.000122422 -1.93223e-06     -25.0158 -5.68393e-05 -1.06316e-06   3.2998e-08  -0.00624305 -5.34328e-09  1.09508e-09  -5.4948e-09            0      3.76589 -7.25412e-06            0
 6.63221e+09       459735 -1.37589e+06            0       789644            0  -0.00624305  3.63031e+10      17.5167     -1.60896      7.34683            0  1.73059e+09      36477.9  1.42346e+07
    -1.16268  -0.00809536  -0.00108167      109.666    0.0232929   0.00044208 -5.34328e-09      17.5167  6.81347e-06 -4.21513e-09 -2.44234e-07  -6.2514e+08       13.256  9.61639e-05    -0.365288
     2.56093   0.00520279 -0.000174918       105.18  -0.00622332  0.000388888  1.09508e-09     -1.60896 -4.21513e-09  1.66554e-06  8.95794e-08 -8.29685e+08     -5.47662 -7.08548e-06     0.114421
    -30.6522   0.00478567  -0.00142738      929.521    0.0238657  0.000438646  -5.4948e-09      7.34683 -2.44234e-07  8.95794e-08  1.19366e-05            0       4.4574    0.0001589    -0.130451
           0   4.6744e+12  -4.5935e+12            0  7.87637e+13 -3.91516e+14            0            0  -6.2514e+08 -8.29685e+08            0  9.24977e+26            0 -4.32618e+11            0
           0 -1.18658e+06      -114598  3.23887e+10      -376668       153483      3.76589  1.73059e+09       13.256     -5.47662       4.4574            0  1.53069e+11      7280.13            0
    -24804.6      3.66131     -1.06114       200791     -11.0421     0.307702 -7.25412e-06      36477.9  9.61639e-05 -7.08548e-06    0.0001589 -4.32618e+11      7280.13      5.91119      4.68848
 1.72792e+08      -3310.4            0            0      29321.9            0            0  1.42346e+07    -0.365288     0.114421    -0.130451            0            0      4.68848  2.27152e+07
