 5.43884e+10            0      4712.88            0            0            0            0            0      4722.42 -2.18868e+07            0            0      1589.19            0     -25.2136     -42746.8
           0  1.55875e+27  -1.9361e+12            0            0            0            0            0            0 -1.03345e+16            0            0  4.76583e+11            0            0            0
     4712.88  -1.9361e+12      1.19438  0.000673201     -37.4878      0.52651  0.000541703     0.177448    0.0448493     -218.634      3370.31            0 -0.000425005     0.484369   0.00268306    0.0180287
           0            0  0.000673201      64.9715      1012.86      1.58459    0.0167048     -1.09153    -0.186324      1046.99            0            0    0.0910026       8.7138  -0.00486681    -0.721611
           0            0     -37.4878      1012.86  2.53083e+07      1281.87            0      1151.96     -165.796      -175261    1.107e+07      -130262     -24.7748     -8684.65      0.95455     -232.437
           0            0      0.52651      1.58459      1281.87      582.074    0.0938635     -3.10668    -0.307526      16997.6  4.00041e+06            0    -0.122324      26.0034    0.0173495    -0.892576
           0            0  0.000541703    0.0167048            0    0.0938635    0.0545106    0.0357381 -0.000586861      60.4858      803.626      25.2535  -0.00703892     0.236658   0.00071199   -0.0577322
           0            0     0.177448     -1.09153      1151.96     -3.10668    0.0357381       57.931     0.522466      25.6846     -25702.2     -194.661    -0.118191     -27.2789     0.018515    -0.477512
     4722.42            0    0.0448493    -0.186324     -165.796    -0.307526 -0.000586861     0.522466      3.90744     -219.194     -1024.86      51.9328     0.016837      -4.6356  -0.00591764    0.0977659
-2.18868e+07 -1.03345e+16     -218.634      1046.99      -175261      16997.6      60.4858      25.6846     -219.194  1.38136e+07  1.10932e+08      -180708     -61.1586      5707.36      15.2972      1103.31
           0            0      3370.31            0    1.107e+07  4.00041e+06      803.626     -25702.2     -1024.86  1.10932e+08  3.04833e+10            0     -912.652       219063      160.731     -7651.68
           0            0            0            0      -130262            0      25.2535     -194.661      51.9328      -180708            0   4.1763e+06    -0.584349      1034.97     -1.74571            0
     1589.19  4.76583e+11 -0.000425005    0.0910026     -24.7748    -0.122324  -0.00703892    -0.118191     0.016837     -61.1586     -912.652    -0.584349     0.299466      2.84671  0.000205234   -0.0578824
           0            0     0.484369       8.7138     -8684.65      26.0034     0.236658     -27.2789      -4.6356      5707.36       219063      1034.97      2.84671      5152.11    -0.263581      -5.5377
    -25.2136            0   0.00268306  -0.00486681      0.95455    0.0173495   0.00071199     0.018515  -0.00591764      15.2972      160.731     -1.74571  0.000205234    -0.263581    0.0128564    0.0124135
    -42746.8            0    0.0180287    -0.721611     -232.437    -0.892576   -0.0577322    -0.477512    0.0977659      1103.31     -7651.68            0   -0.0578824      -5.5377    0.0124135      29.1055
