    4009.94    -11.8137           0           0           0           0           0           0           0     6.24014           0   -0.339352     4.96855           0
   -11.8137     302.365     3.19538    -4.82793    0.816455    -12.3553    -19.6143           0     3.99006    -21.9614           0    -15.3244      4.5316           0
          0     3.19538     806.599     2.93448           0           0           0           0     163.624     15.4087    -5.13578    -2.95334    -6.67954           0
          0    -4.82793     2.93448     1516.28           0           0           0           0           0    -5.14937           0           0     11.9567     9.88986
          0    0.816455           0           0     312.048           0           0           0           0    -2.84221           0    0.827572     2.05427    -10.1795
          0    -12.3553           0           0           0     14531.8    -88.9298           0           0    -95.1112           0           0     41.1197     770.028
          0    -19.6143           0           0           0    -88.9298     4114.84           0           0     34.7919           0    -1.31854     32.1988           0
          0           0           0           0           0           0           0 1.69378e+10           0      128951           0           0    -57855.2           0
          0     3.99006     163.624           0           0           0           0           0      921.96     14.5212    -13.4668    -4.69927     -10.444           0
    6.24014    -21.9614     15.4087    -5.14937    -2.84221    -95.1112     34.7919      128951     14.5212     86.4879     15.2621     3.77036     3.79224    -11.0119
          0           0    -5.13578           0           0           0           0           0    -13.4668     15.2621     5169.49           0    -19.5854           0
  -0.339352    -15.3244    -2.95334           0    0.827572           0    -1.31854           0    -4.69927     3.77036           0     55.8481   -0.794506     2.39803
    4.96855      4.5316    -6.67954     11.9567     2.05427     41.1197     32.1988    -57855.2     -10.444     3.79224    -19.5854   -0.794506     10.5858      6.3261
          0           0           0     9.88986    -10.1795     770.028           0           0           0    -11.0119           0     2.39803      6.3261     1542.65
