    10.2348    -1.10987    -2.13907    -20.5636     1.28828    -3.03351    -48356.8
   -1.10987    0.486969    0.311198     5.50279   -0.204909    0.429687     2372.91
   -2.13907    0.311198     78.5043     30.5043    -0.20836     1.02744     62593.6
   -20.5636     5.50279     30.5043     2542.68     4.01539     10.6024           0
    1.28828   -0.204909    -0.20836     4.01539     7.05715   -0.625118    -54336.1
   -3.03351    0.429687     1.02744     10.6024   -0.625118     5.27681    -15159.8
   -48356.8     2372.91     62593.6           0    -54336.1    -15159.8 2.03429e+10
