       10.36    -0.301903     -11.2809     -1245.71      0.85985     -1.96687 -4.46619e+06
   -0.301903    0.0386933     0.421373      86.7788   -0.0330185    0.0764132      54738.9
    -11.2809     0.421373      2480.99      9948.55    -0.196273      3.85574  3.35051e+07
    -1245.71      86.7788      9948.55  8.69479e+06      340.209      479.311            0
     0.85985   -0.0330185    -0.196273      340.209      7.73526    -0.365243 -5.21771e+06
    -1.96687    0.0764132      3.85574      479.311    -0.365243      5.61662 -2.44195e+06
-4.46619e+06      54738.9  3.35051e+07            0 -5.21771e+06 -2.44195e+06  1.86769e+14
