   5.54303     3.5242    26.7479   -1.80216   0.581083   0.600803   -1.86606
    3.5242    8.09649    37.4873   -2.67412    1.17957    3.50286   -3.23404
   26.7479    37.4873     100618   -40.7136    57.0101          0    757.034
  -1.80216   -2.67412   -40.7136    4.87766  -0.462639   -2.22731    1.32615
  0.581083    1.17957    57.0101  -0.462639    6.63681 -0.0353446    2.28731
  0.600803    3.50286          0   -2.22731 -0.0353446    39.6554   -1.12932
  -1.86606   -3.23404    757.034    1.32615    2.28731   -1.12932    349.532
