   10.9461   -1.06858    -2.9975    1.68186    0.69498    1.34477    29.1836    3.75026
  -1.06858    3.20413   0.393607   -0.76402 -0.0127426  -0.227527          0          0
   -2.9975   0.393607    282.336   -1.80956   -2.63575   0.295968    77.2848    48.3891
   1.68186   -0.76402   -1.80956    5.94315  0.0721961  -0.242184    21.7231   -0.18931
   0.69498 -0.0127426   -2.63575  0.0721961    7.12615   0.415364    10.4579   -2.75498
   1.34477  -0.227527   0.295968  -0.242184   0.415364    6.05713    20.8306    3.03892
   29.1836          0    77.2848    21.7231    10.4579    20.8306    8801.31          0
   3.75026          0    48.3891   -0.18931   -2.75498    3.03892          0    494.949
