 2.58973e-05   0.00122661  -0.00240545  1.14235e-06  3.04933e-09   -0.0034932  -0.00437236  0.000605919  -0.00253623   0.00014389   0.00111852   -0.0041118   0.00106007 -0.000387149  9.83239e-08
  0.00122661      39.9634     -2.45186   0.00105318  5.31753e-05     -2.09059      29.8024     -19.5414     0.454489     -2.06324     -7.39899      -31.238     -3.29683   -0.0389127 -6.31291e-05
 -0.00240545     -2.45186      32.1647  -0.00165402  6.18577e-05     -10.5008     -8.24457      4.47631     -12.1596     0.140507       -15.91      11.9192     -16.1105    -0.105625  0.000122135
 1.14235e-06   0.00105318  -0.00165402  1.30534e-05 -5.68643e-09   0.00208282   0.00186129   0.00014385 -3.43749e-05 -0.000468468   0.00160133  -0.00260206  0.000839453 -0.000302055  7.46907e-08
 3.04933e-09  5.31753e-05  6.18577e-05 -5.68643e-09  4.15339e-08 -0.000109728 -0.000194756 -2.42744e-05 -6.37829e-05   8.4449e-05 -4.29382e-05 -1.14909e-05  -6.8516e-05  1.95968e-05  4.15792e-09
  -0.0034932     -2.09059     -10.5008   0.00208282 -0.000109728      1107.46      5.78181     -2.35797       4.8899     -72.7328       9.5767    -0.483699       6.0643     0.675011   0.00059583
 -0.00437236      29.8024     -8.24457   0.00186129 -0.000194756      5.78181      31706.7     -18.2568     -110.732       75.729      74.2932     -136.331     -103.337      1.59509 -0.000330511
 0.000605919     -19.5414      4.47631   0.00014385 -2.42744e-05     -2.35797     -18.2568       27.722      -17.683      1.83844    -0.845024      6.86635      12.4041    -0.105494 -7.85254e-05
 -0.00253623     0.454489     -12.1596 -3.43749e-05 -6.37829e-05       4.8899     -110.732      -17.683      49.7629     -3.69592      3.69383       23.563       10.492   -0.0554353  0.000100202
  0.00014389     -2.06324     0.140507 -0.000468468   8.4449e-05     -72.7328       75.729      1.83844     -3.69592      71.0101      0.50951     -1.92229    -0.984174     0.441581 -0.000155883
  0.00111852     -7.39899       -15.91   0.00160133 -4.29382e-05       9.5767      74.2932    -0.845024      3.69383      0.50951      31.4064      -8.2326     -7.28112   -0.0257088   0.00012148
  -0.0041118      -31.238      11.9192  -0.00260206 -1.14909e-05    -0.483699     -136.331      6.86635       23.563     -1.92229      -8.2326      55.3929      8.47582     0.171085  0.000178361
  0.00106007     -3.29683     -16.1105  0.000839453  -6.8516e-05       6.0643     -103.337      12.4041       10.492    -0.984174     -7.28112      8.47582       41.434    -0.189405 -0.000239397
-0.000387149   -0.0389127    -0.105625 -0.000302055  1.95968e-05     0.675011      1.59509    -0.105494   -0.0554353     0.441581   -0.0257088     0.171085    -0.189405      1.92513  2.52174e-05
 9.83239e-08 -6.31291e-05  0.000122135  7.46907e-08  4.15792e-09   0.00059583 -0.000330511 -7.85254e-05  0.000100202 -0.000155883   0.00012148  0.000178361 -0.000239397  2.52174e-05  6.06091e-07
