 0.000444065   0.00574201   -0.0100399  2.70431e-05  3.81357e-08  -0.00975051     -0.00773   0.00257144   -0.0106506  0.000708739   0.00446645   -0.0169914   0.00419696  -0.00244771  2.98494e-06
  0.00574201      41.2211     -3.72543   0.00650475  0.000137565      -1.3249      15.1936     -19.8301     -1.02072     -2.16309     -7.00762     -32.4603     -4.01151   -0.0840983 -0.000601506
  -0.0100399     -3.72543      32.8164  -0.00933591  0.000170879     -7.30626      -3.4805      4.69976     -12.6594     0.258647      -16.048      11.9567     -16.1615   -0.0980963  0.000986792
 2.70431e-05   0.00650475  -0.00933591  0.000411091 -7.55647e-08   0.00816116   0.00599035  0.000817636 -0.000830707  -0.00308653   0.00868362   -0.0147714   0.00411835  -0.00274267  3.13393e-06
 3.81357e-08  0.000137565  0.000170879 -7.55647e-08  3.03283e-07 -0.000189837 -0.000242037 -6.53507e-05  -0.00017841   0.00026028  -0.00011206 -3.47436e-05 -0.000185559  8.35958e-05  8.33976e-08
 -0.00975051      -1.3249     -7.30626   0.00816116 -0.000189837      504.565      1.64605     -1.67078      3.37264     -57.9194      6.40679    -0.260471      3.99712      0.71856    0.0029352
    -0.00773      15.1936      -3.4805   0.00599035 -0.000242037      1.64605      5787.93     -8.33775     -47.5065      38.2247      32.1101      -58.964     -44.7014      1.02221  -0.00119124
  0.00257144     -19.8301      4.69976  0.000817636 -6.53507e-05     -1.67078     -8.33775      27.8301     -17.4285      2.12715     -1.69323      6.31769      12.9225    -0.160311 -0.000628563
  -0.0106506     -1.02072     -12.6594 -0.000830707  -0.00017841      3.37264     -47.5065     -17.4285      49.8241      -4.3397      4.11919      24.8302      10.3379    -0.164441  0.000780546
 0.000708739     -2.16309     0.258647  -0.00308653   0.00026028     -57.9194      38.2247      2.12715      -4.3397      99.0391     0.546161     -2.39053     -1.14899      0.82735  -0.00132094
  0.00446645     -7.00762      -16.048   0.00868362  -0.00011206      6.40679      32.1101     -1.69323      4.11919     0.546161       31.495      -8.5083     -8.32986   -0.0489242  0.000972109
  -0.0169914     -32.4603      11.9567   -0.0147714 -3.47436e-05    -0.260471      -58.964      6.31769      24.8302     -2.39053      -8.5083      55.0976      9.51475     0.234538   0.00134336
  0.00419696     -4.01151     -16.1615   0.00411835 -0.000185559      3.99712     -44.7014      12.9225      10.3379     -1.14899     -8.32986      9.51475      41.5123    -0.353295  -0.00188483
 -0.00244771   -0.0840983   -0.0980963  -0.00274267  8.35958e-05      0.71856      1.02221    -0.160311    -0.164441      0.82735   -0.0489242     0.234538    -0.353295      4.63767  0.000305128
 2.98494e-06 -0.000601506  0.000986792  3.13393e-06  8.33976e-08    0.0029352  -0.00119124 -0.000628563  0.000780546  -0.00132094  0.000972109   0.00134336  -0.00188483  0.000305128  3.52548e-05
