 1.61551e-06  3.42699e-10      9.75361  0.000220973  0.000108078 -0.000574641   0.00118889  -0.00751252 -0.000261547 -7.21037e-09  3.39373e-09  1.15447e-06 -0.000177733 -3.58698e-07  0.000194565
 3.42699e-10  6.14011e-08    -0.115624 -4.28734e-05  0.000146415  7.09637e-05 -4.05537e-05   0.00108619 -6.02344e-05 -1.67859e-09 -9.72875e-11 -6.16828e-07  0.000195988 -5.05501e-08  0.000229315
     9.75361    -0.115624   7.2079e+10      -114809      98567.5      -164650       315013      -814804     -21645.8     -1.73313     -1.05645     -221.988     -48732.6      60.8204      76399.9
 0.000220973 -4.28734e-05      -114809      591.022     -10.4166      3.49674      5.00873     -16.2303      7.42066 -0.000194578 -0.000104666   -0.0227083     -7.07157  -0.00989242     -8.80606
 0.000108078  0.000146415      98567.5     -10.4166      46.6305     -12.1167      -4.4438      43.6083    -0.534317 -5.40727e-05  4.35003e-05    0.0212881     0.523489   0.00138171     -12.8789
-0.000574641  7.09637e-05      -164650      3.49674     -12.1167      58.1642      9.09179      77.9444      3.19533  5.61979e-05 -1.31446e-05    0.0144092      9.11902    0.0173472      -2.9036
  0.00118889 -4.05537e-05       315013      5.00873      -4.4438      9.09179       80.056      67.7162     0.722438 -0.000209269 -1.22022e-05   -0.0282087     -13.4954    0.0192214      10.9521
 -0.00751252   0.00108619      -814804     -16.2303      43.6083      77.9444      67.7162       274506      174.772    0.0142257  -0.00217155      1.88211     -55.3826    -0.726274      34.2987
-0.000261547 -6.02344e-05     -21645.8      7.42066    -0.534317      3.19533     0.722438      174.772        81.28  9.61409e-05  4.28191e-05   0.00316409    -0.456243   0.00468729     -2.74924
-7.21037e-09 -1.67859e-09     -1.73313 -0.000194578 -5.40727e-05  5.61979e-05 -0.000209269    0.0142257  9.61409e-05  9.57047e-08  1.23907e-09  4.24391e-07  0.000245048  -4.4236e-07  0.000319341
 3.39373e-09 -9.72875e-11     -1.05645 -0.000104666  4.35003e-05 -1.31446e-05 -1.22022e-05  -0.00217155  4.28191e-05  1.23907e-09  1.17704e-08 -2.73283e-07 -5.11472e-05  -3.1341e-08 -7.74446e-05
 1.15447e-06 -6.16828e-07     -221.988   -0.0227083    0.0212881    0.0144092   -0.0282087      1.88211   0.00316409  4.24391e-07 -2.73283e-07   0.00263554   0.00430658 -2.77319e-05   -0.0358075
-0.000177733  0.000195988     -48732.6     -7.07157     0.523489      9.11902     -13.4954     -55.3826    -0.456243  0.000245048 -5.11472e-05   0.00430658      32.4247  0.000856388       26.549
-3.58698e-07 -5.05501e-08      60.8204  -0.00989242   0.00138171    0.0173472    0.0192214    -0.726274   0.00468729  -4.4236e-07  -3.1341e-08 -2.77319e-05  0.000856388  0.000889284  -0.00995069
 0.000194565  0.000229315      76399.9     -8.80606     -12.8789      -2.9036      10.9521      34.2987     -2.74924  0.000319341 -7.74446e-05   -0.0358075       26.549  -0.00995069      58.4443
