 1.37819e-05  1.36747e-09      8.89462   0.00050428  0.000284769  -0.00166555   0.00342706  -0.00766886  -0.00062271 -3.89834e-08  1.04285e-08  7.88594e-06 -0.000610611 -2.33339e-06  0.000561914
 1.36747e-09   1.5593e-07   -0.0601541 -5.27304e-05  0.000225651  0.000107937 -6.32683e-05  0.000779426 -7.57698e-05 -4.80429e-09 -1.63962e-10 -2.33492e-06  0.000325536 -1.77287e-07  0.000357392
     8.89462   -0.0601541  7.30848e+09     -28905.9      31482.1     -52299.9      99856.6       -83915     -5486.73    -0.998334    -0.354089     -165.571     -17105.7      42.9158      24265.8
  0.00050428 -5.27304e-05     -28905.9      373.611     -8.20464      2.92021      3.94642     -6.23975      4.74674 -0.000276148 -8.77012e-05   -0.0434745     -5.90162   -0.0177476     -6.82909
 0.000284769  0.000225651      31482.1     -8.20464      47.1319      -13.242     -5.04717      18.1946    -0.430294 -0.000106094  4.71964e-05    0.0518559    -0.474927   0.00285317     -14.2967
 -0.00166555  0.000107937     -52299.9      2.92021      -13.242      58.3409      9.88917      37.4318      2.57293  0.000103079 -1.41075e-05    0.0335052       9.4514    0.0390916      -2.6646
  0.00342706 -6.32683e-05      99856.6      3.94642     -5.04717      9.88917      80.0732      33.0276     0.584843 -0.000371677 -1.40832e-05   -0.0681327     -13.6592     0.043474      11.9634
 -0.00766886  0.000779426       -83915     -6.23975      18.1946      37.4318      33.0276      37528.7       52.103   0.00973823 -0.000855865      1.67297     -12.6142    -0.596956      19.9412
 -0.00062271 -7.57698e-05     -5486.73      4.74674    -0.430294      2.57293     0.584843       52.103      52.5792  0.000139942  3.63166e-05   0.00612935    -0.441393   0.00848981     -2.20777
-3.89834e-08 -4.80429e-09    -0.998334 -0.000276148 -0.000106094  0.000103079 -0.000371677   0.00973823  0.000139942  3.22023e-07  2.46072e-09  1.89331e-06  0.000471209 -1.83426e-06  0.000577477
 1.04285e-08 -1.63962e-10    -0.354089 -8.77012e-05  4.71964e-05 -1.41075e-05 -1.40832e-05 -0.000855865  3.63166e-05  2.46072e-09   1.3085e-08 -6.93879e-07 -5.52435e-05 -7.43781e-08 -8.16105e-05
 7.88594e-06 -2.33492e-06     -165.571   -0.0434745    0.0518559    0.0335052   -0.0681327      1.67297   0.00612935  1.89331e-06 -6.93879e-07    0.0152803   0.00767154 -0.000150395   -0.0876184
-0.000610611  0.000325536     -17105.7     -5.90162    -0.474927       9.4514     -13.6592     -12.6142    -0.441393  0.000471209 -5.52435e-05   0.00767154      33.2954  0.000106094      27.6948
-2.33339e-06 -1.77287e-07      42.9158   -0.0177476   0.00285317    0.0390916     0.043474    -0.596956   0.00848981 -1.83426e-06 -7.43781e-08 -0.000150395  0.000106094   0.00451398   -0.0225624
 0.000561914  0.000357392      24265.8     -6.82909     -14.2967      -2.6646      11.9634      19.9412     -2.20777  0.000577477 -8.16105e-05   -0.0876184      27.6948   -0.0225624      58.4745
