   3.17764   0.768398   -1.13403   0.234297 -0.0106546  -0.188952 -0.0486018   0.232567  -0.973987  -0.193357   0.396376   -1.60517   0.434527    0.23969   0.737831
  0.768398    50.4306   -8.15285    18.1273   0.617011 -0.0257126    1.99947    -24.246   -11.5346    16.3832   -3.98342   -41.0911   -8.54911     5.1717    4.11306
  -1.13403   -8.15285    37.9624     13.388    1.30269   -2.25678   0.292786    6.52744   -14.9721   -2.19235   -16.5526    12.7354   -18.6912  -0.633301   -4.75849
  0.234297    18.1273     13.388    23.0536 -0.0382043   -1.27252   0.335132   -2.67175   -15.9089    10.7929   -18.5093   -11.6528   -3.77118   -2.58492   -1.07945
-0.0106546   0.617011    1.30269 -0.0382043    9.53868 -0.0724667 0.00731248  -0.168881  -0.852875   0.645423  -0.757824 -0.0446474   -0.47532    0.43338  0.0009343
 -0.188952 -0.0257126   -2.25678   -1.27252 -0.0724667    28.7254   0.657403  -0.475072    1.14441    9.61078    1.68815  -0.107709   0.861721   0.303346  -0.555638
-0.0486018    1.99947   0.292786   0.335132 0.00731248   0.657403    20.9968  -0.606409   -3.37193    3.28438    1.78391   -4.03617   -3.08538    2.18365    -1.6346
  0.232567    -24.246    6.52744   -2.67175  -0.168881  -0.475072  -0.606409    31.3321   -18.0218   -6.98103    -5.8617    7.67713    14.0288    -8.4109   -5.34513
 -0.973987   -11.5346   -14.9721   -15.9089  -0.852875    1.14441   -3.37193   -18.0218    56.7075   -7.06223    7.11715    35.0383    9.98703   -8.24383    4.65395
 -0.193357    16.3832   -2.19235    10.7929   0.645423    9.61078    3.28438   -6.98103   -7.06223    192.628    -1.0524   -19.3069   -3.88259  -0.440226   -41.3108
  0.396376   -3.98342   -16.5526   -18.5093  -0.757824    1.68815    1.78391    -5.8617    7.11715    -1.0524    35.8969    -10.462   -14.8239     6.9075 -0.0576482
  -1.60517   -41.0911    12.7354   -11.6528 -0.0446474  -0.107709   -4.03617    7.67713    35.0383   -19.3069    -10.462    60.5192    14.3284    -11.053    3.36602
  0.434527   -8.54911   -18.6912   -3.77118   -0.47532   0.861721   -3.08538    14.0288    9.98703   -3.88259   -14.8239    14.3284    45.8444   -15.9425    1.71225
   0.23969     5.1717  -0.633301   -2.58492    0.43338   0.303346    2.18365    -8.4109   -8.24383  -0.440226     6.9075    -11.053   -15.9425    18.3158    2.64314
  0.737831    4.11306   -4.75849   -1.07945  0.0009343  -0.555638    -1.6346   -5.34513    4.65395   -41.3108 -0.0576482    3.36602    1.71225    2.64314    58.1138
