 4.31243e-05   0.00162687  -0.00311045  2.00042e-06  4.41494e-09  -0.00419921  -0.00484093  0.000785815   -0.0032814  0.000191631   0.00143508  -0.00530471   0.00135639 -0.000539855  1.71402e-07
  0.00162687      40.2309     -2.74175   0.00144852  5.84161e-05     -1.92064      26.5974     -19.6217     0.209205     -2.07267      -7.3447     -31.5169     -3.42537     -0.04615 -9.18644e-05
 -0.00311045     -2.74175      32.2911  -0.00227011  6.92173e-05     -9.84245     -7.08649      4.52709     -12.2517     0.162006     -15.9437      11.9562     -16.1173    -0.110185  0.000168897
 2.00042e-06   0.00144852  -0.00227011  2.40718e-05 -8.60529e-09    0.0026355   0.00218559  0.000198437 -5.20967e-05 -0.000655903   0.00217596   -0.0035282   0.00112741 -0.000442941  1.37827e-07
 4.41494e-09  5.84161e-05  6.92173e-05 -8.60529e-09   5.1515e-08 -0.000113419 -0.000186917 -2.69529e-05 -7.12821e-05  9.66673e-05 -4.75544e-05  -1.2794e-05 -7.62709e-05  2.35728e-05  6.30786e-09
 -0.00419921     -1.92064     -9.84245    0.0026355 -0.000113419      961.122      4.62287     -2.21812      4.57172     -69.8165      8.90693    -0.432437      5.62349     0.679728  0.000750278
 -0.00484093      26.5974     -7.08649   0.00218559 -0.000186917      4.62287      23331.7      -15.866     -95.0683        66.94      63.8564     -117.196     -88.8451       1.4787 -0.000404075
 0.000785815     -19.6217      4.52709  0.000198437 -2.69529e-05     -2.21812      -15.866       27.736     -17.6276      1.88521    -0.990866      6.74077      12.5073    -0.114082 -0.000108139
  -0.0032814     0.209205     -12.2517 -5.20967e-05 -7.12821e-05      4.57172     -95.0683     -17.6276       49.769     -3.80449      3.76109      23.7854      10.4645   -0.0592633  0.000137706
 0.000191631     -2.07267     0.162006 -0.000655903  9.66673e-05     -69.8165        66.94      1.88521     -3.80449      75.3982     0.516236     -2.00262     -1.01208     0.491682 -0.000216196
  0.00143508      -7.3447     -15.9437   0.00217596 -4.75544e-05      8.90693      63.8564    -0.990866      3.76109     0.516236      31.4148     -8.28701      -7.4638   -0.0282732  0.000167994
 -0.00530471     -31.5169      11.9562   -0.0035282  -1.2794e-05    -0.432437     -117.196      6.74077      23.7854     -2.00262     -8.28701      55.3305      8.66106     0.185642  0.000243587
  0.00135639     -3.42537     -16.1173   0.00112741 -7.62709e-05      5.62349     -88.8451      12.5073      10.4645     -1.01208      -7.4638      8.66106      41.4452    -0.204862 -0.000329144
-0.000539855     -0.04615    -0.110185 -0.000442941  2.35728e-05     0.679728       1.4787    -0.114082   -0.0592633     0.491682   -0.0282732     0.185642    -0.204862      2.24819  3.72702e-05
 1.71402e-07 -9.18644e-05  0.000168897  1.37827e-07  6.30786e-09  0.000750278 -0.000404075 -0.000108139  0.000137706 -0.000216196  0.000167994  0.000243587 -0.000329144  3.72702e-05  1.13301e-06
