  0.00459803    0.0199024   -0.0323314  0.000379459  8.54028e-07   -0.0227482   -0.0123915   0.00840757   -0.0346204   0.00262824    0.0138906   -0.0545945      0.01316   -0.0120068  5.98523e-05
   0.0199024      42.0258     -4.45407    0.0289448  0.000873087    -0.910702      8.47947     -20.0548     -2.54769     -2.30303     -6.55656     -33.1992     -4.68262   -0.0942724   -0.0040764
  -0.0323314     -4.45407       33.217   -0.0418805     0.001089     -5.39671     -1.61912      4.80374     -13.1451     0.378941     -16.0721      11.7986     -16.3439   -0.0266913   0.00620201
 0.000379459    0.0289448   -0.0418805   0.00779513 -1.96129e-06    0.0258432    0.0132172   0.00328789  -0.00458241   -0.0154141    0.0376699   -0.0638195    0.0166312      -0.0188  8.50853e-05
 8.54028e-07  0.000873087     0.001089 -1.96129e-06  1.21094e-05 -0.000785808 -0.000843826 -0.000418795  -0.00118473   0.00177936 -0.000676271 -0.000264987  -0.00117768  0.000828263  3.23548e-06
  -0.0227482    -0.910702     -5.39671    0.0258432 -0.000785808      264.994     0.600041     -1.25107      2.50374     -48.0656      4.60933    -0.172523      2.85291     0.788104    0.0132428
  -0.0123915      8.47947     -1.61912    0.0132172 -0.000843826     0.600041      1434.67     -4.33586     -23.6924      21.8238      16.1387     -29.6758      -22.425      1.38432  -0.00371604
  0.00840757     -20.0548      4.80374   0.00328789 -0.000418795     -1.25107     -4.33586      27.9514     -17.3336      2.43024     -2.49009      6.15026      13.2208    -0.259768  -0.00406806
  -0.0346204     -2.54769     -13.1451  -0.00458241  -0.00118473      2.50374     -23.6924     -17.3336      49.9629     -4.94422      4.57588      26.0242      10.1647    -0.397715   0.00501424
  0.00262824     -2.30303     0.378941   -0.0154141   0.00177936     -48.0656      21.8238      2.43024     -4.94422      130.124     0.571433     -2.81864     -1.29515      1.46394  -0.00941335
   0.0138906     -6.55656     -16.0721    0.0376699 -0.000676271      4.60933      16.1387     -2.49009      4.57588     0.571433      31.6463     -8.72828     -9.28049    -0.105993   0.00627885
  -0.0545945     -33.1992      11.7986   -0.0638195 -0.000264987    -0.172523     -29.6758      6.15026      26.0242     -2.81864     -8.72828      54.9052      10.3833     0.250796   0.00827338
     0.01316     -4.68262     -16.3439    0.0166312  -0.00117768      2.85291      -22.425      13.2208      10.1647     -1.29515     -9.28049      10.3833      41.5902    -0.690443   -0.0118344
  -0.0120068   -0.0942724   -0.0266913      -0.0188  0.000828263     0.788104      1.38432    -0.259768    -0.397715      1.46394    -0.105993     0.250796    -0.690443      10.9697   0.00293225
 5.98523e-05   -0.0040764   0.00620201  8.50853e-05  3.23548e-06    0.0132428  -0.00371604  -0.00406806   0.00501424  -0.00941335   0.00627885   0.00827338   -0.0118344   0.00293225   0.00137347
