   0.0460333    0.0692125    -0.103653   0.00524042  2.41546e-05   -0.0490001   -0.0183412    0.0287187    -0.111631    0.0125485    0.0424837     -0.17332    0.0417998   -0.0499437   0.00116353
   0.0692125      43.5441     -5.48187     0.127599   0.00760788    -0.577064      4.81592     -20.9743     -4.71327     -2.52163     -5.96727     -34.3539     -5.83961    -0.319987   -0.0266534
   -0.103653     -5.48187      33.9548    -0.191689   0.00960902     -3.90678    -0.784237      4.87036     -13.8459     0.597413      -16.397      11.9972     -16.7667     -2.67936    0.0363762
  0.00524042     0.127599    -0.191689     0.147872 -7.69408e-05    0.0800458    0.0300488    0.0111149   -0.0261048   -0.0780139     0.164952    -0.276237    0.0652035    -0.187024   0.00230744
 2.41546e-05   0.00760788   0.00960902 -7.69408e-05  0.000951157  -0.00501884  -0.00380798  -0.00303261   -0.0108087    0.0180188  -0.00566805  -0.00284601  -0.00947988     0.017215  0.000171439
  -0.0490001    -0.577064     -3.90678    0.0800458  -0.00501884      134.689     0.247552    -0.967891       1.8993     -41.1724       3.2904   -0.0970521      2.03393       -1.135     0.062645
  -0.0183412      4.81592    -0.784237    0.0300488  -0.00380798     0.247552      349.662     -2.18177     -11.7974      12.3131      8.07435     -14.8592     -11.1836      6.12361   -0.0116288
   0.0287187     -20.9743      4.87036    0.0111149  -0.00303261    -0.967891     -2.18177       28.452     -17.6401      2.88086      -3.4584      6.06398      13.4239      -4.6455   -0.0256609
   -0.111631     -4.71327     -13.8459   -0.0261048   -0.0108087       1.8993     -11.7974     -17.6401      50.9461     -5.66976      5.10856      27.8251      10.1226      -5.7134    0.0313726
   0.0125485     -2.52163     0.597413   -0.0780139    0.0180188     -41.1724      12.3131      2.88086     -5.66976      170.373     0.548106     -3.32673      -1.4597      3.61919   -0.0708418
   0.0424837     -5.96727      -16.397     0.164952  -0.00566805       3.2904      8.07435      -3.4584      5.10856     0.548106      32.2256     -9.07221     -10.5274      4.80531    0.0411646
    -0.17332     -34.3539      11.9972    -0.276237  -0.00284601   -0.0970521     -14.8592      6.06398      27.8251     -3.32673     -9.07221      55.2183      11.3199     -3.17852    0.0491587
   0.0417998     -5.83961     -16.7667    0.0652035  -0.00947988      2.03393     -11.1836      13.4239      10.1226      -1.4597     -10.5274      11.3199      42.3215     -11.3776   -0.0720444
  -0.0499437    -0.319987     -2.67936    -0.187024     0.017215       -1.135      6.12361      -4.6455      -5.7134      3.61919      4.80531     -3.17852     -11.3776      40.6346    0.0422674
  0.00116353   -0.0266534    0.0363762   0.00230744  0.000171439     0.062645   -0.0116288   -0.0256609    0.0313726   -0.0708418    0.0411646    0.0491587   -0.0720444    0.0422674    0.0530119
