   6.73323   0.425333    7.88358   -35693.1   -89005.8  -0.505381    -1.9223  -0.202864
  0.425333    10.8979   -8.82473    52847.6    -119164   -1.10759   -2.60053  -0.282542
   7.88358   -8.82473    1077.94          0          0    5.43846    6.89878          0
  -35693.1    52847.6          0 1.5994e+11          0    41347.2     304912          0
  -89005.8    -119164          0          0 2.7484e+11    6940.87   -54391.3          0
 -0.505381   -1.10759    5.43846    41347.2    6940.87    8.00024    2.10361  0.0748037
   -1.9223   -2.60053    6.89878     304912   -54391.3    2.10361     13.896    1.01369
 -0.202864  -0.282542          0          0          0  0.0748037    1.01369    1.21579
