   36.3153    7.20913   -27.7558   -5.14006   -4.12168   -2.92618   -13.1299    5.03677    5.59814   -5.88254    23.5321   0.796003   -7.81583    1.68348   -30.9351
   7.20913    68.1174   -14.8761   -24.8773    8.25686  -0.149099    13.4279   -4.41072    4.05126   -16.1731   -33.3243   0.605339    7.86558    1.23662   -8.53535
  -27.7558   -14.8761    73.7444    37.2401    2.79927   0.311767   -14.2324     2.8874  -0.929571   -8.03796   -22.8855 -0.0983196    16.5479  -0.642861   -19.4271
  -5.14006   -24.8773    37.2401    38.2501   -2.61391   -1.04772   -18.0218    8.48115   -10.4609   -3.31365    3.56951  -0.220982    5.48218   -2.80819   -20.9212
  -4.12168    8.25686    2.79927   -2.61391    43.2481  -0.217798    22.4671   -3.13355     4.3365    4.21071   -4.77075  -0.898721    3.41341    2.62961    1.11382
  -2.92618  -0.149099   0.311767   -1.04772  -0.217798    21.0082    1.52165    1.12287    0.38822    1.39478   -2.72755  -0.319825   0.689421  -0.019119    5.81009
  -13.1299    13.4279   -14.2324   -18.0218    22.4671    1.52165    31.3633   -6.78211    4.20498    9.07904   -11.3138  -0.971699   -0.79839    0.85555     30.534
   5.03677   -4.41072     2.8874    8.48115   -3.13355    1.12287   -6.78211    43.3256   0.277002   -5.91764     5.2212    1.49059   0.589389  -0.695264   -12.8338
   5.59814    4.05126  -0.929571   -10.4609     4.3365    0.38822    4.20498   0.277002    54.8495   -2.56775  -0.962515   0.148006   -1.87115     3.2503   -1.18747
  -5.88254   -16.1731   -8.03796   -3.31365    4.21071    1.39478    9.07904   -5.91764   -2.56775     20.089    6.15573   -1.02266     -10.68   -1.82029    23.0752
   23.5321   -33.3243   -22.8855    3.56951   -4.77075   -2.72755   -11.3138     5.2212  -0.962515    6.15573    54.7186    1.12037   -10.5671  -0.280376   -32.8282
  0.796003   0.605339 -0.0983196  -0.220982  -0.898721  -0.319825  -0.971699    1.49059   0.148006   -1.02266    1.12037    5.74995   0.293379  -0.316859   -2.87396
  -7.81583    7.86558    16.5479    5.48218    3.41341   0.689421   -0.79839   0.589389   -1.87115     -10.68   -10.5671   0.293379    24.2558   -0.21001   -3.73908
   1.68348    1.23662  -0.642861   -2.80819    2.62961  -0.019119    0.85555  -0.695264     3.2503   -1.82029  -0.280376  -0.316859   -0.21001    27.7734  -0.928885
  -30.9351   -8.53535   -19.4271   -20.9212    1.11382    5.81009     30.534   -12.8338   -1.18747    23.0752   -32.8282   -2.87396   -3.73908  -0.928885    106.249
