 1.04999e-07  7.92528e-08 -0.000242588  3.69481e-07 -6.21768e-05  8.46383e-05  7.84195e-06 -6.53545e-06  1.16046e-06   0.00018951 -0.000219663  0.000100244    9.348e-05   0.00021442
 7.92528e-08  3.98777e-05 -0.000780549  -1.5836e-05 -0.000832269  -0.00286259 -7.91199e-05  0.000234246 -2.50578e-05    -0.011597  -0.00108523 -6.16351e-05   0.00139434   0.00275733
-0.000242588 -0.000780549      65.9298   -0.0140478     -11.2004     -8.66313     0.140953      1.43392   -0.0132725     -36.4919      17.8977      24.1481      -2.6205     -4.74318
 3.69481e-07  -1.5836e-05   -0.0140478   0.00223328   -0.0184154   0.00108965  -0.00342659  -0.00071588  1.60087e-05   -0.0140821   -0.0322431   -0.0283684    0.0451143    0.0179536
-6.21768e-05 -0.000832269     -11.2004   -0.0184154      20.3076      2.49685    -0.788452    -0.727267  -0.00345336      14.9688      11.5617      12.7812      2.77637     -7.95744
 8.46383e-05  -0.00286259     -8.66313   0.00108965      2.49685      53.5012    -0.581687     0.910383   -0.0938437      18.2005     -23.3827      11.5814     -2.06677     -6.62204
 7.84195e-06 -7.91199e-05     0.140953  -0.00342659    -0.788452    -0.581687      4.24323    -0.110238   0.00202236     -2.64033    -0.149919     0.165649       0.1941     0.698192
-6.53545e-06  0.000234246      1.43392  -0.00071588    -0.727267     0.910383    -0.110238       5.4099   0.00644696      2.97771    -0.356583      2.07892    -0.975909      1.00448
 1.16046e-06 -2.50578e-05   -0.0132725  1.60087e-05  -0.00345336   -0.0938437   0.00202236   0.00644696    0.0076404   -0.0727263    0.0475417   -0.0415491   -0.0693927    0.0249221
  0.00018951    -0.011597     -36.4919   -0.0140821      14.9688      18.2005     -2.64033      2.97771   -0.0727263      4715.48      20.5031      11.7435      4.63085     -6.58221
-0.000219663  -0.00108523      17.8977   -0.0322431      11.5617     -23.3827    -0.149919    -0.356583    0.0475417      20.5031      60.2204      3.58312      -4.6848       -19.62
 0.000100244 -6.16351e-05      24.1481   -0.0283684      12.7812      11.5814     0.165649      2.07892   -0.0415491      11.7435      3.58312      74.9472     0.699353      7.53712
   9.348e-05   0.00139434      -2.6205    0.0451143      2.77637     -2.06677       0.1941    -0.975909   -0.0693927      4.63085      -4.6848     0.699353      313.318      4.37608
  0.00021442   0.00275733     -4.74318    0.0179536     -7.95744     -6.62204     0.698192      1.00448    0.0249221     -6.58221       -19.62      7.53712      4.37608      29.3964
