 5.84003e-07  4.58319e-07 -0.000567223  1.75203e-06 -0.000146456  0.000193666  2.22418e-05 -1.91666e-05  5.75361e-06  0.000312123 -0.000538001  0.000236062  0.000115309  0.000515148
 4.58319e-07  0.000242497   -0.0018605 -7.65898e-05  -0.00212926  -0.00705462  -0.00025051  0.000725023 -0.000131044    -0.019902  -0.00270859 -7.76036e-05   0.00183869   0.00680736
-0.000567223   -0.0018605      65.9732   -0.0275277     -11.2437     -9.36624     0.190008      1.79463   -0.0283599     -25.4425      18.4738      24.2613     -1.39077       -4.361
 1.75203e-06 -7.65898e-05   -0.0275277   0.00861296   -0.0364714   0.00202637  -0.00864037  -0.00175778  6.47563e-05   -0.0192669   -0.0638391   -0.0558589     0.047461    0.0352047
-0.000146456  -0.00212926     -11.2437   -0.0364714      20.3725      3.24761     -1.01206    -0.896486  -0.00837954      10.6333      11.7357      13.3438      1.44579      -8.3161
 0.000193666  -0.00705462     -9.36624   0.00202637      3.24761      53.7501    -0.777143      1.11082    -0.196781      12.7501     -23.8864      11.0339     -1.03293     -6.54226
 2.22418e-05  -0.00025051     0.190008  -0.00864037     -1.01206    -0.777143      6.99672    -0.177028   0.00547575     -2.36092    -0.218602     0.191397     0.133512     0.912612
-1.91666e-05  0.000725023      1.79463  -0.00175778    -0.896486      1.11082    -0.177028      8.45947    0.0169949       2.5931    -0.493842      2.58126    -0.653841      1.28148
 5.75361e-06 -0.000131044   -0.0283599  6.47563e-05  -0.00837954    -0.196781   0.00547575    0.0169949    0.0337945    -0.106193     0.100575   -0.0856557   -0.0782758    0.0523972
 0.000312123    -0.019902     -25.4425   -0.0192669      10.6333      12.7501     -2.36092       2.5931    -0.106193      2286.03      13.5886      7.90224      1.72889     -4.47383
-0.000538001  -0.00270859      18.4738   -0.0638391      11.7357     -23.8864    -0.218602    -0.493842     0.100575      13.5886      60.2574      3.64696     -2.44559     -19.7998
 0.000236062 -7.76036e-05      24.2613   -0.0558589      13.3438      11.0339     0.191397      2.58126   -0.0856557      7.90224      3.64696      75.0637     0.474527      7.92606
 0.000115309   0.00183869     -1.39077     0.047461      1.44579     -1.03293     0.133512    -0.653841   -0.0782758      1.72889     -2.44559     0.474527       89.918      2.29494
 0.000515148   0.00680736       -4.361    0.0352047      -8.3161     -6.54226     0.912612      1.28148    0.0523972     -4.47383     -19.7998      7.92606      2.29494      29.4153
