 0.000125976  4.23417e-05  -0.00797187  0.000101648   -0.0021818   0.00249126  0.000570164 -0.000176691  0.000402297   0.00205173  -0.00870496   0.00307986  6.82216e-05   0.00801483
 4.23417e-05    0.0100304  -0.00777557  -0.00191367   -0.0165479   -0.0499316  -0.00215847    0.0072542  -0.00394405   -0.0622289   -0.0164078  -0.00255978    0.0241733    0.0432887
 -0.00797187  -0.00777557      67.1679    -0.111634     -11.9192     -10.5159     0.543039      2.87479    -0.155333     -11.8365      20.8064      25.9461     -5.44664     -3.81523
 0.000101648  -0.00191367    -0.111634     0.126471    -0.147676   0.00918594    -0.055123   -0.0100889   0.00123266   -0.0342102    -0.246152    -0.216628    0.0741822     0.137507
  -0.0021818   -0.0165479     -11.9192    -0.147676      21.2588      5.35564     -1.77932      -1.2789    -0.041989      5.61944       12.631       15.555    -0.573389     -9.69945
  0.00249126   -0.0499316     -10.5159   0.00918594      5.35564      56.4091     -1.58012      1.64673    -0.955601      5.89468     -25.7184      9.34308     -14.6581     -6.41934
 0.000570164  -0.00215847     0.543039    -0.055123     -1.77932     -1.58012      20.3083    -0.457279      0.04282     -1.90964    -0.486883     0.251983    0.0187785      1.73656
-0.000176691    0.0072542      2.87479   -0.0100889      -1.2789      1.64673    -0.457279      19.6742     0.112744      1.78859     -1.01311      3.88649     -1.23427      2.10736
 0.000402297  -0.00394405    -0.155333   0.00123266    -0.041989    -0.955601      0.04282     0.112744     0.758337    -0.247734     0.478389    -0.405863     0.296963     0.256789
  0.00205173   -0.0622289     -11.8365   -0.0342102      5.61944      5.89468     -1.90964      1.78859    -0.247734      514.085      5.68806       3.0532     -4.52702     -1.86134
 -0.00870496   -0.0164078      20.8064    -0.246152       12.631     -25.7184    -0.486883     -1.01311     0.478389      5.68806      61.6547      2.79517     -4.80666     -20.1591
  0.00307986  -0.00255978      25.9461    -0.216628       15.555      9.34308     0.251983      3.88649    -0.405863       3.0532      2.79517      78.1138     -7.10288      9.55565
 6.82216e-05    0.0241733     -5.44664    0.0741822    -0.573389     -14.6581    0.0187785     -1.23427     0.296963     -4.52702     -4.80666     -7.10288      16.0189      11.1362
  0.00801483    0.0432887     -3.81523     0.137507     -9.69945     -6.41934      1.73656      2.10736     0.256789     -1.86134     -20.1591      9.55565      11.1362      30.6281
