     44.7172      1.01941     -4.55787     0.259944    -0.819757    -0.811619     0.318611     -2.93375     0.439319     -0.12433     0.838031  -0.00192237   -0.0643952      -2.3998     -2.27013
     1.01941      56.7726      -9.6245     0.756685      5.02531     0.150201      6.65044     -4.77525      1.48305     -1.18572     -23.8216   0.00258471    -0.252973       1.2926      -9.6283
    -4.55787      -9.6245      61.8007       1.1694      3.37043      1.00909      -10.538      2.07738    -0.416599     -2.36031     -20.1881 -5.80802e-05      0.71127    -0.978897     -9.72926
    0.259944     0.756685       1.1694      12.6911     0.571541     0.882605     -0.47278     -1.26128     0.134837     -1.37583    -0.839389 -0.000532478     0.108303     -2.21057    -0.599427
   -0.819757      5.02531      3.37043     0.571541      35.5011    -0.727413      16.7077     -3.71927     0.778469      1.61333     -2.54783  -0.00315302     0.192142      1.93621     -2.42514
   -0.811619     0.150201      1.00909     0.882605    -0.727413       35.193      1.72069      1.77812     0.100564     0.165874      -3.3276  -0.00083658    0.0352181    0.0887722      7.40378
    0.318611      6.65044      -10.538     -0.47278      16.7077      1.72069      25.7646     -1.21732     0.549474      3.05178     -6.49373  -0.00306299   -0.0115827     0.633089      24.5368
    -2.93375     -4.77525      2.07738     -1.26128     -3.71927      1.77812     -1.21732      378.031     0.393786     0.320915     -2.94358    0.0127876     -0.25743    -0.874435      8.31306
    0.439319      1.48305    -0.416599     0.134837     0.778469     0.100564     0.549474     0.393786       6.3951   0.00694163    -0.602104  0.000295273    0.0334594    0.0534399     -1.21419
    -0.12433     -1.18572     -2.36031     -1.37583      1.61333     0.165874      3.05178     0.320915   0.00694163      21.4201     -1.67758  -0.00156607    0.0484287    0.0602755      3.70426
    0.838031     -23.8216     -20.1881    -0.839389     -2.54783      -3.3276     -6.49373     -2.94358    -0.602104     -1.67758      45.8927   0.00411342    -0.174776    0.0927475     -25.1882
 -0.00192237   0.00258471 -5.80802e-05 -0.000532478  -0.00315302  -0.00083658  -0.00306299    0.0127876  0.000295273  -0.00156607   0.00411342  9.30084e-05  2.52913e-05 -0.000924293   -0.0103717
  -0.0643952    -0.252973      0.71127     0.108303     0.192142    0.0352181   -0.0115827     -0.25743    0.0334594    0.0484287    -0.174776  2.52913e-05     0.604338   -0.0241967    -0.260805
     -2.3998       1.2926    -0.978897     -2.21057      1.93621    0.0887722     0.633089    -0.874435    0.0534399    0.0602755    0.0927475 -0.000924293   -0.0241967      15.8353     -0.87502
    -2.27013      -9.6283     -9.72926    -0.599427     -2.42514      7.40378      24.5368      8.31306     -1.21419      3.70426     -25.1882   -0.0103717    -0.260805     -0.87502      88.0466
