    30.0095     5.50815    -22.6556    0.239416    -3.06505    -2.60847    -10.6957     -1.4735    0.945596    0.866452      17.049   0.0633913    -1.86455    0.245958    -25.6513
    5.50815     61.3811    -12.3918   -0.786549     6.80669    0.186236     10.0433    -2.51182     3.01915    -12.7264     -28.126   0.0989323    -1.36506     2.19324    -8.94456
   -22.6556    -12.3918     65.5246     5.22318     3.07093    0.512514    -12.4401    0.901273   -0.524062    -8.87202    -21.3324 -0.00521897     4.77651    -1.72391    -14.9923
   0.239416   -0.786549     5.22318     132.733      1.4613     1.75299    -2.22444    -1.41233    -34.0909    -5.64281     -2.3426  -0.0930015     0.13052    -9.91202     -1.8145
   -3.06505     6.80669     3.07093      1.4613     38.2929   -0.429633       19.42    -2.06803     1.52507     3.27294    -3.75561   -0.130528     1.25135     3.35284   -0.396385
   -2.60847    0.186236    0.512514     1.75299   -0.429633     21.0722      1.4505    0.637571     0.16407    0.366958    -2.87089  -0.0488019    0.184172   0.0316589     5.72654
   -10.6957     10.0433    -12.4401    -2.22444       19.42      1.4505     28.1013   -0.997903     1.11032     7.96624    -8.95474   -0.137481  -0.0767272     1.02755     27.8218
    -1.4735    -2.51182    0.901273    -1.41233    -2.06803    0.637571   -0.997903     82.2563    0.714932     0.76719    -1.06309    0.232092   -0.756098    -0.58982     3.33901
   0.945596     3.01915   -0.524062    -34.0909     1.52507     0.16407     1.11032    0.714932     24.6615    0.136956    -1.06467   0.0261919    0.262936    0.197176    -2.34469
   0.866452    -12.7264    -8.87202    -5.64281     3.27294    0.366958     7.96624     0.76719    0.136956      19.583     2.70028   -0.122634    0.248632   -0.358094     15.6218
     17.049     -28.126    -21.3324     -2.3426    -3.75561    -2.87089    -8.95474    -1.06309    -1.06467     2.70028     49.2794    0.155923    -1.35165   -0.192937    -29.2473
  0.0633913   0.0989323 -0.00521897  -0.0930015   -0.130528  -0.0488019   -0.137481    0.232092   0.0261919   -0.122634    0.155923    0.144544 -0.00683545  -0.0636502   -0.438448
   -1.86455    -1.36506     4.77651     0.13052     1.25135    0.184172  -0.0767272   -0.756098    0.262936    0.248632    -1.35165 -0.00683545     24.2915   -0.249036    -1.57536
   0.245958     2.19324    -1.72391    -9.91202     3.35284   0.0316589     1.02755    -0.58982    0.197176   -0.358094   -0.192937  -0.0636502   -0.249036     47.3852    -1.71009
   -25.6513    -8.94456    -14.9923     -1.8145   -0.396385     5.72654     27.8218     3.33901    -2.34469     15.6218    -29.2473   -0.438448    -1.57536    -1.71009     95.2237
