    31.9145    0.986178      -4.244    0.320276   -0.495145   -0.601209    0.360735    -1.73957    0.463918   -0.115453     1.01117  -0.0101216   -0.130238     -2.6658    -1.97116
   0.986178     57.0685    -10.6732     1.01582     5.63859    0.114194     7.83007    -3.36994     2.02084   -0.973791    -24.9172   0.0154524   -0.593975     1.74336    -9.12193
     -4.244    -10.6732      62.141     1.76569     3.23866     0.72106    -11.3327     1.45426   -0.526238    -2.23687    -20.1933 9.66339e-05     1.72377    -1.31203    -11.5178
   0.320276     1.01582     1.76569     26.7244    0.819695      1.0486   -0.657829    -1.29837    0.257749    -1.95484    -1.24573 -0.00488319    0.374907    -4.26925   -0.846549
  -0.495145     5.63859     3.23866    0.819695     35.6324   -0.576588     17.4475    -2.62606     1.02759     1.56743    -3.03433  -0.0199077    0.456812     2.57844      -1.448
  -0.601209    0.114194     0.72106      1.0486   -0.576588     25.5451     1.51586     1.07163    0.113354    0.135574    -2.92489  -0.0055807   0.0734231    0.100397     6.34588
   0.360735     7.83007    -11.3327   -0.657829     17.4475     1.51586      25.905   -0.880941    0.734711     2.96444    -7.33913  -0.0199901  -0.0468368    0.917808     25.1058
   -1.73957    -3.36994     1.45426    -1.29837    -2.62606     1.07163   -0.880941     186.207    0.365946    0.214782    -2.00331   0.0560112   -0.433988   -0.815447     5.81034
   0.463918     2.02084   -0.526238    0.257749     1.02759    0.113354    0.734711    0.365946     11.2138  0.00781628   -0.780919  0.00243426    0.106468   0.0941258    -1.58873
  -0.115453   -0.973791    -2.23687    -1.95484     1.56743    0.135574     2.96444    0.214782  0.00781628     20.2441    -1.53925 -0.00949302    0.112522   0.0761088     3.67723
    1.01117    -24.9172    -20.1933    -1.24573    -3.03433    -2.92489    -7.33913    -2.00331   -0.780919    -1.53925     46.0326   0.0255722   -0.412479    0.108629    -25.9656
 -0.0101216   0.0154524 9.66339e-05 -0.00488319  -0.0199077  -0.0055807  -0.0199901   0.0560112  0.00243426 -0.00949302   0.0255722  0.00360599 0.000373765 -0.00765251  -0.0655487
  -0.130238   -0.593975     1.72377    0.374907    0.456812   0.0734231  -0.0468368   -0.433988    0.106468    0.112522   -0.412479 0.000373765     3.46557  -0.0769954   -0.642297
    -2.6658     1.74336    -1.31203    -4.26925     2.57844    0.100397    0.917808   -0.815447   0.0941258   0.0761088    0.108629 -0.00765251  -0.0769954     27.9936    -1.09122
   -1.97116    -9.12193    -11.5178   -0.846549      -1.448     6.34588     25.1058     5.81034    -1.58873     3.67723    -25.9656  -0.0655487   -0.642297    -1.09122     88.7525
