     85.7445   -0.0409043       1.0127   0.00382118     -7.12585     -20854.4     -67.0515      4.05228     -3.61025     -1.92706      34.1831     0.537966      2.29411     0.077642     -2.27605
  -0.0409043      16.4406     -6.51093  0.000858344     -4.17285      12218.9       -17.64      5.67742     -1.66349     -1.72199     -4.23065     -5.64142       3.8428   -0.0474254   -0.0933406
      1.0127     -6.51093      28.8359  -0.00501241     -3.17573       4717.4       34.877      2.28726       1.7349      2.02199      16.3188     -3.38489     -10.8933    0.0473225     -1.17115
  0.00382118  0.000858344  -0.00501241  0.000115044 -0.000657674     -2359.76   -0.0300369   0.00475751  -0.00164464  -0.00013448    0.0192659   0.00445589    0.0015664   5.2626e-05  -0.00186576
    -7.12585     -4.17285     -3.17573 -0.000657674      223.714     -20262.5      -14.883     -2.45893    -0.949816   -0.0432222     -6.86141      3.54167      -1.9767     0.125931      1.09584
    -20854.4      12218.9       4717.4     -2359.76     -20262.5   7.4951e+11 -5.43335e+06      1797.43       220965       261118  2.85105e+06     -25639.4     -12475.5     -5888.79      -116190
    -67.0515       -17.64       34.877   -0.0300369      -14.883 -5.43335e+06      4595.17     0.337789      2.92932     -1.55795     -143.575      -28.167     -13.6716     0.474614      31.6073
     4.05228      5.67742      2.28726   0.00475751     -2.45893      1797.43     0.337789      20.4296     -1.86386     -2.51319     -2.24675   -0.0160963    -0.508848    -0.132153     -1.52224
    -3.61025     -1.66349       1.7349  -0.00164464    -0.949816       220965      2.92932     -1.86386      33.2383     0.540685     -19.8757      2.37776      1.71339    -0.082775   -0.0170497
    -1.92706     -1.72199      2.02199  -0.00013448   -0.0432222       261118     -1.55795     -2.51319     0.540685      25.1404      10.6873     0.978898     0.207876   -0.0359973    -0.833095
     34.1831     -4.23065      16.3188    0.0192659     -6.86141  2.85105e+06     -143.575     -2.24675     -19.8757      10.6873      10645.7     0.572002     -17.6354     -0.38445     -24.9553
    0.537966     -5.64142     -3.38489   0.00445589      3.54167     -25639.4      -28.167   -0.0160963      2.37776     0.978898     0.572002       31.315     -5.70027    -0.179093     0.112634
     2.29411       3.8428     -10.8933    0.0015664      -1.9767     -12475.5     -13.6716    -0.508848      1.71339     0.207876     -17.6354     -5.70027      15.4392   0.00356671     0.504204
    0.077642   -0.0474254    0.0473225   5.2626e-05     0.125931     -5888.79     0.474614    -0.132153    -0.082775   -0.0359973     -0.38445    -0.179093   0.00356671     0.254305   0.00365946
    -2.27605   -0.0933406     -1.17115  -0.00186576      1.09584      -116190      31.6073     -1.52224   -0.0170497    -0.833095     -24.9553     0.112634     0.504204   0.00365946      30.6563
