    0.390344      1.46835    0.0488887    0.0135786    -0.057555  1.19793e-06   -0.0742862  7.19687e-07   -0.0866065 -9.34983e-05  2.24149e-06   -0.0854484 -8.06803e-05   -0.0346057     0.150013
     1.46835      731.323      1.62163     -6.26999      2.35394  0.000494386      8.10036  0.000245859      15.9927   -0.0263155 -2.99984e-05      8.86184   -0.0517192    -0.260968     0.699738
   0.0488887      1.62163      6.33683     0.808824    -0.765485  2.27349e-05      0.30017  1.19056e-05     0.412523   0.00137875  1.79386e-05    -0.710896    0.0021637     0.311562    -0.408281
   0.0135786     -6.26999     0.808824      29.8127      5.44365    2.954e-05      1.80649 -2.96884e-05      4.01831   -0.0107675 -0.000250345     -13.0697  -0.00873427    -0.615877     -7.49819
   -0.057555      2.35394    -0.765485      5.44365      25.6519  7.69552e-05     0.916995 -1.74295e-05     -7.79644   0.00411215  7.64221e-05      11.4592   0.00210439     -6.54457     0.392236
 1.19793e-06  0.000494386  2.27349e-05    2.954e-05  7.69552e-05  3.33065e-08    2.566e-06  1.49766e-09  0.000145727  1.11833e-07   1.6002e-09 -1.39627e-05 -3.74547e-07 -0.000148887  0.000284022
  -0.0742862      8.10036      0.30017      1.80649     0.916995    2.566e-06      9.26014 -1.42625e-05     -2.54951  -0.00249535 -1.12056e-05     -1.02128  -0.00582263    -0.203869    -0.853117
 7.19687e-07  0.000245859  1.19056e-05 -2.96884e-05 -1.74295e-05  1.49766e-09 -1.42625e-05  1.99497e-08  5.82816e-05 -6.33032e-08  1.09835e-09 -3.45253e-06 -1.74213e-08  3.38686e-05  0.000154218
  -0.0866065      15.9927     0.412523      4.01831     -7.79644  0.000145727     -2.54951  5.82816e-05      53.0792   -0.0248874   -0.0002376     -3.36612   -0.0242285    -0.106027     -6.47587
-9.34983e-05   -0.0263155   0.00137875   -0.0107675   0.00411215  1.11833e-07  -0.00249535 -6.33032e-08   -0.0248874   0.00195822  5.72168e-07   0.00422357 -1.71231e-05  -0.00695608            0
 2.24149e-06 -2.99984e-05  1.79386e-05 -0.000250345  7.64221e-05   1.6002e-09 -1.12056e-05  1.09835e-09   -0.0002376  5.72168e-07  1.28278e-07 -0.000108501 -3.42391e-08   2.6585e-05 -0.000503284
  -0.0854484      8.86184    -0.710896     -13.0697      11.4592 -1.39627e-05     -1.02128 -3.45253e-06     -3.36612   0.00422357 -0.000108501      24.7031  -0.00588985      4.56198      2.06951
-8.06803e-05   -0.0517192    0.0021637  -0.00873427   0.00210439 -3.74547e-07  -0.00582263 -1.74213e-08   -0.0242285 -1.71231e-05 -3.42391e-08  -0.00588985   0.00222505   -0.0381685            0
  -0.0346057    -0.260968     0.311562    -0.615877     -6.54457 -0.000148887    -0.203869  3.38686e-05    -0.106027  -0.00695608   2.6585e-05      4.56198   -0.0381685      27.3007     -3.39538
    0.150013     0.699738    -0.408281     -7.49819     0.392236  0.000284022    -0.853117  0.000154218     -6.47587            0 -0.000503284      2.06951            0     -3.39538      566.942
