   109.643    3.62266    4.75994   -19.1288   -21.7726   0.032319   -6.16753    15.2852    3.98394   0.209929    1.85247   0.480896     3.7556    0.71327   -5.22261
   3.62266    22.1969   -8.47544    5.43713   -14.8175  -0.491059   -1.43496    12.6922    -1.0394   -5.28218  -0.140841   -9.92363    12.1539  -0.661499    2.44685
   4.75994   -8.47544    33.8895    1.81698    9.83245   0.227377    2.67218    4.31734   -4.80609     2.0109   0.641096     -9.549   -18.1997   0.682959   -12.1897
  -19.1288    5.43713    1.81698    25.3411   -3.96431   -4.64199    2.22134    16.2278   -4.59717   -1.67179  -0.227935    7.28264   -4.86604   -1.76133   -4.32306
  -21.7726   -14.8175    9.83245   -3.96431    17.9324   -0.43549    2.14099   -12.9356   -1.07911    3.97007 0.00553166    1.86647   -10.1735   0.873515   -1.16431
  0.032319  -0.491059   0.227377   -4.64199   -0.43549    1066.78   -19.4732  -0.535563   -1.22901  -0.294594    5.57189   -1.32183  -0.308457   -2.36694   0.258172
  -6.16753   -1.43496    2.67218    2.22134    2.14099   -19.4732     34.493  0.0796461  -0.772077  0.0273663  -0.577644   -2.67154   -2.03248    0.40008   -1.20119
   15.2852    12.6922    4.31734    16.2278   -12.9356  -0.535563  0.0796461    25.4485    -2.2097   -3.11646  0.0402929 -0.0467826   0.210438   -1.22422   -7.32934
   3.98394    -1.0394   -4.80609   -4.59717   -1.07911   -1.22901  -0.772077    -2.2097    7.53051    2.31447  -0.521386    1.03059    4.36781  0.0264897    2.49966
  0.209929   -5.28218     2.0109   -1.67179    3.97007  -0.294594  0.0273663   -3.11646    2.31447     9.1465  0.0268207    7.34184   -3.09306  -0.331314    0.88266
   1.85247  -0.140841   0.641096  -0.227935 0.00553166    5.57189  -0.577644  0.0402929  -0.521386  0.0268207    24.2244  -0.126411  -0.475826   -0.17652  -0.603647
  0.480896   -9.92363     -9.549    7.28264    1.86647   -1.32183   -2.67154 -0.0467826    1.03059    7.34184  -0.126411    37.4449   -9.28921   -1.61603     3.0157
    3.7556    12.1539   -18.1997   -4.86604   -10.1735  -0.308457   -2.03248   0.210438    4.36781   -3.09306  -0.475826   -9.28921    20.6468   0.145973     7.1691
   0.71327  -0.661499   0.682959   -1.76133   0.873515   -2.36694    0.40008   -1.22422  0.0264897  -0.331314   -0.17652   -1.61603   0.145973    22.1352 -0.0249086
  -5.22261    2.44685   -12.1897   -4.32306   -1.16431   0.258172   -1.20119   -7.32934    2.49966    0.88266  -0.603647     3.0157     7.1691 -0.0249086    9.13324
