   99.4793    2.28556    3.64087   0.771912   -15.3567   0.597225   -10.7693     11.568  -0.397716   0.772451    2.99853   0.578359    3.76174   0.391157   -1.67879
   2.28556    19.8778   -8.54511   0.390212   -12.0741   -2.53461   -2.12006    10.9441  -0.759917   -3.26641  -0.615946   -9.19379    10.6556  -0.255483    1.18017
   3.64087   -8.54511    31.5984  -0.939494    8.97715  -0.667299    4.92863     3.9051   0.478584   0.914738    1.34037   -7.92382   -16.9203   0.265245    -2.1627
  0.771912   0.390212  -0.939494    5.12295  -0.738726   -140.261   -0.62381    1.09072  -0.117553   0.121132   0.452124    1.08934    0.23963  0.0548256  -0.285589
  -15.3567   -12.0741    8.97715  -0.738726    15.9598    5.89476    3.03509   -10.6033   0.538854    2.56489   0.184642    1.96194   -8.07884   0.492573    -1.1851
  0.597225   -2.53461  -0.667299   -140.261    5.89476      60929   -231.517   -8.24296    27.3763  -0.140285     69.566   -2.82575   -2.20712   -8.60526    -31.637
  -10.7693   -2.12006    4.92863   -0.62381    3.03509   -231.517    98.8662  0.0861061   0.201172   0.162487   -1.75832   -4.37935   -3.17943   0.426652    2.42257
    11.568    10.9441     3.9051    1.09072   -10.6033   -8.24296  0.0861061     23.504  -0.507296   -2.52937   0.182107 0.00862404  -0.551661  -0.739119   -1.13122
 -0.397716  -0.759917   0.478584  -0.117553   0.538854    27.3763   0.201172  -0.507296    4.58929    1.63573  -0.274238   0.243005   0.582211  -0.143763  0.0241857
  0.772451   -3.26641   0.914738   0.121132    2.56489  -0.140285   0.162487   -2.52937    1.63573    8.32068  -0.200241    4.19873  -0.101001  -0.232464 -0.0878183
   2.99853  -0.615946    1.34037   0.452124   0.184642     69.566   -1.75832   0.182107  -0.274238  -0.200241    80.8715 -0.0366917   -1.47227  -0.158209   -1.05688
  0.578359   -9.19379   -7.92382    1.08934    1.96194   -2.82575   -4.37935 0.00862404   0.243005    4.19873 -0.0366917    34.6051   -8.37731   -1.05779   0.417045
   3.76174    10.6556   -16.9203    0.23963   -8.07884   -2.20712   -3.17943  -0.551661   0.582211  -0.101001   -1.47227   -8.37731    18.5574   0.209031    1.79465
  0.391157  -0.255483   0.265245  0.0548256   0.492573   -8.60526   0.426652  -0.739119  -0.143763  -0.232464  -0.158209   -1.05779   0.209031    7.55743   -0.12441
  -1.67879    1.18017    -2.1627  -0.285589    -1.1851    -31.637    2.42257   -1.13122  0.0241857 -0.0878183   -1.05688   0.417045    1.79465   -0.12441    15.3785
