    94.5042     1.51172     2.92485    0.206828     -6.4944    -149.678    -17.2892     9.11061      -1.083  -0.0709515     5.78934     0.64011     3.70344    0.273269    -2.28284
    1.51172     18.6813    -8.82185   0.0958932    -5.11958     70.9962    -3.56909     9.77198   -0.870826    -1.85741    -1.13666    -8.66922     9.28584   -0.174922    0.472352
    2.92485    -8.82185     30.5093   -0.265679     2.32298     8.45499     8.38902     3.40446     1.14272    0.625569      2.6218    -6.68272    -15.7815    0.167795     -1.4475
   0.206828   0.0958932   -0.265679    0.350051   -0.032893    -282.919   -0.273948        0.27  -0.0292597   0.0441669    0.222214    0.281632   0.0708216  0.00984611   -0.116525
    -6.4944    -5.11958     2.32298   -0.032893     52.6241     528.877   -0.181439    -3.42101    -2.02373     1.45886    -1.14894     2.18937      -2.879    0.365842    -2.02466
   -149.678     70.9962     8.45499    -282.919     528.877 3.55127e+06    -2966.02     59.5798     316.696     16.0267     1045.99    -88.9088    -16.4912    -41.2627    -154.407
   -17.2892    -3.56909     8.38902   -0.273948   -0.181439    -2966.02     281.451     0.23252    0.730672   0.0446754    -6.01445    -7.43404    -4.70443    0.418369     6.96457
    9.11061     9.77198     3.40446        0.27    -3.42101     59.5798     0.23252     22.3897   -0.678844    -1.25339    0.318474  -0.0133854   -0.904291   -0.488197    -1.45517
     -1.083   -0.870826     1.14272  -0.0292597    -2.02373     316.696    0.730672   -0.678844     10.9992     1.39198   -0.910014    0.439987    0.425166   -0.205762   0.0415955
 -0.0709515    -1.85741    0.625569   0.0441669     1.45886     16.0267   0.0446754    -1.25339     1.39198     6.71139   0.0587837     1.87159     1.12335  -0.0891406   -0.773424
    5.78934    -1.13666      2.6218    0.222214    -1.14894     1045.99    -6.01445    0.318474   -0.910014   0.0587837     317.548  -0.0234046    -3.08053   -0.246886    -4.10922
    0.64011    -8.66922    -6.68272    0.281632     2.18937    -88.9088    -7.43404  -0.0133854    0.439987     1.87159  -0.0234046     33.5958    -7.76364    -0.67425    0.129309
    3.70344     9.28584    -15.7815   0.0708216      -2.879    -16.4912    -4.70443   -0.904291    0.425166     1.12335    -3.08053    -7.76364     17.6319    0.113288     1.33851
   0.273269   -0.174922    0.167795  0.00984611    0.365842    -41.2627    0.418369   -0.488197   -0.205762  -0.0891406   -0.246886    -0.67425    0.113288     3.21579  -0.0548504
   -2.28284    0.472352     -1.4475   -0.116525    -2.02466    -154.407     6.96457    -1.45517   0.0415955   -0.773424    -4.10922    0.129309     1.33851  -0.0548504     27.5991
