     86.4327      0.37991      1.56572      0.02017     -5.83157     -2526.55     -36.4441      5.64881     -3.44421     -1.41075      16.4865     0.654649      2.64656      0.12201     -2.27611
     0.37991      16.7366     -7.78016   0.00802875     -3.11963      1519.65     -8.88525       7.3556     -2.02974     -1.51258     -2.86949      -6.9909      6.13644   -0.0823521    -0.164948
     1.56572     -7.78016      28.6488   -0.0253922     -2.77467      500.605      18.7638      2.66773      1.65422      1.39217      7.60966     -4.59749     -12.9393    0.0808426     -1.14455
     0.02017   0.00802875   -0.0253922   0.00294213  -0.00267884     -1537.91   -0.0825689    0.0241962  -0.00772377 -0.000472733    0.0467143    0.0230882    0.0091061  0.000446929  -0.00914558
    -5.83157     -3.11963     -2.77467  -0.00267884      145.088     -2038.38     -6.51818     -1.99733    -0.703757   -0.0243593     -2.65107      2.80944     -1.26114     0.170277     0.855527
    -2526.55      1519.65      500.605     -1537.91     -2038.38  1.24884e+10      -381694      204.617        26480      23379.9       172569     -3164.72     -942.767     -1242.71       -14365
    -36.4441     -8.88525      18.7638   -0.0825689     -6.51818      -381694      1359.12     0.076929      1.47856    -0.589276     -37.4657     -15.8905     -8.41925     0.433385      16.6632
     5.64881       7.3556      2.66773    0.0241962     -1.99733      204.617     0.076929      20.5287     -1.77312     -1.74651     -0.90625    0.0509404    -0.755556    -0.219922     -1.50243
    -3.44421     -2.02974      1.65422  -0.00772377    -0.703757        26480      1.47856     -1.77312      28.7149      0.34431     -8.87417      2.21619     0.865641    -0.129032   -0.0151384
    -1.41075     -1.51258      1.39217 -0.000472733   -0.0243593      23379.9    -0.589276     -1.74651      0.34431      12.1765      3.56784     0.654732    -0.172622   -0.0420528    -0.562079
     16.4865     -2.86949      7.60966    0.0467143     -2.65107       172569     -37.4657     -0.90625     -8.87417      3.56784      2450.51    0.0317996     -8.26024    -0.309722     -11.6059
    0.654649      -6.9909     -4.59749    0.0230882      2.80944     -3164.72     -15.8905    0.0509404      2.21619     0.654732    0.0317996      31.3298     -6.53568    -0.303776       0.1286
     2.64656      6.13644     -12.9393    0.0091061     -1.26114     -942.767     -8.41925    -0.755556     0.865641    -0.172622     -8.26024     -6.53568      15.8417    0.0197153     0.554352
     0.12201   -0.0823521    0.0808426  0.000446929     0.170277     -1242.71     0.433385    -0.219922    -0.129032   -0.0420528    -0.309722    -0.303776    0.0197153     0.716965   0.00596631
    -2.27611    -0.164948     -1.14455  -0.00914558     0.855527       -14365      16.6632     -1.50243   -0.0151384    -0.562079     -11.6059       0.1286     0.554352   0.00596631      28.8071
