     85.9247    0.0549385      1.16962   0.00629698     -6.70688     -13208.9     -55.8198      4.49854     -3.54678     -1.75289      27.4536     0.573111      2.42349     0.089097     -2.27482
   0.0549385      16.4992     -6.96671   0.00176801      -3.8329      7894.52     -14.4098      6.20342     -1.76802     -1.67373     -3.85103     -6.09158      4.55076   -0.0561528    -0.114368
     1.16962     -6.96671      28.7864  -0.00816392     -3.04772       2865.5      28.9601       2.3968       1.6998      1.80866      12.9802     -3.73551     -11.5952    0.0556017     -1.16306
  0.00629698   0.00176801  -0.00816392   0.00030474  -0.00100302     -2492.95   -0.0406972   0.00775527  -0.00261137 -0.000196381    0.0251324   0.00730393   0.00267851  0.000100106  -0.00300823
    -6.70688      -3.8329     -3.04772  -0.00100302      196.402     -12172.1     -11.6114     -2.30885    -0.868111   -0.0363305     -5.15425      3.30391     -1.73812      0.13789      1.01723
    -13208.9      7894.52       2865.5     -2492.95     -12172.1  3.15996e+11 -2.93852e+06      1156.76       140243       151953  1.48054e+06     -16466.1     -7020.03     -4453.58     -74688.4
    -55.8198     -14.4098      28.9601   -0.0406972     -11.6114 -2.93852e+06      3185.98     0.238821      2.37956     -1.16293       -95.87     -23.7082     -11.9064     0.461836      26.0731
     4.49854      6.20342       2.3968   0.00775527     -2.30885      1156.76     0.238821      20.4559     -1.82121     -2.25268     -1.71791   0.00482616    -0.583042    -0.154051     -1.51588
    -3.54678     -1.76802       1.6998  -0.00261137    -0.868111       140243      2.37956     -1.82121       31.636     0.473211     -15.5494      2.32033      1.43488   -0.0943765   -0.0165134
    -1.75289     -1.67373      1.80866 -0.000196381   -0.0363305       151953     -1.16293     -2.25268     0.473211      20.2135      7.68414     0.868506    0.0552817   -0.0377209    -0.740072
     27.4536     -3.85103      12.9802    0.0251324     -5.15425  1.48054e+06       -95.87     -1.71791     -15.5494      7.68414      6845.66      0.33926     -14.0748    -0.360283     -19.8252
    0.573111     -6.09158     -3.73551   0.00730393      3.30391     -16466.1     -23.7082   0.00482616      2.32033     0.868506      0.33926      31.3219     -6.00753    -0.209935     0.117327
     2.42349      4.55076     -11.5952   0.00267851     -1.73812     -7020.03     -11.9064    -0.583042      1.43488    0.0552817     -14.0748     -6.00753      15.5445   0.00721306     0.522103
    0.089097   -0.0561528    0.0556017  0.000100106      0.13789     -4453.58     0.461836    -0.154051   -0.0943765   -0.0377209    -0.360283    -0.209935   0.00721306     0.347312   0.00423757
    -2.27482    -0.114368     -1.16306  -0.00300823      1.01723     -74688.4      26.0731     -1.51588   -0.0165134    -0.740072     -19.8252     0.117327     0.522103   0.00423757      30.0877
