    76.5913    -1.99354    0.124321   -0.128432  -0.0012003   0.0761225    -11.3458   -0.675375    0.159471     861.498    0.194663     0.11167   -0.635836    0.457019     41.2895
   -1.99354     354.803    -3.27988    0.122751    0.499729   -0.292149     124.009     2.62075     2.77049     9512.07    0.872971   0.0918409    -1.00182   -0.765506    -13.2605
   0.124321    -3.27988     285.833    -1.07732    0.623397  -0.0746298     4.67835    0.369845    -1.42816    -2283.37    -1.00735   0.0413516    -204.296     -2.1332           0
  -0.128432    0.122751    -1.07732     1.79871   0.0159914   0.0264064    0.821313  -0.0260361  -0.0206418     266.869    0.215436  -0.0310259     1.38833    0.051736    -9.13291
 -0.0012003    0.499729    0.623397   0.0159914    0.997855 -0.00315931   0.0124116  -0.0391329   0.0394577     -315.08   0.0237935  0.00900826   -0.253699  -0.0422227    -4.25612
  0.0761225   -0.292149  -0.0746298   0.0264064 -0.00315931     0.82358   -0.284633  -0.0248742  -0.0985523     52.0976   0.0591281  -0.0308831    0.594427   -0.114538     10.0392
   -11.3458     124.009     4.67835    0.821313   0.0124116   -0.284633     3391.03    -13.4388     1.17043           0   -0.618976     1.26704    -24.7303    -3.68386           0
  -0.675375     2.62075    0.369845  -0.0260361  -0.0391329  -0.0248742    -13.4388     9.74951    0.232042    -1022.79    0.181683   0.0284826    0.436454   -0.173217           0
   0.159471     2.77049    -1.42816  -0.0206418   0.0394577  -0.0985523     1.17043    0.232042     8.45959    -26.5507    0.104598    0.029713     1.81166    0.097012      16.371
    861.498     9512.07    -2283.37     266.869     -315.08     52.0976           0    -1022.79    -26.5507 1.16917e+08    -454.758     42.4499    -2929.75     694.036           0
   0.194663    0.872971    -1.00735    0.215436   0.0237935   0.0591281   -0.618976    0.181683    0.104598    -454.758     1.64411  -0.0118842        1.46    0.177366     4.04898
    0.11167   0.0918409   0.0413516  -0.0310259  0.00900826  -0.0308831     1.26704   0.0284826    0.029713     42.4499  -0.0118842    0.454127  -0.0808864    0.136552     -2.2023
  -0.635836    -1.00182    -204.296     1.38833   -0.253699    0.594427    -24.7303    0.436454     1.81166    -2929.75        1.46  -0.0808864     313.637     2.21537           0
   0.457019   -0.765506     -2.1332    0.051736  -0.0422227   -0.114538    -3.68386   -0.173217    0.097012     694.036    0.177366    0.136552     2.21537     13.1893    -18.9124
    41.2895    -13.2605           0    -9.13291    -4.25612     10.0392           0           0      16.371           0     4.04898     -2.2023           0    -18.9124     54591.8
