     86.499    -1.86967     0.11282   -0.231729 -0.00197886    0.135079    -6.96543   -0.899827    0.192343     184.712    0.314291    0.282604   -0.528648    0.571547     16.5532
   -1.86967     276.287    -2.38295    0.183855    0.684988   -0.430559     63.2157     2.89947     2.77446     1693.51      1.1703    0.192882   -0.695971   -0.794923     -4.4153
    0.11282    -2.38295     192.662    -1.50241    0.794844    -0.10285       2.226    0.381132    -1.33254    -374.726    -1.25743   0.0822198    -132.673    -2.06266           0
  -0.231729    0.183855    -1.50241     5.18361   0.0421623   0.0748029    0.803008  -0.0517266   -0.039795     91.3896     0.55937   -0.123279     1.86539    0.103451    -5.85258
-0.00197886    0.684988    0.794844   0.0421623      2.4089 -0.00820038   0.0111391  -0.0762276   0.0695736    -98.7683   0.0561605   0.0333315   -0.311719   -0.077203     -2.4948
   0.135079   -0.430559    -0.10285   0.0748029 -0.00820038      2.2969   -0.274623   -0.052081   -0.186772     17.5386    0.150009   -0.122808    0.783307   -0.225096     6.32499
   -6.96543     63.2157       2.226    0.803008   0.0111391   -0.274623     1131.64    -9.73288    0.767309           0   -0.543192     1.74302    -11.2773    -2.50445           0
  -0.899827     2.89947    0.381132  -0.0517266  -0.0762276   -0.052081    -9.73288     15.3238    0.330122    -258.707     0.34604   0.0850454    0.431075   -0.255557           0
   0.192343     2.77446    -1.33254   -0.039795   0.0695736   -0.186772    0.767309    0.330122     10.8947    -6.08061    0.180319   0.0803003     1.62253    0.129554     7.00912
    184.712     1693.51    -374.726     91.3896    -98.7683     17.5386           0    -258.707    -6.08061 4.75896e+06    -139.381      20.392    -467.445     164.785           0
   0.314291      1.1703    -1.25743     0.55937   0.0561605    0.150009   -0.543192     0.34604    0.180319    -139.381     3.79431  -0.0429661     1.75105    0.317073     2.32037
   0.282604    0.192882   0.0822198   -0.123279   0.0333315   -0.122808     1.74302   0.0850454   0.0803003      20.392  -0.0429661      2.5754   -0.151687     0.38267    -1.97858
  -0.528648   -0.695971    -132.673     1.86539   -0.311719    0.783307    -11.2773    0.431075     1.62253    -467.445     1.75105   -0.151687     195.455     2.05811           0
   0.571547   -0.794923    -2.06266    0.103451   -0.077203   -0.225096    -2.50445   -0.255557    0.129554     164.785    0.317073     0.38267     2.05811     18.2654     -8.3964
    16.5532     -4.4153           0    -5.85258     -2.4948     6.32499           0           0     7.00912           0     2.32037    -1.97858           0     -8.3964     7769.89
