  0.00677914  0.000214707    -0.033001   -0.0369229  -0.00150218            0  0.000608053  -0.00168899  -0.00675928 -0.000560458    0.0150733  -0.00613141    0.0344303 -9.08092e-05    0.0117138    0.0033033
 0.000214707   0.00422232  -0.00186848   -0.0543724    0.0108973      642.631  0.000215157  -0.00266096   0.00445317   0.00780601   0.00522925  -0.00645186   -0.0381418 -0.000306521    0.0173659  -0.00661426
   -0.033001  -0.00186848       190.55     -11.9256     -1.66437            0     0.183478    -0.118563     0.492447     -15.0024     -1.29894      1.65905     -3.94014   -0.0277184      5.24706     -1.01534
  -0.0369229   -0.0543724     -11.9256       303.04     -3.94142      97870.5     0.171063   -0.0888211      1.30247      -1.4564     -9.91961     -1.97989     -9.95318      0.22391      3.51399     0.191874
 -0.00150218    0.0108973     -1.66437     -3.94142      63.8426      18890.2   -0.0485372    -0.111115    -0.439664     -2.66963            0      0.47141      1.33134   0.00144933     0.836935    -0.829173
           0      642.631            0      97870.5      18890.2   3.9046e+10      6042.51      5854.25      10474.8     -18210.6            0      10897.4      -102811      -5.2198     -25153.9      -750186
 0.000608053  0.000215157     0.183478     0.171063   -0.0485372      6042.51      0.39031   -0.0221466    -0.146352     0.115125      0.17399       0.0408    0.0142957   0.00223206    -0.133929    -0.131472
 -0.00168899  -0.00266096    -0.118563   -0.0888211    -0.111115      5854.25   -0.0221466      4.09148   0.00607204     0.140367      1.44301    -0.133712     0.705638   0.00102075     0.245183    -0.160957
 -0.00675928   0.00445317     0.492447      1.30247    -0.439664      10474.8    -0.146352   0.00607204      4.52877      0.10025      2.67682     0.065454    -0.695326   0.00126441    -0.618908    -0.152451
-0.000560458   0.00780601     -15.0024      -1.4564     -2.66963     -18210.6     0.115125     0.140367      0.10025      30.4647     0.708038     0.440226    -0.132651  -0.00869404    -0.460503     0.837985
   0.0150733   0.00522925     -1.29894     -9.91961            0            0      0.17399      1.44301      2.67682     0.708038      849.137      2.95553     -5.29741     -0.17182    -0.543236      0.12189
 -0.00613141  -0.00645186      1.65905     -1.97989      0.47141      10897.4       0.0408    -0.133712     0.065454     0.440226      2.95553      17.4956    -0.368605  -0.00526201      1.47614     0.315257
   0.0344303   -0.0381418     -3.94014     -9.95318      1.33134      -102811    0.0142957     0.705638    -0.695326    -0.132651     -5.29741    -0.368605      221.721    0.0140076    0.0558507      1.50778
-9.08092e-05 -0.000306521   -0.0277184      0.22391   0.00144933      -5.2198   0.00223206   0.00102075   0.00126441  -0.00869404     -0.17182  -0.00526201    0.0140076    0.0142035    0.0472621   0.00544985
   0.0117138    0.0173659      5.24706      3.51399     0.836935     -25153.9    -0.133929     0.245183    -0.618908    -0.460503    -0.543236      1.47614    0.0558507    0.0472621      268.577   -0.0381142
   0.0033033  -0.00661426     -1.01534     0.191874    -0.829173      -750186    -0.131472    -0.160957    -0.152451     0.837985      0.12189     0.315257      1.50778   0.00544985   -0.0381142      15.3555
