   108.843   -1.66313  -0.250345  -0.709534 -0.0050505   0.381021    -2.7598   -1.55659   0.274623    10.1025   0.784338    1.65902  -0.216023   0.874826    2.94201
  -1.66313    170.495  -0.678812   0.422562    1.24819  -0.883111    17.6333    3.46432    2.76467    65.0141    2.06244   0.737605   -0.67752  -0.824259  -0.553608
 -0.250345  -0.678812    77.4873   -2.33712    1.09839  -0.196832   0.433274   0.401149    -1.0265   -7.25904   -2.06193   0.322724   -47.0834   -2.13146          0
 -0.709534   0.422562   -2.33712    38.6309   0.263217   0.529803   0.774515  -0.199104  -0.139296    12.1809    3.38587   -1.78877    3.07133   0.401371   -2.53354
-0.0050505    1.24819    1.09839   0.263217    12.7109 -0.0971955 0.00627133   -0.26817   0.202878   -11.0493   0.286698   0.517708  -0.284257   -0.24325  -0.909572
  0.381021  -0.883111  -0.196832   0.529803 -0.0971955    15.8589  -0.267129  -0.219671  -0.625593    2.99085   0.877104   -1.56172    1.52023  -0.794014    2.63812
   -2.7598    17.6333   0.433274   0.774515 0.00627133  -0.267129    142.768   -5.30699   0.346012          0  -0.430629    3.13149   -2.79531   -1.21838          0
  -1.55659    3.46432   0.401149  -0.199104   -0.26817  -0.219671   -5.30699    36.0846   0.650302   -19.4899    1.17674   0.694354   0.543597  -0.535984          0
  0.274623    2.76467    -1.0265  -0.139296   0.202878  -0.625593   0.346012   0.650302    17.5627  -0.370922   0.504713   0.533158    1.26471   0.224626    1.42187
   10.1025    65.0141   -7.25904    12.1809   -11.0493    2.99085          0   -19.4899  -0.370922    11336.7   -15.1808    3.13503   -21.8223    11.0057          0
  0.784338    2.06244   -2.06193    3.38587   0.286698   0.877104  -0.430629    1.17674   0.504713   -15.1808    18.6608  -0.492255    2.65444   0.960587   0.815153
   1.65902   0.737605   0.322724   -1.78877   0.517708   -1.56172    3.13149   0.694354   0.533158    3.13503  -0.492255    70.6494  -0.375745    2.69407     -1.654
 -0.216023   -0.67752   -47.0834    3.07133  -0.284257    1.52023   -2.79531   0.543597    1.26471   -21.8223    2.65444  -0.375745    81.7453    1.67622   0.379963
  0.874826  -0.824259   -2.13146   0.401371   -0.24325  -0.794014   -1.21838  -0.535984   0.224626    11.0057   0.960587    2.69407    1.67622    34.0968   -1.81811
   2.94201  -0.553608          0   -2.53354  -0.909572    2.63812          0          0    1.42187          0   0.815153     -1.654   0.379963   -1.81811    195.378
