    0.473238     -5895.33      -9.9411    0.0525436     0.690047    0.0797842 -0.000245766    -0.783205  0.000491741    0.0226026    0.0035394            0     0.334202     0.167807   -0.0481708     -21.8428       3068.7    -0.166477
    -5895.33  6.03317e+10            0      -907489 -1.31128e+06 -5.75841e+06     -26.9157      -445572      273.033      4264.84      2237.75            0      -116431     -1145.38     -6505.34   1.7834e+06  5.25345e+09      15953.3
     -9.9411            0       838469            0     -1119.58            0    0.0614039      251.454      3.03728      29.6964            0            0      268.891      81.3616      26.8752            0 -1.02585e+08            0
   0.0525436      -907489            0      15.1119      24.8959      87.5144   0.00105325      1.42393  -0.00289394   -0.0119626   -0.0140894            0      5.26889  -0.00678346    -0.426123      15.2066     -51275.9    -0.423923
    0.690047 -1.31128e+06     -1119.58      24.8959      15096.8      356.876    0.0194212     -148.909   -0.0892341      3.18925      1.82332            0      37.0894     -31.4383       3.0099     -1089.88 -1.76879e+07      22.7838
   0.0797842 -5.75841e+06            0      87.5144      356.876      11717.6  -0.00196418      176.906    0.0276634    -0.674107     0.901506            0     -38.1341     -13.5672      34.7227            0  3.74298e+06     -2.87375
-0.000245766     -26.9157    0.0614039   0.00105325    0.0194212  -0.00196418  0.000205448 -0.000494699  -1.2341e-05   0.00064601 -7.25736e-05            0    0.0124622  -0.00329274  0.000956364     0.396457      79.2664   0.00311831
   -0.783205      -445572      251.454      1.42393     -148.909      176.906 -0.000494699      2002.33  0.000304189     0.411583    -0.384536  1.77076e+07     -1139.01      -12.814     -6.15928     -808.658     -16013.8       6.1055
 0.000491741      273.033      3.03728  -0.00289394   -0.0892341    0.0276634  -1.2341e-05  0.000304189   0.00106819   0.00175913  0.000682462      39026.7   0.00603851  -0.00492767  0.000783563     0.471846     -989.372   -0.0119804
   0.0226026      4264.84      29.6964   -0.0119626      3.18925    -0.674107   0.00064601     0.411583   0.00175913      1.81456    0.0151314            0      0.33784    -0.257748   -0.0861981      47.4254      43449.1     0.298412
   0.0035394      2237.75            0   -0.0140894      1.82332     0.901506 -7.25736e-05    -0.384536  0.000682462    0.0151314     0.555013  2.56206e+06     0.367507    0.0770665   -0.0433731     -2.54431     -23982.5     0.127675
           0            0            0            0            0            0            0  1.77076e+07      39026.7            0  2.56206e+06  2.51008e+14            0            0            0  3.60239e+08 -5.49836e+11            0
    0.334202      -116431      268.891      5.26889      37.0894     -38.1341    0.0124622     -1139.01   0.00603851      0.33784     0.367507            0      1260.84     -1.65916      3.41339      323.462       803806      1.01302
    0.167807     -1145.38      81.3616  -0.00678346     -31.4383     -13.5672  -0.00329274      -12.814  -0.00492767    -0.257748    0.0770665            0     -1.65916      76.3159   -0.0372691      79.8465       121478      -112.43
  -0.0481708     -6505.34      26.8752    -0.426123       3.0099      34.7227  0.000956364     -6.15928  0.000783563   -0.0861981   -0.0433731            0      3.41339   -0.0372691      21.8236     -2.69415      83870.3    0.0721716
    -21.8428   1.7834e+06            0      15.2066     -1089.88            0     0.396457     -808.658     0.471846      47.4254     -2.54431  3.60239e+08      323.462      79.8465     -2.69415       621466 -1.62129e+07            0
      3068.7  5.25345e+09 -1.02585e+08     -51275.9 -1.76879e+07  3.74298e+06      79.2664     -16013.8     -989.372      43449.1     -23982.5 -5.49836e+11       803806       121478      83870.3 -1.62129e+07  1.17173e+12      73105.9
   -0.166477      15953.3            0    -0.423923      22.7838     -2.87375   0.00311831       6.1055   -0.0119804     0.298412     0.127675            0      1.01302      -112.43    0.0721716            0      73105.9      235.711
