   6.3847  -41.1156   2.23858   5.26512   0.74948   -68.897   19.2587   1.00017
 -41.1156   56500.7  -5.42187  -48.9086   48.4527         0  -608.623         0
  2.23858  -5.42187   5.32505   2.45439  0.517085   42.6588    5.7283  0.442383
  5.26512  -48.9086   2.45439   9.83384    1.1998   -4.5519   19.9048   1.51922
  0.74948   48.4527  0.517085    1.1998   11.1898   72.2685   2.66628 0.0656258
  -68.897         0   42.6588   -4.5519   72.2685    659913   1371.69         0
  19.2587  -608.623    5.7283   19.9048   2.66628   1371.69   6238.73 -0.588895
  1.00017         0  0.442383   1.51922 0.0656258         0 -0.588895   5.32729
