    6.146  -2.70462   2.66037   5.04355    1.0722  -3.71049   5.04543  0.694166
 -2.70462   252.439 -0.825786  -3.41326   2.74488         0   -10.424         0
  2.66037 -0.825786    5.1318   3.09584  0.851071   1.41434   2.25872  0.416871
  5.04355  -3.41326   3.09584   9.57195   1.61843 -0.717451   5.40458   1.11107
   1.0722   2.74488  0.851071   1.61843   10.0408   3.18935   1.22392  0.134105
 -3.71049         0   1.41434 -0.717451   3.18935   1604.86   16.9576         0
  5.04543   -10.424   2.25872   5.40458   1.22392   16.9576   401.012 -0.085567
 0.694166         0  0.416871   1.11107  0.134105         0 -0.085567   2.86783
