    11531.3    -2.36437           0      2.2674    -20.7331     33.0255           0           0    -5.37856     26.6421   -0.181353     92.4124    -5.25095    -9.09739           0
   -2.36437    0.415331    -297.121  -0.0673248   0.0247194   -0.146984  -0.0403406    0.155567   0.0262046    0.432837  -0.0159628   0.0279564   0.0458784   -0.131288    -2627.97
          0    -297.121 3.72492e+08     339.989     16028.7    -3616.73    -3116.33    -2076.52     204.286    -38046.8           0     542.022     52.2731     1005.79           0
     2.2674  -0.0673248     339.989     33.9038 -0.00636845    0.409355  -0.0158455    0.131658    0.457423     8.86533   0.0226225   -0.170203   -0.575173    0.623841           0
   -20.7331   0.0247194     16028.7 -0.00636845     89.2371   -0.211438    -2.52889     1.96557    0.049231    -25.2529   -0.120038   -0.541789      -0.305    0.377171           0
    33.0255   -0.146984    -3616.73    0.409355   -0.211438     23.4056   0.0419886     2.13324   0.0419519     14.4346   0.0258752   -0.574055   0.0799598    0.102008           0
          0  -0.0403406    -3116.33  -0.0158455    -2.52889   0.0419886     12.1089    -1.27639   -0.362501    -3.69147   0.0298424   0.0692827   0.0853189    0.205949           0
          0    0.155567    -2076.52    0.131658     1.96557     2.13324    -1.27639     113.489   -0.257621     23.0787   -0.193464   -0.173646   -0.346357     4.10703      227737
   -5.37856   0.0262046     204.286    0.457423    0.049231   0.0419519   -0.362501   -0.257621      4.5156    -6.19084   0.0111676   -0.171954   -0.140958  -0.0435127     -1805.3
    26.6421    0.432837    -38046.8     8.86533    -25.2529     14.4346    -3.69147     23.0787    -6.19084     930.631 0.000843638     -8.3587     8.14139     6.60495     -315602
  -0.181353  -0.0159628           0   0.0226225   -0.120038   0.0258752   0.0298424   -0.193464   0.0111676 0.000843638    0.281735   -0.261057   0.0285954   0.0329926    -1023.81
    92.4124   0.0279564     542.022   -0.170203   -0.541789   -0.574055   0.0692827   -0.173646   -0.171954     -8.3587   -0.261057     12.5743   0.0808016   -0.158089           0
   -5.25095   0.0458784     52.2731   -0.575173      -0.305   0.0799598   0.0853189   -0.346357   -0.140958     8.14139   0.0285954   0.0808016     7.03376   -0.387797     9584.91
   -9.09739   -0.131288     1005.79    0.623841    0.377171    0.102008    0.205949     4.10703  -0.0435127     6.60495   0.0329926   -0.158089   -0.387797      22.203     28125.8
          0    -2627.97           0           0           0           0           0      227737     -1805.3     -315602    -1023.81           0     9584.91     28125.8 2.93813e+10
