 4.35069e+11            0     -22316.8  1.20599e+17            0 -2.84968e+06  1.22917e+10 -1.38709e+10 -3.57671e+07      928.893      39.5485     -879.523     -58757.5       389.66
           0  7.09428e+13       391292            0            0            0            0 -2.43457e+10            0      2686.46     -2033.72     -11490.9            0     -55.6236
    -22316.8       391292      12.1835            0            0      4.13693        78603     -8143.56      4.90174   0.00181264   0.00220374   0.00359819      1.31984  -0.00751515
 1.20599e+17            0            0  8.89196e+26            0 -2.72549e+14            0            0  3.39426e+16            0            0  -2.2749e+10  1.00652e+13  1.69032e+10
           0            0            0            0  4.20102e+13            0            0  1.21246e+10  4.61448e+07      1686.23            0            0            0     -3649.42
-2.84968e+06            0      4.13693 -2.72549e+14            0       222214            0            0            0   -0.0849348   0.00769831     0.332518            0     0.519592
 1.22917e+10            0        78603            0            0            0  7.80263e+12            0            0      614.927      592.979       739.31  -2.6287e+06     -3057.69
-1.38709e+10 -2.43457e+10     -8143.56            0  1.21246e+10            0            0  3.69119e+10  4.09931e+06     -4232.52      12.1468     -324.426            0      113.056
-3.57671e+07            0      4.90174  3.39426e+16  4.61448e+07            0            0  4.09931e+06  1.64886e+07    -0.275628     0.709043     -2.51789     -257.529      2.13589
     928.893      2686.46   0.00181264            0      1686.23   -0.0849348      614.927     -4232.52    -0.275628  0.000532239  2.35222e-06   4.1694e-05   0.00727268 -3.09085e-05
     39.5485     -2033.72   0.00220374            0            0   0.00769831      592.979      12.1468     0.709043  2.35222e-06  5.41099e-05 -1.44174e-06    0.0115674  8.65064e-06
    -879.523     -11490.9   0.00359819  -2.2749e+10            0     0.332518       739.31     -324.426     -2.51789   4.1694e-05 -1.44174e-06   0.00137675   -0.0262551  1.24214e-05
    -58757.5            0      1.31984  1.00652e+13            0            0  -2.6287e+06            0     -257.529   0.00727268    0.0115674   -0.0262551       994.13    0.0445741
      389.66     -55.6236  -0.00751515  1.69032e+10     -3649.42     0.519592     -3057.69      113.056      2.13589 -3.09085e-05  8.65064e-06  1.24214e-05    0.0445741  0.000888934
