 7.05156e+08            0     -948.243  1.09682e+15            0     -25369.5  8.30445e+07 -5.56948e+08      -141191      239.248       17.164     -225.272     -1485.59      97.0528
           0   2.3576e+12      75592.2            0            0            0            0 -4.43712e+09            0      3154.06     -3615.32     -13319.1            0      -79.079
    -948.243      75592.2        13.69            0            0     0.981868        13929      -8640.9     0.585562    0.0123597    0.0228146    0.0242497     0.845555   -0.0484852
 1.09682e+15            0            0  2.41749e+25            0 -1.05785e+13            0            0  7.02965e+14            0            0 -2.47451e+10   1.0736e+12  1.69995e+10
           0            0            0            0  2.44924e+12            0            0  2.89363e+09  1.32222e+06      2632.31            0            0            0     -5352.84
    -25369.5            0     0.981868 -1.05785e+13            0        10842            0            0            0     -0.12103    0.0165673     0.467468            0     0.700625
 8.30445e+07            0        13929            0            0            0  2.19834e+11            0            0      662.711      970.401      811.929      -267656     -3128.73
-5.56948e+08 -4.43712e+09      -8640.9            0  2.89363e+09            0            0   3.6894e+10       492340     -27186.1      111.093     -2062.95            0      685.201
     -141191            0     0.585562  7.02965e+14  1.32222e+06            0            0       492340       237269    -0.213051     0.830707      -1.8988     -18.6105      1.49491
     239.248      3154.06    0.0123597            0      2632.31     -0.12103      662.711     -27186.1    -0.213051     0.021971  0.000152566   0.00170346    0.0282088  -0.00120788
      17.164     -3615.32    0.0228146            0            0    0.0165673      970.401      111.093     0.830707  0.000152566   0.00516275 -8.97447e-05    0.0682616  0.000517931
    -225.272     -13319.1    0.0242497 -2.47451e+10            0     0.467468      811.929     -2062.95      -1.8988   0.00170346 -8.97447e-05    0.0556645    -0.100873  0.000495898
    -1485.59            0     0.845555   1.0736e+12            0            0      -267656            0     -18.6105    0.0282088    0.0682616    -0.100873      362.444     0.164127
     97.0528      -79.079   -0.0484852  1.69995e+10     -5352.84     0.700625     -3128.73      685.201      1.49491  -0.00120788  0.000517931  0.000495898     0.164127    0.0328935
