     1.47698    0.0138708 -2.94979e-05    0.0144094  -0.00159598   -0.0656325   -0.0208344    -0.167053   -0.0738389   0.00317349 -0.000576337    0.0870024    -0.148787      2.75186
   0.0138708     0.877042 -9.41872e-07    0.0200831  -0.00103256   -0.0343083    0.0286943    -0.435603     0.290444    0.0100052  -0.00235576    -0.568551   -0.0514189      11.4238
-2.94979e-05 -9.41872e-07  0.000202169  -0.00181805  9.96065e-06 -0.000407539   -0.0014138     0.003071 -0.000841195  0.000512301  1.17522e-05   0.00677518  -0.00179393     -0.23157
   0.0144094    0.0200831  -0.00181805      3.24978  -0.00106558    0.0773188    -0.184302    -0.268274   -0.0657562    0.0292496  -0.00387064      2.28732    0.0626357     -32.4502
 -0.00159598  -0.00103256  9.96065e-06  -0.00106558   0.00338845  -0.00175715  -0.00274026  -0.00162783   -0.0107158 -0.000113151   0.00017224    0.0277323   0.00427702    -0.057367
  -0.0656325   -0.0343083 -0.000407539    0.0773188  -0.00175715      1.38569   -0.0649361    -0.247104     0.102416   -0.0131197   0.00096239     0.422358    0.0519496      4.58834
  -0.0208344    0.0286943   -0.0014138    -0.184302  -0.00274026   -0.0649361      5.09045    -0.101505    -0.105476    0.0168419 -0.000597772    -0.781717    0.0829034     -75.0763
   -0.167053    -0.435603     0.003071    -0.268274  -0.00162783    -0.247104    -0.101505      33.8163    -0.828013    -0.117284  -0.00583162        5.072    -0.594609      50.4998
  -0.0738389     0.290444 -0.000841195   -0.0657562   -0.0107158     0.102416    -0.105476    -0.828013      17.5483     0.141421 -0.000919262      1.08658     0.108061      -36.511
  0.00317349    0.0100052  0.000512301    0.0292496 -0.000113151   -0.0131197    0.0168419    -0.117284     0.141421     0.454625   0.00686985    -0.604343     0.012228     -76.7465
-0.000576337  -0.00235576  1.17522e-05  -0.00387064   0.00017224   0.00096239 -0.000597772  -0.00583162 -0.000919262   0.00686985   0.00534113   0.00704364  -0.00265152    0.0826656
   0.0870024    -0.568551   0.00677518      2.28732    0.0277323     0.422358    -0.781717        5.072      1.08658    -0.604343   0.00704364      984.736      2.18906            0
   -0.148787   -0.0514189  -0.00179393    0.0626357   0.00427702    0.0519496    0.0829034    -0.594609     0.108061     0.012228  -0.00265152      2.18906      9.71474      27.6552
     2.75186      11.4238     -0.23157     -32.4502    -0.057367      4.58834     -75.0763      50.4998      -36.511     -76.7465    0.0826656            0      27.6552       261821
