    3614.25    -2.02637           0     1.25858    -10.5389      20.632           0           0    -4.14206     10.6996   -0.135982     51.4056    -3.18927    -5.60564           0
   -2.02637    0.973336    -125.843   -0.102187   0.0343583   -0.251089  -0.0690479     0.26896   0.0551815     0.47532  -0.0327291   0.0425238   0.0761949    -0.22119    -1083.91
          0    -125.843 2.85138e+07     93.2513     4026.43    -1116.57    -964.021    -648.346     77.7364    -7551.23           0     148.972     15.6841      306.25           0
    1.25858   -0.102187     93.2513     33.3286 -0.00573848    0.452906  -0.0175659    0.147309    0.623854     6.30529   0.0300411   -0.167768   -0.618681    0.680756           0
   -10.5389   0.0343583     4026.43 -0.00573848     73.5648   -0.214221    -2.56723     2.01441   0.0614876    -16.4475   -0.145972   -0.488732    -0.30043    0.376923           0
     20.632   -0.251089    -1116.57    0.452906   -0.214221      29.145   0.0523901     2.68697   0.0643945     11.5545   0.0386719   -0.636491   0.0967998    0.125287           0
          0  -0.0690479    -964.021  -0.0175659    -2.56723   0.0523901     15.1372     -1.6108   -0.557522    -2.96075   0.0446887   0.0769681    0.103489    0.253435           0
          0     0.26896    -648.346    0.147309     2.01441     2.68697     -1.6108     144.629   -0.400146     18.6909    -0.29255   -0.194744   -0.424127     5.10443     69415.6
   -4.14206   0.0551815     77.7364    0.623854   0.0614876   0.0643945   -0.557522   -0.400146     8.54431    -6.10881   0.0205746   -0.235053   -0.210355  -0.0658885    -670.795
    10.6996     0.47532    -7551.23     6.30529    -16.4475     11.5545    -2.96075     18.6909    -6.10881     478.884 0.000809653    -5.95806     6.33591     5.21524    -60865.6
  -0.135982  -0.0327291           0   0.0300411   -0.145972   0.0386719   0.0446887    -0.29255   0.0205746 0.000809653    0.505385   -0.347406     0.04155   0.0486261    -372.814
    51.4056   0.0425238     148.972   -0.167768   -0.488732   -0.636491   0.0769681   -0.194744   -0.235053    -5.95806   -0.347406     12.4138   0.0871707   -0.172914           0
   -3.18927   0.0761949     15.6841   -0.618681    -0.30043   0.0967998    0.103489   -0.424127   -0.210355     6.33591     0.04155   0.0871707     8.27857    -0.46306     2804.76
   -5.60564    -0.22119      306.25    0.680756    0.376923    0.125287    0.253435     5.10443  -0.0658885     5.21524   0.0486261   -0.172914    -0.46306     26.8956     8350.76
          0    -1083.91           0           0           0           0           0     69415.6    -670.795    -60865.6    -372.814           0     2804.76     8350.76 2.13457e+09
