   198.699    -1.3913          0   0.289442   -1.93928    6.41281          0          0   -2.16259   0.954014 -0.0665287    12.0781  -0.919298   -1.66861          0
   -1.3913    8.34331   -14.8254  -0.293955  0.0957483  -0.967653  -0.265782    1.07474   0.356805   0.592583  -0.199625   0.125017    0.27391  -0.788575   -88.1189
         0   -14.8254    45905.6    3.66443    126.465   -59.3183   -51.1276   -35.3488    6.93596   -132.064          0    5.98833   0.767461    15.6788          0
  0.289442  -0.293955    3.66443    31.9437   0.013308   0.587719 -0.0226805   0.195133    1.35558    2.69117  0.0613447  -0.165073  -0.742471   0.840975          0
  -1.93928  0.0957483    126.465   0.013308     45.159  -0.219019   -2.66533    2.13234   0.111822   -5.65198  -0.238554  -0.384321  -0.290666   0.350678          0
   6.41281  -0.967653   -59.3183   0.587719  -0.219019    51.1065  0.0916867    4.20058   0.157614    6.67259   0.106709  -0.854818   0.157579    0.18664          0
         0  -0.265782   -51.1276 -0.0226805   -2.66533  0.0916867    26.4465   -2.88466   -1.64107   -1.70694   0.123108    0.10191    0.16749    0.42546          0
         0    1.07474   -35.3488   0.195133    2.13234    4.20058   -2.88466    265.199    -1.2118    11.0431  -0.826137  -0.264582  -0.704279    8.77971    2599.19
  -2.16259   0.356805    6.93596    1.35558   0.111822   0.157614   -1.64107    -1.2118    42.3181   -5.89653  0.0951726  -0.523306  -0.571975  -0.191143   -41.6244
  0.954014   0.592583   -132.064    2.69117   -5.65198    6.67259   -1.70694    11.0431   -5.89653    90.9722   0.014808   -2.67934    3.38534    2.89085   -732.045
-0.0665287  -0.199625          0  0.0613447  -0.238554   0.106709   0.123108  -0.826137  0.0951726   0.014808    2.19419  -0.728872   0.124527   0.123793   -21.5031
   12.0781   0.125017    5.98833  -0.165073  -0.384321  -0.854818    0.10191  -0.264582  -0.523306   -2.67934  -0.728872    12.4657  0.0898585  -0.220664          0
 -0.919298    0.27391   0.767461  -0.742471  -0.290666   0.157579    0.16749  -0.704279  -0.571975    3.38534   0.124527  0.0898585    12.4307  -0.721596    94.7023
  -1.66861  -0.788575    15.6788   0.840975   0.350678    0.18664    0.42546    8.77971  -0.191143    2.89085   0.123793  -0.220664  -0.721596     43.319     293.74
         0   -88.1189          0          0          0          0          0    2599.19   -41.6244   -732.045   -21.5031          0    94.7023     293.74  1.628e+06
