     672.405      46199.1      42.0973       1.9381     -3.82673    0.0569821      18.2919      2051.16     -9.84825       2.6699       23.012     0.174019            0      7.03608    -0.391494     -471.822
     46199.1  1.95062e+10 -1.81268e+06     -11118.6            0            0     -58211.5            0       149016            0            0     -89147.2   4.1712e+07            0     -2396.67            0
     42.0973 -1.81268e+06      81880.6            0            0       91.794     -260.623  1.17779e+06     -331.897     -66.1377            0      10.5359            0      24.2088     -4.65771     -784.049
      1.9381     -11118.6            0       29.445    -0.088678  -0.00972106     -2.58091     -4772.05      3.09533      1.39857       2.3538    0.0509597     -109.811    -0.899178     0.136207      32.8229
    -3.82673            0            0    -0.088678      60.8256    -0.103259      1.49268     -2323.16            0     0.233159    -0.406753    0.0548834            0     0.717958    0.0680084            0
   0.0569821            0       91.794  -0.00972106    -0.103259     0.783895    -0.112229     -1049.48    -0.490383     0.110173     -0.56087   0.00552661      17.2398     -0.12345   -0.0129044      8.31668
     18.2919     -58211.5     -260.623     -2.58091      1.49268    -0.112229      605.571            0            0     0.777855     -25.1849     0.123778      263.576      1.43598    -0.301813     -2973.52
     2051.16            0  1.17779e+06     -4772.05     -2323.16     -1049.48            0  2.18561e+09            0     -10686.5     -6398.44      210.447            0            0      239.403            0
    -9.84825       149016     -331.897      3.09533            0    -0.490383            0            0      781.274      1.69013       -21.69    -0.948825            0     0.974698     0.123841            0
      2.6699            0     -66.1377      1.39857     0.233159     0.110173     0.777855     -10686.5      1.69013      60.2909     0.224383    0.0160223     -64.9679    -0.361611      0.17187     -103.612
      23.012            0            0       2.3538    -0.406753     -0.56087     -25.1849     -6398.44       -21.69     0.224383      738.094    0.0330471     -197.845      2.02301    -0.318177            0
    0.174019     -89147.2      10.5359    0.0509597    0.0548834   0.00552661     0.123778      210.447    -0.948825    0.0160223    0.0330471     0.469607     -142.812    0.0130493    0.0102252     -1.05575
           0   4.1712e+07            0     -109.811            0      17.2398      263.576            0            0     -64.9679     -197.845     -142.812       750491     -126.744     -22.4871       -11679
     7.03608            0      24.2088    -0.899178     0.717958     -0.12345      1.43598            0     0.974698    -0.361611      2.02301    0.0130493     -126.744      56.3927 -0.000891433            0
   -0.391494     -2396.67     -4.65771     0.136207    0.0680084   -0.0129044    -0.301813      239.403     0.123841      0.17187    -0.318177    0.0102252     -22.4871 -0.000891433     0.249756     0.156452
    -471.822            0     -784.049      32.8229            0      8.31668     -2973.52            0            0     -103.612            0     -1.05575       -11679            0     0.156452       726711
