    176.078     16399.1    -3.76558    0.780441    -2.26154  -0.0758197     4.61163      8.6612    -3.52426     1.50212     3.07245    0.228726           0    -37.6485   -0.907198    -19.9969
    16399.1 1.95464e+10     -226293    -12397.1           0           0      -25546           0     72263.7           0           0     -245499 4.37142e+06 0.000143289    -12212.9           0
   -3.76558     -226293     1272.47           0           0     33.2997    -13.9765     1066.87    -20.1597    -7.57807           0     3.62235           0     1.40956    -2.93691    -7.31857
   0.780441    -12397.1           0     31.9987   -0.081946  -0.0291272    -1.16013    -36.3499     1.55392     1.34771    0.983529    0.154195    -12.4687   -0.947335    0.723001      2.5889
   -2.26154           0           0   -0.081946     53.9118   -0.281928    0.627183    -13.6806           0    0.201879   -0.154443    0.141892           0    0.555387      0.3268           0
 -0.0758197           0     33.2997  -0.0291272   -0.281928     6.63391  -0.0998273    -22.2228   -0.693498    0.308725   -0.662383    0.044405     5.25625  -0.0470117   -0.190972     1.80623
    4.61163      -25546    -13.9765    -1.16013    0.627183  -0.0998273     114.116           0           0    0.312901    -4.45286    0.157198     11.9181    0.991905    -0.66694    -96.9023
     8.6612           0     1066.87    -36.3499    -13.6806    -22.2228           0      115368           0    -71.5038    -19.3003      4.1324           0           0     8.95105           0
   -3.52426     72263.7    -20.1597     1.55392           0   -0.693498           0           0     184.557    0.757696    -4.29665    -1.27117           0    0.527733    0.305633           0
    1.50212           0    -7.57807     1.34771    0.201879    0.308725    0.312901    -71.5038    0.757696     51.0588   0.0966704   0.0428424    -6.11936   -0.394409    0.805932     -7.1642
    3.07245           0           0    0.983529   -0.154443   -0.662383    -4.45286    -19.3003    -4.29665   0.0966704     121.052    0.029818    -8.56276     2.60421   -0.655971           0
   0.228726     -245499     3.62235    0.154195    0.141892    0.044405    0.157198      4.1324    -1.27117   0.0428424    0.029818      3.5567    -41.1521   0.0996589    0.143629   -0.220186
          0 4.37142e+06           0    -12.4687           0     5.25625     11.9181           0           0    -6.11936    -8.56276    -41.1521     8232.11     -2.0874    -11.9952    -91.9508
   -37.6485 0.000143289     1.40956   -0.947335    0.555387  -0.0470117    0.991905           0    0.527733   -0.394409     2.60421   0.0996589     -2.0874     45.3506  -0.0182229     5.47416
  -0.907198    -12212.9    -2.93691    0.723001      0.3268   -0.190972    -0.66694     8.95105    0.305633    0.805932   -0.655971    0.143629    -11.9952  -0.0182229     6.46747   0.0529362
   -19.9969           0    -7.31857      2.5889           0     1.80623    -96.9023           0           0     -7.1642           0   -0.220186    -91.9508     5.47416   0.0529362      4114.3
