 1.47501e+13  4.25089e+12            0            0       -94.77      -623638            0 -2.62996e+08            0     -2.61614            0  1.09305e+10  1.92558e+08 -2.06239e+10 -2.38289e+18  7.68831e+08       510624
 4.25089e+12  1.10097e+15            0            0      360.268 -2.81646e+07            0 -2.56347e+09 -5.78967e+10      23.7869            0            0            0            0            0 -2.07905e+11 -2.53238e+07
           0            0  3.55663e+10            0     -181.691      32466.8            0 -2.72162e+07            0     0.155518            0            0     3.25e+07            0            0  6.62018e+07      31265.6
           0            0            0       1416.2 -0.000250503      9.39318            0     -542.912 -7.81676e+06 -0.000335592            0      -103322     -22748.9     -66066.6            0            0     -11.0208
      -94.77      360.268     -181.691 -0.000250503   1.0349e-06 -0.000323478            0     0.271829      1.81053 -4.36576e-11     -20.7287    0.0842492     -0.21508       1.0708  2.44594e+08   -0.0978753   0.00015288
     -623638 -2.81646e+07      32466.8      9.39318 -0.000323478      457.145 -1.93269e+06      243.331      23705.9 -1.78822e-05       150369        33399     -755.795      -3269.8            0     -542.808     -1.80718
           0            0            0            0            0 -1.93269e+06  1.70133e+13            0            0     -376.901 -3.14503e+11            0  -7.8761e+09            0            0            0            0
-2.62996e+08 -2.56347e+09 -2.72162e+07     -542.912     0.271829      243.331            0  2.97117e+07            0   -0.0101113  1.24773e+08 -2.29863e+06      -489651  1.20074e+07  2.25957e+15  2.85888e+06            0
           0 -5.78967e+10            0 -7.81676e+06      1.81053      23705.9            0            0  5.18608e+10      1.81148            0  6.00203e+08   1.2352e+08            0            0            0      66160.7
    -2.61614      23.7869     0.155518 -0.000335592 -4.36576e-11 -1.78822e-05     -376.901   -0.0101113      1.81148  1.12175e-08      8.07351    -0.198041     0.201851     0.238491  6.39073e+07    0.0760198 -3.69838e-05
           0            0            0            0     -20.7287       150369 -3.14503e+11  1.24773e+08            0      8.07351  5.00193e+12 -1.51587e+09  2.61683e+08  1.56185e+10            0 -5.05752e+08 -6.21898e+06
 1.09305e+10            0            0      -103322    0.0842492        33399            0 -2.29863e+06  6.00203e+08    -0.198041 -1.51587e+09  4.41166e+09            0            0            0  2.63832e+06      14266.9
 1.92558e+08            0     3.25e+07     -22748.9     -0.21508     -755.795  -7.8761e+09      -489651   1.2352e+08     0.201851  2.61683e+08            0  7.73768e+08  7.20689e+07 -1.26008e+16            0            0
-2.06239e+10            0            0     -66066.6       1.0708      -3269.8            0  1.20074e+07            0     0.238491  1.56185e+10            0  7.20689e+07  6.21074e+10            0 -5.02916e+07      9466.08
-2.38289e+18            0            0            0  2.44594e+08            0            0  2.25957e+15            0  6.39073e+07            0            0 -1.26008e+16            0  8.09034e+26            0            0
 7.68831e+08 -2.07905e+11  6.62018e+07            0   -0.0978753     -542.808            0  2.85888e+06            0    0.0760198 -5.05752e+08  2.63832e+06            0 -5.02916e+07            0  2.26623e+08      10268.2
      510624 -2.53238e+07      31265.6     -11.0208   0.00015288     -1.80718            0            0      66160.7 -3.69838e-05 -6.21898e+06      14266.9            0      9466.08            0      10268.2      327.951
