 6.74696e+12  1.20704e+12            0            0     -207.404      -380526            0 -5.44637e+07            0     -2.68432            0  1.53561e+09  2.90869e+07 -2.19187e+09 -1.60391e+18  1.29475e+08       221864
 1.20704e+12  1.94082e+14            0            0      491.557 -1.07219e+07            0 -3.30367e+08 -2.43244e+10      15.1663            0            0            0            0            0 -2.17384e+10 -6.85657e+06
           0            0  3.55504e+10            0     -615.005      29068.5            0 -8.34486e+06            0     0.237086            0            0  7.25277e+06            0            0  1.64811e+07        20158
           0            0            0      509.968  -0.00049508      5.12947            0     -99.9685 -4.69059e+06  -0.00030629            0     -12898.4     -3052.46     -6209.46            0            0     -4.26493
    -207.404      491.557     -615.005  -0.00049508  1.18127e-05 -0.000978953            0     0.283219      5.92531 -4.21592e-10     -34.0963    0.0270667    -0.159741     0.569248  7.65893e+08    -0.087561  0.000319998
     -380526 -1.07219e+07      29068.5      5.12947 -0.000978953      375.078  -1.5361e+06      67.6469      21177.3 -2.44007e-05      65499.5      6297.14     -167.762     -465.206            0      -121.99     -1.05242
           0            0            0            0            0  -1.5361e+06  1.31331e+13            0            0     -506.541 -1.38047e+11            0 -1.54894e+09            0            0            0            0
-5.44637e+07 -3.30367e+08 -8.34486e+06     -99.9685     0.283219      67.6469            0  2.79503e+06            0  -0.00470974  1.90906e+07      -146170     -33721.2       576328  6.90698e+14       218384            0
           0 -2.43244e+10            0 -4.69059e+06      5.92531      21177.3            0            0  5.18591e+10      2.75459            0  1.24882e+08  2.76159e+07            0            0            0        42662
    -2.68432      15.1663     0.237086  -0.00030629 -4.21592e-10 -2.44007e-05     -506.541  -0.00470974      2.75459  2.61782e-08      6.15877   -0.0624624    0.0691482    0.0567231  9.67477e+07    0.0288112 -3.63056e-05
           0            0            0            0     -34.0963      65499.5 -1.38047e+11  1.90906e+07            0      6.15877  1.24813e+12 -1.57024e+08  2.91125e+07  1.22273e+09            0 -6.29292e+07   -2.003e+06
 1.53561e+09            0            0     -12898.4    0.0270667      6297.14            0      -146170  1.24882e+08   -0.0624624 -1.57024e+08  1.91047e+08            0            0            0       136719      1914.33
 2.90869e+07            0  7.25277e+06     -3052.46    -0.159741     -167.762 -1.54894e+09     -33721.2  2.76159e+07    0.0691482  2.91125e+07            0  3.87395e+07  2.52406e+06 -2.80758e+15            0            0
-2.19187e+09            0            0     -6209.46     0.569248     -465.206            0       576328            0    0.0567231  1.22273e+09            0  2.52406e+06  1.52294e+09            0 -1.96199e+06      4022.14
-1.60391e+18            0            0            0  7.65893e+08            0            0  6.90698e+14            0  9.67477e+07            0            0 -2.80758e+15            0  8.03237e+26            0            0
 1.29475e+08 -2.17384e+10  1.64811e+07            0    -0.087561      -121.99            0       218384            0    0.0288112 -6.29292e+07       136719            0 -1.96199e+06            0  1.40548e+07      1648.98
      221864 -6.85657e+06        20158     -4.26493  0.000319998     -1.05242            0            0        42662 -3.63056e-05   -2.003e+06      1914.33            0      4022.14            0      1648.98      136.374
