     64.4789 -0.000619133      7.18573        1.084      0.11595      10.4474 -6.38273e-07     -3.31953     -50.2245    0.0578851     -3.37012   -0.0647677      4.41981      1.42589    -0.867399      22.1209
-0.000619133  8.65924e-05  -0.00278217  4.14995e-05 -0.000436288  -0.00134028 -2.15811e-10   0.00841613    0.0212051   5.1786e-05   0.00274238 -0.000144257  -0.00905966  0.000619064  -0.00121475 -5.34264e-05
     7.18573  -0.00278217      26.4383     0.577982     0.807637     -2.28434 -4.41101e-07     -4.58872      38.3434   -0.0923947       -2.988   -0.0273834     -17.3562     0.544596     0.270779     -11.7689
       1.084  4.14995e-05     0.577982      2.11783   0.00270442     0.323324 -5.65997e-08    -0.874449    -0.529604  -0.00826306    -0.552296   -0.0108432    -0.996354   -0.0161356   -0.0152784    -0.106935
     0.11595 -0.000436288     0.807637   0.00270442      1.40525    -0.572916  2.24752e-08    -0.252632      2.33731 -0.000425528   -0.0424651    0.0174895    -0.476691    -0.309774    -0.124563    -0.307821
     10.4474  -0.00134028     -2.28434     0.323324    -0.572916      255.327            0      10.5385            0    0.0204969    -0.105034            0      5.00401     -4.83458     0.230272      6.98881
-6.38273e-07 -2.15811e-10 -4.41101e-07 -5.65997e-08  2.24752e-08            0  3.29992e-12  7.45699e-07            0  7.34891e-09 -4.38995e-07 -1.47891e-08  6.40406e-05 -1.23924e-06  2.41121e-07  -3.9763e-07
    -3.31953   0.00841613     -4.58872    -0.874449    -0.252632      10.5385  7.45699e-07      57.2468     -41.9395    0.0105199      12.3499    -0.036862      29.1858     -9.29917      2.95791     -2.26502
    -50.2245    0.0212051      38.3434    -0.529604      2.33731            0            0     -41.9395      12320.3   -0.0639158     -6.19292      1.79236      43.3538     -3.78698      -22.633     -27.7269
   0.0578851   5.1786e-05   -0.0923947  -0.00826306 -0.000425528    0.0204969  7.34891e-09    0.0105199   -0.0639158    0.0215197   -0.0458493  -0.00182739      0.31785   -0.0493575  -0.00107656     0.020306
    -3.37012   0.00274238       -2.988    -0.552296   -0.0424651    -0.105034 -4.38995e-07      12.3499     -6.19292   -0.0458493      14.4738    -0.126223     -4.96265      9.80963      0.46184     -1.61707
  -0.0647677 -0.000144257   -0.0273834   -0.0108432    0.0174895            0 -1.47891e-08    -0.036862      1.79236  -0.00182739    -0.126223     0.246993     0.115263    -0.288838    -0.111108     0.139208
     4.41981  -0.00905966     -17.3562    -0.996354    -0.476691      5.00401  6.40406e-05      29.1858      43.3538      0.31785     -4.96265     0.115263       2238.8     -25.1479      3.82061       12.272
     1.42589  0.000619064     0.544596   -0.0161356    -0.309774     -4.83458 -1.23924e-06     -9.29917     -3.78698   -0.0493575      9.80963    -0.288838     -25.1479      30.9521     0.754337     -9.01749
   -0.867399  -0.00121475     0.270779   -0.0152784    -0.124563     0.230272  2.41121e-07      2.95791      -22.633  -0.00107656      0.46184    -0.111108      3.82061     0.754337      29.2213     -2.05017
     22.1209 -5.34264e-05     -11.7689    -0.106935    -0.307821      6.98881  -3.9763e-07     -2.26502     -27.7269     0.020306     -1.61707     0.139208       12.272     -9.01749     -2.05017      36.0315
