     27.0678 -4.15522e-06       1.7909     -1866.83     -1.16816   -0.0931014      1.92854      3.58257    -0.864999     -6.18486    -0.779125    -0.257448     -1.05069    -0.580216   -0.0189699
-4.15522e-06  3.38272e-09 -2.48314e-05     0.107562 -4.22705e-05  -1.5527e-07  1.20605e-05 -6.05207e-05  7.15448e-06 -2.32481e-06 -4.65223e-05 -1.68472e-05 -2.28808e-06  8.27396e-07   1.7456e-06
      1.7909 -2.48314e-05      40.2418     -8231.82     -4.46409      0.13288      2.40041      15.4253      4.44118      1.45743      18.0884      4.87228      -1.3766    -0.458667    -0.193828
    -1866.83     0.107562     -8231.82  2.90887e+09      14033.6      14.5872     -4014.24            0     -6230.25     -826.253     -5874.88     -21298.6            0     -2570.18     -678.373
    -1.16816 -4.22705e-05     -4.46409      14033.6      45.1815     0.131196     -16.6051     -7.74399     -0.18721     0.401523      23.1291      6.76646     -2.68911    -0.611332      0.13016
  -0.0931014  -1.5527e-07      0.13288      14.5872     0.131196     0.589738     0.289302    -0.173198    -0.193876    0.0749105    -0.448238     0.379051   -0.0928786    0.0304838  -0.00260314
     1.92854  1.20605e-05      2.40041     -4014.24     -16.6051     0.289302      18.5788      6.60136     -9.12887    -0.941088     -14.9107     0.635866     0.835341     0.243617    -0.076432
     3.58257 -6.05207e-05      15.4253            0     -7.74399    -0.173198      6.60136      1271.04      6.59288     -1.66528     -1.73175      1.63693    -0.267431    0.0526995    -0.243667
   -0.864999  7.15448e-06      4.44118     -6230.25     -0.18721    -0.193876     -9.12887      6.59288      40.6939    -0.415841     -9.90121      3.56042      1.21286    -0.484275    -0.279208
    -6.18486 -2.32481e-06      1.45743     -826.253     0.401523    0.0749105    -0.941088     -1.66528    -0.415841      17.5185      2.97413     -2.54164      1.26687     0.649048   -0.0636896
   -0.779125 -4.65223e-05      18.0884     -5874.88      23.1291    -0.448238     -14.9107     -1.73175     -9.90121      2.97413      52.1831      4.32986     -1.14528    -0.488467     0.370097
   -0.257448 -1.68472e-05      4.87228     -21298.6      6.76646     0.379051     0.635866      1.63693      3.56042     -2.54164      4.32986       33.274      2.43537     -0.69557     0.080376
    -1.05069 -2.28808e-06      -1.3766            0     -2.68911   -0.0928786     0.835341    -0.267431      1.21286      1.26687     -1.14528      2.43537      41.3017    0.0385299   -0.0560203
   -0.580216  8.27396e-07    -0.458667     -2570.18    -0.611332    0.0304838     0.243617    0.0526995    -0.484275     0.649048    -0.488467     -0.69557    0.0385299     0.987554   -0.0125465
  -0.0189699   1.7456e-06    -0.193828     -678.373      0.13016  -0.00260314    -0.076432    -0.243667    -0.279208   -0.0636896     0.370097     0.080376   -0.0560203   -0.0125465     0.277325
