 1.88442e+06      3.66008      2196.33       374.66      30.1376      308.953      656.964      21.3893     -213.971     -753.972            0      27.4369      5586.18     -5.00969      0.28937
     3.66008     0.038225   -0.0118423   -0.0647876    0.0445071    0.0934153     0.879932   -0.0104001   -0.0264355       0.0379    0.0186477   -0.0359687    0.0421651   0.00286063  3.93866e-05
     2196.33   -0.0118423      65.3072      12.1797     -3.53835      5.94413     -24.4668    -0.555168      1.93773     -3.91309     0.559722     -3.60542      4.48634    -0.474029   0.00401269
      374.66   -0.0647876      12.1797       43.523     0.586296       2.3128     -19.2551   0.00910042     -6.22803     -33.0533     -2.62689      7.17589      1.16467    0.0311604  -0.00334008
     30.1376    0.0445071     -3.53835     0.586296      20.5241     -0.71775      5.59098    -0.183212     -0.49362       0.3226     0.598594    0.0412452      2.37176    0.0355957 -0.000744197
     308.953    0.0934153      5.94413       2.3128     -0.71775      20.5149      19.1091     0.159169     -9.49045     -2.29792     0.699641     -5.39721      1.51206    -0.128107   0.00157215
     656.964     0.879932     -24.4668     -19.2551      5.59098      19.1091      957.837      4.26469     -21.8865      3.32106      3.96687     -5.70268     -12.7972    0.0929347  -0.00717298
     21.3893   -0.0104001    -0.555168   0.00910042    -0.183212     0.159169      4.26469      3.11139    -0.495993    -0.536703   -0.0760408    0.0631817    0.0944783   -0.0127451  0.000466603
    -213.971   -0.0264355      1.93773     -6.22803     -0.49362     -9.49045     -21.8865    -0.495993      16.1664      9.22208     -1.31427     0.837731     -1.59679     -0.10302   0.00130112
    -753.972       0.0379     -3.91309     -33.0533       0.3226     -2.29792      3.32106    -0.536703      9.22208      46.0754      2.71712     -8.76772     -3.62462    -0.311249   0.00687857
           0    0.0186477     0.559722     -2.62689     0.598594     0.699641      3.96687   -0.0760408     -1.31427      2.71712      47.4636     -0.75036    -0.112412    -0.181295   -0.0003424
     27.4369   -0.0359687     -3.60542      7.17589    0.0412452     -5.39721     -5.70268    0.0631817     0.837731     -8.76772     -0.75036      8.44101    -0.125714     0.131453  -0.00272425
     5586.18    0.0421651      4.48634      1.16467      2.37176      1.51206     -12.7972    0.0944783     -1.59679     -3.62462    -0.112412    -0.125714      35.7686     0.023143    0.0010444
    -5.00969   0.00286063    -0.474029    0.0311604    0.0355957    -0.128107    0.0929347   -0.0127451     -0.10302    -0.311249    -0.181295     0.131453     0.023143     0.355151  4.40093e-05
     0.28937  3.93866e-05   0.00401269  -0.00334008 -0.000744197   0.00157215  -0.00717298  0.000466603   0.00130112   0.00687857   -0.0003424  -0.00272425    0.0010444  4.40093e-05  0.000225396
