  2.5594e+08      4.89373      25004.6      4064.53      448.003      3460.39       120033      139.859     -647.274     -8420.39            0      558.366       105620     -10.9293     0.350169
     4.89373  0.000498873  -0.00162203   -0.0075296   0.00661482    0.0106964     0.816972 -0.000677617 -9.25804e-05   0.00441458    0.0025994  -0.00338268   0.00780789  6.24468e-05   4.8419e-07
     25004.6  -0.00162203      64.4356      11.0359     -4.54163      4.69753     -72.5701    -0.329897      1.46033     -1.67045     0.686855      -3.1111      6.92851   -0.0912879  0.000427394
     4064.53   -0.0075296      11.0359      42.8518     0.808654      1.76157     -77.6436   0.00517873     -1.75414     -33.0772     -3.25497       6.2773      1.73802   0.00731651 -0.000347322
     448.003   0.00661482     -4.54163     0.808654      35.0375    -0.880189      63.0586    -0.135091    -0.472833     0.306133     0.961933   -0.0830607      5.02931   0.00878375 -0.000104544
     3460.39    0.0106964      4.69753      1.76157    -0.880189      20.5737      59.1651     0.101079     -2.39189     -2.60228     0.916964     -4.56855      2.48402   -0.0227112  0.000158504
      120033     0.816972     -72.5701     -77.6436      63.0586      59.1651      75451.5      20.6897     -69.0936     -19.9844      40.1311     -11.1042     -182.334     0.134155  -0.00661527
     139.859 -0.000677617    -0.329897   0.00517873    -0.135091     0.101079      20.6897     0.998982    -0.108997    -0.317018   -0.0533848    0.0275739    0.0857414  -0.00138111  2.64555e-05
    -647.274 -9.25804e-05      1.46033     -1.75414    -0.472833     -2.39189     -69.0936    -0.108997      3.31226      2.80877    -0.912778     0.145796    -0.814514  -0.00956905  8.86539e-05
    -8420.39   0.00441458     -1.67045     -33.0772     0.306133     -2.60228     -19.9844    -0.317018      2.80877      46.3828      3.28083     -7.69174     -5.77422   -0.0624476  0.000707173
           0    0.0025994     0.686855     -3.25497     0.961933     0.916964      40.1311   -0.0533848    -0.912778      3.28083       72.794    -0.750176    -0.239817   -0.0429035  -4.3991e-05
     558.366  -0.00338268      -3.1111       6.2773   -0.0830607     -4.56855     -11.1042    0.0275739     0.145796     -7.69174    -0.750176       8.2337    -0.204141    0.0218824 -0.000248624
      105620   0.00780789      6.92851      1.73802      5.02931      2.48402     -182.334    0.0857414    -0.814514     -5.77422    -0.239817    -0.204141      94.2119    0.0074348  0.000175711
    -10.9293  6.24468e-05   -0.0912879   0.00731651   0.00878375   -0.0227112     0.134155  -0.00138111  -0.00956905   -0.0624476   -0.0429035    0.0218824    0.0074348    0.0130077  3.77728e-07
    0.350169   4.8419e-07  0.000427394 -0.000347322 -0.000104544  0.000158504  -0.00661527  2.64555e-05  8.86539e-05  0.000707173  -4.3991e-05 -0.000248624  0.000175711  3.77728e-07  2.35919e-06
