     64.4949  -0.00345489      7.30003      1.45836     0.154853      7.11193 -1.21851e-06     -3.63158     -15.4512      0.11615      -3.4623    -0.128561      7.06919      1.15875    -0.823368      22.7422
 -0.00345489   0.00242139   -0.0148241  0.000295172  -0.00291796  -0.00483124 -2.17357e-09    0.0444811    0.0347111  0.000555748    0.0151432  -0.00155388   -0.0776972   0.00306299  -0.00591011 -0.000265823
     7.30003   -0.0148241      26.4556       0.7809      1.01934     -1.55271 -8.52531e-07     -4.81485      11.8765    -0.187764     -3.21015    -0.055186     -28.2327     0.639058      0.24204     -11.6204
     1.45836  0.000295172       0.7809      3.84152    0.0046074     0.297127 -1.45125e-07     -1.18957    -0.220906   -0.0225544    -0.749628   -0.0297447      -2.1758   -0.0148289   -0.0188568    -0.125998
    0.154853  -0.00291796      1.01934    0.0046074      2.24931    -0.494612  5.41366e-08    -0.318696     0.915921  -0.00109034   -0.0755308    0.0450682    -0.977947    -0.388094    -0.144957    -0.389862
     7.11193  -0.00483124     -1.55271     0.297127    -0.494612      118.885            0      7.20536            0    0.0283465   -0.0169629            0      5.53753     -3.35077      0.14454      4.87662
-1.21851e-06 -2.17357e-09 -8.52531e-07 -1.45125e-07  5.41366e-08            0  1.19609e-11  1.42556e-06            0  2.83566e-08 -8.26453e-07 -5.73452e-08  0.000197709 -2.35035e-06  4.22213e-07 -7.18103e-07
    -3.63158    0.0444811     -4.81485     -1.18957    -0.318696      7.20536  1.42556e-06      57.3428     -12.9428    0.0206027      12.9011   -0.0690476      47.5786     -9.78305      2.69891     -1.82316
    -15.4512    0.0347111      11.8765    -0.220906     0.915921            0            0     -12.9428      1181.98   -0.0401273     -2.19741      1.13073      21.7754     -1.06417     -6.44819     -8.80105
     0.11615  0.000555748    -0.187764   -0.0225544  -0.00109034    0.0283465  2.83566e-08    0.0206027   -0.0401273    0.0884043   -0.0904427   -0.0075438       1.0447   -0.0996167  -0.00200751    0.0459832
     -3.4623    0.0151432     -3.21015    -0.749628   -0.0755308   -0.0169629 -8.26453e-07      12.9011     -2.19741   -0.0904427      14.5374    -0.264651     -7.67257      9.96842     0.486667     -2.11006
   -0.128561  -0.00155388    -0.055186   -0.0297447    0.0450682            0 -5.73452e-08   -0.0690476      1.13073   -0.0075438    -0.264651      1.02466     0.380665    -0.587164    -0.208158     0.287917
     7.06919   -0.0776972     -28.2327      -2.1758    -0.977947      5.53753  0.000197709      47.5786      21.7754       1.0447     -7.67257     0.380665      5887.25     -40.9393      5.69879      20.6832
     1.15875   0.00306299     0.639058   -0.0148289    -0.388094     -3.35077 -2.35035e-06     -9.78305     -1.06417   -0.0996167      9.96842    -0.587164     -40.9393      30.9102     0.689616     -9.52551
   -0.823368  -0.00591011      0.24204   -0.0188568    -0.144957      0.14454  4.22213e-07      2.69891     -6.44819  -0.00200751     0.486667    -0.208158      5.69879     0.689616       24.723     -1.87758
     22.7422 -0.000265823     -11.6204    -0.125998    -0.389862      4.87662 -7.18103e-07     -1.82316     -8.80105    0.0459832     -2.11006     0.287917      20.6832     -9.52551     -1.87758      36.1969
