 2.19466e+07      4.21166      7401.39      1242.04      117.625      1033.97      10175.4      55.3722     -660.132     -2509.39            0      125.626      24377.9     -7.39651     0.312383
     4.21166   0.00434583  -0.00443906    -0.022203    0.0173156    0.0315896     0.818907  -0.00265964   -0.0052043    0.0127184   0.00698004    -0.011066    0.0181871  0.000417419  4.20807e-06
     7401.39  -0.00443906      64.9092      11.6824      -4.0513      5.28768     -33.1388    -0.433073      1.93618      -2.6534     0.615391     -3.41496      5.59332    -0.207211   0.00129806
     1242.04    -0.022203      11.6824      43.3003     0.697974      2.00529     -33.0718   0.00619428     -4.39577     -33.1384     -2.91482      6.77502      1.45059    0.0148129  -0.00106324
     117.625    0.0173156      -4.0513     0.697974      27.5162     -0.80505      18.4255    -0.160938    -0.669149     0.312391     0.765252  -0.00689528      3.51945    0.0178431 -0.000274918
     1033.97    0.0315896      5.28768      2.00529     -0.80505      20.5547      25.5955     0.128506     -7.07025     -2.47566     0.795388     -5.01967      1.94989   -0.0537003  0.000488824
     10175.4     0.818907     -33.1388     -33.0718      18.4255      25.5955      8363.48      9.09282      -48.319     -1.58363      10.8812     -6.21141      -48.918    0.0564437  -0.00698703
     55.3722  -0.00265964    -0.433073   0.00619428    -0.160938     0.128506      9.09282      1.78885      -0.3532    -0.415496   -0.0639466     0.043549     0.091623  -0.00418293  0.000111445
    -660.132   -0.0052043      1.93618     -4.39577    -0.669149     -7.07025      -48.319      -0.3532       15.091      7.07815     -1.67875     0.604435     -1.75799   -0.0440876  0.000361435
    -2509.39    0.0127184      -2.6534     -33.1384     0.312391     -2.47566     -1.58363    -0.415496      7.07815      46.2125      2.98537     -8.26986     -4.57795    -0.136983   0.00218951
           0   0.00698004     0.615391     -2.91482     0.765252     0.795388      10.8812   -0.0639466     -1.67875      2.98537      58.3994    -0.756035    -0.159522   -0.0870452 -0.000119972
     125.626    -0.011066     -3.41496      6.77502  -0.00689528     -5.01967     -6.21141     0.043549     0.604435     -8.26986    -0.756035      8.33869    -0.165283    0.0532578 -0.000820422
     24377.9    0.0181871      5.59332      1.45059      3.51945      1.94989      -48.918     0.091623     -1.75799     -4.57795    -0.159522    -0.165283      58.4976    0.0128187  0.000422303
    -7.39651  0.000417419    -0.207211    0.0148129    0.0178431   -0.0537003    0.0564437  -0.00418293   -0.0440876    -0.136983   -0.0870452    0.0532578    0.0128187    0.0665263   5.9996e-06
    0.312383  4.20807e-06   0.00129806  -0.00106324 -0.000274918  0.000488824  -0.00698703  0.000111445  0.000361435   0.00218951 -0.000119972 -0.000820422  0.000422303   5.9996e-06  2.24525e-05
