   72.4782   0.854575    8.37741    2.91067   0.641195    2.67325   0.985682    -5.0955    8.73102   0.806541    -3.5143   -24.0577    24.3612 -0.0724712    16.2922     27.558
  0.854575    23.1469   -1.27016   0.796084  -0.503274  -0.198064   0.328785    3.57663    1.04675   0.495507    1.39725   -1.38226   -64.6192  0.0715075   0.579848   0.565082
   8.37741   -1.27016     29.745   -5.52788    2.10413   -0.53352   0.139912   -5.91839   -8.57878   -1.33045   -4.65902    8.51807    20.4263    1.32684    15.8804   -11.8355
   2.91067   0.796084   -5.52788    22.8859  -0.264731  -0.102195    0.51892 -0.0785552    4.57448  -0.414722     8.1463   -10.5935    144.163    13.2198  -0.224863  -0.471571
  0.641195  -0.503274    2.10413  -0.264731    9.98805  -0.390395   0.192629  -0.551123    -1.3256 -0.0152053  -0.302466    1.32665  -0.603829  -0.777038   0.346383   -0.89227
   2.67325  -0.198064   -0.53352  -0.102195  -0.390395    15.0936   0.211813    2.79471   0.510446  0.0789001  0.0968117  0.0820335    -9.1063   -1.33204   0.738883     1.8608
  0.985682   0.328785   0.139912    0.51892   0.192629   0.211813    22.5283   0.302642  -0.980285  0.0384081   -1.17911   0.940005    407.843   -2.87128   0.111819   0.914753
   -5.0955    3.57663   -5.91839 -0.0785552  -0.551123    2.79471   0.302642    64.9075   -5.27599  0.0977598    16.8034    16.1302   -11.9689   -12.9965    9.93321  -0.122519
   8.73102    1.04675   -8.57878    4.57448    -1.3256   0.510446  -0.980285   -5.27599    19.4363  0.0342539    1.88042   -18.3175    3.68342    9.91391   -5.72215    15.6193
  0.806541   0.495507   -1.33045  -0.414722 -0.0152053  0.0789001  0.0384081  0.0977598  0.0342539    3.89536   -0.49607  -0.602395  -0.021888  -0.709467   0.137276    0.45951
   -3.5143    1.39725   -4.65902     8.1463  -0.302466  0.0968117   -1.17911    16.8034    1.88042   -0.49607    16.6155   -3.88752    1.01519    12.0791   0.532697   -4.81298
  -24.0577   -1.38226    8.51807   -10.5935    1.32665  0.0820335   0.940005    16.1302   -18.3175  -0.602395   -3.88752    47.6296    2.99522   -20.7985  -0.381914    -11.673
   24.3612   -64.6192    20.4263    144.163  -0.603829    -9.1063    407.843   -11.9689    3.68342  -0.021888    1.01519    2.99522    16220.4    9.87597    2.15551    6.55908
-0.0724712  0.0715075    1.32684    13.2198  -0.777038   -1.33204   -2.87128   -12.9965    9.91391  -0.709467    12.0791   -20.7985    9.87597    34.5557    5.26401   -12.7155
   16.2922   0.579848    15.8804  -0.224863   0.346383   0.738883   0.111819    9.93321   -5.72215   0.137276   0.532697  -0.381914    2.15551    5.26401    25.2405    -12.634
    27.558   0.565082   -11.8355  -0.471571   -0.89227     1.8608   0.914753  -0.122519    15.6193    0.45951   -4.81298    -11.673    6.55908   -12.7155    -12.634     41.895
