     64.6541   -0.0340997      7.43635      2.18122     0.231237      4.27158 -4.80524e-06     -4.13822     -3.14112      0.29111     -3.47103    -0.312968      12.7475     0.738106    -0.592761      23.7284
  -0.0340997     0.200406    -0.135788   0.00435459   -0.0362844   -0.0265219 -7.72809e-08     0.404972    0.0670484    0.0128789     0.146348   -0.0358693     -1.33557     0.024798    -0.042511  -0.00184374
     7.43635    -0.135788      26.5349      1.14474      1.38346     -0.92504 -3.40885e-06     -5.11337      2.51541    -0.480105     -3.65412    -0.138046     -53.5923      0.79377     0.314408     -11.3318
     2.18122   0.00435459      1.14474      8.60909   0.00932374     0.275581 -8.64911e-07      -1.7745   -0.0712282   -0.0858941     -1.12574    -0.115993     -6.40112    -0.051728   -0.0165395    -0.110496
    0.231237   -0.0362844      1.38346   0.00932374      4.19997    -0.407529  2.89108e-07    -0.424288     0.266645  -0.00372549    -0.151054     0.156014     -2.55161    -0.515886     -0.18517     -0.53454
     4.27158   -0.0265219     -0.92504     0.275581    -0.407529      43.1959            0      4.35003            0    0.0436311    0.0486779            0       6.3099     -2.07954     0.082728      3.04643
-4.80524e-06 -7.72809e-08 -3.40885e-06 -8.64911e-07  2.89108e-07            0  1.83188e-10  5.57696e-06            0  2.83362e-07 -3.13751e-06 -5.71319e-07   0.00146264 -9.16491e-06  1.56995e-06 -2.58314e-06
    -4.13822     0.404972     -5.11337      -1.7745    -0.424288      4.35003  5.57696e-06      57.6573     -2.71079    0.0450173      13.8978    -0.150762      90.3809     -10.5349      2.64853      -1.0972
    -3.14112    0.0670484      2.51541   -0.0712282     0.266645            0            0     -2.71079      53.4047   -0.0219805    -0.564763     0.607862      9.55845    -0.174791      -1.2966     -1.89163
     0.29111    0.0128789    -0.480105   -0.0858941  -0.00372549    0.0436311  2.83362e-07    0.0450173   -0.0219805      0.57483    -0.216598   -0.0483263      5.04763    -0.254839  -0.00436217     0.134544
    -3.47103     0.146348     -3.65412     -1.12574    -0.151054    0.0486779 -3.13751e-06      13.8978    -0.564763    -0.216598      14.6609    -0.704206     -13.0445      10.3198     0.591101      -2.9778
   -0.312968   -0.0358693    -0.138046    -0.115993     0.156014            0 -5.71319e-07    -0.150762     0.607862   -0.0483263    -0.704206      6.59006      1.87442      -1.4926    -0.493901     0.752367
     12.7475     -1.33557     -53.5923     -6.40112     -2.55161       6.3099   0.00146264      90.3809      9.55845      5.04763     -13.0445      1.87442      21063.2     -78.0967      8.21177      41.5403
    0.738106     0.024798      0.79377    -0.051728    -0.515886     -2.07954 -9.16491e-06     -10.5349    -0.174791    -0.254839      10.3198      -1.4926     -78.0967      30.9421     0.735565     -10.3816
   -0.592761    -0.042511     0.314408   -0.0165395     -0.18517     0.082728  1.56995e-06      2.64853      -1.2966  -0.00436217     0.591101    -0.493901      8.21177     0.735565       21.795     -1.89875
     23.7284  -0.00184374     -11.3318    -0.110496     -0.53454      3.04643 -2.58314e-06      -1.0972     -1.89163     0.134544      -2.9778     0.752367      41.5403     -10.3816     -1.89875      36.6036
