   7.86179   0.783035  -0.383011   0.121578 -0.0583198   -2.09752    0.15462
  0.783035    6.65779    1.03747    2.05589  -0.306703    3.73902    2.76072
 -0.383011    1.03747    53.0099   0.688893  -0.455476    7.41289    6.20038
  0.121578    2.05589   0.688893     2.3685  -0.369228    5.11805    1.53702
-0.0583198  -0.306703  -0.455476  -0.369228    10.4338   -11.7579  -0.557568
  -2.09752    3.73902    7.41289    5.11805   -11.7579    1673.37          0
   0.15462    2.76072    6.20038    1.53702  -0.557568          0    49.1232
