      18.568     0.281461     -9.26686    -0.332708            0     0.069658     -1.84457
    0.281461       7.0584     -3.88827   -0.0760995 -3.92082e+06     0.372146    -0.849335
    -9.26686     -3.88827      4162.15      2.73818  8.92402e+07     0.396703      18.4698
   -0.332708   -0.0760995      2.73818      4.83041 -1.21461e+06     0.260786      1.91108
           0 -3.92082e+06  8.92402e+07 -1.21461e+06  2.12919e+14      -483658 -1.16244e+06
    0.069658     0.372146     0.396703     0.260786      -483658      8.67232     0.946906
    -1.84457    -0.849335      18.4698      1.91108 -1.16244e+06     0.946906      9.68955
