     15.7614     0.307577     -5.50898    -0.381471            0    0.0133778     -1.69897
    0.307577      6.76458     -2.89545    -0.184675 -2.10256e+06     0.295258     -1.09412
    -5.50898     -2.89545      1711.99      2.43521  3.17984e+07     0.682937       12.036
   -0.381471    -0.184675      2.43521      4.71733      -685699     0.357868      2.24173
           0 -2.10256e+06  3.17984e+07      -685699  6.57668e+13      -280103      -649361
   0.0133778     0.295258     0.682937     0.357868      -280103      8.38115      1.16017
    -1.69897     -1.09412       12.036      2.24173      -649361      1.16017      9.67448
