    2.28966  0.00424275    -25.6077     0.24172    -2.19636   0.0521932     522.633           0   -0.160285     21.7203    0.998491    -8.42533
 0.00424275  0.00694728    -5.22155  -0.0326214   -0.543559  -0.0116244           0  0.00120065   0.0390995     4.12558   0.0550046    0.160881
   -25.6077    -5.22155 1.97875e+06    -576.286    -5356.35    -222.974           0     135.054    -1740.04           0     261.353           0
    0.24172  -0.0326214    -576.286     323.807     51.7934    0.358381    -2922.73    -11.5203    -2.39079     356.432     1.61556     62.7855
   -2.19636   -0.543559    -5356.35     51.7934     18499.3     18.8802           0     15.8744           0           0           0           0
  0.0521932  -0.0116244    -222.974    0.358381     18.8802     26.2391    -1269.24    -5.78173     -18.934           0     13.1153    -24.3328
    522.633           0           0    -2922.73           0    -1269.24 2.68817e+08           0           0           0           0           0
          0  0.00120065     135.054    -11.5203     15.8744    -5.78173           0     3884.75           0     326.141           0           0
  -0.160285   0.0390995    -1740.04    -2.39079           0     -18.934           0           0     17750.4     2120.83    -166.248           0
    21.7203     4.12558           0     356.432           0           0           0     326.141     2120.83      319449           0    -150.441
   0.998491   0.0550046     261.353     1.61556           0     13.1153           0           0    -166.248           0     6220.57     192.858
   -8.42533    0.160881           0     62.7855           0    -24.3328           0           0           0    -150.441     192.858     51565.5
