    2.33039  0.00437654    -25.0972    0.242039    -2.18251   0.0527187     511.902           0    -0.15918     21.4037    0.990668    -8.36311
 0.00437654  0.00726312    -5.18655  -0.0331054   -0.547427     -0.0119           0  0.00121025   0.0393542     4.12033   0.0553106     0.16185
   -25.0972    -5.18655 1.86742e+06    -555.655    -5125.29    -216.869           0     129.333    -1663.99           0     249.694           0
   0.242039  -0.0331054    -555.655     318.986      50.634    0.356129    -2816.49    -11.2715    -2.33588     345.552     1.57696     61.3133
   -2.18251   -0.547427    -5125.29      50.634     17947.6     18.6188           0     15.4133           0           0           0           0
  0.0527187     -0.0119    -216.869    0.356129     18.6188      26.302    -1233.79    -5.70629    -18.6607           0     12.9138    -23.9698
    511.902           0           0    -2816.49           0    -1233.79 2.53405e+08           0           0           0           0           0
          0  0.00121025     129.333    -11.2715     15.4133    -5.70629           0     3774.98           0     314.033           0           0
   -0.15918   0.0393542    -1663.99    -2.33588           0    -18.6607           0           0     17200.6     2039.23    -160.945           0
    21.4037     4.12033           0     345.552           0           0           0     314.033     2039.23      304781           0    -144.581
   0.990668   0.0553106     249.694     1.57696           0     12.9138           0           0    -160.945           0     6016.45     186.615
   -8.36311     0.16185           0     61.3133           0    -23.9698           0           0           0    -144.581     186.615     49918.8
