   0.0158443     -64.8273 -0.000360011 -5.57718e-05     -152.652     -0.15228     0.114469            0   0.00172584   -0.0108268      633.273            0
    -64.8273   9.5871e+07      104.984      2.14447            0            0      51631.8            0     -78.0298      -475.31            0            0
-0.000360011      104.984     0.309369 -3.93838e-05      790.039     -19.4405      1.41951      1335.52  0.000152487  -0.00456975      2545.19     -431.858
-5.57718e-05      2.14447 -3.93838e-05  7.31743e-05     -13.8163     -0.19436   -0.0451041     -3.71448 -6.63792e-05 -0.000330618      -134.67       12.943
    -152.652            0      790.039     -13.8163  7.51505e+09 -2.07583e+06      -765784            0      23.5994      1532.99            0            0
    -0.15228            0     -19.4405     -0.19436 -2.07583e+06  2.86995e+06      1549.89 -9.86918e+06     -4.58986      38.6683            0            0
    0.114469      51631.8      1.41951   -0.0451041      -765784      1549.89      33620.1            0    -0.562344     -3.15191            0 -2.37111e+07
           0            0      1335.52     -3.71448            0 -9.86918e+06            0  2.06872e+10            0     -351.167            0            0
  0.00172584     -78.0298  0.000152487 -6.63792e-05      23.5994     -4.58986    -0.562344            0    0.0780462    0.0104892     -1289.46      478.663
  -0.0108268      -475.31  -0.00456975 -0.000330618      1532.99      38.6683     -3.15191     -351.167    0.0104892      3.94515     -1510.12     -8.42436
     633.273            0      2545.19      -134.67            0            0            0            0     -1289.46     -1510.12   3.3926e+10            0
           0            0     -431.858       12.943            0            0 -2.37111e+07            0      478.663     -8.42436            0  2.97853e+10
