     8.75547   1.3369e+07     -3.82434      81.7618      2.41516     -261.443  4.67878e+06     -1.26764
  1.3369e+07   2.1944e+15 -2.56354e+07            0  4.16979e+06            0            0  5.18901e+06
    -3.82434 -2.56354e+07      8.84528       -73.19     -4.12895     -23.3477 -7.17392e+06      2.39928
     81.7618            0       -73.19        30630      32.1595     -29893.4            0     -41.6945
     2.41516  4.16979e+06     -4.12895      32.1595       7.8772     -40.9025  4.54113e+06     -1.73659
    -261.443            0     -23.3477     -29893.4     -40.9025       522375            0       45.519
 4.67878e+06            0 -7.17392e+06            0  4.54113e+06            0  6.35455e+14 -1.57744e+06
    -1.26764  5.18901e+06      2.39928     -41.6945     -1.73659       45.519 -1.57744e+06      6.96631
