     8.56877       752670     -4.53944      8.57733      3.44359     -17.5091      30730.4     -2.03233
      752670  4.15358e+12 -1.13424e+06            0       360441            0            0      80023.9
    -4.53944 -1.13424e+06      8.49016     -6.52182     -4.56808     -3.93291     -37164.5      2.82605
     8.57733            0     -6.52182      296.972      3.95738     -229.062            0     -4.67769
     3.44359       360441     -4.56808      3.95738      7.84564     -2.18052        28909     -2.37886
    -17.5091            0     -3.93291     -229.062     -2.18052       3162.8            0      3.06732
     30730.4            0     -37164.5            0        28909            0   1.8937e+10     -12666.7
    -2.03233      80023.9      2.82605     -4.67769     -2.37886      3.06732     -12666.7      6.74414
