 3.97808e+13     -2238.06            0            0            0 -1.55549e+07     -7.98375            0       548628            0            0      4698.59            0      286.554
    -2238.06    0.0107803     -288.995            0      22.5067      -1.1751 -1.65048e-07     -3363.17   -0.0124318      -721138      62565.5  7.88642e-06            0  1.86694e-05
           0     -288.995  1.02214e+10            0  3.53735e+07 -1.57251e+06   0.00984578            0      1553.19            0            0     -8.66151  1.80157e+10      7.66042
           0            0            0   9.0155e+27            0 -4.67848e+14  -7.5869e+07            0 -9.91223e+12            0            0 -1.25562e+10            0 -9.78229e+09
           0      22.5067  3.53735e+07            0  7.58482e+07      43326.4   -0.0122301 -2.26343e+08       1003.5            0            0    -0.853265 -3.36526e+09     -0.83356
-1.55549e+07      -1.1751 -1.57251e+06 -4.67848e+14      43326.4        56797  -0.00019053  1.71096e+06      31.4349 -3.52444e+09 -2.75379e+07   -0.0122819  2.39766e+08    0.0545888
    -7.98375 -1.65048e-07   0.00984578  -7.5869e+07   -0.0122301  -0.00019053  1.04299e-09     -0.53028  3.25624e-05      -781.46      17.1583 -2.66167e-09            0  2.32269e-09
           0     -3363.17            0            0 -2.26343e+08  1.71096e+06     -0.53028  1.27699e+12       578326 -2.07984e+13            0      136.693  2.31204e+11      199.856
      548628   -0.0124318      1553.19 -9.91223e+12       1003.5      31.4349  3.25624e-05       578326      216.221 -9.47831e+06  1.24829e+07  -0.00012554      -151828  0.000732829
           0      -721138            0            0            0 -3.52444e+09      -781.46 -2.07984e+13 -9.47831e+06  3.67428e+17  3.85439e+15      46879.2 -1.91482e+14      9228.94
           0      62565.5            0            0            0 -2.75379e+07      17.1583            0  1.24829e+07  3.85439e+15  5.29489e+14       2074.5 -2.90307e+12      1884.36
     4698.59  7.88642e-06     -8.66151 -1.25562e+10    -0.853265   -0.0122819 -2.66167e-09      136.693  -0.00012554      46879.2       2074.5  1.32326e-05      12.1273  4.46541e-07
           0            0  1.80157e+10            0 -3.36526e+09  2.39766e+08            0  2.31204e+11      -151828 -1.91482e+14 -2.90307e+12      12.1273  6.62366e+13      767.229
     286.554  1.86694e-05      7.66042 -9.78229e+09     -0.83356    0.0545888  2.32269e-09      199.856  0.000732829      9228.94      1884.36  4.46541e-07      767.229  2.31633e-05
