 7.75599e+06     -33.9056            0            0      644.869     -306.902     -0.19902            0      308.623            0            0      360.289            0      19.3932
    -33.9056       13.825     -8.06365            0      3.63293     -1.87108 -0.000349613     -40.6724    -0.837046     -6649.39      814.352    0.0492522            0      0.10183
           0     -8.06365      6179.57            0      113.616     -54.4091  0.000470284            0      27.5583            0            0     -1.16524      12786.7     0.912179
           0            0            0  4.81982e+18            0 -4.56443e+08      -107113            0  -2.5691e+08            0            0 -5.19146e+07            0 -3.91447e+07
     644.869      3.63293      113.616            0      1084.92       10.639  -0.00258086     -452.698      191.336      17551.1      1733.98    -0.424409       -13951     0.566438
    -306.902     -1.87108     -54.4091 -4.56443e+08       10.639      112.116 -0.000461039      25.7327      3.10668       -40270     -427.332   -0.0948434      9768.43     0.373654
    -0.19902 -0.000349613  0.000470284      -107113  -0.00258086 -0.000461039  3.91247e-06  -0.00844238   0.00182159     -12.6521     0.390068 -2.76496e-05            0  2.17809e-05
           0     -40.6724            0            0     -452.698      25.7327  -0.00844238       147755      183.813 -1.75683e+06            0      8.04438      75443.9      10.7012
     308.623    -0.837046      27.5583  -2.5691e+08      191.336      3.10668   0.00182159      183.813      333.028     -3139.89      5297.16    -0.122493     -2133.14    0.0247874
           0     -6649.39            0            0      17551.1       -40270     -12.6521 -1.75683e+06     -3139.89  2.48225e+10  3.65041e+08      2115.74 -4.43652e+07      349.656
           0      814.352            0            0      1733.98     -427.332     0.390068            0      5297.16  3.65041e+08  7.00848e+07      131.776      -934766      105.878
     360.289    0.0492522     -1.16524 -5.19146e+07    -0.424409   -0.0948434 -2.76496e-05      8.04438    -0.122493      2115.74      131.776     0.399049       2.8025    0.0121524
           0            0      12786.7            0       -13951      9768.43            0      75443.9     -2133.14 -4.43652e+07      -934766       2.8025    5.576e+07       104.72
     19.3932      0.10183     0.912179 -3.91447e+07     0.566438     0.373654  2.17809e-05      10.7012    0.0247874      349.656      105.878    0.0121524       104.72       0.5521
