    25880.8      -2.995     39.8983           0     12.4815    -9.32494   -0.973568           0     15.1854           0           0           0     57.1781           0     2.98498
     -2.995     56.4504    -76.1027           0   -0.215765   -0.272844  -0.0580819    -9.26461    -2.24511    -31.6862     -2138.3     33.2146     0.36494    -23.3735    0.325061
    39.8983    -76.1027     364.137           0     11.0323     -6.8625   0.0265737     7.20818     8.16194           0           0     20.1937   -0.658682     122.535    0.595763
          0           0           0 3.34298e+13           0     -632673    -23842.1           0     -561648           0           0           0     -378116           0     -275091
    12.4815   -0.215765     11.0323           0     162.519      2.0804  -0.0768079    -25.1622     97.8409     17.6554    -7124.75     11.4409   -0.490432    -200.026    0.356644
   -9.32494   -0.272844     -6.8625     -632673      2.0804     31.0512  -0.0209843     1.82957     1.71936    -52.7631           0    -5.44492   -0.137012     195.503    0.525436
  -0.973568  -0.0580819   0.0265737    -23842.1  -0.0768079  -0.0209843   0.0276402   -0.096126    0.106457    -2.68784           0       0.817 -0.00646534           0  0.00503589
          0    -9.26461     7.20818           0    -25.1622     1.82957   -0.096126     2686.97     17.5392    -584.693           0           0     3.00754     385.623       3.854
    15.1854    -2.24511     8.16194     -561648     97.8409     1.71936    0.106457     17.5392     269.342     -6.8807     26.9327     108.364   -0.431455    -106.506  -0.0677436
          0    -31.6862           0           0     17.6554    -52.7631    -2.68784    -584.693     -6.8807      156797           0     22337.6     14.7006    -4260.84     2.30222
          0     -2138.3           0           0    -7124.75           0           0           0     26.9327           0 2.94993e+08           0           0           0      -24505
          0     33.2146     20.1937           0     11.4409    -5.44492       0.817           0     108.364     22337.6           0     41584.7      8.8742    -873.085     6.88408
    57.1781     0.36494   -0.658682     -378116   -0.490432   -0.137012 -0.00646534     3.00754   -0.431455     14.7006           0      8.8742     3.02076    0.204896   0.0893318
          0    -23.3735     122.535           0    -200.026     195.503           0     385.623    -106.506    -4260.84           0    -873.085    0.204896     80483.1     10.6282
    2.98498    0.325061    0.595763     -275091    0.356644    0.525436  0.00503589       3.854  -0.0677436     2.30222      -24505     6.88408   0.0893318     10.6282     3.94314
