 2.07757e+11     -1336.21            0            0            0      -169746     -1.16688            0      43789.7            0            0      7796.29            0       444.71
    -1336.21     0.754482     -32.3911            0      5.46675     -1.47996 -2.79496e-06     -487.455    -0.211174      -110469      31683.3   0.00151602            0   0.00331452
           0     -32.3911  1.83755e+06            0        13796     -3174.26  0.000267396            0      23.0504            0            0     -2.65758  3.84888e+07      2.19374
           0            0            0  1.14279e+27            0 -2.43508e+13 -5.40953e+07            0 -3.86281e+12            0            0 -1.02578e+11            0 -7.54672e+10
           0      5.46675        13796            0      64046.4      189.309 -0.000717732      -112716      32.2096            0            0    -0.567548 -1.56288e+07    -0.520662
     -169746     -1.47996     -3174.26 -2.43508e+13      189.309      1285.95 -5.78442e-05      4475.59      5.23133 -9.72457e+06      -251651    -0.042434  5.76937e+06      0.17642
    -1.16688 -2.79496e-06  0.000267396 -5.40953e+07 -0.000717732 -5.78442e-05  4.27839e-09   -0.0187503  7.27091e-05     -29.0533      2.10206 -1.23525e-07            0  1.00791e-07
           0     -487.455            0            0      -112716      4475.59   -0.0187503  3.88555e+08        11155 -6.64844e+09            0      54.6435  6.87961e+08       76.877
     43789.7    -0.211174      23.0504 -3.86281e+12      32.2096      5.23133  7.27091e-05        11155      263.896      -191996       835122  -0.00329674     -26782.8    0.0173971
           0      -110469            0            0            0 -9.72457e+06     -29.0533 -6.64844e+09      -191996  1.23534e+14  4.27991e+12      19740.4 -5.64542e+11      3580.94
           0      31683.3            0            0            0      -251651      2.10206            0       835122  4.27991e+12  1.94182e+12      2860.63 -2.80012e+10      2457.76
     7796.29   0.00151602     -2.65758 -1.02578e+11    -0.567548    -0.042434 -1.23525e-07      54.6435  -0.00329674      19740.4      2860.63   0.00697143      70.7342  0.000221268
           0            0  3.84888e+07            0 -1.56288e+07  5.76937e+06            0  6.87961e+08     -26782.8 -5.64542e+11 -2.80012e+10      70.7342   1.6949e+12      2619.23
      444.71   0.00331452      2.19374 -7.54672e+10    -0.520662      0.17642  1.00791e-07       76.877    0.0173971      3580.94      2457.76  0.000221268      2619.23    0.0107137
