 1.14466e+13     -2561.89            0            0            0  -4.2345e+06     -5.01197            0       304971            0            0      7660.09            0      458.702
    -2561.89    0.0490903     -136.695            0      13.5461     -1.27265 -4.12305e-07     -3073.56   -0.0274943      -368942      54696.2  5.11586e-05            0  0.000118873
           0     -136.695  5.04272e+08            0  2.21802e+06      -177245   0.00256767            0      358.005            0            0     -5.82999  2.48198e+09      5.04835
           0            0            0   6.6473e+27            0   -2.043e+14 -7.66733e+07            0 -8.86985e+12            0            0 -3.28316e+10            0 -2.50815e+10
           0      13.5461  2.21802e+06            0  6.03385e+06      6201.21  -0.00403694  -2.7291e+07      293.268            0            0    -0.729537 -5.89803e+08    -0.701413
 -4.2345e+06     -1.27265      -177245   -2.043e+14      6201.21        14626 -0.000113159       372512      16.5314 -4.28812e+08 -5.72802e+06   -0.0189095  7.56116e+07    0.0825942
    -5.01197 -4.12305e-07   0.00256767 -7.66733e+07  -0.00403694 -0.000113159  1.42945e-09    -0.266666  3.94956e-05     -219.377      8.22688 -9.47087e-09            0  8.10525e-09
           0     -3073.56            0            0  -2.7291e+07       372512    -0.266666  2.35298e+11       257293 -2.14061e+12            0      178.313  6.23923e+10        256.9
      304971   -0.0274943      358.005 -8.86985e+12      293.268      16.5314  3.94956e-05       257293      232.209 -2.35515e+06  5.29971e+06 -0.000407512     -97757.4   0.00225685
           0      -368942            0            0            0 -4.28812e+08     -219.377 -2.14061e+12 -2.35515e+06  2.11215e+16   3.7859e+14      34173.8 -2.85669e+13      6580.52
           0      54696.2            0            0            0 -5.72802e+06      8.22688            0  5.29971e+06   3.7859e+14  8.88657e+13      2563.74 -7.38877e+11      2306.67
     7660.09  5.11586e-05     -5.82999 -3.28316e+10    -0.729537   -0.0189095 -9.47087e-09      178.313 -0.000407512      34173.8      2563.74  0.000122174      25.8347  4.06184e-06
           0            0  2.48198e+09            0 -5.89803e+08  7.56116e+07            0  6.23923e+10     -97757.4 -2.85669e+13 -7.38877e+11      25.8347  2.55819e+13       1420.7
     458.702  0.000118873      5.04835 -2.50815e+10    -0.701413    0.0825942  8.10525e-09        256.9   0.00225685      6580.52      2306.67  4.06184e-06       1420.7   0.00020632
