 2.16829e+09     -275.345            0            0            0     -9485.32    -0.244653            0      4630.66            0            0      2192.39            0      121.316
    -275.345      3.24687     -16.5028            0      3.67606     -1.67626 -1.18697e-05     -141.238    -0.485241     -56186.5      11719.1   0.00868385            0    0.0184433
           0     -16.5028       110911            0      1098.39     -425.777  0.000133652            0      5.84605            0            0     -1.79546  1.27121e+06      1.44302
           0            0            0  5.51891e+23            0 -2.83759e+11  -2.4595e+06            0 -8.39746e+10            0            0 -6.38883e+09            0 -4.95621e+09
           0      3.67606      1098.39            0      6711.85      33.4473 -0.000473297     -5110.13      10.7604            0            0    -0.505113      -682579    -0.451725
    -9485.32     -1.67626     -425.777 -2.83759e+11      33.4473       382.96 -6.42247e-05      341.921      2.97733 -1.31752e+06     -23887.1   -0.0638208       424109     0.258089
   -0.244653 -1.18697e-05  0.000133652  -2.4595e+06 -0.000473297 -6.42247e-05  1.80894e-08  -0.00529824  0.000153375     -14.8656     0.773871 -6.91914e-07            0   5.5144e-07
           0     -141.238            0            0     -5110.13      341.921  -0.00529824  7.59121e+06      1612.18 -2.30529e+08            0      20.9471  1.28301e+07      28.6876
     4630.66    -0.485241      5.84605 -8.39746e+10      10.7604      2.97733  0.000153375      1612.18      282.097     -49505.5       153796  -0.00945407     -3719.06    0.0481835
           0     -56186.5            0            0            0 -1.31752e+06     -14.8656 -2.30529e+08     -49505.5  7.62315e+12  1.89668e+11      13492.6 -1.85677e+10      2396.26
           0      11719.1            0            0            0     -23887.1     0.773871            0       153796  1.89668e+11   6.1761e+10      1414.39 -6.59989e+08      1177.73
     2192.39   0.00868385     -1.79546 -6.38883e+09    -0.505113   -0.0638208 -6.91914e-07      20.9471  -0.00945407      13492.6      1414.39    0.0528318      25.0168   0.00165251
           0            0  1.27121e+06            0      -682579       424109            0  1.28301e+07     -3719.06 -1.85677e+10 -6.59989e+08      25.0168  3.07511e+10      934.385
     121.316    0.0184433      1.44302 -4.95621e+09    -0.451725     0.258089   5.5144e-07      28.6876    0.0481835      2396.26      1177.73   0.00165251      934.385    0.0771466
