 2.54774e+12     -2383.32            0            0            0  -1.0874e+06     -2.91119            0       148553            0            0      9921.81            0      580.548
    -2383.32     0.191202     -66.3937            0      8.58137     -1.36692 -1.00221e-06     -1588.07   -0.0560258      -202143      45723.3  0.000277203            0  0.000629479
           0     -66.3937  3.05518e+07            0       175264     -23743.5  0.000778145            0      91.0275            0            0     -3.93871  3.60723e+08      3.33098
           0            0            0  2.89141e+27            0 -7.35784e+13 -6.01022e+07            0  -5.8303e+12            0            0 -5.86915e+10            0 -4.45669e+10
           0      8.58137       175264            0       621706      1083.32   -0.0015953 -2.27843e+06      97.1959            0            0    -0.642721 -1.11831e+08    -0.604062
 -1.0874e+06     -1.36692     -23743.5 -7.35784e+13      1083.32      4332.08 -7.58235e-05      53139.5      9.28955 -6.47893e+07 -1.32287e+06   -0.0282489  2.43116e+07     0.120589
    -2.91119 -1.00221e-06  0.000778145 -6.01022e+07   -0.0015953 -7.58235e-05  2.16932e-09   -0.0864598  5.02127e-05     -75.0481      4.29096 -3.20162e-08            0  2.67709e-08
           0     -1588.07            0            0 -2.27843e+06      53139.5   -0.0864598  1.62391e+10      69821.1 -1.56097e+11            0      128.498   1.0019e+10      183.625
      148553   -0.0560258      91.0275  -5.8303e+12      97.1959      9.28955  5.02127e-05      69821.1      247.553      -675091  2.31783e+06   -0.0011607       -59613   0.00626547
           0      -202143            0            0            0 -6.47893e+07     -75.0481 -1.56097e+11      -675091  1.62791e+15  4.45196e+13      26047.3 -4.70499e+12      4862.52
           0      45723.3            0            0            0 -1.32287e+06      4.29096            0  2.31783e+06  4.45196e+13   1.5944e+13      2978.84 -1.84794e+11      2622.17
     9921.81  0.000277203     -3.93871 -5.86915e+10    -0.642721   -0.0282489 -3.20162e-08      128.498   -0.0011607      26047.3      2978.84  0.000920868      52.6492  2.99426e-05
           0            0  3.60723e+08            0 -1.11831e+08  2.43116e+07            0   1.0019e+10       -59613 -4.70499e+12 -1.84794e+11      52.6492  8.93182e+12      2244.18
     580.548  0.000629479      3.33098 -4.45669e+10    -0.604062     0.120589  2.67709e-08      183.625   0.00626547      4862.52      2622.17  2.99426e-05      2244.18   0.00148552
