     220.606            0            0      14.9638     -73.5382 -5.36664e+06     -7.77854            0      44.9156            0    -0.817041
           0  1.49018e+11            0            0            0            0      -130049            0            0            0       178191
           0            0  9.38245e+11            0            0            0       225015  3.90907e+08            0            0            0
     14.9638            0            0      416.688      36.5506            0      20.5793            0            0            0            0
    -73.5382            0            0      36.5506      18205.3            0     -107.271            0     -368.629            0     -93.4993
-5.36664e+06            0            0            0            0   4.9535e+11       292465            0            0            0            0
    -7.77854      -130049       225015      20.5793     -107.271       292465      22.1488      1040.58      408.592      151.992     -13.7476
           0            0  3.90907e+08            0            0            0      1040.58  3.29561e+06            0            0     -941.813
     44.9156            0            0            0     -368.629            0      408.592            0  1.05686e+06            0      566.247
           0            0            0            0            0            0      151.992            0            0        66463            0
   -0.817041       178191            0            0     -93.4993            0     -13.7476     -941.813      566.247            0      1181.64
