      199.91            0            0      13.5153     -59.4023 -4.95859e+06     -7.26633            0      33.8797            0    -0.697739
           0  7.52825e+10            0            0            0            0     -90873.8            0            0            0       113504
           0            0  8.52076e+11            0            0            0       210415  2.83653e+08            0            0            0
     13.5153            0            0      375.164      29.4179            0      19.1615            0            0            0            0
    -59.4023            0            0      29.4179      13109.9            0     -89.3274            0     -248.144            0     -71.1607
-4.95859e+06            0            0            0            0  4.66687e+11       278563            0            0            0            0
    -7.26633     -90873.8       210415      19.1615     -89.3274       278563      21.3281      777.506      317.707      122.174     -12.0996
           0            0  2.83653e+08            0            0            0      777.506  1.91066e+06            0            0     -643.178
     33.8797            0            0            0     -248.144            0      317.707            0       663611            0      402.406
           0            0            0            0            0            0      122.174            0            0      44599.4            0
   -0.697739       113504            0            0     -71.1607            0     -12.0996     -643.178      402.406            0      950.543
