    70.1663           0           0     4.46336    -5.68381     -156061    -3.51182           0     1.51244           0   -0.122833
          0 3.32256e+06           0           0           0           0     -497.66           0           0           0     224.142
          0           0 1.41042e+08           0           0           0      2207.9      180051           0           0           0
    4.46336           0           0     116.815     2.63716           0     8.71514           0           0           0           0
   -5.68381           0           0     2.63716     341.259           0    -11.7553           0    -2.99816           0    -3.48088
    -156061           0           0           0           0 1.33828e+09     12082.7           0           0           0           0
   -3.51182     -497.66      2207.9     8.71514    -11.7553     12082.7     14.2006     31.2332     19.5325     10.9467    -2.86784
          0           0      180051           0           0           0     31.2332     4636.27           0           0    -9.44489
    1.51244           0           0           0    -2.99816           0     19.5325           0     3768.92           0     9.27496
          0           0           0           0           0           0     10.9467           0           0     529.251     1.47437
  -0.122833     224.142           0           0    -3.48088           0    -2.86784    -9.44489     9.27496     1.47437     85.3172
