     8.24396  2.46875e+07    -0.483422      9.22736     0.421394   -0.0515283     0.095109
 2.46875e+07  5.35418e+17 -1.59435e+08            0  8.00483e+07 -1.85913e+08 -3.25449e+08
   -0.483422 -1.59435e+08      5.28718      3.01312    -0.218122      3.54417     0.306591
     9.22736            0      3.01312       130029      37.7809      -78.387            0
    0.421394  8.00483e+07    -0.218122      37.7809      6.58909    -0.360221    0.0535253
  -0.0515283 -1.85913e+08      3.54417      -78.387    -0.360221      9.78875     0.399332
    0.095109 -3.25449e+08     0.306591            0    0.0535253     0.399332     0.953022
