     7.68688       310152    -0.456884      0.75903     0.399746   -0.0203731    0.0928161
      310152  8.13651e+13 -2.03644e+06            0   1.0245e+06 -2.16917e+06 -4.22594e+06
   -0.456884 -2.03644e+06      5.27584    -0.381999    -0.378578      3.86428     0.340799
     0.75903            0    -0.381999      1191.64      3.66745     -7.61017            0
    0.399746   1.0245e+06    -0.378578      3.66745      5.90361    -0.623649    0.0372962
  -0.0203731 -2.16917e+06      3.86428     -7.61017    -0.623649      9.59079     0.402493
   0.0928161 -4.22594e+06     0.340799            0    0.0372962     0.402493      1.05739
