     38.9922     -307.737      7.12385      4.26252  0.000238348     -1.02518      13.5301     -21.0378       140744  -0.00126821     -446.217     0.881228      1168.43    -0.257539      1.07684
    -307.737  2.69519e+06     -51.0698      -601.02     0.201937     -195.819      95.3301      6108.98            0     -1.29785      19788.8     -7.74025            0     -380.656      491.816
     7.12385     -51.0698      53.7092      10.3399  0.000817873      2.02836      3.84526    -0.538369     -8340.38   -0.0134121     -242.108     0.755794      -568.75     -17.3795     -16.3529
     4.26252      -601.02      10.3399      62.2632   0.00112146      1.95716      10.7583      20.5555     -51184.9 -0.000979953     -1263.64     0.413542      2492.23      6.83525      11.7106
 0.000238348     0.201937  0.000817873   0.00112146  2.53005e-05  0.000893838   0.00107562   -0.0299169      9.83662 -4.24991e-06    0.0188897  6.62751e-05    0.0435446  0.000257491  -0.00097735
    -1.02518     -195.819      2.02836      1.95716  0.000893838      55.2864     -1.06562     -86.4586            0    0.0144443      625.268    0.0194296     -1085.04      1.65222      -5.1337
     13.5301      95.3301      3.84526      10.7583   0.00107562     -1.06562      369.802     -56.8678      53498.6    0.0181184     -788.544     0.354899      845.841      2.37066     -0.37153
    -21.0378      6108.98    -0.538369      20.5555   -0.0299169     -86.4586     -56.8678      15182.9       427801    -0.615765      6483.89      17.9745     -13239.4      6.82091      -15.624
      140744            0     -8340.38     -51184.9      9.83662            0      53498.6       427801  4.65204e+10      94.1114            0      310.703            0     -35158.2      73891.3
 -0.00126821     -1.29785   -0.0134121 -0.000979953 -4.24991e-06    0.0144443    0.0181184    -0.615765      94.1114   0.00232725      -1.5913   -0.0509446     -6.89017   0.00177711    0.0310043
    -446.217      19788.8     -242.108     -1263.64    0.0188897      625.268     -788.544      6483.89            0      -1.5913  5.72898e+06      254.615 -9.59824e+06     -602.953      1744.21
    0.881228     -7.74025     0.755794     0.413542  6.62751e-05    0.0194296     0.354899      17.9745      310.703   -0.0509446      254.615      3.48857      170.909     0.192362     -1.05627
     1168.43            0      -568.75      2492.23    0.0435446     -1085.04      845.841     -13239.4            0     -6.89017 -9.59824e+06      170.909  1.67984e+07      1464.43     -2460.63
   -0.257539     -380.656     -17.3795      6.83525  0.000257491      1.65222      2.37066      6.82091     -35158.2   0.00177711     -602.953     0.192362      1464.43      17.2208     -8.97631
     1.07684      491.816     -16.3529      11.7106  -0.00097735      -5.1337     -0.37153      -15.624      73891.3    0.0310043      1744.21     -1.05627     -2460.63     -8.97631      61.0587
