    39.3019     -82.915     8.42755     5.77357  0.00140631   -0.290763      8.4701    -14.0331       12431 -0.00901443    -74.2536     1.14814     174.361   -0.514544     1.07497
    -82.915      188134    -18.5544    -158.365    0.293194    -15.0154      15.632       420.7           0    -1.57365     825.878    -2.73703           0    -101.257     126.524
    8.42755    -18.5544     53.7349     10.9675   0.0045958    0.600358     2.57102    -7.58852    -675.307  -0.0659522    -44.1803     1.01518    -71.8676    -17.3797    -17.7985
    5.77357    -158.365     10.9675     62.6042  0.00617777    0.600817     6.79787      14.422    -4224.44  -0.0051743    -201.221    0.542967     364.396     6.68714     12.7923
 0.00140631    0.293194   0.0045958  0.00617777 0.000764968  0.00147856  0.00367491  -0.0469961     4.80106 -0.00010583   0.0161897 0.000473033   0.0351637  0.00143481 -0.00535223
  -0.290763    -15.0154    0.600358    0.600817  0.00147856     4.67066   -0.191363    -6.76377           0   0.0200995     29.0564  -0.0103217    -46.7808    0.488457     -1.4474
     8.4701      15.632     2.57102     6.79787  0.00367491   -0.191363     141.594    -10.7132     2927.85   0.0529867    -77.5267    0.266017     76.4615     1.45955   -0.159471
   -14.0331       420.7    -7.58852      14.422  -0.0469961    -6.76377    -10.7132     1324.72     6242.34   -0.836211     224.952     6.82141    -427.446     10.9177    -11.3993
      12431           0    -675.307    -4224.44     4.80106           0     2927.85     6242.34 3.64713e+08     38.3774           0     37.3247           0    -3159.77     6457.95
-0.00901443    -1.57365  -0.0659522  -0.0051743 -0.00010583   0.0200995   0.0529867   -0.836211     38.3774   0.0500559    -1.15465   -0.307159    -4.69347  0.00893261    0.145716
   -74.2536     825.878    -44.1803    -201.221   0.0161897     29.0564    -77.5267     224.952           0    -1.15465      146487     51.9738     -225267    -98.1607      274.66
    1.14814    -2.73703     1.01518    0.542967 0.000473033  -0.0103217    0.266017     6.82141     37.3247   -0.307159     51.9738     5.82862     32.1934    0.246541     -1.3732
    174.361           0    -71.8676     364.396   0.0351637    -46.7808     76.4615    -427.446           0    -4.69347     -225267     32.1934      361553     218.164    -351.852
  -0.514544    -101.257    -17.3797     6.68714  0.00143481    0.488457     1.45955     10.9177    -3159.77  0.00893261    -98.1607    0.246541     218.164     17.6141    -8.33956
    1.07497     126.524    -17.7985     12.7923 -0.00535223     -1.4474   -0.159471    -11.3993     6457.95    0.145716      274.66     -1.3732    -351.852    -8.33956      61.141
