     39.1302     -159.618      7.73713      4.96898  0.000574262    -0.526015      10.7007     -15.9233      45238.9   -0.0028208     -181.128      1.00065      450.245    -0.378577      1.07968
    -159.618       712021     -31.0276     -308.468     0.242305     -52.4604      38.5448      1642.51            0     -1.42926      4050.93     -4.72183            0     -196.345      249.542
     7.73713     -31.0276      53.6979      10.6421   0.00192707      1.07599      3.13987      -4.6214     -2582.83   -0.0289726     -103.835     0.871501     -203.659     -17.3877     -17.0443
     4.96898     -308.468      10.6421      62.4131   0.00262566       1.0029      8.54915      16.0148     -15942.9  -0.00183949     -503.138     0.469268      951.388      6.77097       12.221
 0.000574262     0.242305   0.00192707   0.00262566  0.000138035   0.00108962   0.00198338   -0.0375965       7.4051 -2.13688e-05    0.0175237  0.000175552    0.0389349  0.000608792  -0.00228121
   -0.526015     -52.4604      1.07599       1.0029   0.00108962      15.0213    -0.436959     -23.9966            0    0.0162315      130.168    0.0118228     -216.318     0.861041     -2.66759
     10.7007      38.5448      3.13987      8.54915   0.00198338    -0.436959      228.839     -24.5166        13532    0.0307823     -247.683     0.316254      254.468      1.86176    -0.247523
    -15.9233      1642.51      -4.6214      16.0148   -0.0375965     -23.9966     -24.5166      4471.67      64316.9    -0.719926      1288.47      10.9944     -2529.79       8.7996     -12.4451
     45238.9            0     -2582.83     -15942.9       7.4051            0        13532      64316.9  4.81719e+09       64.777            0      119.341            0     -11392.2      23626.1
  -0.0028208     -1.42926   -0.0289726  -0.00183949 -2.13688e-05    0.0162315    0.0307823    -0.719926       64.777    0.0107781     -1.34357    -0.123512     -5.67708   0.00389604    0.0666807
    -181.128      4050.93     -103.835     -503.138    0.0175237      130.168     -247.683      1288.47            0     -1.34357       913741      114.625 -1.46609e+06      -243.06      692.192
     1.00065     -4.72183     0.871501     0.469268  0.000175552    0.0118228     0.316254      10.9944      119.341    -0.123512      114.625      4.45473      73.9162     0.213915      -1.1944
     450.245            0     -203.659      951.388    0.0389349     -216.318      254.468     -2529.79            0     -5.67708 -1.46609e+06      73.9162  2.45719e+06      565.504     -930.162
   -0.378577     -196.345     -17.3877      6.77097  0.000608792     0.861041      1.86176       8.7996     -11392.2   0.00389604      -243.06     0.213915      565.504      17.4104      -8.6753
     1.07968      249.542     -17.0443       12.221  -0.00228121     -2.66759    -0.247523     -12.4451      23626.1    0.0666807      692.192      -1.1944     -930.162      -8.6753      61.0853
