  0.00653435   0.00216131    0.0185163    0.0258677   0.00544786   0.00426783   -0.0276988    0.0218902  -0.00496888  -0.00283574    0.0136326   -0.0214909   -0.0574387  5.52372e-06      -8.1744
  0.00216131      327.493      1.19272     0.394025      5.21025      -2.0173     -7.02978     0.831214     -1.06055     0.399572     -1.10993    -0.170989     -5.25971  0.000791476      1150.98
   0.0185163      1.19272      24.1359     -3.17792      16.5097   -0.0236511     -1.41552    -0.365239      1.04299      1.42043     -1.88259       3.5487      3.86405  4.73811e-05     -438.432
   0.0258677     0.394025     -3.17792      21.1599     -3.23813     -0.32226     -2.11603      16.3171    -0.894666     -1.01075      7.77141    -0.984272      -1.2091 -6.12154e-05     -40.9445
  0.00544786      5.21025      16.5097     -3.23813      41.9149     -1.44737      -14.731      5.38901      1.42962     0.969751      -24.676    -0.805761     0.797045  0.000398154      8426.37
  0.00426783      -2.0173   -0.0236511     -0.32226     -1.44737      40.5345      1.17822    -0.105531     0.821646    -0.167368     0.303535     -1.05768     -1.83517 -6.86931e-05       -876.7
  -0.0276988     -7.02978     -1.41552     -2.11603      -14.731      1.17822      33.8498      1.93659    -0.527886     0.203437      8.04202      7.04154      8.39568 -0.000328175      933.293
   0.0218902     0.831214    -0.365239      16.3171      5.38901    -0.105531      1.93659      34.4644    -0.361785     -1.41889     -11.2676      2.35891      2.98399  8.36592e-06      4636.55
 -0.00496888     -1.06055      1.04299    -0.894666      1.42962     0.821646    -0.527886    -0.361785      12.3366    -0.511389     -2.28686     -1.15811    -0.469725  4.94661e-05      229.617
 -0.00283574     0.399572      1.42043     -1.01075     0.969751    -0.167368     0.203437     -1.41889    -0.511389      13.5227     -2.80409     0.301968      1.23292 -4.57955e-05     -535.725
   0.0136326     -1.10993     -1.88259      7.77141      -24.676     0.303535      8.04202     -11.2676     -2.28686     -2.80409      80.5714      5.04101     -1.95075 -5.84658e-05       -25435
  -0.0214909    -0.170989       3.5487    -0.984272    -0.805761     -1.05768      7.04154      2.35891     -1.15811     0.301968      5.04101      78.3034     0.406928 -0.000657173      884.653
  -0.0574387     -5.25971      3.86405      -1.2091     0.797045     -1.83517      8.39568      2.98399    -0.469725      1.23292     -1.95075     0.406928      279.216 -7.63364e-05     -12930.2
 5.52372e-06  0.000791476  4.73811e-05 -6.12154e-05  0.000398154 -6.86931e-05 -0.000328175  8.36592e-06  4.94661e-05 -4.57955e-05 -5.84658e-05 -0.000657173 -7.63364e-05  9.67458e-07     -1.72295
     -8.1744      1150.98     -438.432     -40.9445      8426.37       -876.7      933.293      4636.55      229.617     -535.725       -25435      884.653     -12930.2     -1.72295  6.48777e+08
