     18.0773      42.7045   -0.0455476     0.147892     0.410067      2.82177     0.678549    0.0411902     -7.51045      5.90101    -0.683589     -2.89927     -13.9718      1.63867      7.14871
     42.7045       520487      12.0357     -17.5684      21.8721      7.09023     -794.395     0.660644     -58.6163      2807.81     -62.4835      608.901     -6.05868      160.405      60.9404
  -0.0455476      12.0357     0.135522   0.00576181    0.0803659    0.0559033      0.03588   0.00133735     0.280091      -2.9916   -0.0178522    0.0343657     0.150304   0.00279181     0.218472
    0.147892     -17.5684   0.00576181     0.274614   -0.0270039   -0.0135878      0.19479 -0.000531285    -0.124213            0 -0.000796618    -0.232537   -0.0792834    0.0142585     0.404509
    0.410067      21.8721    0.0803659   -0.0270039      23.0709     -9.58711     -2.45137    0.0774688      17.6649     -6.32342   -0.0291926     -2.06127     -7.64508     0.546503      8.07012
     2.82177      7.09023    0.0559033   -0.0135878     -9.58711      30.1078     -5.59686   0.00546276   -0.0673271      12.7175    -0.254091     -4.70358     -8.27784    -0.409199     -1.28454
    0.678549     -794.395      0.03588      0.19479     -2.45137     -5.59686      57.3137    0.0294915     -6.10946      2.88633    -0.133846     0.206465      4.68412     0.567202      12.1644
   0.0411902     0.660644   0.00133735 -0.000531285    0.0774688   0.00546276    0.0294915     0.166959   -0.0392085      0.26687  -0.00677786    0.0381625    -0.187778  -0.00419699     0.116054
    -7.51045     -58.6163     0.280091    -0.124213      17.6649   -0.0673271     -6.10946   -0.0392085      37.1309     -9.25247     0.459663      3.72491      6.60824    -0.514972      16.0335
     5.90101      2807.81      -2.9916            0     -6.32342      12.7175      2.88633      0.26687     -9.25247      2545.53      3.10288      11.4861     -15.2263      2.34481     -21.1829
   -0.683589     -62.4835   -0.0178522 -0.000796618   -0.0291926    -0.254091    -0.133846  -0.00677786     0.459663      3.10288      1.43786    0.0707522     0.732681   -0.0715134     0.261658
    -2.89927      608.901    0.0343657    -0.232537     -2.06127     -4.70358     0.206465    0.0381625      3.72491      11.4861    0.0707522      263.177      7.43675     0.662911     0.653545
    -13.9718     -6.05868     0.150304   -0.0792834     -7.64508     -8.27784      4.68412    -0.187778      6.60824     -15.2263     0.732681      7.43675      35.6014     -2.26253      3.31144
     1.63867      160.405   0.00279181    0.0142585     0.546503    -0.409199     0.567202  -0.00419699    -0.514972      2.34481   -0.0715134     0.662911     -2.26253      7.52297     0.913877
     7.14871      60.9404     0.218472     0.404509      8.07012     -1.28454      12.1644     0.116054      16.0335     -21.1829     0.261658     0.653545      3.31144     0.913877      56.3887
