     17.7191      71.9523  -0.00469352    0.0580298     0.281804      2.01693      1.12478   0.00482846     -6.25402      13.0258    -0.288341     -9.57719     -11.6716      1.94492      5.99656
     71.9523  1.82131e+07      12.4623     -52.2359      404.208     -69.0376     -3606.86      1.23655      78.0663        39500      -156.84      15323.7      58.6089      1220.42      143.753
 -0.00469352      12.4623   0.00385031  0.000458985    0.0130296   0.00948308   0.00498324  7.26353e-05    0.0464492     -1.18967  -0.00130099    0.0263785    0.0241445   0.00062881    0.0359917
   0.0580298     -52.2359  0.000458985    0.0617724   -0.0124103  -0.00685285    0.0515897 -7.99039e-05    -0.061254            0 -0.000167371     -0.47203   -0.0370907    0.0088497     0.192899
    0.281804      404.208    0.0130296   -0.0124103      22.3959     -9.03983    -0.731582    0.0243005      15.8847     -14.3504   -0.0239003     -12.4492     -7.44796     0.558986      6.53687
     2.01693     -69.0376   0.00948308  -0.00685285     -9.03983      29.8871     -3.28996   0.00086352     0.336565       29.632    -0.104624     -19.8571     -7.54278    -0.552905     -0.93612
     1.12478     -3606.86   0.00498324    0.0515897    -0.731582     -3.28996      28.5799   0.00648333     -1.50839      6.22174   -0.0584873      3.42608      1.18284     0.692447      6.88901
  0.00482846      1.23655  7.26353e-05 -7.99039e-05    0.0243005   0.00086352   0.00648333    0.0170439    -0.012265     0.201481 -0.000934653    0.0562272    -0.059505  -0.00170083    0.0372842
    -6.25402      78.0663    0.0464492    -0.061254      15.8847     0.336565     -1.50839    -0.012265      36.4919     -20.7244     0.195742       14.497      5.89097    -0.675562      14.2899
     13.0258        39500     -1.18967            0     -14.3504       29.632      6.22174     0.201481     -20.7244      14186.4      3.16453      101.041      -35.519      7.22527     -49.4369
   -0.288341      -156.84  -0.00130099 -0.000167371   -0.0239003    -0.104624   -0.0584873 -0.000934653     0.195742      3.16453     0.269766      0.13718     0.319706    -0.040344     0.107708
    -9.57719      15323.7    0.0263785     -0.47203     -12.4492     -19.8571      3.42608    0.0562272       14.497      101.041      0.13718       4820.1       32.349      3.75433      3.04731
    -11.6716      58.6089    0.0241445   -0.0370907     -7.44796     -7.54278      1.18284    -0.059505      5.89097      -35.519     0.319706       32.349      35.4925     -2.97407      3.04597
     1.94492      1220.42   0.00062881    0.0088497     0.558986    -0.552905     0.692447  -0.00170083    -0.675562      7.22527    -0.040344      3.75433     -2.97407      12.7789      1.18537
     5.99656      143.753    0.0359917     0.192899      6.53687     -0.93612      6.88901    0.0372842      14.2899     -49.4369     0.107708      3.04731      3.04597      1.18537      55.4203
