   22.7077   0.816999    8.86329   0.889376   0.478007    5.70832    6.61256   0.948417   -10.3207   0.632915   -15.8259    3.21359   -18.7403    5.28929    11.3927
  0.816999    370.712   0.785565   -2.75833    1.85723    0.13059   0.116424  -0.420267   0.116651    11.4551   -9.23534  -0.529761  -0.315588   0.164305    1.96586
   8.86329   0.785565    37.7145    1.92424    3.37885   -0.39543    31.5017    1.32176    6.97076   -2.51282    1.90566   -9.54183    2.86344   0.372143    46.0192
  0.889376   -2.75833    1.92424    7.50605  -0.203711 -0.0371481    2.19391  0.0200821  -0.392279  0.0899468   -0.14682  -0.724676 -0.0420506   0.330554    1.92722
  0.478007    1.85723    3.37885  -0.203711    27.5059   -11.1205   -12.9328     1.0527     22.691   -1.09674   -5.38687    3.80807   -9.43233    1.80109    12.7815
   5.70832    0.13059   -0.39543 -0.0371481   -11.1205    34.7601   -18.8108  0.0950995   -1.37917    1.97894   -12.4145     32.215   -10.9347   -3.46917   -2.85769
   6.61256   0.116424    31.5017    2.19391   -12.9328   -18.8108    67.0557   0.340285   -21.2157   -1.68094    9.97327   -44.3238    18.0144    1.58232    29.8786
  0.948417  -0.420267    1.32176  0.0200821     1.0527  0.0950995   0.340285    14.9171  -0.118807    0.27512   -1.00661   0.428429   -1.83835   0.235158    1.44547
  -10.3207   0.116651    6.97076  -0.392279     22.691   -1.37917   -21.2157  -0.118807    43.6486   -1.37228  -0.603888    17.2527    9.12221   -2.85027    22.5012
  0.632915    11.4551   -2.51282  0.0899468   -1.09674    1.97894   -1.68094    0.27512   -1.37228      44.14    1.91816    2.27452   -2.10432   0.378123   -2.83157
  -15.8259   -9.23534    1.90566   -0.14682   -5.38687   -12.4145    9.97327   -1.00661  -0.603888    1.91816    64.3803   -14.6316    17.0551    -3.2833  -0.532471
   3.21359  -0.529761   -9.54183  -0.724676    3.80807     32.215   -44.3238   0.428429    17.2527    2.27452   -14.6316    50.9785   -20.3482   -2.79856   -6.75773
  -18.7403  -0.315588    2.86344 -0.0420506   -9.43233   -10.9347    18.0144   -1.83835    9.12221   -2.10432    17.0551   -20.3482    39.8924   -6.20804    5.07046
   5.28929   0.164305   0.372143   0.330554    1.80109   -3.46917    1.58232   0.235158   -2.85027   0.378123    -3.2833   -2.79856   -6.20804    5.42167    1.57271
   11.3927    1.96586    46.0192    1.92722    12.7815   -2.85769    29.8786    1.44547    22.5012   -2.83157  -0.532471   -6.75773    5.07046    1.57271    65.4966
