 1.08906e+09            0      1476.67       2999.4      7.71442      4890.87            0            0     -3192.09    -0.719026     -2224.87     -1535.41            0       785.01     -2719.81      52.4984
           0  2.79209e+10      -194887      82772.5      20.4553       -58188            0            0            0     0.714538            0     -4099.37            0      1006.93       326397      103.212
     1476.67      -194887      31.0215     -12.2062  -0.00483133     -1.23231       221520      27528.8     0.471844 -0.000116216      0.31658     -1.71361      970.128    0.0869124     -1.93384  -0.00197334
      2999.4      82772.5     -12.2062      12.9171  -0.00207923     -3.29135            0     -19165.3    -0.732465  7.51568e-05      1.62628     0.703992     -529.816   -0.0747941     0.714773   0.00143316
     7.71442      20.4553  -0.00483133  -0.00207923   0.00105274    -0.162664      186.363     -181.559    -0.114391 -2.32668e-07   0.00131324  -0.00133004      -8.9369  0.000603511   0.00100786 -8.13453e-05
     4890.87       -58188     -1.23231     -3.29135    -0.162664      1770.58 -1.95265e+06      96271.4      718.189  0.000434873     -4.33968     -1.85916            0   -0.0210874      1.05615   -0.0566822
           0            0       221520            0      186.363 -1.95265e+06  7.83982e+11            0      -102367      10.3308      38378.8      -284635            0     -13999.6     -98147.3      3065.24
           0            0      27528.8     -19165.3     -181.559      96271.4            0   5.3839e+10      43818.5      1.11659     -48077.9     -18054.7            0      2489.75            0      104.142
    -3192.09            0     0.471844    -0.732465    -0.114391      718.189      -102367      43818.5      432.846  0.000222785     -5.31984   -0.0227716       2986.2   0.00708959     0.977675   -0.0116764
   -0.719026     0.714538 -0.000116216  7.51568e-05 -2.32668e-07  0.000434873      10.3308      1.11659  0.000222785  6.31423e-08  9.43022e-05  3.85352e-05    0.0421322  1.18171e-05  -8.8956e-08  1.71388e-07
    -2224.87            0      0.31658      1.62628   0.00131324     -4.33968      38378.8     -48077.9     -5.31984  9.43022e-05      67.4209    -0.937548     -354.508    -0.331707    0.0272787   -0.0101646
    -1535.41     -4099.37     -1.71361     0.703992  -0.00133004     -1.85916      -284635     -18054.7   -0.0227716  3.85352e-05    -0.937548      16.4564      695.612    0.0229245    -0.184112   0.00578174
           0            0      970.128     -529.816      -8.9369            0            0            0       2986.2    0.0421322     -354.508      695.612  8.32855e+07     -209.724       90.434      6.26524
      785.01      1006.93    0.0869124   -0.0747941  0.000603511   -0.0210874     -13999.6      2489.75   0.00708959  1.18171e-05    -0.331707    0.0229245     -209.724      0.57733    0.0128443 -0.000284072
    -2719.81       326397     -1.93384     0.714773   0.00100786      1.05615     -98147.3            0     0.977675  -8.8956e-08    0.0272787    -0.184112       90.434    0.0128443      4.36598   0.00418891
     52.4984      103.212  -0.00197334   0.00143316 -8.13453e-05   -0.0566822      3065.24      104.142   -0.0116764  1.71388e-07   -0.0101646   0.00578174      6.26524 -0.000284072   0.00418891   0.00322298
