 9.78474e+08     -677.381  1.77213e+06     -1862.11 -7.65751e+07     -198.676     -73.5483     -21218.2      157.302      5707.77      78952.1            0 -3.18649e+06     -29.0069      7397.15
    -677.381      7.16386     -309.398     0.150796     -250.511     -3.50127    0.0796535     -1.47748     0.282012    -0.175813      5.96217      865.627      1840.69    0.0341843     -0.61225
 1.77213e+06     -309.398  3.07916e+07      94.6776            0            0     -475.542      2820.11      119.494      119.636     -7189.22            0 -1.70302e+06      106.969      842.355
    -1862.11     0.150796      94.6776       14.087            0      -1.5644    -0.351727      3.53635   -0.0651723    -0.048541     -21.0243       9753.8      108.363   -0.0502601     -3.74432
-7.65751e+07     -250.511            0            0  3.40783e+10  3.02711e+06       691434       344540      5164.04     -6093.05       314466            0            0     -651.506     -28103.4
    -198.676     -3.50127            0      -1.5644  3.02711e+06      1309.24      67.0427      4.09459      1.85221      0.43025     -24.2179            0            0     -0.19729     -0.66517
    -73.5483    0.0796535     -475.542    -0.351727       691434      67.0427      16.5094      8.06521    -0.193391    -0.128332      4.99182     -923.413      77.9316   -0.0403857      1.31532
    -21218.2     -1.47748      2820.11      3.53635       344540      4.09459      8.06521      1614.97      1.86362    -0.411968     -58.0899      -163719            0     -0.26791     -10.0073
     157.302     0.282012      119.494   -0.0651723      5164.04      1.85221    -0.193391      1.86362      3.12834    -0.114874      8.27147     -1439.28      289.176   0.00436098    -0.158728
     5707.77    -0.175813      119.636    -0.048541     -6093.05      0.43025    -0.128332    -0.411968    -0.114874      7.19677      8.26542     -1249.18            0   -0.0145837     -7.30537
     78952.1      5.96217     -7189.22     -21.0243       314466     -24.2179      4.99182     -58.0899      8.27147      8.26542      22680.4      -266084      62523.9       1.2921     -211.862
           0      865.627            0       9753.8            0            0     -923.413      -163719     -1439.28     -1249.18      -266084  1.96736e+10            0      136.804     -92048.3
-3.18649e+06      1840.69 -1.70302e+06      108.363            0            0      77.9316            0      289.176            0      62523.9            0   1.2196e+08      78.8068     -1354.67
    -29.0069    0.0341843      106.969   -0.0502601     -651.506     -0.19729   -0.0403857     -0.26791   0.00436098   -0.0145837       1.2921      136.804      78.8068     0.105337     0.221439
     7397.15     -0.61225      842.355     -3.74432     -28103.4     -0.66517      1.31532     -10.0073    -0.158728     -7.30537     -211.862     -92048.3     -1354.67     0.221439      518.277
