 1.24699e+08            0      502.527      1145.06      5.43158      1464.91            0            0     -935.716    -0.518844      -698.31     -520.062            0       358.72     -1012.22      33.6611
           0  2.79203e+10      -195987        93440      42.5794     -51522.3            0            0            0      1.51277            0     -4103.52            0      1360.68       358734      195.633
     502.527      -195987      31.3684     -13.8553   -0.0101114     -1.09706      80086.5      6843.92     0.408816 -0.000253008     0.295662     -1.72615      354.028     0.118073     -2.13736  -0.00376038
     1145.06        93440     -13.8553      16.4527  -0.00488278     -3.28661            0     -5281.83    -0.716585  0.000183824      1.70377     0.795945     -217.069     -0.11399     0.886851    0.0030659
     5.43158      42.5794   -0.0101114  -0.00488278   0.00456147    -0.299816      139.377     -92.6535    -0.206576 -1.02795e-06   0.00253785  -0.00277262     -6.75435    0.0016972   0.00230575 -0.000320821
     1464.91     -51522.3     -1.09706     -3.28661    -0.299816      1387.68      -621629      20787.7      551.665  0.000818714     -3.56847     -1.64769            0   -0.0250407      1.02807   -0.0950981
           0            0      80086.5            0      139.377      -621629  1.01445e+11            0     -33545.6      8.13697      12800.6      -102332            0     -6817.01     -38816.4      2088.58
           0            0      6843.92     -5281.83     -92.6535      20787.7            0  3.27862e+09      9255.87     0.570451     -11009.9     -4462.96            0      830.048            0      48.8898
    -935.716            0     0.408816    -0.716585    -0.206576      551.665     -33545.6      9255.87      325.788  0.000410235      -4.2853   -0.0195793      940.577   0.00844065     0.933591    -0.019252
   -0.518844      1.51277 -0.000253008  0.000183824 -1.02795e-06  0.000818714      8.13697     0.570451  0.000410235  3.00885e-07  0.000191118  8.18168e-05    0.0324575   3.4903e-05 -7.18347e-07  6.20876e-07
     -698.31            0     0.295662      1.70377   0.00253785     -3.56847      12800.6     -11009.9      -4.2853  0.000191118      58.1343    -0.872024     -119.559     -0.41613    0.0278293   -0.0178893
    -520.062     -4103.52     -1.72615     0.795945  -0.00277262     -1.64769      -102332     -4462.96   -0.0195793  8.18168e-05    -0.872024      16.5118      253.005    0.0310439    -0.202705     0.010972
           0            0      354.028     -217.069     -6.75435            0            0            0      940.577    0.0324575     -119.559      253.005  1.09828e+07      -102.89      36.0744      4.31181
      358.72      1360.68     0.118073     -0.11399    0.0016972   -0.0250407     -6817.01      830.048   0.00844065   3.4903e-05     -0.41613    0.0310439      -102.89      1.05372    0.0190728 -0.000727425
    -1012.22       358734     -2.13736     0.886851   0.00230575      1.02807     -38816.4            0     0.933591 -7.18347e-07    0.0278293    -0.202705      36.0744    0.0190728      5.27411   0.00872618
     33.6611      195.633  -0.00376038    0.0030659 -0.000320821   -0.0950981      2088.58      48.8898    -0.019252  6.20876e-07   -0.0178893     0.010972      4.31181 -0.000727425   0.00872618    0.0115732
