      691862            0      37.9267      113.742       2.3184      81.6563            0            0     -49.6902     -1.06198     -43.5861     -38.8706            0      54.6849     -94.5278      11.6568
           0  2.79179e+10      -198557       124626      243.968     -38558.3            0            0            0      42.0662            0     -4118.73            0      2784.88       449224      909.282
     37.9267      -198557         32.2     -18.7242   -0.0587054      -0.8342      1934.96      208.307     0.293666  -0.00736591     0.251093     -1.75598      32.1143     0.244861      -2.7119    -0.017793
     113.742       124626     -18.7242      29.2683   -0.0373162     -3.27923            0      -211.01    -0.680171   0.00701204      1.90442      1.06593     -25.9209    -0.311158      1.48142    0.0189885
      2.3184      243.968   -0.0587054   -0.0373162     0.149798     -1.28414      19.0383     -15.9218    -0.843179 -0.000161982    0.0121862   -0.0159457     -3.46457    0.0199069    0.0165473  -0.00854737
     81.6563     -38558.3      -0.8342     -3.27923     -1.28414      775.933     -11098.2      465.535      293.735    0.0167518     -2.23325     -1.23595            0   -0.0390854     0.962318    -0.331161
           0            0      1934.96            0      19.0383     -11098.2   5.7719e+07            0     -573.401      5.64102      255.571     -2448.69            0     -332.953     -1159.74      231.657
           0            0      208.307      -211.01     -15.9218      465.535            0  2.95667e+06      197.386     0.433718     -277.075     -134.571            0      51.0331            0      6.81206
    -49.6902            0     0.293666    -0.680171    -0.843179      293.735     -573.401      197.386      165.288   0.00792953     -2.55808   -0.0129834      59.9902    0.0123436     0.833134   -0.0637554
    -1.06198      42.0662  -0.00736591   0.00701204 -0.000161982    0.0167518      5.64102     0.433718   0.00792953  0.000244985   0.00461412   0.00218508     0.074416   0.00203723 -3.24171e-05  5.46143e-05
    -43.5861            0     0.251093      1.90442    0.0121862     -2.23325      255.571     -277.075     -2.55808   0.00461412      40.8371    -0.733801     -8.97034    -0.713844    0.0291981   -0.0697338
    -38.8706     -4118.73     -1.75598      1.06593   -0.0159457     -1.23595     -2448.69     -134.571   -0.0129834   0.00218508    -0.733801      16.6469      22.7344      0.06387    -0.254897    0.0512449
           0            0      32.1143     -25.9209     -3.46457            0            0            0      59.9902     0.074416     -8.97034      22.7344        87998     -18.8509      4.04262      1.79509
     54.6849      2784.88     0.244861    -0.311158    0.0199069   -0.0390854     -332.953      51.0331    0.0123436   0.00203723    -0.713844      0.06387     -18.8509      4.41435    0.0489372  -0.00612005
    -94.5278       449224      -2.7119      1.48142    0.0165473     0.962318     -1159.74            0     0.833134 -3.24171e-05    0.0291981    -0.254897      4.04262    0.0489372      8.27118    0.0498613
     11.6568      909.282    -0.017793    0.0189885  -0.00854737    -0.331161      231.657      6.81206   -0.0637554  5.46143e-05   -0.0697338    0.0512449      1.79509  -0.00612005    0.0498613     0.250154
