     153798           0    -154.522           0           0           0           0    -240.816           0
          0 1.46089e+06     138.578     386.751           0           0           0      1124.2           0
   -154.522     138.578     54.1954     32.4569     148.912 1.43217e+06     -21.335     2.47845     17.3881
          0     386.751     32.4569     4047.88           0           0           0     64.1839           0
          0           0     148.912           0  1.0197e+06           0           0     525.989           0
          0           0 1.43217e+06           0           0 3.48067e+12 1.77888e+06 1.90382e+06           0
          0           0     -21.335           0           0 1.77888e+06     5798.94    -106.053           0
   -240.816      1124.2     2.47845     64.1839     525.989 1.90382e+06    -106.053     80.0981     81.3417
          0           0     17.3881           0           0           0           0     81.3417     2440.17
