    1030.52           0           0     3067.86    -12.6164      -69954           0           0     8.40402
          0     81983.6           0           0    -194.531           0           0           0     27.4275
          0           0     43597.6     -157123    -117.022           0           0    -78964.3      41.378
    3067.86           0     -157123 9.98077e+07     6106.39           0           0           0     3109.48
   -12.6164    -194.531    -117.022     6106.39     19.8472     -101318    -42.7844    -38268.7     3.28724
     -69954           0           0           0     -101318 1.74485e+10           0           0           0
          0           0           0           0    -42.7844           0     10141.7           0    -47.5404
          0           0    -78964.3           0    -38268.7           0           0  1.6498e+09           0
    8.40402     27.4275      41.378     3109.48     3.28724           0    -47.5404           0     427.707
