     2869.4           0     -15.619           0           0           0           0     -19.928           0
          0     6301.75     6.32436     5.43126           0           0           0     44.3341           0
    -15.619     6.32436     30.4966     5.11619     9.64788     14186.7    -2.91093     1.19343     3.89548
          0     5.43126     5.11619     185.104           0           0           0     8.29489           0
          0           0     9.64788           0     8088.56           0           0     28.2405           0
          0           0     14186.7           0           0 6.15664e+08     4585.04     15548.6           0
          0           0    -2.91093           0           0     4585.04      210.27    -12.1421           0
    -19.928     44.3341     1.19343     8.29489     28.2405     15548.6    -12.1421     28.8184     15.2448
          0           0     3.89548           0           0           0           0     15.2448     236.782
