 6775.19        0        0        0        0        0        0        0 -31.6208        0        0        0        0        0
       0  591.142        0        0  6.21703 -1.73394        0        0 -9.10914        0        0        0 -14.0805        0
       0        0  1260.55 -20.4813 -12.6783        0        0        0 -23.2344 -72.0335 -8.01641        0        0        0
       0        0 -20.4813  456.918        0        0        0        0  8.84646        0        0 -1363.59        0 -27.5665
       0  6.21703 -12.6783        0  540.627        0        0        0  7.51279        0        0        0        0        0
       0 -1.73394        0        0        0  6087.18        0        0  25.7458        0  -32.352        0        0        0
       0        0        0        0        0        0  3796.43        0  14.2501        0        0        0        0        0
       0        0        0        0        0        0        0  4039.23 -1.93385        0        0        0        0        0
-31.6208 -9.10914 -23.2344  8.84646  7.51279  25.7458  14.2501 -1.93385  7.82681  23.5946 -2.13998 -52.4004 -7.94609 -15.7316
       0        0 -72.0335        0        0        0        0        0  23.5946   4127.6        0        0        0        0
       0        0 -8.01641        0        0  -32.352        0        0 -2.13998        0  669.473  421.231  3.97564        0
       0        0        0 -1363.59        0        0        0        0 -52.4004        0  421.231  93075.1        0        0
       0 -14.0805        0        0        0        0        0        0 -7.94609        0  3.97564        0  545.136        0
       0        0        0 -27.5665        0        0        0        0 -15.7316        0        0        0        0  2542.45
