     11602.5            0            0            0     -27.7991      6.69883            0            0            0            0            0            0            0
           0      3182.35            0      46.1944            0       8.1918  5.06235e+06            0            0            0            0       120385     -11.5962
           0            0      4778.91     -24.4871            0     -26.1878 -6.66323e+06      28.1525            0            0            0            0            0
           0      46.1944     -24.4871      1345.03       4.8119     -8.17704            0      1.66594            0      1116.56            0      7287.16            0
    -27.7991            0            0       4.8119      1740.58      33.3647            0      10.0805            0            0     -1126.21       164068            0
     6.69883       8.1918     -26.1878     -8.17704      33.3647      9.63974      1673.95     -18.6649     -117.767     -534.704      141.461      15894.7     -4.36817
           0  5.06235e+06 -6.66323e+06            0            0      1673.95  4.99461e+13 -5.14088e+06            0            0            0            0            0
           0            0      28.1525      1.66594      10.0805     -18.6649 -5.14088e+06       1621.8            0            0            0      11643.7            0
           0            0            0            0            0     -117.767            0            0       118129            0            0            0      111.271
           0            0            0      1116.56            0     -534.704            0            0            0  2.98747e+06            0            0            0
           0            0            0            0     -1126.21      141.461            0            0            0            0  2.14919e+06            0            0
           0       120385            0      7287.16       164068      15894.7            0      11643.7            0            0            0  5.42444e+08      6339.34
           0     -11.5962            0            0            0     -4.36817            0            0      111.271            0            0      6339.34       1048.4
