 2.77758e+11            0            0            0     -72154.7            0            0            0  3.01878e+09            0            0            0
           0       382706      9655.06      52147.8     -730.683      4380.23      12745.1            0            0            0            0  1.58637e+16
           0      9655.06      46746.8      14682.3      -8.2894      3626.73     -693.442 -1.59301e+07  1.89979e+06       190313            0 -7.98175e+14
           0      52147.8      14682.3  3.20551e+07      3545.77      8148.04      3409.15            0            0            0            0            0
    -72154.7     -730.683      -8.2894      3545.77      20.3783      283.598     -182.315  2.00164e+06       253992        95921 -1.44435e+06 -7.03297e+13
           0      4380.23      3626.73      8148.04      283.598       387780            0            0            0            0            0            0
           0      12745.1     -693.442      3409.15     -182.315            0      28825.8            0            0            0            0  3.13525e+15
           0            0 -1.59301e+07            0  2.00164e+06            0            0  2.69266e+13            0            0            0            0
 3.01878e+09            0  1.89979e+06            0       253992            0            0            0  1.86036e+11            0            0            0
           0            0       190313            0        95921            0            0            0            0  3.05161e+10            0            0
           0            0            0            0 -1.44435e+06            0            0            0            0            0  1.63945e+13            0
           0  1.58637e+16 -7.98175e+14            0 -7.03297e+13            0  3.13525e+15            0            0            0            0  4.36014e+27
