  3.2347e+06            0            0            0     -170.771            0            0            0      36019.8            0            0            0
           0      5080.96      165.546       163.09     -55.3497      55.5791      205.503            0            0            0            0  1.48851e+12
           0      165.546      835.897      53.1425     -1.35941      53.1163     -7.81197     -59297.7      934.662      154.159            0 -4.80259e+10
           0       163.09      53.1425      23915.8      68.9555      24.2725      13.0583            0            0            0            0            0
    -170.771     -55.3497     -1.35941      68.9555      10.1525      22.3166     -16.8722      39827.5      671.309      409.348     -6088.92 -3.14358e+10
           0      55.5791      53.1163      24.2725      22.3166      4693.78            0            0            0            0            0            0
           0      205.503     -7.81197      13.0583     -16.8722            0      554.615            0            0            0            0  3.40452e+11
           0            0     -59297.7            0      39827.5            0            0  2.07356e+10            0            0            0            0
     36019.8            0      934.662            0      671.309            0            0            0  2.47927e+06            0            0            0
           0            0      154.159            0      409.348            0            0            0            0  1.06204e+06            0            0
           0            0            0            0     -6088.92            0            0            0            0            0  5.54821e+08            0
           0  1.48851e+12 -4.80259e+10            0 -3.14358e+10            0  3.40452e+11            0            0            0            0  2.75198e+21
