    299.973           0           0           0    -1.44681    0.921684           0           0           0           0           0           0           0
          0     209.035           0     4.08454           0     1.79706      145542           0           0           0           0     1309.11    -1.08945
          0           0     314.211    -2.16606           0    -5.74631     -191706      3.9555           0           0           0           0           0
          0     4.08454    -2.16606     160.104    0.537587     -2.4141           0     0.31511           0     19.9237           0     106.725           0
   -1.44681           0           0    0.537587     182.387      9.2428           0     1.78828           0           0    -18.8545     2253.97           0
   0.921684     1.79706    -5.74631     -2.4141      9.2428      7.0593     233.006    -8.75186    -10.6043    -23.6632     6.25965     577.499    -1.37022
          0      145542     -191706           0           0     233.006 6.29408e+11     -316516           0           0           0           0           0
          0           0      3.9555     0.31511     1.78828    -8.75186     -316516     486.943           0           0           0     270.809           0
          0           0           0           0           0    -10.6043           0           0     1307.95           0           0           0     4.29226
          0           0           0     19.9237           0    -23.6632           0           0           0     7990.23           0           0           0
          0           0           0           0    -18.8545     6.25965           0           0           0           0     5748.41           0           0
          0     1309.11           0     106.725     2253.97     577.499           0     270.809           0           0           0      977063     98.6889
          0    -1.08945           0           0           0    -1.37022           0           0     4.29226           0           0     98.6889     140.886
