 1.37721e+09            0            0            0     -4002.26            0            0            0  1.58184e+07            0            0            0
           0      47959.6      1247.29      3041.32     -211.525       512.06      1633.36            0            0            0            0  4.05549e+15
           0      1247.29      6243.15      888.315        -2.68      438.326     -84.3019 -1.81329e+06      53309.5      5823.66            0 -1.92137e+14
           0      3041.32      888.315       875660      477.933      445.197       209.49            0            0            0            0            0
    -4002.26     -211.525        -2.68      477.933      13.5394      76.6777     -54.0129       507913      16008.1      6509.31      -236656 -4.02417e+13
           0       512.06      438.326      445.197      76.6777      42641.8            0            0            0            0            0            0
           0      1633.36     -84.3019       209.49     -54.0129            0      3896.19            0            0            0            0  7.78718e+14
           0            0 -1.81329e+06            0       507913            0            0  2.61174e+12            0            0            0            0
 1.58184e+07            0      53309.5            0      16008.1            0            0            0  1.08916e+09            0            0            0
           0            0      5823.66            0      6509.31            0            0            0            0  2.06671e+08            0            0
           0            0            0            0      -236656            0            0            0            0            0  6.61797e+11            0
           0  4.05549e+15 -1.92137e+14            0 -4.02417e+13            0  7.78718e+14            0            0            0            0   2.1638e+27
