 4.94256e+12            0            0            0      -383702            0            0            0  5.05647e+10            0            0            0
           0   3.0556e+06      74680.4       883973     -2588.16      37339.4       101617            0            0            0            0  4.47797e+16
           0      74680.4       350654       241182     -28.4132      29956.8     -5374.27 -1.11683e+08  2.03724e+07  3.01011e+06            0 -2.18672e+15
           0       883973       241182   1.1536e+09      26625.5       147522        57764            0            0            0            0            0
     -383702     -2588.16     -28.4132      26625.5      31.9962      1071.24     -645.067  6.41809e+06  1.24305e+06       694452  -5.7161e+06 -8.80874e+13
           0      37339.4      29956.8       147522      1071.24   3.5226e+06            0            0            0            0            0            0
           0       101617     -5374.27        57764     -645.067            0       229741            0            0            0            0   8.8408e+15
           0            0 -1.11683e+08            0  6.41809e+06            0            0  1.76368e+14            0            0            0            0
 5.05647e+10            0  2.03724e+07            0  1.24305e+06            0            0            0  2.85057e+12            0            0            0
           0            0  3.01011e+06            0       694452            0            0            0            0  1.03657e+12            0            0
           0            0            0            0  -5.7161e+06            0            0            0            0            0  1.63531e+14            0
           0  4.47797e+16 -2.18672e+15            0 -8.80874e+13            0   8.8408e+15            0            0            0            0  4.35209e+27
