     61.1473 -3.07754e-05      13.9694    -0.316194  0.000330247       3.2633      65.2289 -6.45989e-06      0.19493  0.000138192      20.5036   -0.0542974      1.46674     0.873032  5.51927e-06
-3.07754e-05  1.03843e-08 -1.25475e-05  2.19732e-05 -3.02618e-09 -6.41428e-05   0.00483638 -7.63029e-10  2.76052e-05  1.79092e-10  4.61793e-06  1.15538e-07  4.49481e-05 -5.68515e-06 -2.70669e-11
     13.9694 -1.25475e-05      49.2605      1.68992  5.25221e-05      7.52399      91.7969  0.000101139     0.597455 -4.34258e-05     -6.90499  -0.00175291      4.53031     0.621262  8.46476e-05
   -0.316194  2.19732e-05      1.68992      20.3619  5.86468e-05     0.102881      26.2162  0.000126161     0.679328 -5.56524e-05      3.00028  0.000527294    -0.233572    -0.731363  5.01205e-05
 0.000330247 -3.02618e-09  5.25221e-05  5.86468e-05  2.40653e-07 -0.000130795    0.0174467 -1.76157e-09  2.43632e-05  8.30372e-09   0.00014564  1.45165e-06 -6.31128e-05  2.39296e-06  -2.4686e-09
      3.2633 -6.41428e-05      7.52399     0.102881 -0.000130795      87.7588     -289.736 -5.40591e-05     0.729303 -2.53152e-05     -1.08553 -0.000884799     0.146074    -0.138174  4.98035e-05
     65.2289   0.00483638      91.7969      26.2162    0.0174467     -289.736       171196  0.000585035      407.855 -0.000635792     -137.991      1.82959       55.968     -59.9219    0.0038205
-6.45989e-06 -7.63029e-10  0.000101139  0.000126161 -1.76157e-09 -5.40591e-05  0.000585035  4.17451e-08  6.06731e-05 -6.38414e-10 -5.59675e-06 -2.45391e-07  -5.8526e-05 -8.72739e-07  1.27374e-09
     0.19493  2.76052e-05     0.597455     0.679328  2.43632e-05     0.729303      407.855  6.06731e-05      66.3801 -3.14481e-06     0.102968    0.0298719      5.59235    -0.424564 -3.11457e-05
 0.000138192  1.79092e-10 -4.34258e-05 -5.56524e-05  8.30372e-09 -2.53152e-05 -0.000635792 -6.38414e-10 -3.14481e-06  1.20222e-07  4.84003e-05  1.48016e-06  0.000123598 -2.11479e-05 -4.36717e-09
     20.5036  4.61793e-06     -6.90499      3.00028   0.00014564     -1.08553     -137.991 -5.59675e-06     0.102968  4.84003e-05      15.1655   -0.0233965    -0.543415     0.145026 -3.99066e-06
  -0.0542974  1.15538e-07  -0.00175291  0.000527294  1.45165e-06 -0.000884799      1.82959 -2.45391e-07    0.0298719  1.48016e-06   -0.0233965     0.018004     0.026784    0.0093759   6.7754e-07
     1.46674  4.49481e-05      4.53031    -0.233572 -6.31128e-05     0.146074       55.968  -5.8526e-05      5.59235  0.000123598    -0.543415     0.026784      51.8103      1.35904 -0.000130589
    0.873032 -5.68515e-06     0.621262    -0.731363  2.39296e-06    -0.138174     -59.9219 -8.72739e-07    -0.424564 -2.11479e-05     0.145026    0.0093759      1.35904       1.8882 -6.69072e-06
 5.51927e-06 -2.70669e-11  8.46476e-05  5.01205e-05  -2.4686e-09  4.98035e-05    0.0038205  1.27374e-09 -3.11457e-05 -4.36717e-09 -3.99066e-06   6.7754e-07 -0.000130589 -6.69072e-06  3.96081e-08
