     60.8033 -3.75805e-05      16.7857    -0.865717   0.00293643      2.95123      19.8978 -1.22667e-05     0.217614  0.000988318      21.8325     -0.17586       2.4183      1.43961  7.22069e-06
-3.75805e-05  1.44687e-08 -1.45534e-05  2.56096e-05 -3.01737e-08   -6.373e-05  0.000631278 -2.31104e-09  3.04535e-05  9.64767e-10  3.62854e-06  4.45593e-07  5.21117e-05 -1.06878e-05 -4.02976e-11
     16.7857 -1.45534e-05       49.492      1.76857  0.000546925       6.3674      23.5496  0.000251755     0.608667  -0.00030002      -6.2853    -0.010095       5.6011      1.05808  0.000106967
   -0.865717  2.56096e-05      1.76857      20.4399  0.000524791    0.0948443      5.20446  0.000319186     0.595327 -0.000391387      3.17711   0.00206293     -1.01761      -1.2015  6.60457e-05
  0.00293643 -3.01737e-08  0.000546925  0.000524791  1.86855e-05 -0.000935452    0.0175061 -3.80301e-08  0.000184333  5.12864e-07   0.00143845  4.12816e-05 -0.000584123  2.58931e-05 -2.65539e-08
     2.95123   -6.373e-05       6.3674    0.0948443 -0.000935452      62.4454     -25.3857 -0.000112575     0.575996 -0.000182553    -0.877922  -0.00239603     0.198464    -0.187167  5.41423e-05
     19.8978  0.000631278      23.5496      5.20446    0.0175061     -25.3857      2127.74  0.000196797      42.9742 -0.000634045      -12.299     0.649728      10.1629     -10.2401  0.000573498
-1.22667e-05 -2.31104e-09  0.000251755  0.000319186 -3.80301e-08 -0.000112575  0.000196797  2.64974e-07  0.000141491 -1.02963e-08 -1.16277e-05 -2.17647e-06 -0.000155064 -4.20919e-06   4.1216e-09
    0.217614  3.04535e-05     0.608667     0.595327  0.000184333     0.575996      42.9742  0.000141491      58.1765 -4.23665e-06    0.0955538    0.0921096      5.22958    -0.638512 -3.76378e-05
 0.000988318  9.64767e-10  -0.00030002 -0.000391387  5.12864e-07 -0.000182553 -0.000634045 -1.02963e-08 -4.23665e-06  6.84367e-06  0.000408608  3.57121e-05  0.000846147 -0.000255935 -4.07163e-08
     21.8325  3.62854e-06      -6.2853      3.17711   0.00143845    -0.877922      -12.299 -1.16277e-05    0.0955538  0.000408608      16.4811   -0.0836922    -0.622272      0.23482 -6.10249e-06
    -0.17586  4.45593e-07    -0.010095   0.00206293  4.12816e-05  -0.00239603     0.649728 -2.17647e-06    0.0921096  3.57121e-05   -0.0836922     0.195476    0.0869817    0.0497902  2.86407e-06
      2.4183  5.21117e-05       5.6011     -1.01761 -0.000584123     0.198464      10.1629 -0.000155064      5.22958  0.000846147    -0.622272    0.0869817      52.0998      2.23501  -0.00016817
     1.43961 -1.06878e-05      1.05808      -1.2015  2.58931e-05    -0.187167     -10.2401 -4.20919e-06    -0.638512 -0.000255935      0.23482    0.0497902      2.23501      4.89515 -1.37563e-05
 7.22069e-06 -4.02976e-11  0.000106967  6.60457e-05 -2.65539e-08  5.41423e-05  0.000573498   4.1216e-09 -3.76378e-05 -4.07163e-08 -6.10249e-06  2.86407e-06  -0.00016817 -1.37563e-05  6.60312e-08
