      63.131  -0.00429581        23.05     -1.84216     0.267778      2.88893      21.7172  -0.00622325      19.8947     0.447103      24.8658     -1.31007      4.80814      4.07839   0.00517546
 -0.00429581  0.000164025   -0.0034115   0.00276337 -0.000254724  -0.00581053   0.00446665 -0.000122431   0.00916281  3.85054e-05  1.18536e-06  0.000280699   0.00393303   -0.0033062  -1.7588e-06
       23.05   -0.0034115       53.728      1.46026    0.0141798       6.1561      24.0004     0.131352      14.6886    -0.127289     -1.76983     -0.28505       10.685      4.09074    0.0268097
    -1.84216   0.00276337      1.46026      21.9359     0.035908     0.452435      3.26374     0.174875      24.7001    -0.204915      3.26539   -0.0369732     -3.59034     -2.90664    0.0225364
    0.267778 -0.000254724    0.0141798     0.035908      0.15223   -0.0776504     0.210723  -0.00169321     0.220003    0.0206408     0.135591     0.027338    -0.072888  -0.00726727 -0.000524945
     2.88893  -0.00581053       6.1561     0.452435   -0.0776504      43.4405     0.810688   -0.0472739     0.336688   -0.0934582    -0.308362   0.00161149    -0.253761    -0.973353    0.0159176
     21.7172   0.00446665      24.0004      3.26374     0.210723     0.810688      35.4394    0.0741787       23.727    0.0273456     0.120117  -0.00970171      4.20479     0.158263     0.036779
 -0.00622325 -0.000122431     0.131352     0.174875  -0.00169321   -0.0472739    0.0741787     0.068527     0.182762  -0.00200887  -0.00156359  -0.00955794   -0.0847493  -0.00472811   0.00069535
     19.8947   0.00916281      14.6886      24.7001     0.220003     0.336688       23.727     0.182762      60.2297    0.0239305       11.353     0.356306      22.0352     -4.92952    0.0107176
    0.447103  3.85054e-05    -0.127289    -0.204915    0.0206408   -0.0934582    0.0273456  -0.00200887    0.0239305      1.46158     0.208614     0.127891     0.423512    -0.303811  -0.00603223
     24.8658  1.18536e-06     -1.76983      3.26539     0.135591    -0.308362     0.120117  -0.00156359       11.353     0.208614      19.7156    -0.762633      1.00119      1.61782  -0.00127175
    -1.31007  0.000280699     -0.28505   -0.0369732     0.027338   0.00161149  -0.00970171  -0.00955794     0.356306     0.127891    -0.762633      10.8295     0.544783     0.747665   0.00650332
     4.80814   0.00393303       10.685     -3.59034    -0.072888    -0.253761      4.20479   -0.0847493      22.0352     0.423512      1.00119     0.544783      56.5744      6.73102   -0.0602828
     4.07839   -0.0033062      4.09074     -2.90664  -0.00726727    -0.973353     0.158263  -0.00472811     -4.92952    -0.303811      1.61782     0.747665      6.73102      34.5907  -0.00926411
  0.00517546  -1.7588e-06    0.0268097    0.0225364 -0.000524945    0.0159176     0.036779   0.00069535    0.0107176  -0.00603223  -0.00127175   0.00650332   -0.0602828  -0.00926411   0.00735011
