     60.8712 -3.43623e-05      15.9463    -0.702089   0.00124398      3.04484      25.7729  -8.4848e-06     0.207293  0.000361068       21.506    -0.123753      2.09845      1.23905    6.186e-06
-3.43623e-05  1.22802e-08 -1.34422e-05  2.36846e-05 -1.19106e-08 -6.17988e-05   0.00112498 -1.28929e-09    2.864e-05  3.89276e-10  3.75336e-06  2.89038e-07  4.83407e-05 -8.62377e-06 -3.26538e-11
     15.9463 -1.34422e-05      49.4117      1.76237  0.000222206      6.68836      29.7937  0.000155047     0.604597 -0.000108971      -6.5536  -0.00615274      5.21819     0.899721  9.28161e-05
   -0.702089  2.36846e-05      1.76237      20.4099   0.00022154    0.0982176      7.62977  0.000195294     0.621238 -0.000143175      3.12995   0.00141055    -0.739744     -1.03382  5.63784e-05
  0.00124398 -1.19106e-08  0.000222206   0.00022154   3.3495e-06 -0.000419578    0.0140675 -9.98523e-09  7.95022e-05  7.92562e-08  0.000593944  1.22644e-05 -0.000245077  9.77927e-06 -9.74754e-09
     3.04484 -6.17988e-05      6.68836    0.0982176 -0.000419578      69.1005     -53.7024 -7.36448e-05     0.617047 -6.40691e-05    -0.941231  -0.00179022     0.181601    -0.170905  4.89669e-05
     25.7729   0.00112498      29.7937      7.62977    0.0140675     -53.7024      7905.47  0.000220731      84.1155 -0.000408751     -25.5187     0.893726       15.428     -17.6473  0.000926606
 -8.4848e-06 -1.28929e-09  0.000155047  0.000195294 -9.98523e-09 -7.36448e-05  0.000220731  9.93574e-08   8.8981e-05 -2.33267e-09 -8.07917e-06  -8.9875e-07 -9.27352e-05 -2.03225e-06  2.17201e-09
    0.207293    2.864e-05     0.604597     0.621238  7.95022e-05     0.617047      84.1155   8.8981e-05      60.5047 -3.80654e-06     0.097385    0.0657898      5.33596    -0.565734 -3.29684e-05
 0.000361068  3.89276e-10 -0.000108971 -0.000143175  7.92562e-08 -6.40691e-05 -0.000408751 -2.33267e-09 -3.80654e-06  8.69943e-07  0.000142582  9.03404e-06  0.000313603 -7.90307e-05 -1.26902e-08
      21.506  3.75336e-06      -6.5536      3.12995  0.000593944    -0.941231     -25.5187 -8.07917e-06     0.097385  0.000142582      16.1234   -0.0574215    -0.606414     0.203327  -5.2357e-06
   -0.123753  2.89038e-07  -0.00615274   0.00141055  1.22644e-05  -0.00179022     0.893726  -8.9875e-07    0.0657898  9.03404e-06   -0.0574215     0.095847    0.0612394    0.0301954  1.72956e-06
     2.09845  4.83407e-05      5.21819    -0.739744 -0.000245077     0.181601       15.428 -9.27352e-05      5.33596  0.000313603    -0.606414    0.0612394      51.9848      1.92165 -0.000144792
     1.23905 -8.62377e-06     0.899721     -1.03382  9.77927e-06    -0.170905     -17.6473 -2.03225e-06    -0.565734 -7.90307e-05     0.203327    0.0301954      1.92165      3.67589 -1.03193e-05
   6.186e-06 -3.26538e-11  9.28161e-05  5.63784e-05 -9.74754e-09  4.89669e-05  0.000926606  2.17201e-09 -3.29684e-05 -1.26902e-08  -5.2357e-06  1.72956e-06 -0.000144792 -1.03193e-05  4.87312e-08
