     61.2564 -0.000510508      20.6896     -1.70573     0.108175       2.6464      19.7051 -0.000974187     0.633678     0.133285      23.5509    -0.801716      3.96238      2.66735  0.000434452
-0.000510508  2.33659e-06 -0.000378898  0.000329426   -1.355e-05 -0.000609795  0.000615379  -3.6351e-06  0.000365763  2.01905e-06 -1.59353e-05  1.48858e-05   0.00052536 -0.000233661 -2.01592e-08
     20.6896 -0.000378898      51.4537      1.41539    0.0108609      5.73576      22.9046     0.030763     -0.47379   -0.0405629     -2.95141    -0.190773      8.62333      2.57954   0.00566609
    -1.70573  0.000329426      1.41539       21.062    0.0185708    0.0889237       3.2832    0.0403747      1.25154   -0.0606665      3.24674    0.0154632      -2.8892      -2.4244   0.00472404
    0.108175   -1.355e-05    0.0108609    0.0185708    0.0264489   -0.0289651    0.0856842 -0.000167178    0.0129606   0.00267684    0.0537701   0.00745614   -0.0280049   0.00150421 -7.11521e-05
      2.6464 -0.000609795      5.73576    0.0889237   -0.0289651      42.2312     0.922645   -0.0112633      0.41008   -0.0252626    -0.393932   -0.0068484     0.486197     -0.32782   0.00307524
     19.7051  0.000615379      22.9046       3.2832    0.0856842     0.922645      33.4497    0.0182833      4.50452   0.00561263    -0.470286    0.0946581      5.46118    -0.360292   0.00682626
-0.000974187  -3.6351e-06     0.030763    0.0403747 -0.000167178   -0.0112633    0.0182833   0.00413868    0.0175174 -0.000240581 -0.000380815  -0.00157274   -0.0214491  -0.00115477  3.74174e-05
    0.633678  0.000365763     -0.47379      1.25154    0.0129606      0.41008      4.50452    0.0175174      55.4599   0.00271828     0.320863     0.405658      5.13583      -1.2482   -0.0030381
    0.133285  2.01905e-06   -0.0405629   -0.0606665   0.00267684   -0.0252626   0.00561263 -0.000240581   0.00271828     0.132702    0.0587985    0.0245573     0.122499   -0.0657114 -0.000391879
     23.5509 -1.59353e-05     -2.95141      3.24674    0.0537701    -0.393932    -0.470286 -0.000380815     0.320863    0.0587985      18.4795    -0.440939     0.290673     0.587836 -0.000555134
   -0.801716  1.48858e-05    -0.190773    0.0154632   0.00745614   -0.0068484    0.0946581  -0.00157274     0.405658    0.0245573    -0.440939      4.53769     0.390401     0.458051  0.000894388
     3.96238   0.00052536      8.62333      -2.8892   -0.0280049     0.486197      5.46118   -0.0214491      5.13583     0.122499     0.290673     0.390401      53.9124      4.48272    -0.012142
     2.66735 -0.000233661      2.57954      -2.4244   0.00150421     -0.32782    -0.360292  -0.00115477      -1.2482   -0.0657114     0.587836     0.458051      4.48272      17.1178  -0.00156766
 0.000434452 -2.01592e-08   0.00566609   0.00472404 -7.11521e-05   0.00307524   0.00682626  3.74174e-05   -0.0030381 -0.000391879 -0.000555134  0.000894388    -0.012142  -0.00156766  0.000330822
