     16.2401  8.61947e-05  0.000325377 -2.41022e-05     -1.71424      5.92822 -8.52291e-05      1.93216     -15.8082     -3.18567     -462.795  2.17967e-05      3.77763     -168.705     0.948562
 8.61947e-05  2.13429e-07 -4.46197e-08 -2.67009e-09  -1.5446e-05  0.000279143  7.36331e-08  0.000116352  -0.00182796 -0.000132734   -0.0367716  1.35825e-08  9.57616e-05  -0.00591816 -2.15112e-05
 0.000325377 -4.46197e-08  0.000173715 -2.51744e-07   0.00156893  0.000352784  4.93432e-07  -0.00142292    0.0745843   -0.0254078     -1.76853 -1.21127e-08   0.00379424    -0.191992  -0.00446883
-2.41022e-05 -2.67009e-09 -2.51744e-07   4.7975e-08 -1.86369e-05 -8.57778e-05 -3.59316e-10 -5.27694e-05  -0.00106232  0.000339645   -0.0487616 -9.59941e-10  2.86228e-05  -0.00828177 -0.000141776
    -1.71424  -1.5446e-05   0.00156893 -1.86369e-05      16.4667     -2.69555  0.000688879     -1.68656      42.5813     -10.4335     -421.827  5.45635e-06     -7.59466     -204.948      11.5489
     5.92822  0.000279143  0.000352784 -8.57778e-05     -2.69555      25.6596   -0.0004823     -1.88155     -50.3136      39.7801     -287.286  3.46232e-05      4.75927     -37.7034      4.71026
-8.52291e-05  7.36331e-08  4.93432e-07 -3.59316e-10  0.000688879   -0.0004823  1.23273e-05  -0.00137543  -0.00626568   0.00438443    -0.137516 -3.37194e-09 -0.000470574    0.0152942 -0.000328484
     1.93216  0.000116352  -0.00142292 -5.27694e-05     -1.68656     -1.88155  -0.00137543      30.5704      29.4476     -15.4053      28.5568    9.129e-05      7.46063     -55.7352      9.85514
    -15.8082  -0.00182796    0.0745843  -0.00106232      42.5813     -50.3136  -0.00626568      29.4476        14695       39.248      12011.2  0.000134659     -44.5452     -96.4309      52.5753
    -3.18567 -0.000132734   -0.0254078  0.000339645     -10.4335      39.7801   0.00438443     -15.4053       39.248      6080.04      230.168  4.56343e-05      -14.687      1274.61      30.6618
    -462.795   -0.0367716     -1.76853   -0.0487616     -421.827     -287.286    -0.137516      28.5568      12011.2      230.168  9.54182e+06   0.00125777      388.879   1.2537e+06      217.257
 2.17967e-05  1.35825e-08 -1.21127e-08 -9.59941e-10  5.45635e-06  3.46232e-05 -3.37194e-09    9.129e-05  0.000134659  4.56343e-05   0.00125777  1.09964e-08   2.2173e-05  -0.00215318  1.52342e-05
     3.77763  9.57616e-05   0.00379424  2.86228e-05     -7.59466      4.75927 -0.000470574      7.46063     -44.5452      -14.687      388.879   2.2173e-05      29.8703      193.477     -20.7714
    -168.705  -0.00591816    -0.191992  -0.00828177     -204.948     -37.7034    0.0152942     -55.7352     -96.4309      1274.61   1.2537e+06  -0.00215318      193.477       261481     -11.4195
    0.948562 -2.15112e-05  -0.00446883 -0.000141776      11.5489      4.71026 -0.000328484      9.85514      52.5753      30.6618      217.257  1.52342e-05     -20.7714     -11.4195      47.1704
