     60.4855 -0.000110475       19.183     -1.47069    0.0436392      2.66508      18.4519 -0.000280087     0.252718    0.0394088      22.9582    -0.524504      3.39543      2.23889  5.83123e-05
-0.000110475  1.20919e-07  -4.4869e-05  7.45468e-05 -1.28018e-06  -0.00015458  0.000241002 -2.21148e-07  8.25878e-05  1.15989e-07   8.7787e-06  3.06601e-06  0.000143692  -4.7705e-05 -5.36507e-10
      19.183  -4.4869e-05      50.2717      1.57463   0.00900784      5.51113      25.2534   0.00809711     0.604231   -0.0109871     -4.15535   -0.0814422      7.33977      1.80574   0.00138513
    -1.47069  7.45468e-05      1.57463      20.6249   0.00776836    0.0709591      3.59271    0.0103672     0.552184   -0.0164278       3.2873    0.0111099     -2.22095     -1.96912  0.000989325
   0.0436392 -1.28018e-06   0.00900784   0.00776836   0.00425641   -0.0121497    0.0458373  -1.7424e-05   0.00268283   0.00031168    0.0229248   0.00196797  -0.00882746  0.000441535 -5.75837e-06
     2.66508  -0.00015458      5.51113    0.0709591   -0.0121497      46.1504    -0.331996  -0.00305882     0.495344  -0.00688245     -0.62975     -0.00496     0.267782    -0.270969  0.000661935
     18.4519  0.000241002      25.2534      3.59271    0.0458373    -0.331996      54.2201   0.00465149      6.22551  -0.00234302    0.0754474     0.164946      7.30656     -1.14512   0.00159422
-0.000280087 -2.21148e-07   0.00809711    0.0103672  -1.7424e-05  -0.00305882   0.00465149   0.00027949   0.00436719 -1.80042e-05 -0.000125351 -0.000274552  -0.00540415 -0.000265436  2.02925e-06
    0.252718  8.25878e-05     0.604231     0.552184   0.00268283     0.495344      6.22551   0.00436719      53.4243 -0.000143495     0.110469     0.277455      5.02394    -0.952081  -0.00053084
   0.0394088  1.15989e-07   -0.0109871   -0.0164278   0.00031168  -0.00688245  -0.00234302 -1.80042e-05 -0.000143495    0.0111706    0.0173181   0.00459163    0.0344238    -0.015836 -2.36268e-05
     22.9582   8.7787e-06     -4.15535       3.2873    0.0229248     -0.62975    0.0754474 -0.000125351     0.110469    0.0173181      17.7704    -0.274086    -0.215174     0.390516 -5.06867e-05
   -0.524504  3.06601e-06   -0.0814422    0.0111099   0.00196797     -0.00496     0.164946 -0.000274552     0.277455   0.00459163    -0.274086      1.94627     0.274821     0.247857  0.000116284
     3.39543  0.000143692      7.33977     -2.22095  -0.00882746     0.267782      7.30656  -0.00540415      5.02394    0.0344238    -0.215174     0.274821      52.7495      3.54434  -0.00229898
     2.23889  -4.7705e-05      1.80574     -1.96912  0.000441535    -0.270969     -1.14512 -0.000265436    -0.952081    -0.015836     0.390516     0.247857      3.54434      11.8431 -0.000263329
 5.83123e-05 -5.36507e-10   0.00138513  0.000989325 -5.75837e-06  0.000661935   0.00159422  2.02925e-06  -0.00053084 -2.36268e-05 -5.06867e-05  0.000116284  -0.00229898 -0.000263329  1.37647e-05
