     60.9567 -3.23791e-05      15.1016    -0.542867  0.000601845      3.13668      37.3604 -7.16588e-06     0.202154   0.00019678      21.1365     -0.08707      1.80475      1.06618  5.77514e-06
-3.23791e-05  1.11523e-08 -1.28834e-05  2.26639e-05 -5.60429e-09 -6.20493e-05   0.00207529 -9.44297e-10  2.78482e-05  2.41502e-10  4.02744e-06  1.93107e-07  4.63161e-05 -7.13157e-06  -2.8981e-11
     15.1016 -1.28834e-05       49.337      1.73827  0.000102896      7.02997      44.5411  0.000120136     0.603142   -5.998e-05     -6.74249  -0.00367028      4.89398     0.767373  8.73451e-05
   -0.542867  2.26639e-05      1.73827      20.3839  0.000106749    0.0999736      12.6283  0.000150628     0.647059 -7.90327e-05      3.08104  0.000946637    -0.503419    -0.891735  5.23953e-05
 0.000601845 -5.60429e-09  0.000102896  0.000106749  7.90917e-07 -0.000217495    0.0131005 -3.77442e-09  4.08104e-05  2.11989e-08  0.000278571  4.19838e-06 -0.000116806  4.61945e-06 -4.52166e-09
     3.13668 -6.20493e-05      7.02997    0.0999736 -0.000217495      76.5072     -110.913 -6.00258e-05     0.662815 -3.45313e-05     -1.00211  -0.00133138     0.165022    -0.156123   4.8211e-05
     37.3604   0.00207529      44.5411      12.6283    0.0131005     -110.913      29350.3  0.000302044      164.784 -0.000393472     -52.5222      1.21615      25.7587     -29.8314   0.00165091
-7.16588e-06 -9.44297e-10  0.000120136  0.000150628 -3.77442e-09 -6.00258e-05  0.000302044  5.92588e-08  7.02727e-05 -1.04432e-09 -6.57079e-06 -4.76777e-07 -7.06476e-05 -1.29732e-06  1.57169e-09
    0.202154  2.78482e-05     0.603142     0.647059  4.08104e-05     0.662815      164.784  7.02727e-05      62.9465 -3.57085e-06    0.0996018    0.0469865      5.44481    -0.500457 -3.14541e-05
  0.00019678  2.41502e-10   -5.998e-05 -7.90327e-05  2.11989e-08 -3.45313e-05 -0.000393472 -1.04432e-09 -3.57085e-06   2.4868e-07  7.38693e-05  3.41926e-06    0.0001743  -3.6734e-05 -6.45451e-09
     21.1365  4.02744e-06     -6.74249      3.08104  0.000278571     -1.00211     -52.5222 -6.57079e-06    0.0996018  7.38693e-05      15.7407   -0.0392869    -0.581574     0.175846 -4.68799e-06
    -0.08707  1.93107e-07  -0.00367028  0.000946637  4.19838e-06  -0.00133138      1.21615 -4.76777e-07    0.0469865  3.41926e-06   -0.0392869    0.0469809    0.0430713     0.018335   1.1342e-06
     1.80475  4.63161e-05      4.89398    -0.503419 -0.000116806     0.165022      25.7587 -7.06476e-05      5.44481    0.0001743    -0.581574    0.0430713      51.8993      1.65665 -0.000135469
     1.06618 -7.13157e-06     0.767373    -0.891735  4.61945e-06    -0.156123     -29.8314 -1.29732e-06    -0.500457  -3.6734e-05     0.175846     0.018335      1.65665      2.76671 -8.39048e-06
 5.77514e-06  -2.8981e-11  8.73451e-05  5.23953e-05 -4.52166e-09   4.8211e-05   0.00165091  1.57169e-09 -3.14541e-05 -6.45451e-09 -4.68799e-06   1.1342e-06 -0.000135469 -8.39048e-06  4.26113e-08
