     60.7154 -4.37087e-05       17.606     -1.03719   0.00718659       2.8541      17.5628 -2.35597e-05      0.22611   0.00329306      22.1541    -0.248121      2.75797      1.67435  1.00982e-05
-4.37087e-05    1.936e-08 -1.66612e-05  2.95173e-05  -8.5295e-08 -6.99236e-05  0.000375872 -6.69984e-09  3.45258e-05  3.57754e-09  3.80759e-06  7.29316e-07  5.98448e-05 -1.42223e-05 -6.09578e-11
      17.606 -1.66612e-05      49.5615       1.7564   0.00140185      6.05313      22.1768  0.000614162     0.618002 -0.000987356     -5.88928   -0.0217267       6.0342      1.24437  0.000150649
    -1.03719  2.95173e-05       1.7564      20.4702   0.00128442    0.0903026      4.07404  0.000780384     0.568002  -0.00132456      3.22064   0.00372797     -1.33723     -1.39552  9.52429e-05
  0.00718659  -8.5295e-08   0.00140185   0.00128442  0.000112733  -0.00218133    0.0230221 -2.21278e-07  0.000446509  4.21624e-06   0.00360409  0.000145766  -0.00143078   7.2374e-05 -9.32613e-08
      2.8541 -6.99236e-05      6.05313    0.0903026  -0.00218133      56.4132     -11.2218 -0.000256337     0.537224 -0.000600444    -0.811586  -0.00282791     0.214084    -0.204995  7.35562e-05
     17.5628  0.000375872      22.1768      4.07404    0.0230221     -11.2218      577.964   0.00032321      22.1209  -0.00110516     -5.57426     0.459881      7.94567     -5.77665  0.000447811
-2.35597e-05 -6.69984e-09  0.000614162  0.000780384 -2.21278e-07 -0.000256337   0.00032321  1.58922e-06  0.000337418 -9.56177e-08 -2.23052e-05 -8.78566e-06  -0.00039136 -1.35863e-05  1.45566e-08
     0.22611  3.45258e-05     0.618002     0.568002  0.000446509     0.537224      22.1209  0.000337418      55.9819 -1.13413e-05    0.0966988     0.129236      5.12865    -0.721919 -5.28681e-05
  0.00329306  3.57754e-09 -0.000987356  -0.00132456  4.21624e-06 -0.000600444  -0.00110516 -9.56177e-08 -1.13413e-05  7.74968e-05    0.0014011  0.000171333   0.00282461  -0.00099331 -1.95091e-07
     22.1541  3.80759e-06     -5.88928      3.22064   0.00360409    -0.811586     -5.57426 -2.23052e-05    0.0966988    0.0014011        16.83    -0.122384    -0.604903      0.27532  -8.1118e-06
   -0.248121  7.29316e-07   -0.0217267   0.00372797  0.000145766  -0.00282791     0.459881 -8.78566e-06     0.129236  0.000171333    -0.122384     0.399463      0.12823    0.0818977  5.73786e-06
     2.75797  5.98448e-05       6.0342     -1.33723  -0.00143078     0.214084      7.94567  -0.00039136      5.12865   0.00282461    -0.604903      0.12823      52.2103      2.59753 -0.000238569
     1.67435 -1.42223e-05      1.24437     -1.39552   7.2374e-05    -0.204995     -5.77665 -1.35863e-05    -0.721919  -0.00099331      0.27532    0.0818977      2.59753      6.50535 -2.23087e-05
 1.00982e-05 -6.09578e-11  0.000150649  9.52429e-05 -9.32613e-08  7.35562e-05  0.000447811  1.45566e-08 -5.28681e-05 -1.95091e-07  -8.1118e-06  5.73786e-06 -0.000238569 -2.23087e-05   1.3549e-07
