      60.579 -5.81657e-05      18.3891     -1.23318    0.0177014      2.75667      17.4464  -6.8383e-05     0.238111     0.011398      22.5178    -0.362387      3.08148      1.94755   2.0416e-05
-5.81657e-05  3.40101e-08 -2.20136e-05   3.9089e-05 -2.79074e-07  -8.7631e-05  0.000254601 -3.12635e-08  4.45621e-05  1.63383e-08  4.76528e-06  1.39513e-06  7.85014e-05 -2.16837e-05 -1.31009e-10
     18.3891 -2.20136e-05      49.7079      1.69818   0.00360215      5.75615       23.291   0.00213043     0.627571  -0.00323942     -5.25534   -0.0433544      6.55542      1.47502  0.000339574
    -1.23318   3.9089e-05      1.69818      20.5124   0.00315643    0.0806696      3.68307   0.00270922     0.535767  -0.00462026      3.26391   0.00673492     -1.72893     -1.62473  0.000226058
   0.0177014 -2.79074e-07   0.00360215   0.00315643  0.000690615  -0.00514996     0.031493 -1.84678e-06    0.0010709  3.61836e-05   0.00908997  0.000535622  -0.00352537  0.000207948 -5.40778e-07
     2.75667  -8.7631e-05      5.75615    0.0806696  -0.00514996      51.0528     -4.01913 -0.000840538     0.509898  -0.00200132    -0.735217  -0.00376404      0.23326    -0.225895  0.000163261
     17.4464  0.000254601       23.291      3.68307     0.031493     -4.01913      163.867   0.00111962      11.5224  -0.00210547     -1.98903     0.317228      7.32569     -2.98986  0.000593766
 -6.8383e-05 -3.12635e-08   0.00213043   0.00270922 -1.84678e-06 -0.000840538   0.00111962  1.92134e-05   0.00115095 -1.31464e-06 -5.68283e-05 -4.94813e-05  -0.00139214 -5.70928e-05  1.21057e-07
    0.238111  4.45621e-05     0.627571     0.535767    0.0010709     0.509898      11.5224   0.00115095      53.9647 -6.08212e-05     0.105467     0.187461      5.03166    -0.814222 -0.000122581
    0.011398  1.63383e-08  -0.00323942  -0.00462026  3.61836e-05  -0.00200132  -0.00210547 -1.31464e-06 -6.08212e-05  0.000928716   0.00495079  0.000878078   0.00980725   -0.0039578 -1.58025e-06
     22.5178  4.76528e-06     -5.25534      3.26391   0.00908997    -0.735217     -1.98903 -5.68283e-05     0.105467   0.00495079      17.2145    -0.185249    -0.504039     0.331049 -1.49596e-05
   -0.362387  1.39513e-06   -0.0433544   0.00673492  0.000535622  -0.00376404     0.317228 -4.94813e-05     0.187461  0.000878078    -0.185249     0.874522     0.194272     0.139636  1.90679e-05
     3.08148  7.85014e-05      6.55542     -1.72893  -0.00352537      0.23326      7.32569  -0.00139214      5.03166   0.00980725    -0.504039     0.194272       52.369      3.02614 -0.000544493
     1.94755 -2.16837e-05      1.47502     -1.62473  0.000207948    -0.225895     -2.98986 -5.70928e-05    -0.814222   -0.0039578     0.331049     0.139636      3.02614      8.65297  -5.7162e-05
  2.0416e-05 -1.31009e-10  0.000339574  0.000226058 -5.40778e-07  0.000163261  0.000593766  1.21057e-07 -0.000122581 -1.58025e-06 -1.49596e-05  1.90679e-05 -0.000544493  -5.7162e-05  7.43852e-07
