   72.5929  -0.319265    31.4584   -1.01125    1.70114    13.7782    28.1007   0.131139     26.642    16.1631     29.972    9.90242    6.85028    21.7029    0.53463
 -0.319265   0.995728  -0.291581   0.315709  -0.129625  -0.440957   0.398117  -0.156701   0.837117  -0.164891  0.0102481  -0.253809   0.281071  -0.418667  0.0228833
   31.4584  -0.291581    65.1742    1.42756  0.0784927   -7.36055    26.5699    2.82192    19.3023   -1.25397    2.42134  -0.727803    18.8609    15.2734    1.16523
  -1.01125   0.315709    1.42756    24.8605  0.0744842    10.4778     5.3571    3.17916    29.4759   -13.2255    3.48277     6.0206   -5.82073   -22.8533   0.391696
   1.70114  -0.129625  0.0784927  0.0744842    5.54947   0.300554     1.2335   -0.26808    1.20784   0.489086    0.97607   0.206283  -0.255932   0.195071   -0.05693
   13.7782  -0.440957   -7.36055    10.4778   0.300554    36.0827   -4.54551   0.949813   -3.03421   -11.3937    13.5481    12.9108   -36.7711   -13.1714   0.669945
   28.1007   0.398117    26.5699     5.3571     1.2335   -4.54551    42.8537    1.79182    29.2336    3.32859    1.82394    -6.2024    1.55055    5.78955    1.27913
  0.131139  -0.156701    2.82192    3.17916   -0.26808   0.949813    1.79182    19.0895    4.02137   -2.63335  -0.184136   0.646886   -1.20669   -2.25802   0.330658
    26.642   0.837117    19.3023    29.4759    1.20784   -3.03421    29.2336    4.02137    70.7239   -1.81015    15.8366    3.32984    26.2495   -16.4526  0.0634086
   16.1631  -0.164891   -1.25397   -13.2255   0.489086   -11.3937    3.32859   -2.63335   -1.81015    19.9157    5.28223   -3.42695    19.2995    18.6309  -0.654605
    29.972  0.0102481    2.42134    3.48277    0.97607    13.5481    1.82394  -0.184136    15.8366    5.28223    23.9527    8.41801    3.39157     1.9613 -0.0752361
   9.90242  -0.253809  -0.727803     6.0206   0.206283    12.9108    -6.2024   0.646886    3.32984   -3.42695    8.41801    12.7729    -6.7325   -4.94708  -0.304715
   6.85028   0.281071    18.8609   -5.82073  -0.255932   -36.7711    1.55055   -1.20669    26.2495    19.2995    3.39157    -6.7325    67.1711    16.9132   -1.45174
   21.7029  -0.418667    15.2734   -22.8533   0.195071   -13.1714    5.78955   -2.25802   -16.4526    18.6309     1.9613   -4.94708    16.9132    35.9366  -0.229304
   0.53463  0.0228833    1.16523   0.391696   -0.05693   0.669945    1.27913   0.330658  0.0634086  -0.654605 -0.0752361  -0.304715   -1.45174  -0.229304    5.63499
