      61.092 -3.11204e-05      14.2605    -0.375352  0.000369895      3.23072      56.3657 -6.57425e-06     0.196636  0.000146654      20.6846   -0.0612869      1.54785      0.91879  5.56687e-06
-3.11204e-05  1.05306e-08 -1.26038e-05  2.21021e-05 -3.40254e-09 -6.34612e-05   0.00388452 -7.94568e-10  2.76085e-05  1.88772e-10  4.44491e-06  1.31547e-07  4.52047e-05 -6.01222e-06 -2.74087e-11
     14.2605 -1.26038e-05      49.2797      1.70422   6.0002e-05      7.39383       74.958  0.000104475     0.598856 -4.57042e-05     -6.87399  -0.00213538       4.6166     0.655753  8.50729e-05
   -0.375352  2.21021e-05      1.70422      20.3668   6.5629e-05      0.10215      21.6077  0.000130479     0.671236 -5.91017e-05      3.02277   0.00061534    -0.298746    -0.769484  5.05265e-05
 0.000369895 -3.40254e-09   6.0002e-05   6.5629e-05  3.01504e-07 -0.000143328    0.0155747 -2.03458e-09  2.67968e-05  9.84408e-09  0.000165284   1.8322e-06 -7.08972e-05  2.74473e-06 -2.76535e-09
     3.23072 -6.34612e-05      7.39383      0.10215 -0.000143328      84.7214     -226.696 -5.48847e-05     0.711682 -2.64991e-05     -1.06406 -0.000983179     0.150567    -0.142578  4.92291e-05
     56.3657   0.00388452       74.958      21.6077    0.0155747     -226.696       108901  0.000485268      323.203 -0.000541012     -107.641      1.64813       45.571     -50.1318   0.00306858
-6.57425e-06 -7.94568e-10  0.000104475  0.000130479 -2.03458e-09 -5.48847e-05  0.000485268  4.46018e-08   6.2269e-05  -6.9647e-10 -5.79214e-06   -2.874e-07 -6.06767e-05 -9.52672e-07  1.32426e-09
    0.196636  2.76085e-05     0.598856     0.671236  2.67968e-05     0.711682      323.203   6.2269e-05      65.4814 -3.22035e-06      0.10209    0.0335523      5.55433     -0.44285 -3.11224e-05
 0.000146654  1.88772e-10 -4.57042e-05 -5.91017e-05  9.84408e-09 -2.64991e-05 -0.000541012  -6.9647e-10 -3.22035e-06  1.35844e-07  5.23362e-05  1.77779e-06   0.00013102 -2.35989e-05 -4.66385e-09
     20.6846  4.44491e-06     -6.87399      3.02277  0.000165284     -1.06406     -107.641 -5.79214e-06      0.10209  5.23362e-05      15.3209   -0.0267499    -0.553832     0.152352 -4.18077e-06
  -0.0612869  1.31547e-07  -0.00213538   0.00061534   1.8322e-06 -0.000983179      1.64813   -2.874e-07    0.0335523  1.77779e-06   -0.0267499    0.0230258    0.0302608    0.0111356  7.70797e-07
     1.54785  4.52047e-05       4.6166    -0.298746 -7.08972e-05     0.150567       45.571 -6.06767e-05      5.55433   0.00013102    -0.553832    0.0302608      51.8298      1.42962 -0.000131396
     0.91879 -6.01222e-06     0.655753    -0.769484  2.74473e-06    -0.142578     -50.1318 -9.52672e-07     -0.44285 -2.35989e-05     0.152352    0.0111356      1.42962      2.08258 -7.06814e-06
 5.56687e-06 -2.74087e-11  8.50729e-05  5.05265e-05 -2.76535e-09  4.92291e-05   0.00306858  1.32426e-09 -3.11224e-05 -4.66385e-09 -4.18077e-06  7.70797e-07 -0.000131396 -7.06814e-06  4.00935e-08
