    66.3314  -0.0314842     26.0039    -1.48684    0.620685     12.0858     24.1122   0.0229846      22.711     1.57016     26.9463    -2.02936      5.5229     5.91293   0.0188578
 -0.0314842    0.013028  -0.0301813   0.0268655 -0.00538168   -0.052996   0.0436793 -0.00405839   0.0853285 -0.00129091  0.00475707  0.00125578   0.0309066  -0.0303141  8.1016e-06
    26.0039  -0.0301813     57.4762     1.41062   0.0519166    -6.48816     25.1995    0.579799     16.6956   -0.464784   -0.105084   -0.378429     13.9204     6.02332     0.12516
   -1.48684   0.0268655     1.41062     22.9202   0.0834065     8.97308      3.8762    0.737726     26.8081   -0.704058     3.11032   -0.317925    -4.58103    -5.08032    0.103458
   0.620685 -0.00538168   0.0519166   0.0834065    0.864906    0.121356     0.48823  -0.0172215    0.510766    0.171575    0.330396    0.121342   -0.171442  -0.0368064 -0.00623055
    12.0858   -0.052996    -6.48816     8.97308    0.121356     32.4611    -5.50655    0.175796    -3.28527   -0.453239     11.9959    -1.64618    -32.1726    -4.07136    0.147451
    24.1122   0.0436793     25.1995      3.8762     0.48823    -5.50655     38.0491    0.320766     25.3686     0.13894     1.23146   -0.381227     2.73946   -0.147547    0.190402
  0.0229846 -0.00405839    0.579799    0.737726  -0.0172215    0.175796    0.320766     1.22366    0.856842 -0.00886406  0.00980584  -0.0989252   -0.314257  -0.0538996   0.0129184
     22.711   0.0853285     16.6956     26.8081    0.510766    -3.28527     25.3686    0.856842     63.9777   -0.154455     13.3792    0.393118     23.4939    -5.13614   0.0391796
    1.57016 -0.00129091   -0.464784   -0.704058    0.171575   -0.453239     0.13894 -0.00886406   -0.154455     16.6269    0.840833    0.589501      1.4313   -0.593458   -0.101126
    26.9463  0.00475707   -0.105084     3.11032    0.330396     11.9959     1.23146  0.00980584     13.3792    0.840833     21.3741    -1.31863      2.0918     1.81382  -0.0144855
   -2.02936  0.00125578   -0.378429   -0.317925    0.121342    -1.64618   -0.381227  -0.0989252    0.393118    0.589501    -1.31863     29.5251    0.687421     1.51913   0.0487067
     5.5229   0.0309066     13.9204    -4.58103   -0.171442    -32.1726     2.73946   -0.314257     23.4939      1.4313      2.0918    0.687421     60.0842     7.57931   -0.291096
    5.91293  -0.0303141     6.02332    -5.08032  -0.0368064    -4.07136   -0.147547  -0.0538996    -5.13614   -0.593458     1.81382     1.51913     7.57931     50.1221  -0.0396501
  0.0188578  8.1016e-06     0.12516    0.103458 -0.00623055    0.147451    0.190402   0.0129184   0.0391796   -0.101126  -0.0144855   0.0487067   -0.291096  -0.0396501    0.175504
