     15.9833  7.44191e-05  0.000192916 -2.09347e-05     -1.59129      5.58458 -3.72248e-05      1.84005     -18.7072     -5.37549     -1347.67  2.04316e-05      3.63097     -336.266     0.774962
 7.44191e-05  1.81772e-07 -2.54155e-08 -2.32547e-09 -7.89489e-06  0.000257912  3.66203e-08  0.000108322  -0.00209853 -0.000173866   -0.0993338  1.23452e-08  8.60285e-05   -0.0109111 -2.03185e-05
 0.000192916 -2.54155e-08  6.54947e-05  -1.4549e-07   0.00105321  0.000217374  1.63401e-07 -0.000857142    0.0570585   -0.0220679     -3.17614 -7.31359e-09   0.00231377    -0.237209  -0.00273606
-2.09347e-05 -2.32547e-09  -1.4549e-07  4.25361e-08 -1.58562e-05  -8.0589e-05 -1.84672e-10 -4.91978e-05  -0.00124599  0.000453768    -0.134302 -8.91358e-10  2.60911e-05   -0.0155957 -0.000133364
    -1.59129 -7.89489e-06   0.00105321 -1.58562e-05      16.1447     -2.60586  0.000367051     -1.70138      51.3991     -15.7614     -1313.56  6.91453e-06     -6.75538     -423.083      10.7696
     5.58458  0.000257912  0.000217374  -8.0589e-05     -2.60586      25.6693 -0.000262123     -1.77086     -63.0736      56.2376     -817.512  3.42448e-05      4.84467     -71.8195      4.53407
-3.72248e-05  3.66203e-08  1.63401e-07 -1.84672e-10  0.000367051 -0.000262123  3.57791e-06 -0.000742999  -0.00420649   0.00334823    -0.217464  -1.8014e-09 -0.000249528    0.0161179 -0.000166409
     1.84005  0.000108322 -0.000857142 -4.91978e-05     -1.70138     -1.77086 -0.000742999      30.5543       35.929     -21.9239      71.8205  9.00616e-05      7.65818     -105.072      9.38668
    -18.7072  -0.00209853    0.0570585  -0.00124599      51.3991     -63.0736  -0.00420649       35.929      22814.6      69.4464      43567.2  0.000165429     -54.8922     -255.173      66.3042
    -5.37549 -0.000173866   -0.0220679  0.000453768     -15.7614      56.2376   0.00334823     -21.9239      69.4464      12210.9      1115.09  6.38111e-05     -20.5175      3613.92      43.2567
    -1347.67   -0.0993338     -3.17614    -0.134302     -1313.56     -817.512    -0.217464      71.8205      43567.2      1115.09  8.15964e+07   0.00348384      1164.94  7.33628e+06      581.373
 2.04316e-05  1.23452e-08 -7.31359e-09 -8.91358e-10  6.91453e-06  3.42448e-05  -1.8014e-09  9.00616e-05  0.000165429  6.38111e-05   0.00348384  1.07041e-08  2.12213e-05  -0.00423923   1.4767e-05
     3.63097  8.60285e-05   0.00231377  2.60911e-05     -6.75538      4.84467 -0.000249528      7.65818     -54.8922     -20.5175      1164.94  2.12213e-05      29.5422      395.007     -20.5964
    -336.266   -0.0109111    -0.237209   -0.0155957     -423.083     -71.8195    0.0161179     -105.072     -255.173      3613.92  7.33628e+06  -0.00423923      395.007  1.04395e+06     -32.1322
    0.774962 -2.03185e-05  -0.00273606 -0.000133364      10.7696      4.53407 -0.000166409      9.38668      66.3042      43.2567      581.373   1.4767e-05     -20.5964     -32.1322      47.3513
