     1719.91      13316.6            0     -7.98505      4.37019     -760.797      2.47925      114.391      236.312     -14.4641   0.00016214     -5.09788    -0.685424     -2.98615   -0.0400695
     13316.6  1.12689e+08      1016.52     -10479.4            0            0      -109.45     -14319.4      24114.9      1235.89   0.00318587     -68430.6      130.209     -424.292     -12.6561
           0      1016.52       138.39     -7.95805    -0.435513            0      0.29273      18.0393    0.0510733     -1.75028 -1.88796e-05    -0.959118     0.553465     -0.16408     0.010958
    -7.98505     -10479.4     -7.95805      1954.51            0            0     0.255896      -27.238     -14.0317     -20.5452 -5.36722e-05      9.22823    -0.281312  -0.00787789  -0.00703103
     4.37019            0    -0.435513            0      17.0407            0   -0.0579155   -0.0625311      -18.044      1.32465 -7.27181e-06            0    0.0131836    -0.287548    0.0168197
    -760.797            0            0            0            0  1.37843e+06      5.46248      11.8257      3839.09     -223.249   0.00178418       130.84      24.0757     -7.27971      3.74061
     2.47925      -109.45      0.29273     0.255896   -0.0579155      5.46248     0.892506      1.97437      5.49191    -0.148469   2.1849e-06    0.0981536   -0.0118882   -0.0282364 -0.000917139
     114.391     -14319.4      18.0393      -27.238   -0.0625311      11.8257      1.97437       4679.2      2274.69      15.5303 -9.76337e-05      16.5926     0.422181     -1.10325    0.0985479
     236.312      24114.9    0.0510733     -14.0317      -18.044      3839.09      5.49191      2274.69      22692.4     -48.3532  0.000341624      18.8426     0.716142     -11.2824     0.422803
    -14.4641      1235.89     -1.75028     -20.5452      1.32465     -223.249    -0.148469      15.5303     -48.3532      186.995 -4.84018e-05     -1.34553    0.0899536     -0.17524   0.00880416
  0.00016214   0.00318587 -1.88796e-05 -5.36722e-05 -7.27181e-06   0.00178418   2.1849e-06 -9.76337e-05  0.000341624 -4.84018e-05  6.14151e-09 -1.24147e-05  1.52586e-06  1.10251e-06   4.5107e-08
    -5.09788     -68430.6    -0.959118      9.22823            0       130.84    0.0981536      16.5926      18.8426     -1.34553 -1.24147e-05      52.5086      0.10931     0.276235    0.0034054
   -0.685424      130.209     0.553465    -0.281312    0.0131836      24.0757   -0.0118882     0.422181     0.716142    0.0899536  1.52586e-06      0.10931     0.284644 -0.000642553 -0.000693349
    -2.98615     -424.292     -0.16408  -0.00787789    -0.287548     -7.27971   -0.0282364     -1.10325     -11.2824     -0.17524  1.10251e-06     0.276235 -0.000642553      1.24601  -0.00232464
  -0.0400695     -12.6561     0.010958  -0.00703103    0.0168197      3.74061 -0.000917139    0.0985479     0.422803   0.00880416   4.5107e-08    0.0034054 -0.000693349  -0.00232464   0.00319234
