     79.3709      5.16589     0.210105    -0.359296     0.947532      -2.7722      2.48599      4.33368      3.44358     -2.31381     0.126675     -1.13326    -0.984717     -2.07533    -0.543486
     5.16589      366.242     0.885302     -3.90589            0            0     -1.38585     -4.52949      2.96229      1.61432    0.0155162     -127.329      1.57684     -2.47075     -1.41708
    0.210105     0.885302      28.3658    -0.793797    -0.198673 -2.32378e-11     0.693388      1.90185     0.397204     -1.25413   -0.0280778    -0.433161      1.69144    -0.238575     0.472319
   -0.359296     -3.90589    -0.793797      83.1791            0            0     0.230415    -0.999424    -0.191993     -3.10065   -0.0333258      1.97179    -0.390367 -0.000397615    -0.100925
    0.947532            0    -0.198673            0      17.3193            0    -0.277357   -0.0108331     -1.22782      0.97328   -0.0282614            0    0.0872877    -0.937357       1.0568
     -2.7722            0 -2.32378e-11            0            0      399.752      0.44014    0.0107854      4.42699     -2.67095    0.0995969       2.3113      2.74852    -0.408949       3.9743
     2.48599     -1.38585     0.693388     0.230415    -0.277357      0.44014      19.5925       1.6183      1.73419    -0.547454    0.0357405     0.659003    -0.373087    -0.428519    -0.262859
     4.33368     -4.52949      1.90185    -0.999424   -0.0108331    0.0107854       1.6183      143.616      26.7565      1.95219    -0.047496      2.99919     0.487817    -0.622411      1.06679
     3.44358      2.96229     0.397204    -0.191993     -1.22782      4.42699      1.73419      26.7565      103.888     -2.34701    0.0720725         1.31      0.32348     -2.46883       1.7785
    -2.31381      1.61432     -1.25413     -3.10065      0.97328     -2.67095    -0.547454      1.95219     -2.34701      98.9185    -0.116291     -1.00978     0.410102    -0.365457     0.337733
    0.126675    0.0155162   -0.0280778   -0.0333258   -0.0282614    0.0995969    0.0357405    -0.047496    0.0720725    -0.116291    0.0842231   -0.0431884     0.035428     0.013954    0.0105219
    -1.13326     -127.329    -0.433161      1.97179            0       2.3113     0.659003      2.99919         1.31     -1.00978   -0.0431884      55.9726     0.760056     0.922452      0.21682
   -0.984717      1.57684      1.69144    -0.390367    0.0872877      2.74852    -0.373087     0.487817      0.32348     0.410102     0.035428     0.760056       12.704   -0.0243185    -0.288137
    -2.07533     -2.47075    -0.238575 -0.000397615    -0.937357    -0.408949    -0.428519    -0.622411     -2.46883    -0.365457     0.013954     0.922452   -0.0243185      13.0132    -0.475832
   -0.543486     -1.41708     0.472319    -0.100925       1.0568       3.9743    -0.262859      1.06679       1.7785     0.337733    0.0105219      0.21682    -0.288137    -0.475832      12.3629
