     393.054      297.321            0     -1.79491      2.09819     -51.2076      2.49505      23.5747      30.7357     -5.82675   0.00103636     -2.47624    -0.822553     -2.50308    -0.141731
     297.321       245782       32.695     -230.085            0            0      -10.756     -288.346      306.504        48.65   0.00150046     -3247.13      15.2179     -34.7342     -4.37309
           0       32.695      65.7012     -2.57781    -0.301374            0     0.424652      5.36071   0.00974143     -1.01625 -0.000164603    -0.671205     0.957318    -0.197685    0.0558743
    -1.79491     -230.085     -2.57781      431.992            0            0     0.253292     -5.53735     -1.80045     -8.13947 -0.000289524      4.40813    -0.332106  -0.00228521   -0.0244499
     2.09819            0    -0.301374            0      17.1882            0    -0.122448   -0.0270999     -4.93226      1.12108 -0.000102941            0    0.0332379    -0.506373     0.125005
    -51.2076            0            0            0            0      27326.7      1.61439     0.685769      147.063     -26.3977   0.00306807      18.7024      8.50943     -1.80224      3.89706
     2.49505      -10.756     0.424652     0.253292    -0.122448      1.61439       3.9553      1.79219       3.1453    -0.263374  5.91319e-05     0.209922   -0.0628237    -0.104266   -0.0142871
     23.5747     -288.346      5.36071     -5.53735   -0.0270999     0.685769      1.79219      870.159      266.487      5.64323 -0.000454335      7.26804     0.456906     -0.83171     0.314309
     30.7357      306.504   0.00974143     -1.80045     -4.93226      147.063       3.1453      266.487      1679.63     -11.0893     0.001109      5.20707      0.48903     -5.38079     0.851259
    -5.82675        48.65     -1.01625     -8.13947      1.12108     -26.3977    -0.263374      5.64323     -11.0893      132.787 -0.000514394     -1.15196      0.19029    -0.258123    0.0548988
  0.00103636   0.00150046 -0.000164603 -0.000289524 -0.000102941   0.00306807  5.91319e-05 -0.000454335     0.001109 -0.000514394  1.13772e-06 -0.000158221   4.9188e-05  2.76714e-05  4.53034e-06
    -2.47624     -3247.13    -0.671205      4.40813            0      18.7024     0.209922      7.26804      5.20707     -1.15196 -0.000158221      54.2048     0.278911     0.491969    0.0256037
   -0.822553      15.2179     0.957318    -0.332106    0.0332379      8.50943   -0.0628237     0.456906      0.48903      0.19029   4.9188e-05     0.278911      1.79378  -0.00280057   -0.0128807
    -2.50308     -34.7342    -0.197685  -0.00228521    -0.506373     -1.80224    -0.104266     -0.83171     -5.38079    -0.258123  2.76714e-05     0.491969  -0.00280057      3.82868   -0.0301596
   -0.141731     -4.37309    0.0558743   -0.0244499     0.125005      3.89706   -0.0142871     0.314309     0.851259    0.0548988  4.53034e-06    0.0256037   -0.0128807   -0.0301596     0.174824
