 8.68867e-05    -0.155893 -9.08805e-05   0.00176621   -0.0234644      11.7605   0.00351414       250849 -0.000101856  0.000264935    0.0031796   -0.0370336      109.615 -0.000535808      13.6216
   -0.155893       744207      24.0556     -45.7646     -2840.09 -1.26781e+06      169.373            0      4.85922       4.9912      6.15338     -651.706            0      41.0162      -123997
-9.08805e-05      24.0556     0.199353    0.0353033     -28.6302      2618.02   -0.0837646            0   0.00503214   -0.0167049   -0.0583621     0.585751      3326.23   -0.0536377      152.945
  0.00176621     -45.7646    0.0353033      35.7021      268.389     -92933.6     0.235464  1.03497e+08    0.0967972     0.115174     0.472036     -13.2392      25421.4      1.41493      -2721.8
  -0.0234644     -2840.09     -28.6302      268.389  3.97771e+06            0     -396.164            0     -7.09077      7.58696       158.05            0 -1.11419e+07            0            0
     11.7605 -1.26781e+06      2618.02     -92933.6            0  4.38273e+10     -33689.8            0     -484.026      8184.98     -32204.2      -815128            0      -915275            0
  0.00351414      169.373   -0.0837646     0.235464     -396.164     -33689.8       328.64  6.66542e+08   -0.0284632    -0.441936     0.715861      18.1377            0     0.496725            0
      250849            0            0  1.03497e+08            0            0  6.66542e+08  7.15873e+17            0            0            0            0            0            0            0
-0.000101856      4.85922   0.00503214    0.0967972     -7.09077     -484.026   -0.0284632            0    0.0895432    0.0139693     0.231187      2.05476      -1293.7   0.00762942      11.0263
 0.000264935       4.9912   -0.0167049     0.115174      7.58696      8184.98    -0.441936            0    0.0139693      3.78547    -0.120988      1.74434      4169.51     -0.14337        155.5
   0.0031796      6.15338   -0.0583621     0.472036       158.05     -32204.2     0.715861            0     0.231187    -0.120988      133.502            0       8893.7     0.749977            0
  -0.0370336     -651.706     0.585751     -13.2392            0      -815128      18.1377            0      2.05476      1.74434            0      26960.6            0      19.6735      -323910
     109.615            0      3326.23      25421.4 -1.11419e+07            0            0            0      -1293.7      4169.51       8893.7            0  6.81591e+10            0            0
-0.000535808      41.0162   -0.0536377      1.41493            0      -915275     0.496725            0   0.00762942     -0.14337     0.749977      19.6735            0      21.6001            0
     13.6216      -123997      152.945      -2721.8            0            0            0            0      11.0263        155.5            0      -323910            0            0  5.87077e+08
