     46.3786   0.00388112     0.112856  4.24953e-05      11.8435     0.178251       6.3798    0.0796923     -29.1679  0.000912404      6.47196       6.2148      8.81568  2.28797e-05      2610.88
  0.00388112  6.10327e-05 -0.000148816 -5.84515e-09   0.00142443 -0.000105625   0.00564256  0.000117404  -0.00284523 -1.70469e-08  0.000370726   0.00284869   0.00283141  -7.4037e-08     -1.37361
    0.112856 -0.000148816     0.329431  1.89774e-07   -0.0882028 -0.000378705   -0.0688227 -0.000191943     -0.27444  1.28398e-05    0.0311129     0.722865    0.0748155  2.85437e-06      72.2996
 4.24953e-05 -5.84515e-09  1.89774e-07  9.89344e-08  0.000280179  7.38366e-06  0.000166423  9.50937e-07  1.13113e-05  1.49523e-08 -5.24656e-05   0.00423556  5.58636e-06  1.93993e-10    0.0419985
     11.8435   0.00142443   -0.0882028  0.000280179      59.6103      0.13922      20.3252     0.166501     -5.97923 -7.91753e-05     -5.84086      57.9112     -24.4426  6.83179e-05      738.794
    0.178251 -0.000105625 -0.000378705  7.38366e-06      0.13922      0.57754     -1.04565   0.00394507    -0.774599  3.55715e-05    -0.443803      1.84893     0.229406  3.43262e-06     -49.2446
      6.3798   0.00564256   -0.0688227  0.000166423      20.3252     -1.04565      145.511     0.461359      16.3036 -0.000813655    -0.974519      88.6941      7.90895 -0.000185079     -4345.17
   0.0796923  0.000117404 -0.000191943  9.50937e-07     0.166501   0.00394507     0.461359    0.0516088     0.035168 -1.01477e-05   -0.0541311     0.264423    -0.031149 -8.32348e-07      4.41235
    -29.1679  -0.00284523     -0.27444  1.13113e-05     -5.97923    -0.774599      16.3036     0.035168      37.8192  -0.00147715      5.77488      4.82132      -7.5513   -4.956e-05     -1683.18
 0.000912404 -1.70469e-08  1.28398e-05  1.49523e-08 -7.91753e-05  3.55715e-05 -0.000813655 -1.01477e-05  -0.00147715  6.84197e-06 -0.000553246   0.00279805 -0.000455861  1.37603e-08    -0.239782
     6.47196  0.000370726    0.0311129 -5.24656e-05     -5.84086    -0.443803    -0.974519   -0.0541311      5.77488 -0.000553246      24.7093     -10.1598     -2.96948 -1.29686e-05      2676.27
      6.2148   0.00284869     0.722865   0.00423556      57.9112      1.84893      88.6941     0.264423      4.82132   0.00279805     -10.1598      4602.55     -30.7397 -0.000131876            0
     8.81568   0.00283141    0.0748155  5.58636e-06     -24.4426     0.229406      7.90895    -0.031149      -7.5513 -0.000455861     -2.96948     -30.7397      36.3821 -0.000104371     -2321.15
 2.28797e-05  -7.4037e-08  2.85437e-06  1.93993e-10  6.83179e-05  3.43262e-06 -0.000185079 -8.32348e-07   -4.956e-05  1.37603e-08 -1.29686e-05 -0.000131876 -0.000104371  3.95771e-08   -0.0167389
     2610.88     -1.37361      72.2996    0.0419985      738.794     -49.2446     -4345.17      4.41235     -1683.18    -0.239782      2676.27            0     -2321.15   -0.0167389  2.76395e+07
