  58.8473  -16.6867   20.8689   1.74385    20.099    9.7769   6.49705   59.9357  -40.5243   -10.205   5.38075   32.7174   14.8083  -9.43153  -9.44776
 -16.6867   43.7503  -10.8809 -0.597831    -11.39   8.24218    3.0442  -18.9996  -2.58612   23.5166  -25.2688  -35.5572   11.0381  -20.0917   -3.7177
  20.8689  -10.8809   26.6926  -2.07677   9.35206   6.65349   -7.6328   15.9344  -19.4606  -10.6988   4.97713    14.321  -8.30594   5.97092  -7.20285
  1.74385 -0.597831  -2.07677   59.6984   5.66674   1.11842   6.62671   5.79285 -0.769744 0.0571628  -1.33304   1.60136     2.536  -2.87037  -3.94763
   20.099    -11.39   9.35206   5.66674   78.8363   19.6266   31.2098   28.0274  -8.93123   -7.5902  -12.0231   8.57591  -35.2042   21.7812  -21.7362
   9.7769   8.24218   6.65349   1.11842   19.6266   39.3489  -19.4038  0.849286  -29.2353   7.73543  -22.0511  -14.6168  -7.66863  -3.04275   7.33379
  6.49705    3.0442   -7.6328   6.62671   31.2098  -19.4038   62.2654   18.8544   12.8517  -5.76334  -3.00116   6.70429   7.30026  -13.7396  -24.2348
  59.9357  -18.9996   15.9344   5.79285   28.0274  0.849286   18.8544   77.9669  -34.3163  -8.75235    8.6253   39.2236   13.8778  -4.81664  -16.4706
 -40.5243  -2.58612  -19.4606 -0.769744  -8.93123  -29.2353   12.8517  -34.3163     51.01  -2.01242   14.0141  -4.74993  -14.3061   19.2158  0.674286
  -10.205   23.5166  -10.6988 0.0571628   -7.5902   7.73543  -5.76334  -8.75235  -2.01242   28.4735  -19.7376   -26.966   4.11916  -5.43105  -1.88862
  5.38075  -25.2688   4.97713  -1.33304  -12.0231  -22.0511  -3.00116    8.6253   14.0141  -19.7376   30.9449   30.6155 0.0437339   13.0465   3.26655
  32.7174  -35.5572    14.321   1.60136   8.57591  -14.6168   6.70429   39.2236  -4.74993   -26.966   30.6155   51.8846   1.46224   11.1286  -3.48469
  14.8083   11.0381  -8.30594     2.536  -35.2042  -7.66863   7.30026   13.8778  -14.3061   4.11916 0.0437339   1.46224   47.1875  -39.2363   8.52361
 -9.43153  -20.0917   5.97092  -2.87037   21.7812  -3.04275  -13.7396  -4.81664   19.2158  -5.43105   13.0465   11.1286  -39.2363   53.4045 -0.752785
 -9.44776   -3.7177  -7.20285  -3.94763  -21.7362   7.33379  -24.2348  -16.4706  0.674286  -1.88862   3.26655  -3.48469   8.52361 -0.752785   43.7063
