    49.2684    0.344815     11.6257  0.00292651     13.5611     5.00405     5.01658     2.22223    -34.7341    0.628414     5.90321    0.910728     10.6489   0.0570999     16.8054
   0.344815    0.923111  -0.0145463 -9.4018e-05    0.141225   0.0412884    0.391051    0.242544   -0.384191  0.00231859  -0.0462854   0.0491235    0.292378  -0.0162126    -1.15747
    11.6257  -0.0145463     18.2699 -0.00355706     2.33776     2.24257    -2.89406     0.87716    -13.6843    0.581251     4.28308     1.49998    -4.51443   0.0653632     12.5181
 0.00292651 -9.4018e-05 -0.00355706 0.000250476   0.0120835  0.00484893   0.0087053  0.00142773 0.000652144 0.000517645 -0.00249064   0.0332988  0.00102636 2.16333e-05   0.0131219
    13.5611    0.141225     2.33776   0.0120835     66.1009     17.3966     20.7402      4.5165    -6.91272    0.190681    -7.85676     10.1867    -30.4115    0.151075     6.74124
    5.00405   0.0412884     2.24257  0.00484893     17.3966     31.1156     -14.969    -1.11527    -20.4371    0.457035     -14.152    0.273097    -3.89444    0.132972   0.0739055
    5.01658    0.391051    -2.89406   0.0087053     20.7402     -14.969     51.6718     5.68289     10.2093   -0.617358    -2.10092     8.16592      5.6964    -0.18729    -18.7604
    2.22223    0.242544     0.87716  0.00142773      4.5165    -1.11527     5.68289     20.9771    0.506816   -0.122176    -1.17421    0.984107   -0.875416  -0.0164984   -0.255505
   -34.7341   -0.384191    -13.6843 0.000652144    -6.91272    -20.4371     10.2093    0.506816     42.9732    -1.08843     8.52476      1.0661      -11.14  -0.0899581    -9.96341
   0.628414  0.00231859    0.581251 0.000517645    0.190681    0.457035   -0.617358   -0.122176    -1.08843     2.96783    -0.49894    0.302554   -0.244082   0.0152154   -0.985632
    5.90321  -0.0462854     4.28308 -0.00249064    -7.85676     -14.152    -2.10092    -1.17421     8.52476    -0.49894     26.3529    -1.96776     -1.6774  -0.0342976     16.9377
   0.910728   0.0491235     1.49998   0.0332988     10.1867    0.273097     8.16592    0.984107      1.0661    0.302554    -1.96776     113.481    -5.22663  -0.0289837           0
    10.6489    0.292378    -4.51443  0.00102636    -30.4115    -3.89444      5.6964   -0.875416      -11.14   -0.244082     -1.6774    -5.22663     38.7257   -0.179583    -13.9744
  0.0570999  -0.0162126   0.0653632 2.16333e-05    0.151075    0.132972    -0.18729  -0.0164984  -0.0899581   0.0152154  -0.0342976  -0.0289837   -0.179583    0.120706   -0.163361
    16.8054    -1.15747     12.5181   0.0131219     6.74124   0.0739055    -18.7604   -0.255505    -9.96341   -0.985632     16.9377           0    -13.9744   -0.163361     1138.14
