     46.3914    0.0192211     0.244583  4.46462e-05      11.3843     0.433006      5.00973     0.203181     -30.0384   0.00964303      6.31666      2.93508      9.10151  8.93469e-05      390.975
   0.0192211   0.00150431  -0.00157878 -3.17984e-08   0.00667431  -0.00121644    0.0200195   0.00152073   -0.0147856 -9.32681e-07   0.00186511   0.00730925    0.0141057 -1.45768e-06     -1.01801
    0.244583  -0.00157878      1.50904    4.052e-07    -0.193004  -0.00196632    -0.157076  -0.00101681    -0.600965  0.000289716    0.0673701     0.800176     0.167349  2.24308e-05      23.1587
 4.46462e-05 -3.17984e-08    4.052e-07  1.21388e-07  0.000309534  1.90239e-05  0.000161579  2.76604e-06  8.89401e-06  1.75529e-07  -5.7526e-05   0.00242441  5.55529e-06  8.75361e-10   0.00696457
     11.3843   0.00667431    -0.193004  0.000309534      61.2804     0.358462      16.3681     0.437837     -6.54488 -0.000276918       -6.285      30.4304     -25.5063  0.000289338      118.713
    0.433006  -0.00121644  -0.00196632  1.90239e-05     0.358462      3.11936     -1.64446    0.0243797     -1.86066  0.000907483     -1.03695      2.21248     0.566965  3.14692e-05     -17.5348
     5.00973    0.0200195    -0.157076  0.000161579      16.3681     -1.64446      70.0153     0.849151      11.7842  -0.00775956     -1.03129      31.7583      6.24535 -0.000517541     -475.156
    0.203181   0.00152073  -0.00101681  2.76604e-06     0.437837    0.0243797     0.849151     0.351367    0.0862733 -0.000278615    -0.141744     0.356223   -0.0887877 -8.64786e-06      1.72111
    -30.0384   -0.0147856    -0.600965  8.89401e-06     -6.54488     -1.86066      11.7842    0.0862733      39.6805   -0.0157662      6.28438      2.35615     -8.45931 -0.000198316     -246.361
  0.00964303 -9.32681e-07  0.000289716  1.75529e-07 -0.000276918  0.000907483  -0.00775956 -0.000278615   -0.0157662  0.000766752   -0.0057686     0.015247  -0.00492553   5.4902e-07    -0.365979
     6.31666   0.00186511    0.0673701  -5.7526e-05       -6.285     -1.03695     -1.03129    -0.141744      6.28438   -0.0057686      24.6899     -5.27496     -2.78867 -6.27641e-05      395.942
     2.93508   0.00730925     0.800176   0.00242441      30.4304      2.21248      31.7583     0.356223      2.35615     0.015247     -5.27496      1227.19     -16.1139 -0.000252106            0
     9.10151    0.0141057     0.167349  5.55529e-06     -25.5063     0.566965      6.24535   -0.0887877     -8.45931  -0.00492553     -2.78867     -16.1139      36.5288 -0.000405005     -341.977
 8.93469e-05 -1.45768e-06  2.24308e-05  8.75361e-10  0.000289338  3.14692e-05 -0.000517541 -8.64786e-06 -0.000198316   5.4902e-07 -6.27641e-05 -0.000252106 -0.000405005  6.19144e-07  -0.00954733
     390.975     -1.01801      23.1587   0.00696457      118.713     -17.5348     -475.156      1.72111     -246.361    -0.365979      395.942            0     -341.977  -0.00954733       616148
