     46.3973   0.00656701       0.1458  4.21673e-05      11.6977     0.233948      5.82749     0.108492     -29.4578   0.00192566      6.43752      4.86994      8.92403  2.86377e-05      1398.03
  0.00656701  0.000174669  -0.00032317 -9.95232e-09    0.0023779 -0.000233331   0.00848723  0.000272257  -0.00488005 -6.17369e-08  0.000628409   0.00387868   0.00480394 -1.57271e-07     -1.24315
      0.1458  -0.00032317     0.543599  2.40637e-07    -0.114093 -0.000634817   -0.0879402 -0.000335279    -0.355972  3.49088e-05    0.0399098     0.747262    0.0972023  4.56222e-06      49.7088
 4.21673e-05 -9.95232e-09  2.40637e-07  1.00584e-07  0.000283241  9.72299e-06  0.000157308  1.31527e-06  1.07317e-05   3.1964e-08  -5.2777e-05    0.0034365  5.73898e-06  2.46095e-10    0.0226617
     11.6977    0.0023779    -0.114093  0.000283241      60.3592     0.185068      18.6206     0.229143     -6.13313  -0.00013372     -5.97445      46.9206     -24.7677  8.74666e-05      403.165
    0.233948 -0.000233331 -0.000634817  9.72299e-06     0.185068     0.985588     -1.19966   0.00706023     -1.02325  0.000101024    -0.580105      1.94187     0.302657  5.62565e-06      -34.441
     5.82749   0.00848723   -0.0879402  0.000157308      18.6206     -1.19966      113.007     0.560138      14.6055  -0.00162637    -0.991249       62.934      7.32546 -0.000205953     -2079.59
    0.108492  0.000272257 -0.000335279  1.31527e-06     0.229143   0.00706023     0.560138    0.0969964    0.0481686 -2.93207e-05   -0.0742429     0.291641   -0.0433024 -1.43312e-06      3.23645
    -29.4578  -0.00488005    -0.355972  1.07317e-05     -6.13313     -1.02325      14.6055    0.0481686      38.5395  -0.00313696      5.93576      3.88175     -7.79983 -6.25019e-05     -899.115
  0.00192566 -6.17369e-08  3.49088e-05   3.1964e-08  -0.00013372  0.000101024  -0.00162637 -2.93207e-05  -0.00313696  3.07132e-05  -0.00115127   0.00475563  -0.00098383  3.64977e-08    -0.265257
     6.43752  0.000628409    0.0399098  -5.2777e-05     -5.97445    -0.580105    -0.991249   -0.0742429      5.93576  -0.00115127      24.6994     -8.18411     -2.93059 -1.68453e-05      1428.22
     4.86994   0.00387868     0.747262    0.0034365      46.9206      1.94187       62.934     0.291641      3.88175   0.00475563     -8.18411      2979.59     -24.7865 -0.000132177            0
     8.92403   0.00480394    0.0972023  5.73898e-06     -24.7677     0.302657      7.32546   -0.0433024     -7.79983  -0.00098383     -2.93059     -24.7865      36.4573 -0.000130749     -1239.64
 2.86377e-05 -1.57271e-07  4.56222e-06  2.46095e-10  8.74666e-05  5.62565e-06 -0.000205953 -1.43312e-06 -6.25019e-05  3.64977e-08 -1.68453e-05 -0.000132177 -0.000130749  6.23559e-08   -0.0111814
     1398.03     -1.24315      49.7088    0.0226617      403.165      -34.441     -2079.59      3.23645     -899.115    -0.265257      1428.22            0     -1239.64   -0.0111814  7.91145e+06
