     46.4057      0.01124     0.189037  4.24327e-05       11.539     0.320092      5.38623     0.148626     -29.7504   0.00428602      6.39064      3.79412      9.02254  4.31675e-05      739.174
     0.01124  0.000512322 -0.000714209 -1.74198e-08   0.00399211 -0.000528789    0.0129827   0.00064329  -0.00848595 -2.37966e-07   0.00107989   0.00532109   0.00824519 -4.07424e-07     -1.12459
    0.189037 -0.000714209     0.905881  3.10194e-07     -0.14833  -0.00114643    -0.116145 -0.000588949    -0.463134  0.000100155    0.0516122     0.772871     0.127459    8.721e-06      33.9172
 4.24327e-05 -1.74198e-08  3.10194e-07  1.05625e-07  0.000290152  1.32558e-05  0.000153974  1.86239e-06  9.92637e-06  7.29053e-08 -5.39061e-05   0.00282086  5.72625e-06  3.83812e-10    0.0122755
      11.539   0.00399211     -0.14833  0.000290152       60.937     0.263263      17.2516     0.316783      -6.3133 -0.000223096     -6.11865      37.7828     -25.1167  0.000135316      218.457
    0.320092 -0.000528789  -0.00114643  1.32558e-05     0.263263      1.73083     -1.38552    0.0131612     -1.37715  0.000299283    -0.772137      2.05906     0.413874  1.12665e-05     -24.6235
     5.38623    0.0129827    -0.116145  0.000153974      17.2516     -1.38552      88.2899     0.687064      13.0986  -0.00348519      -1.0186      44.5446      6.82364 -0.000276939     -989.006
    0.148626   0.00064329 -0.000588949  1.86239e-06     0.316783    0.0131612     0.687064      0.18462    0.0653825 -8.98741e-05    -0.102564     0.322228   -0.0611717 -2.99334e-06       2.3586
    -29.7504  -0.00848595    -0.463134  9.92637e-06      -6.3133     -1.37715      13.0986    0.0653825       39.188   -0.0070062      6.10808      3.06666     -8.10764 -9.48527e-05     -472.067
  0.00428602 -2.37966e-07  0.000100155  7.29053e-08 -0.000223096  0.000299283  -0.00348519 -8.98741e-05   -0.0070062  0.000152128  -0.00255697   0.00846887  -0.00219974  1.21249e-07    -0.309276
     6.39064   0.00107989    0.0516122 -5.39061e-05     -6.11865    -0.772137      -1.0186    -0.102564      6.10808  -0.00255697      24.6944      -6.5682      -2.8722 -2.70416e-05      752.258
     3.79412   0.00532109     0.772871   0.00282086      37.7828      2.05906      44.5446     0.322228      3.06666   0.00846887      -6.5682      1911.16     -19.9204 -0.000156945            0
     9.02254   0.00824519     0.127459  5.72625e-06     -25.1167     0.413874      6.82364   -0.0611717     -8.10764  -0.00219974      -2.8722     -19.9204      36.5058   -0.0001966     -652.406
 4.31675e-05 -4.07424e-07    8.721e-06  3.83812e-10  0.000135316  1.12665e-05 -0.000276939 -2.99334e-06 -9.48527e-05  1.21249e-07 -2.70416e-05 -0.000156945   -0.0001966  1.42431e-07  -0.00882716
     739.174     -1.12459      33.9172    0.0122755      218.457     -24.6235     -989.006       2.3586     -472.067    -0.309276      752.258            0     -652.406  -0.00882716  2.20763e+06
