     48.4514     0.140128      8.69314  0.000719864      12.6522      1.95982      4.80335      1.10136     -33.7171     0.240526      6.01853      1.15726      10.1295    0.0157041       31.548
    0.140128     0.145788   -0.0219605 -7.35174e-06    0.0487652   -0.0498407     0.161089    0.0548316    -0.123291 -0.000132736  0.000965556    0.0284965     0.115014  -0.00177196    -0.839492
     8.69314   -0.0219605      16.7057 -0.000826206     0.455355      1.53736      -2.0811      0.59474     -12.0039      0.24572      3.16041      1.75313     -3.64532    0.0161497      19.7515
 0.000719864 -7.35174e-06 -0.000826206  1.97464e-05   0.00391682   0.00155962   0.00226987  0.000203165  2.31527e-05  5.75926e-05 -0.000737636    0.0126531  3.06703e-05  1.91469e-06   0.00697193
     12.6522    0.0487652     0.455355   0.00391682      64.2926      11.8994      18.8439      2.32849     -7.17685    0.0210414     -7.38692      13.4165     -29.0689     0.043121      11.2216
     1.95982   -0.0498407      1.53736   0.00155962      11.8994      52.1269     -10.9755    0.0697477     -14.4418    0.0479082     -7.96331      2.98785     -1.61782    0.0343523     -2.66044
     4.80335     0.161089      -2.0811   0.00226987      18.8439     -10.9755      50.5998      3.07179       10.164    -0.226353     -1.80098       11.068       5.4625   -0.0525773      -33.985
     1.10136    0.0548316      0.59474  0.000203165      2.32849    0.0697477      3.07179      6.10596     0.221455   -0.0249957    -0.584214     0.705039    -0.520346  -0.00252755    -0.321825
    -33.7171    -0.123291     -12.0039  2.31527e-05     -7.17685     -14.4418       10.164     0.221455      42.3649    -0.408883      7.77324     0.994426     -10.3363   -0.0266801     -18.4014
    0.240526 -0.000132736      0.24572  5.75926e-05    0.0210414    0.0479082    -0.226353   -0.0249957    -0.408883     0.518045    -0.170198     0.161081    -0.120444   0.00185483    -0.749222
     6.01853  0.000965556      3.16041 -0.000737636     -7.38692     -7.96331     -1.80098    -0.584214      7.77324    -0.170198      25.8024     -2.43758     -2.02596  -0.00926244      31.2815
     1.15726    0.0284965      1.75313    0.0126531      13.4165      2.98785       11.068     0.705039     0.994426     0.161081     -2.43758      205.651     -6.86748   -0.0112889            0
     10.1295     0.115014     -3.64532  3.06703e-05     -29.0689     -1.61782       5.4625    -0.520346     -10.3363    -0.120444     -2.02596     -6.86748      38.0141   -0.0509628     -26.3493
   0.0157041  -0.00177196    0.0161497  1.91469e-06     0.043121    0.0343523   -0.0525773  -0.00252755   -0.0266801   0.00185483  -0.00926244   -0.0112889   -0.0509628   0.00977981   -0.0860044
      31.548    -0.839492      19.7515   0.00697193      11.2216     -2.66044      -33.985    -0.321825     -18.4014    -0.749222      31.2815            0     -26.3493   -0.0860044      3915.22
