      46.354     0.055942     0.427543  8.43558e-05      11.3549     0.822756      4.41208     0.373316     -30.6552    0.0485104       6.0642      1.67705      9.32751  0.000892877       109.63
    0.055942    0.0129988  -0.00797815 -1.83599e-07     0.017919  -0.00637376    0.0487792   0.00848708   -0.0448205 -1.49145e-05   0.00525837    0.0137826    0.0408307 -4.41174e-05    -0.836295
    0.427543  -0.00797815      4.51685  3.92543e-07    -0.355932  -0.00540384    -0.299527  -0.00258165     -1.03873   0.00254896     0.127272     0.893509     0.304008  0.000351915      11.2824
 8.43558e-05 -1.83599e-07  3.92543e-07  4.40374e-07  0.000592719  6.41711e-05  0.000307774  1.03776e-05  1.27095e-05  1.69919e-06 -0.000108668   0.00296847   1.2474e-06   1.8659e-08   0.00377319
     11.3549     0.017919    -0.355932  0.000592719      61.4011      0.66156      15.6299     0.834438     -6.84485  0.000683883     -6.66568      19.5998     -26.3285   0.00312892      35.8649
    0.822756  -0.00637376  -0.00540384  6.41711e-05      0.66156      10.1018     -2.36025    0.0829099     -3.35261   0.00870642     -1.85595      2.52584      1.05916  0.000563431     -9.37171
     4.41208    0.0487792    -0.299527  0.000307774      15.6299     -2.36025      48.4764      1.36613      9.83683   -0.0405504     -1.41085      16.8663       5.0052  -0.00448577     -115.215
    0.373316   0.00848708  -0.00258165  1.03776e-05     0.834438    0.0829099      1.36613      1.26715     0.132198  -0.00267027    -0.278201     0.432908    -0.196483 -0.000172868     0.904002
    -30.6552   -0.0448205     -1.03873  1.27095e-05     -6.84485     -3.35261      9.83683     0.132198       40.046     -0.07983      6.68312      1.22667     -9.16245  -0.00195078     -65.8576
   0.0485104 -1.49145e-05   0.00254896  1.69919e-06  0.000683883   0.00870642   -0.0405504  -0.00267027     -0.07983     0.019657   -0.0300666    0.0493168   -0.0247061  2.60301e-05    -0.518938
      6.0642   0.00525837     0.127272 -0.000108668     -6.66568     -1.85595     -1.41085    -0.278201      6.68312   -0.0300666      24.7324     -3.54456     -2.52379 -0.000740603      110.256
     1.67705    0.0137826     0.893509   0.00296847      19.5998      2.52584      16.8663     0.432908      1.22667    0.0493168     -3.54456      506.038     -10.7072   -0.0016309            0
     9.32751    0.0408307     0.304008   1.2474e-06     -26.3285      1.05916       5.0052    -0.196483     -9.16245   -0.0247061     -2.52379     -10.7072      36.4929  -0.00406903     -92.8881
 0.000892877 -4.41174e-05  0.000351915   1.8659e-08   0.00312892  0.000563431  -0.00448577 -0.000172868  -0.00195078  2.60301e-05 -0.000740603   -0.0016309  -0.00406903  6.56176e-05   -0.0272644
      109.63    -0.836295      11.2824   0.00377319      35.8649     -9.37171     -115.215     0.904002     -65.8576    -0.518938      110.256            0     -92.8881   -0.0272644      48177.4
