     46.3491     0.032874     0.325357  5.30578e-05      11.2786      0.58856      4.75749     0.277784     -30.3356    0.0217473      6.19745      2.27631      9.17789  0.000260567      206.648
    0.032874   0.00441904  -0.00353819 -6.47284e-08    0.0110326  -0.00279671     0.031038   0.00359537   -0.0257318  -3.6918e-06   0.00323661    0.0100429    0.0240542 -7.45497e-06    -0.921818
    0.325357  -0.00353819      2.58515  5.84121e-07    -0.259232  -0.00431534     -0.20035    -0.001693    -0.786761  0.000852603    0.0980481     0.842428     0.229341  7.93099e-05      16.1025
 5.30578e-05 -6.47284e-08  5.84121e-07  1.76968e-07  0.000370079  3.05767e-05  0.000195624   4.6546e-06  7.87795e-06  4.77256e-07 -6.89732e-05   0.00234888  5.12327e-06  3.23212e-09   0.00446443
     11.2786    0.0110326    -0.259232  0.000370079      61.3558     0.487839      15.7927     0.603492     -6.77216 -1.95078e-05     -6.48052       24.437     -25.9043  0.000883991      64.9469
     0.58856  -0.00279671  -0.00431534  3.05767e-05     0.487839       5.6179     -1.96813    0.0450971     -2.50259   0.00275349     -1.39138      2.37701     0.780328  0.000125066     -12.5107
     4.75749     0.031038     -0.20035  0.000195624      15.7927     -1.96813       56.513      1.05911      10.7866   -0.0178351     -1.02963      22.7843      5.65046  -0.00139353     -230.597
    0.277784   0.00359537    -0.001693   4.6546e-06     0.603492    0.0450971      1.05911     0.668458     0.111011  -0.00086594    -0.196026     0.393738    -0.131157 -3.58135e-05      1.25618
    -30.3356   -0.0257318    -0.786761  7.87795e-06     -6.77216     -2.50259      10.7866     0.111011      39.9411   -0.0354398      6.45077      1.78559     -8.84693 -0.000586105     -127.982
   0.0217473  -3.6918e-06  0.000852603  4.77256e-07 -1.95078e-05   0.00275349   -0.0178351  -0.00086594   -0.0354398    0.0038786   -0.0130662    0.0275175   -0.0110048  3.50075e-06    -0.434513
     6.19745   0.00323661    0.0980481 -6.89732e-05     -6.48052     -1.39138     -1.02963    -0.196026      6.45077   -0.0130662      24.6875      -4.2394     -2.68454 -0.000208731      208.276
     2.27631    0.0100429     0.842428   0.00234888       24.437      2.37701      22.7843     0.393738      1.78559    0.0275175      -4.2394      788.157     -13.0942 -0.000581324            0
     9.17789    0.0240542     0.229341  5.12327e-06     -25.9043     0.780328      5.65046    -0.131157     -8.84693   -0.0110048     -2.68454     -13.0942      36.5187  -0.00118912     -178.579
 0.000260567 -7.45497e-06  7.93099e-05  3.23212e-09  0.000883991  0.000125066  -0.00139353 -3.58135e-05 -0.000586105  3.50075e-06 -0.000208731 -0.000581324  -0.00118912  5.49995e-06    -0.014901
     206.648    -0.921818      16.1025   0.00446443      64.9469     -12.5107     -230.597      1.25618     -127.982    -0.434513      208.276            0     -178.579    -0.014901       172014
