   52.3745    1.13201    17.0978   0.107014    16.6517    6.77294    5.35078    46.3628   -37.4013   -4.70926    5.95637    24.9649    12.4204   0.893338    6.06741
   1.13201     44.499  -0.469783 -0.0272969    1.23141  -0.688054    3.71029   0.293022   -2.16492  0.0494811   0.117888   -2.86148    2.28084   -1.63127   -2.81149
   17.0978  -0.469783    22.2928 -0.0698935    6.19998    3.78401   -5.99227    8.79979   -15.9361    -8.4183    4.81399    9.05798   -6.77218    1.31455    5.53124
  0.107014 -0.0272969 -0.0698935   0.100319   0.258435  0.0664084   0.187623   0.140698 -0.0388412 0.00755625 -0.0473091   0.173091    0.04158  0.0122807 0.00456671
   16.6517    1.23141    6.19998   0.258435    69.5773    17.8452    24.7766    20.6615   -7.45482   -6.19863   -9.45216    6.57352   -32.2374     2.1169    1.52508
   6.77294  -0.688054    3.78401  0.0664084    17.8452    34.4237   -17.0997   -1.07326   -23.6463    4.08623   -18.8305   -9.49361   -6.34089    2.04202   0.461365
   5.35078    3.71029   -5.99227   0.187623    24.7766   -17.0997    54.5297    11.9592    10.5813   -2.89905   -2.63972    4.58067    6.13395   -2.43839   -7.32107
   46.3628   0.293022    8.79979   0.140698    20.6615   -1.07326    11.9592    97.2788   -27.0686   -5.89277    5.74731    24.0733    8.39056  0.0311502    7.71334
  -37.4013   -2.16492   -15.9361 -0.0388412   -7.45482   -23.6463    10.5813   -27.0686     45.157   -2.37391      10.98   -4.66519   -12.8681   -1.17658   -3.05974
  -4.70926  0.0494811    -8.4183 0.00755625   -6.19863    4.08623   -2.89905   -5.89277   -2.37391     40.382   -16.3237   -22.9609    3.08344    0.23051   -6.29122
   5.95637   0.117888    4.81399 -0.0473091   -9.45216   -18.8305   -2.63972    5.74731      10.98   -16.3237    28.0241    24.7688   -0.55832  -0.521829    6.04119
   24.9649   -2.86148    9.05798   0.173091    6.57352   -9.49361    4.58067    24.0733   -4.66519   -22.9609    24.7688    48.8865   0.988584 -0.0701551    4.67892
   12.4204    2.28084   -6.77218    0.04158   -32.2374   -6.34089    6.13395    8.39056   -12.8681    3.08344   -0.55832   0.988584    41.3675   -2.27779    -4.8072
  0.893338   -1.63127    1.31455  0.0122807     2.1169    2.04202   -2.43839  0.0311502   -1.17658    0.23051  -0.521829 -0.0701551   -2.27779    20.1036   -0.61362
   6.06741   -2.81149    5.53124 0.00456671    1.52508   0.461365   -7.32107    7.71334   -3.05974   -6.29122    6.04119    4.67892    -4.8072   -0.61362    139.178
