      46.297    0.0966331     0.587662   0.00019799      11.6802      1.13172      4.48929     0.520274     -31.1013     0.108608      5.89681      1.34588      9.51459   0.00307286      57.8611
   0.0966331    0.0382511   -0.0181984 -7.07042e-07    0.0307784   -0.0145791    0.0840942     0.019953   -0.0765444 -5.75474e-05   0.00883036     0.018761    0.0704843  -0.00026494    -0.761053
    0.587662   -0.0181984      7.99229 -5.13605e-07    -0.533748   -0.0148754    -0.432632  -0.00480887     -1.39082   0.00807494     0.169364     0.942194     0.406736   0.00164512      7.99745
  0.00019799 -7.07042e-07 -5.13605e-07   2.2502e-06   0.00132203  0.000189754  0.000706879  3.28497e-05  1.87845e-05  8.67654e-06 -0.000238895   0.00533702 -1.43634e-05  1.54847e-07   0.00457522
     11.6802    0.0307784    -0.533748   0.00132203      61.3976     0.792132      16.6921      1.20433     -6.81235   0.00580038     -6.83053      15.8742     -26.8983    0.0109501      19.1182
     1.13172   -0.0145791   -0.0148754  0.000189754     0.792132      17.9572     -3.10592     0.149542     -4.46883    0.0260972     -2.47065      2.67253       1.4016   0.00262583     -6.62597
     4.48929    0.0840942    -0.432632  0.000706879      16.6921     -3.10592      48.4674      1.89893      9.82651   -0.0923027     -1.60365        13.41          5.1   -0.0156669      -61.391
    0.520274     0.019953  -0.00480887  3.28497e-05      1.20433     0.149542      1.89893      2.36859     0.165752  -0.00829581    -0.402723     0.466563    -0.257763 -0.000834794     0.650976
    -31.1013   -0.0765444     -1.39082  1.87845e-05     -6.81235     -4.46883      9.82651     0.165752      40.0123    -0.178955      7.00791      1.05588     -9.52335  -0.00687762     -34.5857
    0.108608 -5.75474e-05   0.00807494  8.67654e-06   0.00580038    0.0260972   -0.0923027  -0.00829581    -0.178955    0.0992707   -0.0690783    0.0879521   -0.0541173  0.000203524     -0.61856
     5.89681   0.00883036     0.169364 -0.000238895     -6.83053     -2.47065     -1.60365    -0.402723      7.00791   -0.0690783      24.7641     -2.88605     -2.29417  -0.00265451      58.2102
     1.34588     0.018761     0.942194   0.00533702      15.8742      2.67253        13.41     0.466563      1.05588    0.0879521     -2.88605      318.675     -8.46874  -0.00452724            0
     9.51459    0.0704843     0.406736 -1.43634e-05     -26.8983       1.4016          5.1    -0.257763     -9.52335   -0.0541173     -2.29417     -8.46874      36.4548   -0.0142716     -48.8816
  0.00307286  -0.00026494   0.00164512  1.54847e-07    0.0109501   0.00262583   -0.0156669 -0.000834794  -0.00687762  0.000203524  -0.00265451  -0.00452724   -0.0142716  0.000804073   -0.0506302
     57.8611    -0.761053      7.99745   0.00457522      19.1182     -6.62597      -61.391     0.650976     -34.5857     -0.61856      58.2102            0     -48.8816   -0.0506302        13557
