 5.15343e+06      5453.28     -934.644            0       647040            0            0            0            0            0            0            0
     5453.28      177.858     -0.75764   -1.379e+07      2430.49      80.0915     -34593.1     -373.198     -5194.07     -858.872      159.559       127245
    -934.644     -0.75764       12.987  2.68472e+06     -395.988     -9.97814      7187.31       40.044      376.169      81.6366      -16.067     -14162.9
           0   -1.379e+07  2.68472e+06  2.54178e+13  1.17254e+08 -2.17916e+06            0            0            0 -2.99858e+08            0            0
      647040      2430.49     -395.988  1.17254e+08  1.92364e+06            0            0            0      29329.5            0            0            0
           0      80.0915     -9.97814 -2.17916e+06            0      1279.71            0            0            0            0            0            0
           0     -34593.1      7187.31            0            0            0  1.94548e+09       369473            0            0            0            0
           0     -373.198       40.044            0            0            0       369473      24014.2            0            0            0 -6.17152e+06
           0     -5194.07      376.169            0      29329.5            0            0            0   3.3227e+06            0     -13361.4            0
           0     -858.872      81.6366 -2.99858e+08            0            0            0            0            0   2.7533e+06            0            0
           0      159.559      -16.067            0            0            0            0            0     -13361.4            0      8925.32            0
           0       127245     -14162.9            0            0            0            0 -6.17152e+06            0            0            0  8.41289e+09
