     9.63198    -0.254024     -0.13928            0 -1.52621e-06       1.7198   -0.0554407      -211840     -11330.9   0.00174223   -0.0363391   -0.0153405     -23.4281      22.5323     -3.53784       -27575      14.7933      26.4791
   -0.254024      4.00696     0.295403      46.2978            0      4.30127   -0.0314217      27056.2      4565.83 -0.000686402   -0.0105337    -0.345643      73.3987      3.22558    -0.104839      39994.1     -55.7688      5.56403
    -0.13928     0.295403      26.2631      55.0804  -3.5199e-07      1.59234   -0.0710687      27260.8      5466.36  -0.00165351    0.0508639     -2.84874       24.504       31.329     -2.67586      -108548     -4.94042     -48.8878
           0      46.2978      55.0804  1.35229e+06            0      438.753            0  1.13833e+07            0    0.0282415            0      15.2026      6947.57     -2313.32     -676.026            0        29495            0
-1.52621e-06            0  -3.5199e-07            0  1.03038e-10            0  1.46469e-07    -0.400112            0            0 -1.25936e-07            0            0            0  0.000176756            0            0            0
      1.7198      4.30127      1.59234      438.753            0      4468.17    -0.336142  2.77214e+06            0    0.0130219   -0.0577551    -0.135957      107.155      98.2369            0            0      1069.31      217.876
  -0.0554407   -0.0314217   -0.0710687            0  1.46469e-07    -0.336142     0.720659     -5644.34            0  -0.00046684   -0.0119208     -0.12403    -0.813238            0     0.220632            0            0      4.22747
     -211840      27056.2      27260.8  1.13833e+07    -0.400112  2.77214e+06     -5644.34  1.12549e+12  -1.2921e+10         2361     -39141.4       420105  -1.6585e+07  4.03271e+06      -999586 -1.67984e+11  6.20798e+06  6.28723e+06
    -11330.9      4565.83      5466.36            0            0            0            0  -1.2921e+10  2.02028e+10            0      1265.64       116385  2.73059e+07            0            0            0            0            0
  0.00174223 -0.000686402  -0.00165351    0.0282415            0    0.0130219  -0.00046684         2361            0  0.000547621  0.000293258   -0.0119291    0.0978194    -0.154494   -0.0107231            0            0       1.1167
  -0.0363391   -0.0105337    0.0508639            0 -1.25936e-07   -0.0577551   -0.0119208     -39141.4      1265.64  0.000293258     0.713964     0.766092      2.90726      3.02465    -0.419994      22685.2     -3.49143      12.7178
  -0.0153405    -0.345643     -2.84874      15.2026            0    -0.135957     -0.12403       420105       116385   -0.0119291     0.766092      268.485      124.794     -24.4282     -3.83279            0     -244.514     -125.007
    -23.4281      73.3987       24.504      6947.57            0      107.155    -0.813238  -1.6585e+07  2.73059e+07    0.0978194      2.90726      124.794      66144.1            0            0   5.2124e+06      1970.71            0
     22.5323      3.22558       31.329     -2313.32            0      98.2369            0  4.03271e+06            0    -0.154494      3.02465     -24.4282            0      65095.2            0            0            0            0
    -3.53784    -0.104839     -2.67586     -676.026  0.000176756            0     0.220632      -999586            0   -0.0107231    -0.419994     -3.83279            0            0      523.468            0            0            0
      -27575      39994.1      -108548            0            0            0            0 -1.67984e+11            0            0      22685.2            0   5.2124e+06            0            0  1.72251e+12            0  8.30868e+06
     14.7933     -55.7688     -4.94042        29495            0      1069.31            0  6.20798e+06            0            0     -3.49143     -244.514      1970.71            0            0            0       645013     -2939.51
     26.4791      5.56403     -48.8878            0            0      217.876      4.22747  6.28723e+06            0       1.1167      12.7178     -125.007            0            0            0  8.30868e+06     -2939.51       123796
