     9.83922    -0.258369    -0.140875            0  -1.5449e-06      1.71697   -0.0564786      -208274     -11452.1    0.0018181   -0.0371009   -0.0154019     -23.2385      22.3345     -3.56496     -27037.7      14.5564      26.1589
   -0.258369       4.0579     0.297495      45.3409            0      4.27567   -0.0318717      26486.2      4594.76 -0.000713207    -0.010708    -0.345529      72.4903      3.18336    -0.105186      39037.7     -54.6386      5.47301
   -0.140875     0.297495      26.3022      53.6422 -3.52791e-07      1.57406   -0.0716859      26540.5      5470.42  -0.00170854    0.0514185     -2.83197      24.0662      30.7473     -2.66981      -105345     -4.81339     -47.8208
           0      45.3409      53.6422  1.28069e+06            0      421.766            0  1.07768e+07            0    0.0283767            0      14.6966      6635.42     -2207.85     -655.909            0      27944.8            0
 -1.5449e-06            0 -3.52791e-07            0  1.03355e-10            0  1.47858e-07    -0.389849            0            0  -1.2741e-07            0            0            0  0.000176496            0            0            0
     1.71697      4.27567      1.57406      421.766            0      4359.73    -0.334672  2.66368e+06            0    0.0132808   -0.0576303    -0.133408      103.878       95.162            0            0      1028.33      210.362
  -0.0564786   -0.0318717   -0.0716859            0  1.47858e-07    -0.334672     0.732142     -5535.27            0 -0.000485833   -0.0121374    -0.124186     -0.80445            0     0.221715            0            0      4.16493
     -208274      26486.2      26540.5  1.07768e+07    -0.389849  2.66368e+06     -5535.27  1.06509e+12 -1.25668e+10      2371.45     -38462.5       405983 -1.58308e+07  3.84826e+06      -969570 -1.58504e+11  5.87943e+06  5.97775e+06
    -11452.1      4594.76      5470.42            0            0            0            0 -1.25668e+10  2.02028e+10            0      1278.49       115614  2.67982e+07            0            0            0            0            0
   0.0018181 -0.000713207  -0.00170854    0.0283767            0    0.0132808 -0.000485833      2371.45            0  0.000583803  0.000305859   -0.0122352    0.0991213    -0.156439   -0.0110384            0            0        1.127
  -0.0371009    -0.010708    0.0514185            0  -1.2741e-07   -0.0576303   -0.0121374     -38462.5      1278.49  0.000305859     0.728537     0.768745      2.88217       2.9964    -0.422986      22226.7     -3.43365      12.5572
  -0.0154019    -0.345529     -2.83197      14.6966            0    -0.133408    -0.124186       405983       115614   -0.0122352     0.768745      264.939      121.662     -23.7986     -3.79598            0     -236.474     -121.378
    -23.2385      72.4903      24.0662      6635.42            0      103.878     -0.80445 -1.58308e+07  2.67982e+07    0.0991213      2.88217      121.662      63707.2            0            0   4.9617e+06      1882.94            0
     22.3345      3.18336      30.7473     -2207.85            0       95.162            0  3.84826e+06            0    -0.156439       2.9964     -23.7986            0      62606.1            0            0            0            0
    -3.56496    -0.105186     -2.66981     -655.909  0.000176496            0     0.221715      -969570            0   -0.0110384    -0.422986     -3.79598            0            0      520.331            0            0            0
    -27037.7      39037.7      -105345            0            0            0            0 -1.58504e+11            0            0      22226.7            0   4.9617e+06            0            0  1.62049e+12            0  7.87714e+06
     14.5564     -54.6386     -4.81339      27944.8            0      1028.33            0  5.87943e+06            0            0     -3.43365     -236.474      1882.94            0            0            0       611362     -2797.27
     26.1589      5.47301     -47.8208            0            0      210.362      4.16493  5.97775e+06            0        1.127      12.5572     -121.378            0            0            0  7.87714e+06     -2797.27       118275
