     28.5233    -0.603266    -0.248931            0 -3.17775e-06      1.58145    -0.142769     -32916.8     -19498.7    0.0153304    -0.104834   -0.0188106     -15.4799      14.3399     -5.22192     -3931.63      6.49284      14.2388
   -0.603266       7.6311     0.423413      15.9583            0      3.17212     -0.06489      3365.04      6301.07  -0.00484459   -0.0243349     -0.33982       38.892      1.63476    -0.124125      4524.05     -19.6285      2.39944
   -0.248931     0.423413      28.3313      14.2889   -4.423e-07     0.883803    -0.110459      2620.38      5677.83  -0.00878346    0.0884447     -2.10796      9.77206      11.9895     -2.38406     -9155.44     -1.30874     -15.8662
           0      15.9583      14.2889      84362.9            0      58.5612            0       257688            0    0.0360677            0       2.7062      666.287     -213.661     -144.799            0      1878.88            0
-3.17775e-06            0   -4.423e-07            0  1.50851e-10            0  2.65189e-07   -0.0446106            0            0 -2.55029e-07            0            0            0  0.000183455            0            0            0
     1.58145      3.17212     0.883803      58.5612            0      1276.09    -0.268782       133762            0    0.0355863   -0.0510763   -0.0517296      21.9878      19.2868            0            0      145.754      36.3825
   -0.142769     -0.06489    -0.110459            0  2.65189e-07    -0.268782      1.61386      -785.85            0  -0.00357203   -0.0298649    -0.132227    -0.467276            0     0.283228            0            0      1.97679
    -32916.8      3365.04      2620.38       257688   -0.0446106       133762      -785.85   9.3344e+09 -1.16045e+09      1098.54     -5963.71        27388      -572659       145046     -79358.1 -1.25659e+09       140742       176263
    -19498.7      6301.07      5677.83            0            0            0            0 -1.16045e+09  2.02034e+10            0      2119.28      82914.2  1.04845e+07            0            0            0            0            0
   0.0153304  -0.00484459  -0.00878346    0.0360677            0    0.0355863  -0.00357203      1098.54            0    0.0143234   0.00251303    -0.043461     0.192084    -0.292071   -0.0470403            0            0      1.78468
   -0.104834   -0.0243349    0.0884447            0 -2.55029e-07   -0.0510763   -0.0298649     -5963.71      2119.28   0.00251303      2.00092     0.913703      1.86908       1.8664    -0.603059      3113.97     -1.49026      6.65272
  -0.0188106     -0.33982     -2.10796       2.7062            0   -0.0517296    -0.132227        27388      82914.2    -0.043461     0.913703      136.265      34.1356      -6.4377     -2.34251            0     -44.4297     -27.8208
    -15.4799       38.892      9.77206      666.287            0      21.9878    -0.467276      -572659  1.04845e+07     0.192084      1.86908      34.1356      9751.33            0            0       164113      192.984            0
     14.3399      1.63476      11.9895     -213.661            0      19.2868            0       145046            0    -0.292071       1.8664      -6.4377            0      8826.04            0            0            0            0
    -5.22192    -0.124125     -2.38406     -144.799  0.000183455            0     0.283228     -79358.1            0   -0.0470403    -0.603059     -2.34251            0            0      385.199            0            0            0
    -3931.63      4524.05     -9155.44            0            0            0            0 -1.25659e+09            0            0      3113.97            0       164113            0            0  1.15804e+10            0       213040
     6.49284     -19.6285     -1.30874      1878.88            0      145.754            0       140742            0            0     -1.49026     -44.4297      192.984            0            0            0      41955.5     -234.266
     14.2388      2.39944     -15.8662            0            0      36.3825      1.97679       176263            0      1.78468      6.65272     -27.8208            0            0            0       213040     -234.266      12087.9
