     203.189     -3.50042    -0.876148     -89.9199    -0.250946      0.85838    -0.754071     -115.616     -45947.6       1.0461    -0.711189   -0.0498445     -7.73022      4.66432     -6.85919     -10.1823    -0.729933      3.46365
    -3.50042      26.9865      0.83017        1.791            0      1.73691    -0.269121      8.42017        11801    -0.263735    -0.122371    -0.324596      10.9775     0.441027    -0.171507      9.28702     -2.53402     0.459311
   -0.876148      0.83017       30.702     0.931363   -0.0151061     0.266907    -0.253374      3.52879      5842.59    -0.229319     0.247877      -1.1382      1.53274       1.7101     -1.88336     -10.3248   -0.0925023     -1.68052
    -89.9199        1.791     0.931363      210.353            0     -0.86795     0.143207      42.2969            0    -0.120811    -0.342901      0.10019     0.883672     -2.11803     -5.11137            0      9.18659     -1.19076
   -0.250946            0   -0.0151061            0     0.163731            0     0.019261     -1.90173            0            0   -0.0222425            0            0            0      4.48203            0            0            0
     0.85838      1.73691     0.266907     -0.86795            0      108.238    -0.172665      51.6506            0     0.269342   -0.0525454  -0.00758385     0.987814      0.78237    -0.219944            0      2.90982      1.07544
   -0.754071    -0.269121    -0.253374     0.143207     0.019261    -0.172665      7.84155     -2.45076            0    -0.199721      -0.1763    -0.150122    -0.155879            0     0.468016            0            0     0.442829
    -115.616      8.42017      3.52879      42.2969     -1.90173      51.6506     -2.45076      15671.9 -1.48673e+06      35.7142     -21.1687      18.3537      -110.42      37.2826     -77.1606     -1780.22      12.9841      22.9797
    -45947.6        11801      5842.59            0            0            0            0 -1.48673e+06  1.97782e+10            0      5626.49      42682.7  1.55785e+06            0            0            0            0            0
      1.0461    -0.263735    -0.229319    -0.120811            0     0.269342    -0.199721      35.7142            0      9.03848     0.231399    -0.560949     0.727063     -1.00917     -0.87976            0            0      4.55969
   -0.711189    -0.122371     0.247877    -0.342901   -0.0222425   -0.0525454      -0.1763     -21.1687      5626.49     0.231399      14.3747      1.26197      0.75323     0.684098     -1.14392      9.13319    -0.271552      1.81809
  -0.0498445    -0.324596      -1.1382      0.10019            0  -0.00758385    -0.150122      18.3537      42682.7    -0.560949      1.26197      36.1036      2.71212    -0.448052    -0.893977            0     -1.56707      -1.4668
    -7.73022      10.9775      1.53274     0.883672            0     0.987814    -0.155879      -110.42  1.55785e+06     0.727063      0.75323      2.71212      219.989            0            0      26.6674      1.99798            0
     4.66432     0.441027       1.7101     -2.11803            0      0.78237            0      37.2826            0     -1.00917     0.684098    -0.448052            0      166.603            0            0            0            0
    -6.85919    -0.171507     -1.88336     -5.11137      4.48203    -0.219944     0.468016     -77.1606            0     -0.87976     -1.14392    -0.893977            0            0      212.897            0            0            0
    -10.1823      9.28702     -10.3248            0            0            0            0     -1780.22            0            0      9.13319            0      26.6674            0            0      13851.4            0      23.4639
   -0.729933     -2.53402   -0.0925023      9.18659            0      2.90982            0      12.9841            0            0    -0.271552     -1.56707      1.99798            0            0            0      197.633     -1.63541
     3.46365     0.459311     -1.68052     -1.19076            0      1.07544     0.442829      22.9797            0      4.55969      1.81809      -1.4668            0            0            0      23.4639     -1.63541      125.152
