     82.6877     -1.40907    -0.435177            0 -4.17415e-05      1.45657    -0.360886     -2034.04       -33200      0.12931    -0.302121   -0.0229687     -10.3117      9.12143     -7.65152     -224.806      2.89668       7.7507
    -1.40907      14.3504     0.595999       5.6168            0      2.35334    -0.132117      167.225      8640.85   -0.0329129    -0.054905    -0.334186      20.8657     0.836037    -0.146524      208.243     -7.05151      1.05199
   -0.435177     0.595999      29.7696      3.73583 -3.49411e-06     0.490035    -0.168053      98.0772      5841.97   -0.0445515     0.149345     -1.55135      3.93548      4.58513     -2.10936     -314.629    -0.346067     -5.20368
           0       5.6168      3.73583      5557.56            0      8.13192            0      2399.54            0    0.0458818            0     0.498368      66.9057     -20.4966      -31.983            0       126.33            0
-4.17415e-05            0 -3.49411e-06            0  8.99374e-09            0  3.03972e-06   -0.0125742            0            0  -3.1987e-06            0            0            0   0.00121735            0            0            0
     1.45657      2.35334     0.490035      8.13192            0      373.496     -0.21587       2627.5            0    0.0953974   -0.0404172   -0.0200538      4.65399      3.89442            0            0      20.6579      6.29277
   -0.360886    -0.132117    -0.168053            0  3.03972e-06     -0.21587      3.55747     -42.4898            0    -0.026275   -0.0728302     -0.14078    -0.271425            0     0.361886            0            0     0.938286
    -2034.04      167.225      98.0772      2399.54   -0.0125742       2627.5     -42.4898   1.2333e+07 -4.21478e+07      197.767      -362.33      714.478     -8135.46      1994.31     -2487.79 -1.53452e+06       1330.9      2045.02
      -33200      8640.85      5841.97            0            0            0            0 -4.21478e+07   2.0207e+10            0      3495.84      59460.4  4.10226e+06            0            0            0            0            0
     0.12931   -0.0329129   -0.0445515    0.0458818            0    0.0953974    -0.026275      197.767            0     0.351552    0.0207152    -0.154403     0.372308    -0.540682    -0.200555            0            0      2.82672
   -0.302121    -0.054905     0.149345            0  -3.1987e-06   -0.0404172   -0.0728302      -362.33      3495.84    0.0207152      5.39419        1.076      1.20591      1.14911    -0.850291      171.431     -0.63706      3.48519
  -0.0229687    -0.334186     -1.55135     0.498368            0   -0.0200538     -0.14078      714.478      59460.4    -0.154403        1.076      70.0727      9.57694     -1.72494     -1.44557            0     -8.34645     -6.37818
    -10.3117      20.8657      3.93548      66.9057            0      4.65399    -0.271425     -8135.46  4.10226e+06     0.372308      1.20591      9.57694      1492.58            0            0      2156.25      19.7788            0
     9.12143     0.836037      4.58513     -20.4966            0      3.89442            0      1994.31            0    -0.540682      1.14911     -1.72494            0      1230.51            0            0            0            0
    -7.65152    -0.146524     -2.10936      -31.983   0.00121735            0     0.361886     -2487.79            0    -0.200555    -0.850291     -1.44557            0            0      285.284            0            0            0
    -224.806      208.243     -314.629            0            0            0            0 -1.53452e+06            0            0      171.431            0      2156.25            0            0  1.30609e+07            0       2288.8
     2.89668     -7.05151    -0.346067       126.33            0      20.6579            0       1330.9            0            0     -0.63706     -8.34645      19.7788            0            0            0      2879.26     -19.6203
      7.7507      1.05199     -5.20368            0            0      6.29277     0.938286      2045.02            0      2.82672      3.48519     -6.37818            0            0            0       2288.8     -19.6203      1235.53
