     22912.9     0.319852      5.13268     -52.9192     -5.57373      8.64948            0      1.26448      1038.72            0      2.09305     0.818793    -0.184009       -23605    -0.838777
    0.319852    0.0714112 -0.000695236   -0.0562357    0.0274105    0.0273404    0.0134738   0.00088967     -1.42011  -0.00340395  -0.00504443 -0.000985431   0.00232207     -6.77482   0.00337184
     5.13268 -0.000695236      3.06951     0.288627     0.672406    -0.026849     0.100822  -0.00244161      2.31244    0.0103816    0.0252887    0.0118664   -0.0165948      449.811     0.014748
    -52.9192   -0.0562357     0.288627      58.0813    -0.139701      1.74883     0.015601    0.0917445     -38.8079    0.0136279     0.203689    -0.009932  0.000619742      85.2819    0.0359808
    -5.57373    0.0274105     0.672406    -0.139701      86.6901     -0.14026     -0.14466    -0.150754     0.980012    0.0612188     0.308496   0.00171395   -0.0439116     -1996.53 -0.000437898
     8.64948    0.0273404    -0.026849      1.74883     -0.14026      12.8698    0.0759363   -0.0167866       4.3874   -0.0542068     0.167774   -0.0101318    0.0839897       697.65    0.0184798
           0    0.0134738     0.100822     0.015601     -0.14466    0.0759363      1.20353  -0.00723012     -13.7359    0.0116277    0.0229694  -0.00268512  -0.00634116            0   -0.0415316
     1.26448   0.00088967  -0.00244161    0.0917445    -0.150754   -0.0167866  -0.00723012     0.261781    -0.483467    0.0027744  -0.00677461  -0.00529933   -0.0076317      310.353   -0.0314355
     1038.72     -1.42011      2.31244     -38.8079     0.980012       4.3874     -13.7359    -0.483467      35117.7     0.260263     -4.90798    -0.791774      1.09777     -17287.2     0.798009
           0  -0.00340395    0.0103816    0.0136279    0.0612188   -0.0542068    0.0116277    0.0027744     0.260263     0.422435  -0.00698286   0.00274363   0.00193557            0    0.0101473
     2.09305  -0.00504443    0.0252887     0.203689     0.308496     0.167774    0.0229694  -0.00677461     -4.90798  -0.00698286      1.03904   0.00285893    -0.024739     -10.4873   -0.0490185
    0.818793 -0.000985431    0.0118664    -0.009932   0.00171395   -0.0101318  -0.00268512  -0.00529933    -0.791774   0.00274363   0.00285893     0.141235   0.00808628      83.5779     0.044696
   -0.184009   0.00232207   -0.0165948  0.000619742   -0.0439116    0.0839897  -0.00634116   -0.0076317      1.09777   0.00193557    -0.024739   0.00808628     0.228957      2.73028  -0.00514428
      -23605     -6.77482      449.811      85.2819     -1996.53       697.65            0      310.353     -17287.2            0     -10.4873      83.5779      2.73028  4.10461e+07    -0.556175
   -0.838777   0.00337184     0.014748    0.0359808 -0.000437898    0.0184798   -0.0415316   -0.0314355     0.798009    0.0101473   -0.0490185     0.044696  -0.00514428    -0.556175      2.47578
