     8691.87     0.285189      3.96976     -30.0792      -3.4238      5.38182            0      1.20841      384.912            0      1.69281      0.75283     -0.17764     -5213.53    -0.607212
    0.285189     0.149658  -0.00126387   -0.0751302    0.0395757    0.0399847    0.0232822   0.00199839     -1.23691  -0.00684347  -0.00958944  -0.00212962     0.005269     -3.51672   0.00573736
     3.96976  -0.00126387      4.84034     0.334484     0.842132   -0.0340604     0.151121  -0.00475688      1.74711    0.0181048    0.0417008    0.0222449   -0.0326633      202.554    0.0217678
    -30.0792   -0.0751302     0.334484      49.4661    -0.128582      1.63044    0.0171852     0.131372     -21.5478    0.0174658     0.246841   -0.0136829  0.000896464      28.2199    0.0390285
     -3.4238    0.0395757     0.842132    -0.128582      86.2305    -0.141319     -0.17221    -0.233291     0.588069    0.0847922     0.404026   0.00255181   -0.0686452     -714.051 -0.000513765
     5.38182    0.0399847   -0.0340604      1.63044    -0.141319      13.1346    0.0915669   -0.0263129      2.66671   -0.0760503     0.222567   -0.0152797     0.132995      252.728     0.021943
           0    0.0232822     0.151121    0.0171852     -0.17221    0.0915669      1.71472   -0.0133905     -9.86437    0.0192746    0.0360023   -0.0047845   -0.0118637            0   -0.0582671
     1.20841   0.00199839  -0.00475688     0.131372    -0.233291   -0.0263129   -0.0133905     0.630244    -0.451332   0.00597834   -0.0138033   -0.0122747   -0.0185606      172.683   -0.0573302
     384.912     -1.23691      1.74711     -21.5478     0.588069      2.66671     -9.86437    -0.451332      12712.1     0.217462      -3.8776    -0.711141      1.03524     -3729.42     0.564331
           0  -0.00684347    0.0181048    0.0174658    0.0847922   -0.0760503    0.0192746   0.00597834     0.217462     0.814724   -0.0127342   0.00568795   0.00421328            0    0.0165635
     1.69281  -0.00958944    0.0417008     0.246841     0.404026     0.222567    0.0360023   -0.0138033      -3.8776   -0.0127342      1.79168   0.00560429   -0.0509193     -4.93804   -0.0756574
     0.75283  -0.00212962    0.0222449   -0.0136829   0.00255181   -0.0152797   -0.0047845   -0.0122747    -0.711141   0.00568795   0.00560429     0.314742    0.0189209      44.7394    0.0784245
    -0.17764     0.005269   -0.0326633  0.000896464   -0.0686452     0.132995   -0.0118637   -0.0185606      1.03524   0.00421328   -0.0509193    0.0189209     0.562504       1.5347  -0.00947739
    -5213.53     -3.51672      202.554      28.2199     -714.051      252.728            0      172.683     -3729.42            0     -4.93804      44.7394       1.5347  5.27824e+06     -0.23533
   -0.607212   0.00573736    0.0217678    0.0390285 -0.000513765     0.021943   -0.0582671   -0.0573302     0.564331    0.0165635   -0.0756574    0.0784245  -0.00947739     -0.23533      3.42033
