     1080.97     0.222833      2.28459      -8.9256     -1.20054      1.91269            0      1.09612      45.5183            0      1.07251     0.628442    -0.164683     -202.456    -0.303115
    0.222833     0.734715  -0.00457204     -0.14007    0.0871837    0.0894287    0.0754881    0.0113883    -0.918966   -0.0307258   -0.0381716   -0.0111706    0.0306898    -0.857914    0.0179941
     2.28459  -0.00457204      12.8904     0.459296      1.36645   -0.0560917     0.360849   -0.0199656      0.95607    0.0598697     0.122258    0.0859285    -0.140123      36.3984    0.0502838
     -8.9256     -0.14007     0.459296       35.023    -0.107597      1.38444    0.0211594      0.28433     -6.08003    0.0297803     0.373146   -0.0272561   0.00198316      2.61465    0.0464772
    -1.20054    0.0871837      1.36645    -0.107597      85.2502    -0.141541    -0.250546    -0.596625     0.196072     0.170842     0.721714   0.00600664    -0.179424     -78.1795 -0.000723184
     1.91269    0.0894287   -0.0560917      1.38444    -0.141541      13.3446     0.135323   -0.0683537     0.903428    -0.155444     0.403006   -0.0364674     0.350738      28.0386    0.0320457
           0    0.0754881     0.360849    0.0211594    -0.250546     0.135323      3.67116   -0.0503957     -4.84006    0.0571506    0.0946399   -0.0165702   -0.0456377            0    -0.120683
     1.09612    0.0113883   -0.0199656      0.28433    -0.596625   -0.0683537   -0.0503957      4.16958    -0.389269    0.0311598   -0.0637842   -0.0747335    -0.125496      48.9089    -0.208738
     45.5183    -0.918966      0.95607     -6.08003     0.196072     0.903428     -4.84006    -0.389269      1429.45     0.147766     -2.33602    -0.564437     0.912581     -137.707     0.267875
           0   -0.0307258    0.0598697    0.0297803     0.170842    -0.155444    0.0571506    0.0311598     0.147766      3.34543   -0.0463587    0.0272843    0.0224444            0    0.0475107
     1.07251   -0.0381716     0.122258     0.373146     0.721714     0.403006    0.0946399   -0.0637842     -2.33602   -0.0463587      5.78277    0.0238322    -0.240477    -0.976865    -0.192402
    0.628442   -0.0111706    0.0859285   -0.0272561   0.00600664   -0.0364674   -0.0165702   -0.0747335    -0.564437    0.0272843    0.0238322       1.7635     0.117735      11.6612     0.262776
   -0.164683    0.0306898    -0.140123   0.00198316    -0.179424     0.350738   -0.0456377    -0.125496     0.912581    0.0224444    -0.240477     0.117735      3.88718      0.44425   -0.0352668
    -202.456    -0.857914      36.3984      2.61465     -78.1795      28.0386            0      48.9089     -137.707            0    -0.976865      11.6612      0.44425      64000.4   -0.0366996
   -0.303115    0.0179941    0.0502838    0.0464772 -0.000723184    0.0320457    -0.120683    -0.208738     0.267875    0.0475107    -0.192402     0.262776   -0.0352668   -0.0366996      6.85344
