     139.727 -3.70805e+06    0.0776946      -1.0782            0      1.49679      22.6214      1017.74    0.0563091  -0.00295505       1088.6       4.5841     0.516268 -1.02205e-06      0.14785   -0.0125103     -1.84453  -0.00588512
-3.70805e+06  6.43031e+14            0            0            0 -9.44482e+06 -1.71167e+07            0      -141076      12570.9 -6.86008e+10  2.89947e+07            0            0  1.90594e+07            0       756686     -12663.3
   0.0776946            0      5.91914    0.0516578      11485.6     0.672745      16.9206     -236.788    0.0271842   -0.0108362      2405.23     -0.82686      5.17554   1.2405e-07   -0.0077992   -0.0626997     0.130059   0.00092734
     -1.0782            0    0.0516578      3.53029      2581.96      1.58423     0.376008     -186.601  -0.00197321    0.0028431            0     0.449516      4.20589            0    0.0207657   -0.0163749    -0.377881  0.000278087
           0            0      11485.6      2581.96   2.3636e+10     -57176.3       145842 -3.45907e+07            0      402.995            0            0      -388169            0     -2292.85      -113787     -22635.3     -8.77629
     1.49679 -9.44482e+06     0.672745      1.58423     -57176.3      1162.42     -71.7336     -1065.06   -0.0182484    -0.272154            0     -13.8063     -222.372  1.39568e-05    -0.233271     0.419026     -7.21669   0.00592015
     22.6214 -1.71167e+07      16.9206     0.376008       145842     -71.7336      8424.79      1088.51      1.75067    -0.187147     -23243.9      20.6766      401.783 -1.10466e-05    -0.630029     -2.14213      7.16352   0.00992305
     1017.74            0     -236.788     -186.601 -3.45907e+07     -1065.06      1088.51  8.28128e+06     -21.1322    -0.578282 -1.32113e+07      2009.57     -3607.82            0     -7.15279      178.114     -583.083      1.94116
   0.0563091      -141076    0.0271842  -0.00197321            0   -0.0182484      1.75067     -21.1322     0.168278  -0.00108297      138.091    -0.725218     0.776062 -1.36088e-07   -0.0017557   0.00682245      0.02339  -0.00028389
 -0.00295505      12570.9   -0.0108362    0.0028431      402.995    -0.272154    -0.187147    -0.578282  -0.00108297    0.0101962     -394.065   -0.0562489     0.132288            0  -0.00135329  -0.00189226   -0.0448253  1.07179e-05
      1088.6 -6.86008e+10      2405.23            0            0            0     -23243.9 -1.32113e+07      138.091     -394.065  1.02398e+10            0            0            0     -2059.29            0     -2604.96      37.5716
      4.5841  2.89947e+07     -0.82686     0.449516            0     -13.8063      20.6766      2009.57    -0.725218   -0.0562489            0      542.185       29.019            0     0.834278    -0.247814     -14.3968   -0.0218656
    0.516268            0      5.17554      4.20589      -388169     -222.372      401.783     -3607.82     0.776062     0.132288            0       29.019      16330.7            0     0.431128      1.65577     -36.3104  -0.00923897
-1.02205e-06            0   1.2405e-07            0            0  1.39568e-05 -1.10466e-05            0 -1.36088e-07            0            0            0            0  4.80284e-10            0  1.96835e-07 -7.70415e-06  3.25178e-07
     0.14785  1.90594e+07   -0.0077992    0.0207657     -2292.85    -0.233271    -0.630029     -7.15279   -0.0017557  -0.00135329     -2059.29     0.834278     0.431128            0     0.639475    0.0167674   0.00496426 -0.000719212
  -0.0125103            0   -0.0626997   -0.0163749      -113787     0.419026     -2.14213      178.114   0.00682245  -0.00189226            0    -0.247814      1.65577  1.96835e-07    0.0167674     0.609687    0.0542801 -4.82662e-05
    -1.84453       756686     0.130059    -0.377881     -22635.3     -7.21669      7.16352     -583.083      0.02339   -0.0448253     -2604.96     -14.3968     -36.3104 -7.70415e-06   0.00496426    0.0542801      416.556   0.00374695
 -0.00588512     -12663.3   0.00092734  0.000278087     -8.77629   0.00592015   0.00992305      1.94116  -0.00028389  1.07179e-05      37.5716   -0.0218656  -0.00923897  3.25178e-07 -0.000719212 -4.82662e-05   0.00374695  0.000342535
