     281.182 -6.22508e+08    0.0861088     -1.07485            0      3.23717      16.9524      8108.38    0.0468062  -0.00140457            0      12.5141      1.81841 -1.42113e-06     0.147013   -0.0115019      -3.4127  -0.00153549
-6.22508e+08  2.10132e+19            0            0            0 -2.60023e+09 -1.65003e+09            0 -1.55173e+07       763688  -5.8041e+13  1.00898e+10            0            0  1.91885e+09            0  1.79742e+08      -422552
   0.0861088            0      3.59097    0.0282753       8946.6     0.798029      7.07111     -1035.81    0.0129193  -0.00283497      8829.88     -1.23981      10.0034  9.59111e-08  -0.00131988   -0.0316488     0.132179  0.000134097
    -1.07485            0    0.0282753      1.74343       1813.7      1.69542      0.14212     -736.367 -0.000846126  0.000671172            0     0.608177      7.33368            0   0.00810505  -0.00745954    -0.346328   3.5876e-05
           0            0       8946.6       1813.7  2.36348e+10     -87093.4      78278.5 -1.94241e+08            0      135.379            0            0      -962882            0        -1273     -73745.3     -29516.4     -1.74548
     3.23717 -2.60023e+09     0.798029      1.69542     -87093.4      2695.81     -58.6064     -9108.65   -0.0169564     -0.13921            0     -40.4784     -840.246   2.0995e-05    -0.197206      0.41358     -14.3325   0.00164425
     16.9524 -1.65003e+09      7.07111      0.14212      78278.5     -58.6064      2425.36      3281.25     0.573123   -0.0337272       -58548      21.3593      534.941 -5.85242e-06    -0.187741    -0.744875      5.00974   0.00101338
     8108.38            0     -1035.81     -736.367 -1.94241e+08     -9108.65      3281.25  2.61197e+08     -72.4215     -1.09032 -3.48931e+08      21722.9     -50279.8            0     -22.1618      648.388     -4271.24       2.0073
   0.0468062 -1.55173e+07    0.0129193 -0.000846126            0   -0.0169564     0.573123     -72.4215    0.0626519  -0.00022195      395.522     -0.85194      1.17498 -8.20092e-08 -0.000597524   0.00269803    0.0186132 -3.19017e-05
 -0.00140457       763688  -0.00283497  0.000671172      135.379     -0.13921   -0.0337272     -1.09032  -0.00022195   0.00115033     -622.024   -0.0363756     0.110245            0 -0.000253369 -0.000411997   -0.0196369  6.22592e-07
           0  -5.8041e+13      8829.88            0            0            0       -58548 -3.48931e+08      395.522     -622.024  2.26535e+11            0            0            0     -5381.11            0     -16006.8      32.5802
     12.5141  1.00898e+10     -1.23981     0.608177            0     -40.4784      21.3593      21722.9     -0.85194   -0.0363756            0      2009.65      138.622            0     0.894601    -0.309219     -36.1475  -0.00779201
     1.81841            0      10.0034      7.33368      -962882     -840.246      534.941     -50279.8      1.17498     0.110245            0      138.622       100537            0     0.594572      2.66205     -117.488  -0.00413193
-1.42113e-06            0  9.59111e-08            0            0   2.0995e-05 -5.85242e-06            0 -8.20092e-08            0            0            0            0  4.68509e-10            0  1.25989e-07 -9.92377e-06  5.91137e-08
    0.147013  1.91885e+09  -0.00131988   0.00810505        -1273    -0.197206    -0.187741     -22.1618 -0.000597524 -0.000253369     -5381.11     0.894601     0.594572            0     0.198269   0.00604136   0.00375577 -7.39992e-05
  -0.0115019            0   -0.0316488  -0.00745954     -73745.3      0.41358    -0.744875      648.388   0.00269803 -0.000411997            0    -0.309219      2.66205  1.25989e-07   0.00604136     0.256104    0.0458833 -5.23277e-06
     -3.4127  1.79742e+08     0.132179    -0.346328     -29516.4     -14.3325      5.00974     -4271.24    0.0186132   -0.0196369     -16006.8     -36.1475     -117.488 -9.92377e-06   0.00375577    0.0458833      708.501  0.000880258
 -0.00153549      -422552  0.000134097   3.5876e-05     -1.74548   0.00164425   0.00101338       2.0073 -3.19017e-05  6.22592e-07      32.5802  -0.00779201  -0.00413193  5.91137e-08 -7.39992e-05 -5.23277e-06  0.000880258  1.16126e-05
