  9.4076e+20 -1.04165e+10 -4.69643e+09            0            0 -2.14515e+09 -8.19296e+09
-1.04165e+10       6.2923    -0.985506 -1.55291e+07     -800.873     0.756202     0.957029
-4.69643e+09    -0.985506      6.15536  8.11122e+06      552.894   -0.0244128     0.154802
           0 -1.55291e+07  8.11122e+06  8.19052e+14            0 -1.89915e+06       536916
           0     -800.873      552.894            0  3.18188e+07     -484.757      676.448
-2.14515e+09     0.756202   -0.0244128 -1.89915e+06     -484.757      6.91089     0.168126
-8.19296e+09     0.957029     0.154802       536916      676.448     0.168126      5.49486
