  1.1975e+16 -3.79181e+07 -1.14932e+07            0            0 -9.71075e+06  -3.2111e+07
-3.79181e+07      6.63238      -1.5472      -387902     -59.9975        1.062      1.59026
-1.14932e+07      -1.5472      5.64413       228291       44.342    -0.193335    -0.145614
           0      -387902       228291  4.87585e+11            0     -69059.3     -38128.9
           0     -59.9975       44.342            0       166373      -37.552       38.374
-9.71075e+06        1.062    -0.193335     -69059.3      -37.552       6.5199     0.335955
 -3.2111e+07      1.59026    -0.145614     -38128.9       38.374     0.335955      5.14809
