1.51278e+06           0     25286.2           0    -83.2312           0    -259.237           0           0     665.702           0
          0     1229.65    -41.1088           0    -2.64394      2.4023    -7.07504           0      1.4534     21.0636           0
    25286.2    -41.1088     8047.77           0           0    -1.66509    -21.8166           0     1.35915     85.1549           0
          0           0           0     12692.6           0           0     -13.455           0     1.51611     58.9034           0
   -83.2312    -2.64394           0           0     124.982    -1.94971     3.03175     239.232    0.234162    -10.3234           0
          0      2.4023    -1.66509           0    -1.94971     67.8254     1.03923     705.062   -0.589491    -2.84769           0
   -259.237    -7.07504    -21.8166     -13.455     3.03175     1.03923     14.2905       -5417    -1.58277   -0.102006     41075.6
          0           0           0           0     239.232     705.062       -5417 1.85862e+07           0    -2778.95 -1.7621e+08
          0      1.4534     1.35915     1.51611    0.234162   -0.589491    -1.58277           0     238.971      9.9354           0
    665.702     21.0636     85.1549     58.9034    -10.3234    -2.84769   -0.102006    -2778.95      9.9354      63.949     -123965
          0           0           0           0           0           0     41075.6 -1.7621e+08           0     -123965 1.16244e+10
