   129.35   2.54923   19.6981  0.136298   4.79325   1.99545
  2.54923   19.4325    3.4163   1.32065  -2.73173   1.06804
  19.6981    3.4163   551.349  -1.29519   3.82577   1.77729
 0.136298   1.32065  -1.29519   6.37436  -1.51813 -0.347843
  4.79325  -2.73173   3.82577  -1.51813   8.03503   1.87328
  1.99545   1.06804   1.77729 -0.347843   1.87328    5.7907
