   76.1267    1.53736    9.66356 -0.0574296    3.69601    1.66249
   1.53736    18.8396    1.80969    1.53384    -3.2966   0.690911
   9.66356    1.80969    225.338  -0.941968    2.48065    1.23551
-0.0574296    1.53384  -0.941968    6.21227   -1.73664   -0.49185
   3.69601    -3.2966    2.48065   -1.73664    7.98959    2.12872
   1.66249   0.690911    1.23551   -0.49185    2.12872    5.68839
