 1.33117e-08 -0.000119973  -0.00653039 -0.000142114   7.0075e-06  4.48096e-09 -4.75154e-06  2.66935e-07 -5.75033e-05  4.71909e-06 -5.41396e-05 -6.07842e-07 -6.76834e-07  4.35078e-06  -7.6967e-10
-0.000119973       31.798       -11813      9.69597      1.84365  0.000135879     0.732998    0.0185424     -2.17876     -21.3782      10.2029    0.0274808     -3.19549    0.0346844  2.09978e-05
 -0.00653039       -11813  5.61424e+08      81782.7      14888.9    -0.377765      288.314      29.9196         6959     -2621.67     -7535.54     -110.325     -5536.59      126.281    0.0168662
-0.000142114      9.69597      81782.7      4609.95      23.9974   0.00235005      4.88868    0.0425862     -2.11147     -32.5871      -12.075      5.14616     -11.8659    -0.612121 -0.000423828
  7.0075e-06      1.84365      14888.9      23.9974      49.0794  0.000723398    -0.904562    0.0328392       5.3449       8.4031       3.7274     0.102735    -0.117834   -0.0181887 -0.000163206
 4.48096e-09  0.000135879    -0.377765   0.00235005  0.000723398  1.48212e-06  -8.5479e-05 -2.36852e-06  5.36681e-05 -0.000150582  2.57536e-05  9.18044e-06  0.000480854   3.5307e-06 -1.52882e-08
-4.75154e-06     0.732998      288.314      4.88868    -0.904562  -8.5479e-05      18.4247  -0.00617767     0.843552     -3.77921    -0.433351   -0.0204999   -0.0817448    0.0877767  2.41233e-05
 2.66935e-07    0.0185424      29.9196    0.0425862    0.0328392 -2.36852e-06  -0.00617767   0.00412432    0.0240608   -0.0110844   0.00202405  9.36741e-05    0.0189673    0.0185272  1.41568e-07
-5.75033e-05     -2.17876         6959     -2.11147       5.3449  5.36681e-05     0.843552    0.0240608      42.9978      12.9325     -2.69015  0.000221014      2.79372     0.220567 -0.000101541
 4.71909e-06     -21.3782     -2621.67     -32.5871       8.4031 -0.000150582     -3.77921   -0.0110844      12.9325      100.961      14.3136      0.21596      2.85296     -1.33571 -2.54344e-05
-5.41396e-05      10.2029     -7535.54      -12.075       3.7274  2.57536e-05    -0.433351   0.00202405     -2.69015      14.3136      14.8304     0.104788     -2.15127    -0.433318  3.37001e-06
-6.07842e-07    0.0274808     -110.325      5.14616     0.102735  9.18044e-06   -0.0204999  9.36741e-05  0.000221014      0.21596     0.104788     0.120232  -0.00847931  -0.00664213  1.94284e-06
-6.76834e-07     -3.19549     -5536.59     -11.8659    -0.117834  0.000480854   -0.0817448    0.0189673      2.79372      2.85296     -2.15127  -0.00847931      88.7715   -0.0971674  8.42248e-05
 4.35078e-06    0.0346844      126.281    -0.612121   -0.0181887   3.5307e-06    0.0877767    0.0185272     0.220567     -1.33571    -0.433318  -0.00664213   -0.0971674     0.699128 -5.22172e-07
 -7.6967e-10  2.09978e-05    0.0168662 -0.000423828 -0.000163206 -1.52882e-08  2.41233e-05  1.41568e-07 -0.000101541 -2.54344e-05  3.37001e-06  1.94284e-06  8.42248e-05 -5.22172e-07  5.96458e-08
