 1.54184e-06   -0.0012605 -0.000524916  8.94026e-05 -7.43701e-06  2.90324e-06 -9.04391e-05  2.44742e-05  -0.00063284  6.40566e-05 -0.000562165 -7.02547e-05 -1.29566e-05  8.56574e-05 -1.78212e-07
  -0.0012605      31.9507      -88.929       3.1271      3.54672   0.00841402       1.3369     0.166808     -1.83511     -22.0801      10.6784     0.274389     -2.73594    0.0752672  0.000396345
-0.000524916      -88.929      33181.3      145.841      111.512    -0.164531     -3.20692      2.01292      55.6979     -12.8902     -55.4155      -7.4935     -36.1689      1.91592   0.00305161
 8.94026e-05       3.1271      145.841      79.9391      17.1303    0.0328601      2.08888      0.16991     0.632236     -31.0599     -10.9017      4.34976    -0.699584     0.945247  -0.00226443
-7.43701e-06      3.54672      111.512      17.1303      50.9821    0.0411974      -1.6213     0.299707      8.05754      11.4712      6.32225     0.956513    -0.180089   -0.0947237  -0.00364775
 2.90324e-06   0.00841402    -0.164531    0.0328601    0.0411974   0.00507569  -0.00880534  -0.00120516   0.00413655  -0.00762053   0.00242932   0.00470213    0.0239947  0.000439369  -1.8698e-05
-9.04391e-05       1.3369     -3.20692      2.08888      -1.6213  -0.00880534       56.345   -0.0929124      1.39054      -6.6125    -0.762495    -0.330188    -0.114813     0.305539  0.000897272
 2.44742e-05     0.166808      2.01292      0.16991     0.299707  -0.00120516   -0.0929124     0.314646     0.219105   -0.0786913    0.0257836   0.00709889     0.140199     0.318599  3.09975e-05
 -0.00063284     -1.83511      55.6979     0.632236      8.05754   0.00413655      1.39054     0.219105      43.5833      15.6772     -2.92227    0.0829061      2.42932     0.414917  -0.00225601
 6.40566e-05     -22.0801     -12.8902     -31.0599      11.4712  -0.00762053      -6.6125   -0.0786913      15.6772      102.361      13.1565      1.93471       2.5957     -2.59872 -0.000663843
-0.000562165      10.6784     -55.4155     -10.9017      6.32225   0.00242932    -0.762495    0.0257836     -2.92227      13.1565      15.3362     0.959684     -1.89057    -0.846347   1.3826e-06
-7.02547e-05     0.274389      -7.4935      4.34976     0.956513   0.00470213    -0.330188   0.00709889    0.0829061      1.93471     0.959684      9.19312   -0.0542092    -0.115342  0.000377176
-1.29566e-05     -2.73594     -36.1689    -0.699584    -0.180089    0.0239947    -0.114813     0.140199      2.42932       2.5957     -1.89057   -0.0542092      64.2307    -0.163526   0.00152836
 8.56574e-05    0.0752672      1.91592     0.945247   -0.0947237  0.000439369     0.305539     0.318599     0.414917     -2.59872    -0.846347    -0.115342    -0.163526       2.7126 -1.35024e-05
-1.78212e-07  0.000396345   0.00305161  -0.00226443  -0.00364775  -1.8698e-05  0.000897272  3.09975e-05  -0.00225601 -0.000663843   1.3826e-06  0.000377176   0.00152836 -1.35024e-05  2.95679e-05
