 0.000201288   -0.0143649  -0.00411509    0.0023602 -0.000769147  0.000143889  -0.00116011  0.000612134  -0.00756408 -3.88313e-05  -0.00651599  -0.00758199 -5.43674e-05   0.00121896 -1.03955e-05
  -0.0143649      32.7504     -18.8495      3.14191      4.31782    0.0366929      4.05212     0.365645     -1.56923     -22.8791      11.1163       7.1287     -3.06477     0.106033   0.00189213
 -0.00411509     -18.8495      1581.22      21.4644      19.7622    -0.193832     -133.458     0.963573      12.9962      2.74765     -9.54428     -11.3815     -7.93713    -0.381494     0.015312
   0.0023602      3.14191      21.4644      38.3582      17.3304     0.115016    -0.995574     0.374996      1.54746     -32.5466     -11.9428     -4.44133   -0.0793675      1.50151   -0.0110665
-0.000769147      4.31782      19.7622      17.3304      52.9604     0.176625     -4.09802     0.658968      9.45479      12.6274      7.67151      3.62701    -0.334093    -0.144737   -0.0209567
 0.000143889    0.0366929    -0.193832     0.115016     0.176625    0.0923262   -0.0393925   -0.0110652     0.020493   -0.0302064    0.0127162      0.07248     0.101479   0.00239623 -0.000490315
 -0.00116011      4.05212     -133.458    -0.995574     -4.09802   -0.0393925      85.6937     -0.25338      1.39302     -7.17395     0.592843    -0.538929     0.444408     0.464266   0.00515283
 0.000612134     0.365645     0.963573     0.374996     0.658968   -0.0110652     -0.25338      1.44907     0.481601    -0.161694    0.0591702    0.0453362     0.281064     0.867709  0.000317192
 -0.00756408     -1.56923      12.9962      1.54746      9.45479     0.020493      1.39302     0.481601      44.9242      17.6717     -3.26101      3.94652      2.65467     0.516462   -0.0124154
-3.88313e-05     -22.8791      2.74765     -32.5466      12.6274   -0.0302064     -7.17395    -0.161694      17.6717        105.2      12.8193      17.4565      2.79442     -3.31227  -0.00367963
 -0.00651599      11.1163     -9.54428     -11.9428      7.67151    0.0127162     0.592843    0.0591702     -3.26101      12.8193      16.1633      13.0845     -2.14187     -1.08697 -0.000229243
 -0.00758199       7.1287     -11.3815     -4.44133      3.62701      0.07248    -0.538929    0.0453362      3.94652      17.4565      13.0845      64.3351    -0.681999     -1.15806   0.00659979
-5.43674e-05     -3.06477     -7.93713   -0.0793675    -0.334093     0.101479     0.444408     0.281064      2.65467      2.79442     -2.14187    -0.681999      61.2387    -0.186714   0.00825413
  0.00121896     0.106033    -0.381494      1.50151    -0.144737   0.00239623     0.464266     0.867709     0.516462     -3.31227     -1.08697     -1.15806    -0.186714      4.35864 -0.000109145
-1.03955e-05   0.00189213     0.015312   -0.0110665   -0.0209567 -0.000490315   0.00515283  0.000317192   -0.0124154  -0.00367963 -0.000229243   0.00659979   0.00825413 -0.000109145  0.000872725
