 6.75077e-08 -0.000268267 -0.000612859 -3.29402e-05  5.11254e-06  1.35819e-07 -1.50573e-05   2.4268e-06 -0.000130561  1.15684e-05 -0.000120859 -5.51683e-06 -1.75981e-06  1.49206e-05 -7.96635e-09
-0.000268267      31.8996     -492.512      3.76425       2.9296   0.00188187      1.04025    0.0773452     -2.04303     -21.7714      10.4809     0.115384     -2.89208    0.0567687  8.82767e-05
-0.000612859     -492.512  1.00202e+06      1155.89      619.102    -0.207552      17.0599      5.18025      301.713     -87.5397     -310.379     -19.0101     -210.416      8.29769   0.00340175
-3.29402e-05      3.76425      1155.89      284.894      17.1548    0.0104789      2.41972    0.0863611    -0.044259     -29.1779     -10.2458      4.85594     -2.25608     0.423012 -0.000648415
 5.11254e-06       2.9296      619.102      17.1548      50.2046   0.00944545     -1.27689     0.138277      6.99206      10.3248      5.24776     0.439951    -0.156954   -0.0563797  -0.00074566
 1.35819e-07   0.00188187    -0.207552    0.0104789   0.00944545  0.000270878  -0.00163748 -0.000129685   0.00084804  -0.00186643  0.000437623  0.000504055   0.00586474  8.15142e-05 -8.95051e-07
-1.50573e-05      1.04025      17.0599      2.41972     -1.27689  -0.00163748      36.2552   -0.0354809      1.12596     -5.31481    -0.606062     -0.11825    -0.101782     0.191825   0.00014948
  2.4268e-06    0.0773452      5.18025    0.0863611     0.138277 -0.000129685   -0.0354809    0.0691817     0.100912   -0.0402989    0.0105669   0.00157796     0.069723     0.117833  2.85184e-06
-0.000130561     -2.04303      301.713    -0.044259      6.99206   0.00084804      1.12596     0.100912       43.283      14.4669     -2.77412   0.00867835      2.53994     0.333733 -0.000462161
 1.15684e-05     -21.7714     -87.5397     -29.1779      10.3248  -0.00186643     -5.31481   -0.0402989      14.4669      101.729      13.6994     0.889592      2.66499     -2.06074 -0.000127655
-0.000120859      10.4809     -310.379     -10.2458      5.24776  0.000437623    -0.606062    0.0105669     -2.77412      13.6994      15.0998     0.434946     -1.97098    -0.669776  7.61712e-06
-5.51683e-06     0.115384     -19.0101      4.85594     0.439951  0.000504055     -0.11825   0.00157796   0.00867835     0.889592     0.434946      2.01707   -0.0310891   -0.0423627  3.62906e-05
-1.75981e-06     -2.89208     -210.416     -2.25608    -0.156954   0.00586474    -0.101782     0.069723      2.53994      2.66499     -1.97098   -0.0310891      71.8816     -0.13608  0.000336388
 1.49206e-05    0.0567687      8.29769     0.423012   -0.0563797  8.15142e-05     0.191825     0.117833     0.333733     -2.06074    -0.669776   -0.0423627     -0.13608      1.68717 -2.74861e-06
-7.96635e-09  8.82767e-05   0.00340175 -0.000648415  -0.00074566 -8.95051e-07   0.00014948  2.85184e-06 -0.000462161 -0.000127655  7.61712e-06  3.62906e-05  0.000336388 -2.74861e-06  1.24565e-06
