     28.4032      -2.0558     -3.29239      1.86093      3.89749     -31.1314   -0.0056929     -14.1063      2.14555     -2.08365   -0.0634061  -0.00811735     -18.4729     -3.39671      12986.5
     -2.0558       44.572      15.5149      2.40191     -5.89946      23.4992   -0.0062133      2.74829     -4.15125     -2.20952     -1.12085    -0.354199     -15.6387      2.66461     -26016.2
    -3.29239      15.5149      43.8527      -16.285      15.7359     -6.31637  -0.00959211      7.50073      3.99574     -25.0846   -0.0126214      0.11241     -3.85048      3.39673      18788.8
     1.86093      2.40191      -16.285      28.6364     -10.7025      10.6766  -0.00464996      -3.1014     -3.01017      23.7217     -1.44991    -0.677204     -10.6759    -0.175013     -20115.1
     3.89749     -5.89946      15.7359     -10.7025      28.2281     -23.0977   0.00411486     -4.69991      5.05176     -38.5952      0.73548    0.0835582      5.26513    -0.818177      35407.6
    -31.1314      23.4992     -6.31637      10.6766     -23.0977      117.775    0.0153691       22.686     -12.9528      17.2938    -0.701977    -0.269663      14.4486      2.69854       -57762
  -0.0056929   -0.0062133  -0.00959211  -0.00464996   0.00411486    0.0153691   0.00190863    0.0140815   0.00178563    0.0343543  0.000174007   0.00035657    0.0125856  -0.00466433     -53.1465
    -14.1063      2.74829      7.50073      -3.1014     -4.69991       22.686    0.0140815      496.719      3.69316     -16.4738     0.573786     0.485258      5.12869     0.278201  2.19248e+06
     2.14555     -4.15125      3.99574     -3.01017      5.05176     -12.9528   0.00178563      3.69316      109.504     -14.0399     0.416276     0.250472     -2.86922      1.82111       289424
    -2.08365     -2.20952     -25.0846      23.7217     -38.5952      17.2938    0.0343543     -16.4738     -14.0399      11389.2     -4.04065    -0.674397     -6.65878     -8.14859 -3.36845e+06
  -0.0634061     -1.12085   -0.0126214     -1.44991      0.73548    -0.701977  0.000174007     0.573786     0.416276     -4.04065     0.457769     0.124288     0.490626   -0.0949736      6198.58
 -0.00811735    -0.354199      0.11241    -0.677204    0.0835582    -0.269663   0.00035657     0.485258     0.250472    -0.674397     0.124288     0.119358   -0.0723385    0.0190791        -5978
    -18.4729     -15.6387     -3.85048     -10.6759      5.26513      14.4486    0.0125856      5.12869     -2.86922     -6.65878     0.490626   -0.0723385        35.22     0.546125       -40317
    -3.39671      2.66461      3.39673    -0.175013    -0.818177      2.69854  -0.00466433     0.278201      1.82111     -8.14859   -0.0949736    0.0190791     0.546125      37.8015      -708822
     12986.5     -26016.2      18788.8     -20115.1      35407.6       -57762     -53.1465  2.19248e+06       289424 -3.36845e+06      6198.58        -5978       -40317      -708822  1.86984e+12
