   7.22679   -2.79285   -0.47192   0.648667   -0.19124    1.56755   -1.07022    0.69468   -1.62298   -0.33422   -1.35136   -2.14283 -0.0907354   0.275356 -0.0946645
  -2.79285    38.2456   -4.36294     5.9198    7.48761    -10.197    7.17426    3.10587  -0.535341   -29.4073    12.5993    11.6291   -16.0084  -0.100051  0.0370882
  -0.47192   -4.36294    32.5579    10.0542   -8.95295    4.53767    6.94708     2.2317    22.0001    1.27499   -8.99904    7.24596    1.34338    2.85095   -0.15976
  0.648667     5.9198    10.0542    42.5732    18.8529    12.4621    2.98739    2.62031    3.82156   -35.8225   -13.4805   -14.6554   -26.3137    3.56512  -0.675172
  -0.19124    7.48761   -8.95295    18.8529    61.3571    19.0779   -11.6352    5.36075    13.4874    14.4084    11.0351    7.11461   -12.4842   0.580196   -1.16122
   1.56755    -10.197    4.53767    12.4621    19.0779    26.5534   -4.27635    1.10461    3.78941     4.6137   -3.07396   -1.40103   -4.79603    1.10221  -0.991052
  -1.07022    7.17426    6.94708    2.98739   -11.6352   -4.27635    66.2536     1.5833    4.06232    -17.157   -3.21647   -2.47134    3.01627     2.4594   0.118709
   0.69468    3.10587     2.2317    2.62031    5.36075    1.10461     1.5833    71.7735     3.8599  -0.928453  0.0940237   0.692298  -0.390555    11.9504   0.254478
  -1.62298  -0.535341    22.0001    3.82156    13.4874    3.78941    4.06232     3.8599    51.8847    25.7633   -4.60623    5.94011      31.59    1.17144  -0.733936
  -0.33422   -29.4073    1.27499   -35.8225    14.4084     4.6137    -17.157  -0.928453    25.7633    122.322    13.0487    33.1639    24.9555   -5.48147  -0.341788
  -1.35136    12.5993   -8.99904   -13.4805    11.0351   -3.07396   -3.21647  0.0940237   -4.60623    13.0487     19.246    19.5074   -4.31765   -1.88852  -0.118135
  -2.14283    11.6291    7.24596   -14.6554    7.11461   -1.40103   -2.47134   0.692298    5.94011    33.1639    19.5074    38.1786   -10.1775   -3.40641  -0.229253
-0.0907354   -16.0084    1.34338   -26.3137   -12.4842   -4.79603    3.01627  -0.390555      31.59    24.9555   -4.31765   -10.1775    66.0937  0.0979169   0.251612
  0.275356  -0.100051    2.85095    3.56512   0.580196    1.10221     2.4594    11.9504    1.17144   -5.48147   -1.88852   -3.40641  0.0979169    15.6089  0.0734512
-0.0946645  0.0370882   -0.15976  -0.675172   -1.16122  -0.991052   0.118709   0.254478  -0.733936  -0.341788  -0.118135  -0.229253   0.251612  0.0734512    1.67182
