     28.4106     -2.08696     -3.37072      1.09157      3.76155     -31.2761  -0.00259893     -18.0335      2.19949     -4.17923   -0.0266818   0.00117485     -18.4026     -3.33912      23209.9
    -2.08696      44.6415      15.3918      2.32595     -5.83155      23.8657  -0.00279156       3.4998     -4.25049     -4.28763    -0.568457    -0.119128     -15.3563      2.60868     -53655.4
    -3.37072      15.3918      44.0025     -12.5067      15.9824     -6.68091  -0.00419394      9.54271      4.06958     -45.3996    0.0172277    0.0424975     -2.48064      3.30494        39258
     1.09157      2.32595     -12.5067      31.6914     -7.73916      8.69805  -0.00286476      -4.3543     -3.17476       37.195    -0.866296    -0.284548     -8.96095     0.232548     -68573.3
     3.76155     -5.83155      15.9824     -7.73916      28.0862     -23.0311   0.00191505     -5.98227      5.07091     -67.4497     0.370004       0.0263      5.64016    -0.797413      71001.5
    -31.2761      23.8657     -6.68091      8.69805     -23.0311      117.885   0.00692844      28.9813     -13.1618      31.1909     -0.37193   -0.0970234      13.6657      2.67668      -112002
 -0.00259893  -0.00279156  -0.00419394  -0.00286476   0.00191505   0.00692844  0.000398425   0.00819426  0.000821724     0.027087   4.2351e-05  5.48686e-05   0.00575379  -0.00209267      -48.685
    -18.0335       3.4998      9.54271      -4.3543     -5.98227      28.9813   0.00819426      812.568      4.79766     -36.9053     0.374229     0.208162      6.69881     0.351991  5.51347e+06
     2.19949     -4.25049      4.06958     -3.17476      5.07091     -13.1618  0.000821724      4.79766      112.608     -25.1828     0.214711    0.0860037      -2.7674      1.81504       579469
    -4.17923     -4.28763     -45.3996       37.195     -67.4497      31.1909     0.027087     -36.9053     -25.1828      34736.9     -3.50202    -0.395736     -12.7476     -14.1328 -1.15297e+07
  -0.0266818    -0.568457    0.0172277    -0.866296     0.370004     -0.37193   4.2351e-05     0.374229     0.214711     -3.50202     0.118441     0.021204     0.273038   -0.0474005      6669.51
  0.00117485    -0.119128    0.0424975    -0.284548       0.0263   -0.0970234  5.48686e-05     0.208162    0.0860037    -0.395736     0.021204    0.0137335   -0.0175057    0.0060957     -4025.98
    -18.4026     -15.3563     -2.48064     -8.96095      5.64016      13.6657   0.00575379      6.69881      -2.7674     -12.7476     0.273038   -0.0175057      35.2724      0.55191     -75702.5
    -3.33912      2.60868      3.30494     0.232548    -0.797413      2.67668  -0.00209267     0.351991      1.81504     -14.1328   -0.0474005    0.0060957      0.55191      36.4774 -1.36898e+06
     23209.9     -53655.4        39258     -68573.3      71001.5      -112002      -48.685  5.51347e+06       579469 -1.15297e+07      6669.51     -4025.98     -75702.5 -1.36898e+06  7.21946e+12
