 2.08384e-08 -0.000149844  -0.00189106 -7.74856e-05    6.258e-06   1.7538e-08  -6.9591e-06  6.39219e-07 -7.20969e-05  6.05216e-06 -6.76212e-05 -1.45497e-06 -8.49894e-07  6.64508e-06 -1.50483e-09
-0.000149844      31.8368     -2726.32      5.82864      2.32545  0.000433257     0.860077    0.0358463     -2.14217     -21.5325      10.3112    0.0536822     -3.05289    0.0434667  3.16791e-05
 -0.00189106     -2726.32  3.02713e+07      10840.8      3434.49    -0.269214      78.1197      13.3272      1634.89     -557.262     -1731.76     -49.1346     -1224.32      35.9918   0.00617612
-7.74856e-05      5.82864      10840.8      1243.83      19.1344   0.00416805      3.34079    0.0551942     -0.90436     -29.3054     -10.3586      5.04695     -5.69163   -0.0950289 -0.000375973
   6.258e-06      2.32545      3434.49      19.1344      49.5341   0.00222187     -1.06149    0.0636804      6.05687      9.24868       4.3563     0.202027    -0.136534   -0.0318167 -0.000255038
  1.7538e-08  0.000433257    -0.269214   0.00416805   0.00222187  1.48377e-05 -0.000319284 -1.42309e-05  0.000178515 -0.000458847  8.69022e-05  5.55117e-05   0.00145009  1.47534e-05 -7.36843e-08
 -6.9591e-06     0.860077      78.1197      3.34079     -1.06149 -0.000319284      25.1924   -0.0138557     0.966775     -4.42353    -0.506673   -0.0460349   -0.0909299     0.125816  4.35231e-05
 6.39219e-07    0.0358463      13.3272    0.0551942    0.0636804 -1.42309e-05   -0.0138557    0.0151765    0.0466262   -0.0204554   0.00425205  0.000345061    0.0346429    0.0435614  4.29248e-07
-7.20969e-05     -2.14217      1634.89     -0.90436      6.05687  0.000178515     0.966775    0.0466262       43.093      13.5484     -2.70588   0.00218005      2.66852      0.26739 -0.000158741
 6.05216e-06     -21.5325     -557.262     -29.3054      9.24868 -0.000458847     -4.42353   -0.0204554      13.5484      101.244      14.0895     0.414797      2.75774     -1.63238 -4.18461e-05
-6.76212e-05      10.3112     -1731.76     -10.3586       4.3563  8.69022e-05    -0.506673   0.00425205     -2.70588      14.0895       14.936     0.202423     -2.06381    -0.530186  4.10234e-06
-1.45497e-06    0.0536822     -49.1346      5.04695     0.202027  5.55117e-05   -0.0460349  0.000345061   0.00218005     0.414797     0.202423     0.443225   -0.0154998   -0.0156334   5.8275e-06
-8.49894e-07     -3.05289     -1224.32     -5.69163    -0.136534   0.00145009   -0.0909299    0.0346429      2.66852      2.75774     -2.06381   -0.0154998      80.4952    -0.113415  0.000124139
 6.64508e-06    0.0434667      35.9918   -0.0950289   -0.0318167  1.47534e-05     0.125816    0.0435614      0.26739     -1.63238    -0.530186   -0.0156334    -0.113415       1.0503 -9.40199e-07
-1.50483e-09  3.16791e-05   0.00617612 -0.000375973 -0.000255038 -7.36843e-08  4.35231e-05  4.29248e-07 -0.000158741 -4.18461e-05  4.10234e-06   5.8275e-06  0.000124139 -9.40199e-07  1.45082e-07
