      73.625  -0.00119429      1.19139  -0.00531408     -9245.06     -1.46045      -7.6224     -1.65467      1886.39     -0.52799    -0.124976     -4.56024            0     0.384091        -2.89
 -0.00119429   0.00205512    0.0340524    0.0001148      98.3786  -0.00223055   -0.0591096   -0.0222605     -2.23539   -0.0121433 -0.000410828   -0.0128724    -0.276534   -0.0011463  -0.00726782
     1.19139    0.0340524      569.934   0.00503913            0     -22.7247            0      3.88899            0     0.144618    -0.116757      13.6629     -29.6688     0.890097     -1.96574
 -0.00531408    0.0001148   0.00503913  0.000498645      162.392  -0.00724104   -0.0065328  -0.00486738     0.862813   0.00557761   0.00163531  -0.00684339     -0.12885  5.09686e-05 -0.000784154
    -9245.06      98.3786            0      162.392  2.97857e+10      22289.3       786583      -199159            0      8037.52       293176      32655.3 -1.50004e+06     -3039.86      26703.6
    -1.46045  -0.00223055     -22.7247  -0.00724104      22289.3      45.2491        10.81     -2.02246      407.056    -0.312759     0.196261      3.27644     -10.7754    0.0279993     0.562746
     -7.6224   -0.0591096            0   -0.0065328       786583        10.81      1503.93      7.08539     -2294.37      3.12259      8.06936     0.713942            0     -1.11756     -2.22849
    -1.65467   -0.0222605      3.88899  -0.00486738      -199159     -2.02246      7.08539      71.3084      783.369      1.04794      -2.1373    -0.218065      317.376     0.144337    -0.152244
     1886.39     -2.23539            0     0.862813            0      407.056     -2294.37      783.369  3.42583e+07      238.467     -303.177     -626.925            0     -74.0645     -1021.22
    -0.52799   -0.0121433     0.144618   0.00557761      8037.52    -0.312759      3.12259      1.04794      238.467      32.6879     0.070171      2.36576      25.8344    0.0658135     0.120137
   -0.124976 -0.000410828    -0.116757   0.00163531       293176     0.196261      8.06936      -2.1373     -303.177     0.070171      3.54261      0.55322      -15.775    -0.115146     0.109652
    -4.56024   -0.0128724      13.6629  -0.00684339      32655.3      3.27644     0.713942    -0.218065     -626.925      2.36576      0.55322      264.738     -38.7291   -0.0209955    -0.600834
           0    -0.276534     -29.6688     -0.12885 -1.50004e+06     -10.7754            0      317.376            0      25.8344      -15.775     -38.7291      73139.1     -1.73057     -6.50103
    0.384091   -0.0011463     0.890097  5.09686e-05     -3039.86    0.0279993     -1.11756     0.144337     -74.0645    0.0658135    -0.115146   -0.0209955     -1.73057      3.29583     0.275801
       -2.89  -0.00726782     -1.96574 -0.000784154      26703.6     0.562746     -2.22849    -0.152244     -1021.22     0.120137     0.109652    -0.600834     -6.50103     0.275801      24.1439
