     10.4193 -0.000973238    0.0349619       140362     0.264048      38.4829      1.30874        2.637    0.0278968      14755.5   0.00349908     -2.40309   -0.0461089    -0.313783      2443.19
-0.000973238  0.000164405 -0.000952923            0 -0.000706002    0.0856928   0.00255247   -0.0387705 -0.000162817            0   0.00142387 -0.000168273   -0.0012805  1.92442e-05      102.756
   0.0349619 -0.000952923      17.2934       385397    -0.421307     -37.4637     0.626643      14.1739   -0.0057214      16033.8       1.3716      10.4782     0.378182    0.0696574     -18680.2
      140362            0       385397  6.12122e+12            0 -1.81157e+07            0            0            0            0            0            0      24786.5            0            0
    0.264048 -0.000706002    -0.421307            0      11.7728     -130.762     0.841808    -0.503472      0.00756            0     -2.19831     -68.0405    -0.262139    0.0264489      11395.1
     38.4829    0.0856928     -37.4637 -1.81157e+07     -130.762       141351      -51.685      126.799    -0.147446            0      7.41008            0     0.562396      9.93084            0
     1.30874   0.00255247     0.626643            0     0.841808      -51.685      111.377      24.4296   -0.0195671            0     -5.31018     -1.85612     -3.94251    -0.478519       270581
       2.637   -0.0387705      14.1739            0    -0.503472      126.799      24.4296      10050.7      0.14263      -175831      53.7661      81.4605      1.11492     -2.08523            0
   0.0278968 -0.000162817   -0.0057214            0      0.00756    -0.147446   -0.0195671      0.14263     0.035181      544.323    -0.115466    -0.221471    0.0255408  -0.00247463     -2135.57
     14755.5            0      16033.8            0            0            0            0      -175831      544.323  5.64893e+10      38052.3      -165047      3525.61      850.858            0
  0.00349908   0.00142387       1.3716            0     -2.19831      7.41008     -5.31018      53.7661    -0.115466      38052.3      304.665     -3.89023      4.71005     0.288788      -389013
    -2.40309 -0.000168273      10.4782            0     -68.0405            0     -1.85612      81.4605    -0.221471      -165047     -3.89023      2587.27      1.39202      1.27012     -73878.1
  -0.0461089   -0.0012805     0.378182      24786.5    -0.262139     0.562396     -3.94251      1.11492    0.0255408      3525.61      4.71005      1.39202      6.45948     0.250819      -498277
   -0.313783  1.92442e-05    0.0696574            0    0.0264489      9.93084    -0.478519     -2.08523  -0.00247463      850.858     0.288788      1.27012     0.250819      1.98518     -10878.8
     2443.19      102.756     -18680.2            0      11395.1            0       270581            0     -2135.57            0      -389013     -73878.1      -498277     -10878.8  4.15546e+10
