    54.8796  -0.0456542    0.502324   -0.286794    -8060.77    -1.23558    -1.83228    -1.24765     6.49831   -0.310265   -0.226815    -1.87666           0     1.31797     -3.4452
 -0.0456542      3.8309    0.709391    0.307334     4087.93  -0.0952567   -0.796047   -0.838239   -0.385052   -0.413182  -0.0387898   -0.259335   -0.423789   -0.245564   -0.432114
   0.502324    0.709391     132.718    0.152218           0    -10.7471   0.0887109      1.6509           0   0.0572219   -0.119565     3.04203   -0.506771     1.71228    -1.30614
  -0.286794    0.307334    0.152218     1.96578     8828.69   -0.435518  -0.0661941   -0.273822    0.216768    0.276201    0.183466   -0.199278   -0.286608   0.0127889  -0.0753873
   -8060.77     4087.93           0     8828.69 2.96573e+10     21988.6      247581     -173416           0     5693.75      619922     15120.2    -52832.2    -12064.4     36493.5
   -1.23558  -0.0952567    -10.7471   -0.435518     21988.6     43.4765     3.33893    -1.74098     1.58843   -0.339041    0.404964     1.49314     -0.3782    0.101811    0.759941
   -1.83228   -0.796047   0.0887109  -0.0661941      247581     3.33893     149.508     1.95146    -2.91735    0.724597      5.4196     0.12149           0    -1.40084   -0.973534
   -1.24765   -0.838239      1.6509   -0.273822     -173416    -1.74098     1.95146     54.3153     2.72019    0.718156    -3.95327  -0.0946657     9.80922    0.501314   -0.182853
    6.49831   -0.385052           0    0.216768           0     1.58843    -2.91735     2.72019     542.556    0.745674    -2.55766    -1.15186           0     -1.1747      -5.596
  -0.310265   -0.413182   0.0572219    0.276201     5693.75   -0.339041    0.724597    0.718156    0.745674     20.2889    0.103348    0.861915    0.719878    0.206396    0.130164
  -0.226815  -0.0387898   -0.119565    0.183466      619922    0.404964      5.4196    -3.95327    -2.55766    0.103348     15.9145    0.543304    -1.18383   -0.971868    0.320302
   -1.87666   -0.259335     3.04203   -0.199278     15120.2     1.49314     0.12149  -0.0946657    -1.15186    0.861915    0.543304     56.4706   -0.639992  -0.0345007   -0.382283
          0   -0.423789   -0.506771   -0.286608    -52832.2     -0.3782           0     9.80922           0    0.719878    -1.18383   -0.639992     91.7067   -0.244514   -0.316265
    1.31797   -0.245564     1.71228   0.0127889    -12064.4    0.101811    -1.40084    0.501314     -1.1747    0.206396   -0.971868  -0.0345007   -0.244514     52.3685     1.51341
    -3.4452   -0.432114    -1.30614  -0.0753873     36493.5    0.759941   -0.973534   -0.182853      -5.596    0.130164    0.320302   -0.382283   -0.316265     1.51341     45.7717
