    65.3231 -0.00508426    0.837764  -0.0260083    -8708.24    -1.37584    -4.48896    -1.47738     193.541   -0.448905   -0.159106    -3.16298           0    0.630082    -3.09482
-0.00508426   0.0420002    0.114926  0.00269698     444.723  -0.0100844   -0.167068  -0.0953734    -1.10051  -0.0495492 -0.00251005  -0.0428504   -0.327215  -0.0090274  -0.0373533
   0.837764    0.114926     317.629   0.0195508           0    -16.9672           0     2.75197           0   0.0974506   -0.117807     7.51067    -5.79791     1.15725    -1.66837
 -0.0260083  0.00269698   0.0195508   0.0134644     843.845  -0.0376332  -0.0212048  -0.0239749    0.488353   0.0261616   0.0114846  -0.0261865   -0.175265 0.000461461  -0.0046322
   -8708.24     444.723           0     843.845 2.97857e+10     22292.6      491788     -188782           0     7254.88      396247     24045.9     -392667    -5294.17       30359
   -1.37584  -0.0100844    -16.9672  -0.0376332     22292.6     45.2624     6.75965    -1.91736     44.3415   -0.282352    0.265299     2.41298    -2.82112   0.0487678    0.639872
   -4.48896   -0.167068           0  -0.0212048      491788     6.75965      587.89     4.19911    -156.245     1.76221     6.81884    0.328688           0    -1.21688    -1.58402
   -1.47738  -0.0953734     2.75197  -0.0239749     -188782    -1.91736     4.19911     64.0709     80.8807    0.896614    -2.73819   -0.152207      78.751    0.238277   -0.164066
    193.541    -1.10051           0    0.488353           0     44.3415    -156.245     80.8807      406449     23.4424    -44.6323    -50.2798           0    -14.0498    -126.465
  -0.448905  -0.0495492   0.0974506   0.0261616     7254.88   -0.282352     1.76221    0.896614     23.4424     26.6321   0.0856052     1.57241      6.1042    0.103459    0.123283
  -0.159106 -0.00251005   -0.117807   0.0114846      396247    0.265299     6.81884    -2.73819    -44.6323   0.0856052      6.4714    0.550583    -5.58122   -0.271039    0.168488
   -3.16298  -0.0428504     7.51067  -0.0261865     24045.9     2.41298    0.328688   -0.152207    -50.2798     1.57241    0.550583     143.546     -7.4653  -0.0269276   -0.502992
          0   -0.327215    -5.79791   -0.175265     -392667    -2.82112           0      78.751           0      6.1042    -5.58122     -7.4653     5011.81   -0.788956    -1.93474
   0.630082  -0.0090274     1.15725 0.000461461    -5294.17   0.0487678    -1.21688    0.238277    -14.0498    0.103459   -0.271039  -0.0269276   -0.788956     9.99654    0.546079
   -3.09482  -0.0373533    -1.66837  -0.0046322       30359    0.639872    -1.58402   -0.164066    -126.465    0.123283    0.168488   -0.502992    -1.93474    0.546079     31.2063
