   3.416e+10            0      16117.4   3.7161e+07  3.28947e+06 -8.71713e+08            0     -13699.2     -142.615            0      -224995      1490.77            0  2.53761e+06      76.5272       552496  3.56347e+09
           0  1.91258e+10     -4921.56            0            0            0 -8.40943e+09     -2597.34      121.751            0     -19604.6            0            0      8411.83      -31.119  9.13581e+06 -4.28626e+08
     16117.4     -4921.56      16.2721     -560.449      99.1164      3149.76     -36566.7    -0.256772    0.0062291      64.6107     0.313692     0.039262     -9810.85     0.837123  0.000541565     -0.08838      45476.6
  3.7161e+07            0     -560.449  2.64361e+07     -83595.8  1.18983e+07            0      265.287     0.116843            0     -2897.43     -100.204            0     -1727.94      2.91001     -1723.26 -7.64631e+07
 3.28947e+06            0      99.1164     -83595.8  1.30061e+06       202588            0     -52.9564     0.841495      9087.64     -143.884     0.838569 -4.55082e+06      314.335    -0.146148            0 -4.85407e+07
-8.71713e+08            0      3149.76  1.18983e+07       202588  1.31142e+09            0      911.787     -10.2695            0     -3933.82     -31.0101            0     -90496.9      7.34561      -109165  2.66429e+09
           0 -8.40943e+09     -36566.7            0            0            0  1.54376e+11      5648.08            0            0      16594.6     -19806.1            0       148038      84.4083 -3.54681e+06  1.53931e+10
    -13699.2     -2597.34    -0.256772      265.287     -52.9564      911.787      5648.08      9.40483   0.00475119     -17.3317      0.16888   -0.0845898      2497.83     -1.80389 -0.000440896    -0.641792       -22830
    -142.615      121.751    0.0062291     0.116843     0.841495     -10.2695            0   0.00475119   0.00489942     0.222288    0.0382219   0.00484272     -10176.3    0.0323245 -9.51407e-07     0.126729      959.481
           0            0      64.6107            0      9087.64            0            0     -17.3317     0.222288       556383      189.611     -18.7564            0     -174.555   -0.0681951      657.735  4.40129e+06
     -224995     -19604.6     0.313692     -2897.43     -143.884     -3933.82      16594.6      0.16888    0.0382219      189.611      265.637    -0.236737      1565.74      365.533   0.00152765     -14.8446       479966
     1490.77            0     0.039262     -100.204     0.838569     -31.0101     -19806.1   -0.0845898   0.00484272     -18.7564    -0.236737      1.68917     -8793.73    -0.154337  0.000421092     -2.21551      -113860
           0            0     -9810.85            0 -4.55082e+06            0            0      2497.83     -10176.3            0      1565.74     -8793.73  3.17613e+10     -56282.2      33.8287            0  2.52529e+09
 2.53761e+06      8411.83     0.837123     -1727.94      314.335     -90496.9       148038     -1.80389    0.0323245     -174.555      365.533    -0.154337     -56282.2      796.137   0.00451249      29.5027  1.07553e+06
     76.5272      -31.119  0.000541565      2.91001    -0.146148      7.34561      84.4083 -0.000440896 -9.51407e-07   -0.0681951   0.00152765  0.000421092      33.8287   0.00451249  4.62481e-05  0.000691397      151.718
      552496  9.13581e+06     -0.08838     -1723.26            0      -109165 -3.54681e+06    -0.641792     0.126729      657.735     -14.8446     -2.21551            0      29.5027  0.000691397      6339.74 -1.84068e+06
 3.56347e+09 -4.28626e+08      45476.6 -7.64631e+07 -4.85407e+07  2.66429e+09  1.53931e+10       -22830      959.481  4.40129e+06       479966      -113860  2.52529e+09  1.07553e+06      151.718 -1.84068e+06  6.94527e+10
