   4.84997    2.70976    -1.8623  0.0935731   0.361435    27.5976
   2.70976     5.7783   -1.48386  -0.552759   0.289891    11.3929
   -1.8623   -1.48386    3.28369   0.197232 -0.0307068   -3.24426
 0.0935731  -0.552759   0.197232    235.449   -1.49213          0
  0.361435   0.289891 -0.0307068   -1.49213    8.45249    9.18545
   27.5976    11.3929   -3.24426          0    9.18545    5112.88
