 1.68333e-06   1.2602e-05 -8.85777e-05  5.13793e-06  0.000655388  -0.00487151  8.62825e-05   -7.155e-05 -0.000429891  0.000494946  -0.00069074 -0.000576103   1.1375e-09   -0.0006906  4.11512e-06      12.3013
  1.2602e-05      24.3191     -2.05437    0.0361395      1.34075       2.4623      1.07555   -0.0131038     -1.10955      6.10677      1.74919    -0.270734 -6.50563e-06       2.0866     0.194712      16821.5
-8.85777e-05     -2.05437      22.7991      1.95612     -7.62797      1.42285      15.4768     0.235254      4.75103      2.46202     -3.31722      9.64394 -9.73276e-06      3.83237    -0.897798      14725.3
 5.13793e-06    0.0361395      1.95612      2.39022     -2.26932       1.4279      1.93647   -0.0666509     -1.24056     0.770676      1.73185     0.853838 -1.72187e-08      3.01526    -0.466964      9063.45
 0.000655388      1.34075     -7.62797     -2.26932      42.3567     -7.33132      4.46383    -0.252438     -0.18411      2.53238     -15.1146      2.12199  3.95355e-06     -18.7622     0.304862     -64968.1
 -0.00487151       2.4623      1.42285       1.4279     -7.33132      2173.89     -28.6532    0.0236139      14.7865      4.76113     0.420485      10.9094 -2.28023e-05     -14.1982     -3.22042     -33982.4
 8.62825e-05      1.07555      15.4768      1.93647      4.46383     -28.6532      34.7431     0.199118     -3.88868      3.22968      6.43803      7.66919 -7.34771e-06    -0.464778     -1.59072     -2772.37
  -7.155e-05   -0.0131038     0.235254   -0.0666509    -0.252438    0.0236139     0.199118     0.727735     0.204963    -0.213002     0.327065     0.210759  3.40237e-07     0.619936    0.0773518      3074.14
-0.000429891     -1.10955      4.75103     -1.24056     -0.18411      14.7865     -3.88868     0.204963      16.1584     -7.92291     -11.4089      2.18925 -3.92392e-07     -5.97744     0.840528       -20419
 0.000494946      6.10677      2.46202     0.770676      2.53238      4.76113      3.22968    -0.213002     -7.92291       466.02     -3.97401      2.09705  2.13381e-05     -6.56517      3.50224     -35983.9
 -0.00069074      1.74919     -3.31722      1.73185     -15.1146     0.420485      6.43803     0.327065     -11.4089     -3.97401      34.0479      2.08232 -2.42986e-06      7.35358     -1.18464      11823.4
-0.000576103    -0.270734      9.64394     0.853838      2.12199      10.9094      7.66919     0.210759      2.18925      2.09705      2.08232      18.3956   1.6086e-07     -3.70011    0.0975971     -28189.1
  1.1375e-09 -6.50563e-06 -9.73276e-06 -1.72187e-08  3.95355e-06 -2.28023e-05 -7.34771e-06  3.40237e-07 -3.92392e-07  2.13381e-05 -2.42986e-06   1.6086e-07  7.56361e-10 -1.15276e-05 -2.56622e-06      -0.1037
  -0.0006906       2.0866      3.83237      3.01526     -18.7622     -14.1982    -0.464778     0.619936     -5.97744     -6.56517      7.35358     -3.70011 -1.15276e-05      2125.39            0  8.54431e+06
 4.11512e-06     0.194712    -0.897798    -0.466964     0.304862     -3.22042     -1.59072    0.0773518     0.840528      3.50224     -1.18464    0.0975971 -2.56622e-06            0      23.3234     -414.766
     12.3013      16821.5      14725.3      9063.45     -64968.1     -33982.4     -2772.37      3074.14       -20419     -35983.9      11823.4     -28189.1      -0.1037  8.54431e+06     -414.766  3.62061e+10
