   16.4986   0.298857   -3.07144  -0.460203   0.442141    1.83014    3.80587   -1.08573  0.0285976   0.418366    1.71196   0.392175    1.59994    2.82069   -1.47132
  0.298857    24.4439    1.21418   0.490547 0.00484356  -0.350609 -0.0780502   0.340297   0.533004   -2.19988    1.16942   0.941596   0.716029   -1.38429  -0.518656
  -3.07144    1.21418    28.7424   -7.58308    1.34625    -0.4062   -24.0521   -6.51873   -1.25817    5.44623   -1.87508   -5.87566   -2.86093    2.61357   -10.2222
 -0.460203   0.490547   -7.58308    33.0631  -0.899899   -5.92711    19.8252     30.085    2.10473     3.1579    4.01208   -0.45957   -15.6606    12.3046    22.2811
  0.442141 0.00484356    1.34625  -0.899899    9.61953   0.945479  -0.586626   -1.20473   0.113401   0.868125  0.0590172  -0.592677  0.0687262    1.58869  -0.945999
   1.83014  -0.350609    -0.4062   -5.92711   0.945479    40.3195     21.776   -1.14087   0.463743   -11.3037   0.504566   -3.09763    26.3687    6.14285   -12.5123
   3.80587 -0.0780502   -24.0521    19.8252  -0.586626     21.776    51.2687    15.7091    3.20623   -9.71549    11.6921    3.35018    11.3865    19.2445    3.18665
  -1.08573   0.340297   -6.51873     30.085   -1.20473   -1.14087    15.7091    40.8015    1.69472   -0.35174    5.45848    -5.8783   -14.0639    1.14525    23.2886
 0.0285976   0.533004   -1.25817    2.10473   0.113401   0.463743    3.20623    1.69472    29.9991   -0.32907    1.15516  -0.280169  -0.187414    1.76737   0.780433
  0.418366   -2.19988    5.44623     3.1579   0.868125   -11.3037   -9.71549   -0.35174   -0.32907    28.4578   -5.41163   -1.58208   -17.4973    25.9014    4.12551
   1.71196    1.16942   -1.87508    4.01208  0.0590172   0.504566    11.6921    5.45848    1.15516   -5.41163    19.6755  -0.198787   0.828759    6.53698   -8.47739
  0.392175   0.941596   -5.87566   -0.45957  -0.592677   -3.09763    3.35018    -5.8783  -0.280169   -1.58208  -0.198787    21.1902    2.39694  -0.687678    1.87436
   1.59994   0.716029   -2.86093   -15.6606  0.0687262    26.3687    11.3865   -14.0639  -0.187414   -17.4973   0.828759    2.39694    28.8214   -9.39038   -16.3993
   2.82069   -1.38429    2.61357    12.3046    1.58869    6.14285    19.2445    1.14525    1.76737    25.9014    6.53698  -0.687678   -9.39038    53.6031   -5.75907
  -1.47132  -0.518656   -10.2222    22.2811  -0.945999   -12.5123    3.18665    23.2886   0.780433    4.12551   -8.47739    1.87436   -16.3993   -5.75907    29.3344
