 2.86075e-07   5.6535e-06 -4.60057e-05  1.26672e-06  0.000265893   -0.0027734  3.53213e-05 -2.49351e-05 -0.000180285  0.000279658  -0.00028931  -0.00024465  4.15814e-10 -0.000412909  1.60726e-06      5.18157
  5.6535e-06      23.1737     -2.00681    0.0220026      1.31432      3.26985      1.04625   -0.0107932     -1.09246      7.80325      1.71254    -0.141073 -5.52213e-06      3.30439      0.19721      16422.6
-4.60057e-05     -2.00681       23.002      1.23282     -7.43402      2.48427      15.5405     0.199815      4.83556      3.32742     -3.21312      8.49566 -8.37694e-06       6.0028    -0.919333      13843.4
 1.26672e-06    0.0220026      1.23282     0.948741     -1.43734      1.24359      1.21236    -0.035431     -0.77632     0.622179      1.07789     0.481408 -2.93298e-09      3.08443    -0.304925      5718.12
 0.000265893      1.31432     -7.43402     -1.43734      42.4088     -9.77051      4.43335    -0.209843   -0.0158916      3.27436     -14.5334       1.8173  3.46691e-06     -30.5557     0.323139     -65518.3
  -0.0027734      3.26985      2.48427      1.24359     -9.77051      4040.74     -38.9137      0.02714      20.2071      8.51118      1.22192      14.7533  -2.7049e-05     -31.3965     -4.55823     -46085.6
 3.53213e-05      1.04625      15.5405      1.21236      4.43335     -38.9137      34.7938     0.169945      -3.9283      4.21097      6.68653      6.26203  -6.4367e-06    -0.687954     -1.66038     -2764.93
-2.49351e-05   -0.0107932     0.199815    -0.035431    -0.209843      0.02714     0.169945      0.51703      0.17225    -0.235429      0.27971     0.156131   2.4937e-07     0.847737    0.0676765      2592.38
-0.000180285     -1.09246      4.83556     -0.77632   -0.0158916      20.2071      -3.9283      0.17225      16.1916     -10.3128      -11.424      1.83764  -3.3771e-07     -9.78415     0.878378     -20594.4
 0.000279658      7.80325      3.32742     0.622179      3.27436      8.51118      4.21097    -0.235429     -10.3128      800.966      -5.2179      3.07265  2.43308e-05     -13.9387      4.76869     -47217.7
 -0.00028931      1.71254     -3.21312      1.07789     -14.5334      1.22192      6.68653      0.27971      -11.424      -5.2179      34.0104      2.54799 -2.06507e-06       11.381     -1.21916      10116.4
 -0.00024465    -0.141073      8.49566     0.481408       1.8173      14.7533      6.26203     0.156131      1.83764      3.07265      2.54799      18.1228  1.09891e-06     -5.69755     0.225686     -28015.8
 4.15814e-10 -5.52213e-06 -8.37694e-06 -2.93298e-09  3.46691e-06  -2.7049e-05  -6.4367e-06   2.4937e-07  -3.3771e-07  2.43308e-05 -2.06507e-06  1.09891e-06  5.71951e-10 -1.62667e-05 -2.31715e-06    -0.090168
-0.000412909      3.30439       6.0028      3.08443     -30.5557     -31.3965    -0.687954     0.847737     -9.78415     -13.9387       11.381     -5.69755 -1.62667e-05      5590.85            0  1.38613e+07
 1.60726e-06      0.19721    -0.919333    -0.304925     0.323139     -4.55823     -1.66038    0.0676765     0.878378      4.76869     -1.21916     0.225686 -2.31715e-06            0      25.1291     -428.851
     5.18157      16422.6      13843.4      5718.12     -65518.3     -46085.6     -2764.93      2592.38     -20594.4     -47217.7      10116.4     -28015.8    -0.090168  1.38613e+07     -428.851  3.62247e+10
