    18.0058  0.00482715    -3.13646   -0.570428   0.0271488     1.90542    0.562093    -1.04515   0.0435226    0.493664     1.40382   0.0415859    0.164855      2.7078    -1.52175
 0.00482715   0.0116308   0.0302589   0.0106113 7.57738e-05 -0.00243408  -0.0251078  0.00788985   0.0235351  -0.0466585   0.0188449  0.00681034   0.0299947  -0.0280168  -0.0088838
   -3.13646   0.0302589     25.0068    -5.11152   0.0614508    -3.92191    -4.15042    -4.65348    -2.06229     2.40941     1.53424    -1.23416    -1.62981     1.50307    -8.58976
  -0.570428   0.0106113    -5.11152     29.7664  -0.0393225    -4.07078     6.62759     27.5758     4.23312     1.08213     2.74268   -0.163017     -7.8027     11.8104     19.5935
  0.0271488 7.57738e-05   0.0614508  -0.0393225   0.0290073   0.0434053  0.00418338  -0.0532456    0.011526   0.0322064   0.0137593  -0.0142388  -0.0435354   0.0730719  -0.0459332
    1.90542 -0.00243408    -3.92191    -4.07078   0.0434053      36.743      2.5372    -1.74423     1.10331    -12.9386      1.1312    0.140487     15.1014     4.54853    -11.1038
   0.562093  -0.0251078    -4.15042     6.62759  0.00418338      2.5372     79.7327     7.09494    0.648924     3.25136    -1.24903   -0.423935     1.74053     6.36251     6.05652
   -1.04515  0.00788985    -4.65348     27.5758  -0.0532456    -1.74423     7.09494     37.8905     3.42988   -0.885902     5.04568   -0.216013    -7.81329     2.18132     19.9289
  0.0435226   0.0235351    -2.06229     4.23312    0.011526     1.10331    0.648924     3.42988     120.927   -0.618393     1.84355     -0.3883   -0.596217     3.93916     1.43008
   0.493664  -0.0466585     2.40941     1.08213   0.0322064    -12.9386     3.25136   -0.885902   -0.618393     25.0996    -2.96619   -0.087202    -9.85659     21.1201      3.6485
    1.40382   0.0188449     1.53424     2.74268   0.0137593      1.1312    -1.24903     5.04568     1.84355    -2.96619     15.4273  -0.0381486    0.269856     8.26001    -8.36119
  0.0415859  0.00681034    -1.23416   -0.163017  -0.0142388    0.140487   -0.423935   -0.216013     -0.3883   -0.087202  -0.0381486     1.44723    0.152979  -0.0797255    0.207196
   0.164855   0.0299947    -1.62981     -7.8027  -0.0435354     15.1014     1.74053    -7.81329   -0.596217    -9.85659    0.269856    0.152979     58.5453     -5.3279    -8.57129
     2.7078  -0.0280168     1.50307     11.8104   0.0730719     4.54853     6.36251     2.18132     3.93916     21.1201     8.26001  -0.0797255     -5.3279     49.6337    -6.26788
   -1.52175  -0.0088838    -8.58976     19.5935  -0.0459332    -11.1038     6.05652     19.9289     1.43008      3.6485    -8.36119    0.207196    -8.57129    -6.26788       27.77
