     87.2888  2.06592e-05     -6.77787      -1.8548  0.000236024      3.42426      16.8999     -2.20674   -0.0999083     0.736439      1.84356    0.0140634   -0.0915284      5.73136      1.18123
 2.06592e-05  9.42075e-08  0.000108037  2.42974e-05  1.20812e-09  5.48858e-07 -0.000790204  4.49892e-06  6.22841e-05 -0.000127668  5.25081e-05  2.53739e-06  8.84671e-06 -6.56475e-05  6.59478e-05
    -6.77787  0.000108037      23.1977     -3.71088  0.000225055     -5.47779     -46.1679     -1.89082      -1.7212    0.0890572      2.88341    -0.156645     0.622274      1.09992      4.41537
     -1.8548  2.42974e-05     -3.71088      29.3438 -0.000154936     -3.59493      68.9469      25.1208      4.05104      1.64163      1.21372   -0.0222275     -1.56166      8.46335      -11.812
 0.000236024  1.20812e-09  0.000225055 -0.000154936  4.80507e-07  0.000142702  0.000129054 -0.000202634  4.64509e-05  0.000100577  3.58651e-05 -7.80102e-06 -0.000197733  0.000275026            0
     3.42426  5.48858e-07     -5.47779     -3.59493  0.000142702       34.057       26.796     -2.53237      1.30306     -14.1114      1.03921    0.0215575     0.719516      4.34442     -6.09846
     16.8999 -0.000790204     -46.1679      68.9469  0.000129054       26.796      8186.96      55.8605      3.59791      35.8726       -14.07    -0.606713      16.2869      50.0746      6.85801
    -2.20674  4.49892e-06     -1.89082      25.1208 -0.000202634     -2.53237      55.8605      34.5429      2.85287   0.00806484      5.29161   -0.0388621     -1.41778      1.82939     -10.0296
  -0.0999083  6.22841e-05      -1.7212      4.05104  4.64509e-05      1.30306      3.59791      2.85287      125.809    -0.566256      1.52958   -0.0529742    -0.981795      4.36028      1.87583
    0.736439 -0.000127668    0.0890572      1.64163  0.000100577     -14.1114      35.8726   0.00806484    -0.566256      22.7835     -2.95638  0.000240061     -1.82708      15.4044     -5.54339
     1.84356  5.25081e-05      2.88341      1.21372  3.58651e-05      1.03921       -14.07      5.29161      1.52958     -2.95638      11.5265  -0.00619698      1.24707       8.5743     -1.77353
   0.0140634  2.53739e-06    -0.156645   -0.0222275 -7.80102e-06    0.0215575    -0.606713   -0.0388621   -0.0529742  0.000240061  -0.00619698    0.0259835   -0.0130489  -0.00716659     0.144951
  -0.0915284  8.84671e-06     0.622274     -1.56166 -0.000197733     0.719516      16.2869     -1.41778    -0.981795     -1.82708      1.24707   -0.0130489      30.3993     -0.74284      16.9009
     5.73136 -6.56475e-05      1.09992      8.46335  0.000275026      4.34442      50.0746      1.82939      4.36028      15.4044       8.5743  -0.00716659     -0.74284      46.7992     -17.7526
     1.18123  6.59478e-05      4.41537      -11.812            0     -6.09846      6.85801     -10.0296      1.87583     -5.54339     -1.77353     0.144951      16.9009     -17.7526       363.57
