     29.6502  0.000132808      -3.9394     -1.01981   0.00207336      2.14672      2.76673     -1.36392   -0.0463086     0.423159      1.14977    0.0206919   -0.0371335      3.19508    -0.076783
 0.000132808  8.39115e-06  0.000950366    0.0002217  1.20352e-07  5.93693e-06   -0.0021439  0.000159354  0.000590777  -0.00118745  0.000441288   6.2564e-05  5.94262e-05 -0.000668488  0.000293876
     -3.9394  0.000950366      23.4421     -4.31291    0.0034619     -5.13203     -12.8659     -2.95862     -1.84286     0.829042      2.63163    -0.412383     0.578587      1.07741      1.12649
    -1.01981    0.0002217     -4.31291      29.1213   -0.0022848     -3.57099      19.1333      26.1791      4.08193       1.2214      1.71182   -0.0555421     -1.71668       9.6956     -3.57419
  0.00207336  1.20352e-07    0.0034619   -0.0022848   0.00010724   0.00217352  0.000419505  -0.00287668  0.000714863   0.00162513  0.000400768 -0.000299949  -0.00291842   0.00422248   0.00318787
     2.14672  5.93693e-06     -5.13203     -3.57099   0.00217352      34.4258      7.61255     -2.26534      1.23734     -13.7322      0.89473     0.052442      0.61191       4.0988     -1.08631
     2.76673   -0.0021439     -12.8659      19.1333  0.000419505      7.61255      671.414      17.8201      1.10965      9.92146     -4.69671    -0.452702      4.81617      15.8062      2.42395
    -1.36392  0.000159354     -2.95862      26.1791  -0.00287668     -2.26534      17.8201      35.1827      3.27962    -0.346626      5.44108   -0.0824427     -1.07135      2.31702     -4.14368
  -0.0463086  0.000590777     -1.84286      4.08193  0.000714863      1.23734      1.10965      3.27962      125.793    -0.568788      1.55757    -0.138738     -1.03095      4.32834      1.45825
    0.423159  -0.00118745     0.829042       1.2214   0.00162513     -13.7322      9.92146    -0.346626    -0.568788      23.1677     -2.78188  -0.00930584     -1.98437      17.4142    -0.922977
     1.14977  0.000441288      2.63163      1.71182  0.000400768      0.89473     -4.69671      5.44108      1.55757     -2.78188      12.1405   -0.0286106      0.98438       8.7361       2.5134
   0.0206919   6.2564e-05    -0.412383   -0.0555421 -0.000299949     0.052442    -0.452702   -0.0824427    -0.138738  -0.00930584   -0.0286106      0.17688   -0.0355481   -0.0185229     0.146701
  -0.0371335  5.94262e-05     0.578587     -1.71668  -0.00291842      0.61191      4.81617     -1.07135     -1.03095     -1.98437      0.98438   -0.0355481      32.1579    -0.810554      6.15846
     3.19508 -0.000668488      1.07741       9.6956   0.00422248       4.0988      15.8062      2.31702      4.32834      17.4142       8.7361   -0.0185229    -0.810554      47.1646     -3.56141
   -0.076783  0.000293876      1.12649     -3.57419   0.00318787     -1.08631      2.42395     -4.14368      1.45825    -0.922977       2.5134     0.146701      6.15846     -3.56141      76.3555
