    16.6987   0.0390991    -3.02305   -0.546047    0.103677     1.85439     2.83101   -0.999839   0.0449165    0.475111     1.52195   0.0530684      1.4219     2.68303    -1.43615
  0.0390991    0.557741    0.199591    0.086082  0.00212414  -0.0442084  -0.0930667   0.0469469    0.123139   -0.324876    0.164576   0.0845915    0.114088   -0.189566   -0.072569
   -3.02305    0.199591     26.5391    -5.97872     0.26064    -2.71187    -18.3207    -5.69391    -1.77625     3.59038    0.264776    -2.29365     -3.2895     1.90389    -9.46715
  -0.546047    0.086082    -5.97872     31.3757   -0.184061    -5.12852     17.1201     28.7142     3.29295     2.15601     3.44215   -0.229669    -13.9609     12.3649     20.9787
   0.103677  0.00212414     0.26064   -0.184061    0.462406     0.19953  -0.0562903   -0.225424   0.0348206    0.136664    0.048216   -0.102662   0.0488273    0.309195   -0.211054
    1.85439  -0.0442084    -2.71187    -5.12852     0.19953     38.5786     19.8359    -1.02885    0.796671    -12.3677    0.823597    0.142309     25.2032     5.16094    -11.5942
    2.83101  -0.0930667    -18.3207     17.1201  -0.0562903     19.8359     68.2033     14.0225     4.91343    -8.40218     8.03603     1.01256     11.0116     18.0255      2.0526
  -0.999839   0.0469469    -5.69391     28.7142   -0.225424    -1.02885     14.0225     39.6478     2.69112   -0.726804     5.41322   -0.315652    -13.1791     1.86761     21.6639
  0.0449165    0.123139    -1.77625     3.29295   0.0348206    0.796671     4.91343     2.69112     72.7185   -0.507263     1.55151   -0.512386   -0.305677     2.93502     1.17091
   0.475111   -0.324876     3.59038     2.15601    0.136664    -12.3677    -8.40218   -0.726804   -0.507263     26.6923    -3.69528    -0.24263    -16.0065     23.3689      3.6774
    1.52195    0.164576    0.264776     3.44215    0.048216    0.823597     8.03603     5.41322     1.55151    -3.69528      17.258 -0.00361599   0.0942969      7.7217     -8.2236
  0.0530684   0.0845915    -2.29365   -0.229669   -0.102662    0.142309     1.01256   -0.315652   -0.512386    -0.24263 -0.00361599     4.39027    0.616752    -0.15578     0.40697
     1.4219    0.114088     -3.2895    -13.9609   0.0488273     25.2032     11.0116    -13.1791   -0.305677    -16.0065   0.0942969    0.616752      27.476     -8.4688    -14.7864
    2.68303   -0.189566     1.90389     12.3649    0.309195     5.16094     18.0255     1.86761     2.93502     23.3689      7.7217    -0.15578     -8.4688     51.6328    -5.92088
   -1.43615   -0.072569    -9.46715     20.9787   -0.211054    -11.5942      2.0526     21.6639     1.17091      3.6774     -8.2236     0.40697    -14.7864    -5.92088     28.6143
