     21.0509  0.000849002     -3.33619    -0.701919   0.00714111      2.01928       1.0964      -1.1396    0.0509832     0.550304      1.38613    0.0262207    0.0192492      2.94734     -1.64582
 0.000849002   0.00027371   0.00512339   0.00161169  3.02495e-06 -7.90453e-05  -0.00672379  0.000962098   0.00373187  -0.00648388   0.00315264  0.000639801  0.000729471  -0.00293173  -0.00064154
    -3.33619   0.00512339      24.3005     -4.65301    0.0145734     -4.69169     -7.01085     -3.97413      -1.9756       1.4899      2.55211     -0.71565     0.506819      1.16016     -7.62248
   -0.701919   0.00161169     -4.65301       29.632  -0.00934601     -3.91541      10.8324      27.6377      4.27897     0.882651      1.98382   -0.0944516     -2.37652      11.1591      18.3331
  0.00714111  3.02495e-06    0.0145734  -0.00934601   0.00176098   0.00978898    0.0011689   -0.0127285    0.0029134   0.00728352   0.00298461  -0.00204156   -0.0126602    0.0176563      -0.0104
     2.01928 -7.90453e-05     -4.69169     -3.91541   0.00978898       36.036      4.10615      -2.6158      1.16461     -13.6481       1.2757    0.0948404      1.55607      4.28229     -9.96439
      1.0964  -0.00672379     -7.01085      10.8324    0.0011689      4.10615      215.733      11.1089     0.921033       5.3931     -2.15656    -0.429578      3.33521      10.0277      10.2612
     -1.1396  0.000962098     -3.97413      27.6377   -0.0127285      -2.6158      11.1089      37.6847      3.47041    -0.665044      4.63798    -0.132965     -1.72618      2.37579      17.5354
   0.0509832   0.00373187      -1.9756      4.27897    0.0029134      1.16461     0.921033      3.47041      129.574    -0.613067      1.69496    -0.236019    -0.799894      4.14763      1.38138
    0.550304  -0.00648388       1.4899     0.882651   0.00728352     -13.6481       5.3931    -0.665044    -0.613067      24.2966     -2.58248   -0.0310621     -2.52997      19.4018       3.9005
     1.38613   0.00315264      2.55211      1.98382   0.00298461       1.2757     -2.15656      4.63798      1.69496     -2.58248      14.1686   -0.0426112       1.5772      8.92495     -8.41031
   0.0262207  0.000639801     -0.71565   -0.0944516  -0.00204156    0.0948404    -0.429578    -0.132965    -0.236019   -0.0310621   -0.0426112     0.499846   -0.0554323   -0.0376034     0.128344
   0.0192492  0.000729471     0.506819     -2.37652   -0.0126602      1.55607      3.33521     -1.72618    -0.799894     -2.52997       1.5772   -0.0554323      43.3509     -1.19793    -0.834989
     2.94734  -0.00293173      1.16016      11.1591    0.0176563      4.28229      10.0277      2.37579      4.14763      19.4018      8.92495   -0.0376034     -1.19793      48.8241     -6.57296
    -1.64582  -0.00064154     -7.62248      18.3331      -0.0104     -9.96439      10.2612      17.5354      1.38138       3.9005     -8.41031     0.128344    -0.834989     -6.57296      26.6934
