     49.8662  3.94753e-05     -5.13499     -1.32017  0.000659326      2.58365      6.83612     -1.71488    -0.075429     0.600028      1.42589     0.017177   -0.0705352      4.24624    0.0657911
 3.94753e-05  4.51825e-07  0.000228587  5.80318e-05  8.33499e-09  4.11399e-06 -0.000916288  1.82754e-05  0.000136195 -0.000276514  0.000119932  8.94131e-06  1.89724e-05 -0.000147147  8.81673e-05
    -5.13499  0.000228587      23.2247     -3.94224  0.000834582     -5.33732     -24.4924     -2.34785     -1.75741     0.396093      2.84455    -0.253449     0.612774      1.09563      2.95659
    -1.32017  5.80318e-05     -3.94224      29.1713  -0.00055807     -3.56361      36.6828       25.596      4.09053      1.47224      1.41807   -0.0335116     -1.55985      9.02924     -7.52066
 0.000659326  8.33499e-09  0.000834582  -0.00055807  6.48846e-06  0.000541282  0.000212591 -0.000752533  0.000165752  0.000381709  0.000138076 -4.60821e-05 -0.000729045   0.00101123            0
     2.58365  4.11399e-06     -5.33732     -3.56361  0.000541282      34.2123      14.4375     -2.59871       1.2936     -13.9176      1.11782    0.0344014     0.733173      4.18713     -3.99104
     6.83612 -0.000916288     -24.4924      36.6828  0.000212591      14.4375      2345.51       31.073      1.92036      19.0523     -7.78146     -0.52466      8.89883      27.6494      2.32361
    -1.71488  1.82754e-05     -2.34785       25.596 -0.000752533     -2.59871       31.073       34.846      2.96361      -0.1457      5.03297   -0.0613152     -1.48734      2.00004     -6.55983
   -0.075429  0.000136195     -1.75741      4.09053  0.000165752       1.2936      1.92036      2.96361      125.389    -0.534738      1.60706   -0.0854466     -1.00072      4.32578      1.18221
    0.600028 -0.000276514     0.396093      1.47224  0.000381709     -13.9176      19.0523      -0.1457    -0.534738      22.8366     -2.85404  -0.00074103     -1.83919       16.237     -3.46095
     1.42589  0.000119932      2.84455      1.41807  0.000138076      1.11782     -7.78146      5.03297      1.60706     -2.85404      11.8472   -0.0115675      1.28601      8.71052     -1.21077
    0.017177  8.94131e-06    -0.253449   -0.0335116 -4.60821e-05    0.0344014     -0.52466   -0.0613152   -0.0854466  -0.00074103   -0.0115675    0.0678255   -0.0215219    -0.013157     0.148104
  -0.0705352  1.89724e-05     0.612774     -1.55985 -0.000729045     0.733173      8.89883     -1.48734     -1.00072     -1.83919      1.28601   -0.0215219      31.6761    -0.840307      10.9458
     4.24624 -0.000147147      1.09563      9.02924   0.00101123      4.18713      27.6494      2.00004      4.32578       16.237      8.71052    -0.013157    -0.840307      46.7659     -11.2273
   0.0657911  8.81673e-05      2.95659     -7.52066            0     -3.99104      2.32361     -6.55983      1.18221     -3.46095     -1.21077     0.148104      10.9458     -11.2273      146.118
