     6.48538     -2.19626     -4.17023      1.45132     -1909.13 -4.58019e+08     0.542106     -3.07913 -7.56996e+06
    -2.19626      5.51581      3.19481     -1.18499      3842.86  1.01684e+09     -2.48218      3.92063 -1.89714e+06
    -4.17023      3.19481      792.348     0.114088     -14851.9 -1.75485e+09     -15.7313      7.71818 -6.90336e+07
     1.45132     -1.18499     0.114088      6.69949     -2579.45 -1.02578e+09      4.27309     -1.88394 -1.62375e+07
    -1909.13      3842.86     -14851.9     -2579.45  2.10718e+08            0     -84008.1      6840.91            0
-4.58019e+08  1.01684e+09 -1.75485e+09 -1.02578e+09            0  2.89806e+18            0  6.84454e+08            0
    0.542106     -2.48218     -15.7313      4.27309     -84008.1            0      141.648     -6.68987            0
    -3.07913      3.92063      7.71818     -1.88394      6840.91  6.84454e+08     -6.68987      7.19813  8.29634e+06
-7.56996e+06 -1.89714e+06 -6.90336e+07 -1.62375e+07            0            0            0  8.29634e+06  5.65335e+15
