      6.4372     -2.38068         -2.2      1.63834     -150.459 -1.66835e+07     0.488513     -3.14137      -547911
    -2.38068      5.51267      1.70364     -1.38584      272.739  3.49406e+07     -1.54213      3.89636      -119364
        -2.2      1.70364      184.216    -0.191491     -480.165  -2.8915e+07     -4.42465      3.81838 -2.38119e+06
     1.63834     -1.38584    -0.191491      6.56069     -194.583 -3.60574e+07      2.57781     -2.02737 -1.16474e+06
    -150.459      272.739     -480.165     -194.583       975072            0     -3288.06      461.982            0
-1.66835e+07  3.49406e+07  -2.8915e+07 -3.60574e+07            0  3.48522e+15            0   2.1679e+07            0
    0.488513     -1.54213     -4.42465      2.57781     -3288.06            0      46.8926     -3.85659            0
    -3.14137      3.89636      3.81838     -2.02737      461.982   2.1679e+07     -3.85659      7.09824       580422
     -547911      -119364 -2.38119e+06 -1.16474e+06            0            0            0       580422  2.92219e+13
