    67.0438    -1.06367    0.603784     1.43541      60.497   -0.377964     2.85316      -96099    0.861995 -0.00653288     52.6371     47.1145    -284.096    -593.726     -11.141     -1.2607
   -1.06367     47.8144    0.477138    -5.39231     14.4782  -0.0658037   -0.248917     -135844   -0.412169  0.00339933     1.01769     16.0806    -235.239           0    -5.35734    0.308514
   0.603784    0.477138     15.2916   -0.817314     8.12208   0.0715131    0.151202     13789.2   -0.588762 -0.00116107    -16.7168     34.1592           0     172.096    -12.3971    0.156664
    1.43541    -5.39231   -0.817314     1833.99    -57.8916   -0.735894     -16.863     -392517    -3.03653  -0.0215749     64.2313           0           0     1887.18    -10.7068     3.00266
     60.497     14.4782     8.12208    -57.8916      2324.9    -1.73439     5.58828     -334692      1.1085  -0.0120658    -108.737     3.08623    -814.149    -5910.91    -31.2912     2.36636
  -0.377964  -0.0658037   0.0715131   -0.735894    -1.73439     2.11838   -0.264578     10010.2   -0.231003 0.000551881      11.641    -11.2888           0    -44.0939    -1.72722    0.125296
    2.85316   -0.248917    0.151202     -16.863     5.58828   -0.264578     39.7066     35973.4   -0.417501 -0.00459436     17.4323     23.2067     165.269     10.4326    -2.48361   0.0875878
     -96099     -135844     13789.2     -392517     -334692     10010.2     35973.4 4.44045e+10     -572587           0      488482           0           0           0      203668           0
   0.861995   -0.412169   -0.588762    -3.03653      1.1085   -0.231003   -0.417501     -572587     21.8569   0.0063979    -8.59443     -23.521      253.12       33.61    -5.45697    0.408322
-0.00653288  0.00339933 -0.00116107  -0.0215749  -0.0120658 0.000551881 -0.00459436           0   0.0063979   0.0013679   0.0742796   0.0713218     1.85404           0   0.0444915  0.00137684
    52.6371     1.01769    -16.7168     64.2313    -108.737      11.641     17.4323      488482    -8.59443   0.0742796     81156.1           0           0           0     423.929           0
    47.1145     16.0806     34.1592           0     3.08623    -11.2888     23.2067           0     -23.521   0.0713218           0      250954    -18540.6           0    -443.017     -614.51
   -284.096    -235.239           0           0    -814.149           0     165.269           0      253.12     1.85404           0    -18540.6 2.06488e+06           0     1021.84     10.7021
   -593.726           0     172.096     1887.18    -5910.91    -44.0939     10.4326           0       33.61           0           0           0           0 3.07345e+06    -104.596     208.003
    -11.141    -5.35734    -12.3971    -10.7068    -31.2912    -1.72722    -2.48361      203668    -5.45697   0.0444915     423.929    -443.017     1021.84    -104.596        4675     1.93974
    -1.2607    0.308514    0.156664     3.00266     2.36636    0.125296   0.0875878           0    0.408322  0.00137684           0     -614.51     10.7021     208.003     1.93974     18.7865
