     15.7574  -0.00468472      5233.83   2.8144e-05     -420.467     -2.23776  7.38581e-05     0.295769 -1.73218e-05      22.4719  0.000234374    -0.312665            0      9.67358     -1668.61   -0.0750273     -85.7081
 -0.00468472   0.00224041            0  3.39195e-07      10.8998     0.102992  1.16263e-06   0.00191404  7.85334e-07     -1.05578   1.9393e-06  -0.00163656            0      0.20863     -5.83617  -0.00264106    0.0171571
     5233.83            0  2.28319e+10     0.215867            0            0      260.968      3708.05            0            0            0            0            0            0            0     -6393.01 -3.39039e+06
  2.8144e-05  3.39195e-07     0.215867  5.73828e-08     0.230841   -0.0021009 -3.20552e-09  6.97208e-05  -4.9976e-09    0.0198097 -3.71993e-09  8.57658e-06    -0.120088   0.00123878   -0.0218992 -1.05781e-05 -0.000726933
    -420.467      10.8998            0     0.230841  4.17765e+08     -80692.2     0.173601      1113.11     0.151847  1.48063e+06    -0.404471     -3801.67            0       225618            0     -865.259      -188041
    -2.23776     0.102992            0   -0.0021009     -80692.2      75315.2   0.00626135     -4.86699 -0.000346538      -657482  -0.00650783     -23.9925            0     -115.183            0     -14.7126            0
 7.38581e-05  1.16263e-06      260.968 -3.20552e-09     0.173601   0.00626135  3.96071e-06  2.10406e-05  4.79438e-09   -0.0360226  3.46636e-08  0.000124013     -1.32143     0.002131            0  -5.5149e-05   -0.0300995
    0.295769   0.00191404      3708.05  6.97208e-05      1113.11     -4.86699  2.10406e-05      4.24197  3.30848e-05      56.2638 -6.40869e-06     0.343281      348.451      3.61665      11.0333   -0.0153767     -5.48749
-1.73218e-05  7.85334e-07            0  -4.9976e-09     0.151847 -0.000346538  4.79438e-09  3.30848e-05  4.41581e-07   0.00375893  2.36377e-08 -0.000140538     0.538813   0.00165215    0.0422821 -3.33445e-05  0.000461776
     22.4719     -1.05578            0    0.0198097  1.48063e+06      -657482   -0.0360226      56.2638   0.00375893  5.92294e+06    0.0433417      217.581            0     -7381.43            0      33.6948            0
 0.000234374   1.9393e-06            0 -3.71993e-09    -0.404471  -0.00650783  3.46636e-08 -6.40869e-06  2.36377e-08    0.0433417  1.55676e-06 -1.14063e-05    -0.287076 -0.000706678     0.515712  2.66301e-06   -0.0236239
   -0.312665  -0.00163656            0  8.57658e-06     -3801.67     -23.9925  0.000124013     0.343281 -0.000140538      217.581 -1.14063e-05      32.6807            0     -1.52557      1657.73            0     -7.28831
           0            0            0    -0.120088            0            0     -1.32143      348.451     0.538813            0    -0.287076            0  5.59357e+08            0            0     -85.4149       289175
     9.67358      0.20863            0   0.00123878       225618     -115.183     0.002131      3.61665   0.00165215     -7381.43 -0.000706678     -1.52557            0      7963.59      47545.5       5.6411      310.316
    -1668.61     -5.83617            0   -0.0218992            0            0            0      11.0333    0.0422821            0     0.515712      1657.73            0      47545.5  3.03154e+08      1208.23       542880
  -0.0750273  -0.00264106     -6393.01 -1.05781e-05     -865.259     -14.7126  -5.5149e-05   -0.0153767 -3.33445e-05      33.6948  2.66301e-06            0     -85.4149       5.6411      1208.23      4.43784      11.9923
    -85.7081    0.0171571 -3.39039e+06 -0.000726933      -188041            0   -0.0300995     -5.48749  0.000461776            0   -0.0236239     -7.28831       289175      310.316       542880      11.9923       624177
