    56.6699   -0.929649    0.630138    0.834155      37.372   -0.489623     2.50412    -88351.8    0.650562  -0.0177629      23.911     21.1185    -89.6563    -199.196    -6.18371     -1.3344
  -0.929649     43.2105    0.514891    -3.24014     9.24794  -0.0881411   -0.225892     -129138   -0.321646  0.00955749    0.478015     7.45296    -76.7615           0    -3.07462    0.337651
   0.630138    0.514891     19.7046   -0.586435     6.19497    0.114382     0.16385     15652.9   -0.548636 -0.00389832    -9.37607     18.9049           0     71.2895    -8.49579    0.204741
   0.834155    -3.24014   -0.586435     732.732    -24.5869   -0.655394    -10.1751     -248103    -1.57557  -0.0403306       20.06           0           0       435.3    -4.08564     2.18504
     37.372     9.24794     6.19497    -24.5869     1049.62    -1.64201     3.58447     -224885    0.611417  -0.0239771    -36.0994     1.01115    -187.775    -1449.33     -12.693     1.83052
  -0.489623  -0.0881411    0.114382   -0.655394    -1.64201     4.20563   -0.355876     14104.4    -0.26719  0.00229986     8.10428    -7.75484           0    -22.6721    -1.46923    0.203249
    2.50412   -0.225892     0.16385    -10.1751     3.58447   -0.355876     36.1849       34341   -0.327172  -0.0129718     8.22235     10.8008     54.1554     3.63429    -1.43134   0.0962615
   -88351.8     -129138     15652.9     -248103     -224885     14104.4       34341 4.44045e+10     -470033           0      241356           0           0           0      122956           0
   0.650562   -0.321646   -0.548636    -1.57557    0.611417    -0.26719   -0.327172     -470033     14.7287   0.0155328     -3.4859    -9.41356     71.3235     10.0682    -2.70437    0.385894
 -0.0177629  0.00955749 -0.00389832  -0.0403306  -0.0239771  0.00229986  -0.0129718           0   0.0155328   0.0119647    0.108448    0.102832     1.88215           0   0.0794383  0.00468782
     23.911    0.478015    -9.37607       20.06    -36.0994     8.10428     8.22235      241356     -3.4859    0.108448     19812.6           0           0           0     126.454           0
    21.1185     7.45296     18.9049           0     1.01115    -7.75484     10.8008           0    -9.41356    0.102832           0     59650.6    -3102.81           0    -130.394     -344.92
   -89.6563    -76.7615           0           0    -187.775           0     54.1554           0     71.3235     1.88215           0    -3102.81      243294           0     211.752     4.22927
   -199.196           0     71.2895       435.3    -1449.33    -22.6721     3.63429           0     10.0682           0           0           0           0      409279    -23.0433     87.3868
   -6.18371    -3.07462    -8.49579    -4.08564     -12.693    -1.46923    -1.43134      122956    -2.70437   0.0794383     126.454    -130.394     211.752    -23.0433     1703.87     1.34818
    -1.3344    0.337651    0.204741     2.18504     1.83052    0.203249   0.0962615           0    0.385894  0.00468782           0     -344.92     4.22927     87.3868     1.34818     24.9002
