    39.0671    -0.68841    0.686633    0.258356     13.3211   -0.844984     1.87148    -9956.67    0.414973   -0.151919     4.35635     3.73316    -7.46395    -18.9142    -1.73407    -1.49974
   -0.68841     34.5093    0.603604    -1.08085     3.54723   -0.164499   -0.180735    -16217.6   -0.227329   0.0879297   0.0933905     1.41506    -6.87695           0   -0.927714    0.408557
   0.686633    0.603604     33.9301    -0.15616     3.48978    0.313342    0.185604     2812.07   -0.559809  -0.0527025     -2.6976     5.25717           0     10.6939    -3.76388    0.363474
   0.258356    -1.08085    -0.15616     101.827    -3.93991   -0.510422    -3.23388    -13021.1    -0.45313   -0.154946     1.64353           0           0     18.5701   -0.514718     1.10299
    13.3211     3.54723     3.48978    -3.93991     193.508    -1.44684     1.38619    -13313.1     0.20233   -0.105972    -3.34933   0.0770785    -8.07446    -71.1659    -1.83592     1.06322
  -0.844984   -0.164499    0.313342   -0.510422    -1.44684     18.3343   -0.668334     4069.59   -0.430472   0.0494294     3.70937    -3.44567           0    -5.41104    -1.03575      0.5742
    1.87148   -0.180735    0.185604    -3.23388     1.38619   -0.668334      29.297      4254.7   -0.233714   -0.120375     1.62433     2.05581      4.8911    0.374227   -0.441969    0.115285
   -9956.67    -16217.6     2812.07    -13021.1    -13313.1     4069.59      4254.7 8.58672e+08    -51700.3           0     7235.33           0           0           0     5686.48           0
   0.414973   -0.227329   -0.559809    -0.45313     0.20233   -0.430472   -0.233714    -51700.3     9.00482    0.123582   -0.589602    -1.54421     5.52433    0.889837   -0.705874    0.403027
  -0.151919   0.0879297  -0.0527025   -0.154946   -0.105972   0.0494294   -0.120375           0    0.123582     1.26886     0.24431    0.224986     1.94269           0    0.276187   0.0652823
    4.35635   0.0933905     -2.6976     1.64353    -3.34933     3.70937     1.62433     7235.33   -0.589602     0.24431     952.238           0           0           0     9.35824           0
    3.73316     1.41506     5.25717           0   0.0770785    -3.44567     2.05581           0    -1.54421    0.224986           0     2699.08    -66.1858           0    -9.37997     -99.202
   -7.46395    -6.87695           0           0    -8.07446           0      4.8911           0     5.52433     1.94269           0    -66.1858     2444.93           0     7.16235    0.575971
   -18.9142           0     10.6939     18.5701    -71.1659    -5.41104    0.374227           0    0.889837           0           0           0           0     5346.98   -0.891173     13.5149
   -1.73407   -0.927714    -3.76388   -0.514718    -1.83592    -1.03575   -0.441969     5686.48   -0.705874    0.276187     9.35824    -9.37997     7.16235   -0.891173     194.204    0.614881
   -1.49974    0.408557    0.363474     1.10299     1.06322      0.5742    0.115285           0    0.403027   0.0652823           0     -99.202    0.575971     13.5149    0.614881     45.5962
